 Energy DOS Integrated_DOS
    -16.726  0.0000E+00  0.0000E+00
    -16.708  0.0000E+00  0.0000E+00
    -16.689  0.0000E+00  0.0000E+00
    -16.671  0.0000E+00  0.0000E+00
    -16.653  0.0000E+00  0.0000E+00
    -16.635  0.0000E+00  0.0000E+00
    -16.617  0.0000E+00  0.0000E+00
    -16.599  0.0000E+00  0.0000E+00
    -16.581  0.0000E+00  0.0000E+00
    -16.563  0.0000E+00  0.0000E+00
    -16.545  0.0000E+00  0.0000E+00
    -16.526  0.0000E+00  0.0000E+00
    -16.508  0.0000E+00  0.0000E+00
    -16.490  0.0000E+00  0.0000E+00
    -16.472  0.0000E+00  0.0000E+00
    -16.454  0.0000E+00  0.0000E+00
    -16.436  0.0000E+00  0.0000E+00
    -16.418  0.0000E+00  0.0000E+00
    -16.400  0.0000E+00  0.0000E+00
    -16.382  0.0000E+00  0.0000E+00
    -16.363  0.0000E+00  0.0000E+00
    -16.345  0.0000E+00  0.0000E+00
    -16.327  0.0000E+00  0.0000E+00
    -16.309  0.0000E+00  0.0000E+00
    -16.291  0.0000E+00  0.0000E+00
    -16.273  0.0000E+00  0.0000E+00
    -16.255  0.0000E+00  0.0000E+00
    -16.237  0.0000E+00  0.0000E+00
    -16.219  0.0000E+00  0.0000E+00
    -16.201  0.0000E+00  0.0000E+00
    -16.182  0.0000E+00  0.0000E+00
    -16.164  0.0000E+00  0.0000E+00
    -16.146  0.0000E+00  0.0000E+00
    -16.128  0.0000E+00  0.0000E+00
    -16.110  0.0000E+00  0.0000E+00
    -16.092  0.0000E+00  0.0000E+00
    -16.074  0.0000E+00  0.0000E+00
    -16.056  0.0000E+00  0.0000E+00
    -16.038  0.0000E+00  0.0000E+00
    -16.019  0.0000E+00  0.0000E+00
    -16.001  0.0000E+00  0.0000E+00
    -15.983  0.0000E+00  0.0000E+00
    -15.965  0.0000E+00  0.0000E+00
    -15.947  0.0000E+00  0.0000E+00
    -15.929  0.0000E+00  0.0000E+00
    -15.911  0.0000E+00  0.0000E+00
    -15.893  0.0000E+00  0.0000E+00
    -15.875  0.0000E+00  0.0000E+00
    -15.856  0.0000E+00  0.0000E+00
    -15.838  0.0000E+00  0.0000E+00
    -15.820  0.0000E+00  0.0000E+00
    -15.802  0.0000E+00  0.0000E+00
    -15.784  0.0000E+00  0.0000E+00
    -15.766  0.0000E+00  0.0000E+00
    -15.748  0.0000E+00  0.0000E+00
    -15.730  0.0000E+00  0.0000E+00
    -15.712  0.0000E+00  0.0000E+00
    -15.693  0.0000E+00  0.0000E+00
    -15.675  0.0000E+00  0.0000E+00
    -15.657  0.0000E+00  0.0000E+00
    -15.639  0.0000E+00  0.0000E+00
    -15.621  0.0000E+00  0.0000E+00
    -15.603  0.0000E+00  0.0000E+00
    -15.585  0.0000E+00  0.0000E+00
    -15.567  0.0000E+00  0.0000E+00
    -15.549  0.0000E+00  0.0000E+00
    -15.530  0.0000E+00  0.0000E+00
    -15.512  0.0000E+00  0.0000E+00
    -15.494  0.0000E+00  0.0000E+00
    -15.476  0.0000E+00  0.0000E+00
    -15.458  0.0000E+00  0.0000E+00
    -15.440  0.0000E+00  0.0000E+00
    -15.422  0.0000E+00  0.0000E+00
    -15.404  0.0000E+00  0.0000E+00
    -15.386  0.0000E+00  0.0000E+00
    -15.367  0.0000E+00  0.0000E+00
    -15.349  0.0000E+00  0.0000E+00
    -15.331  0.0000E+00  0.0000E+00
    -15.313  0.0000E+00  0.0000E+00
    -15.295  0.0000E+00  0.0000E+00
    -15.277  0.0000E+00  0.0000E+00
    -15.259  0.0000E+00  0.0000E+00
    -15.241  0.0000E+00  0.0000E+00
    -15.223  0.0000E+00  0.0000E+00
    -15.204  0.0000E+00  0.0000E+00
    -15.186  0.0000E+00  0.0000E+00
    -15.168  0.0000E+00  0.0000E+00
    -15.150  0.0000E+00  0.0000E+00
    -15.132  0.0000E+00  0.0000E+00
    -15.114  0.0000E+00  0.0000E+00
    -15.096  0.0000E+00  0.0000E+00
    -15.078  0.1165E-02  0.9590E-06
    -15.060  0.8090E-01  0.5550E-03
    -15.041  0.2859E+00  0.3688E-02
    -15.023  0.6163E+00  0.1167E-01
    -15.005  0.1072E+01  0.2677E-01
    -14.987  0.1653E+01  0.5125E-01
    -14.969  0.2359E+01  0.8739E-01
    -14.951  0.3191E+01  0.1375E+00
    -14.933  0.4147E+01  0.2037E+00
    -14.915  0.5230E+01  0.2884E+00
    -14.897  0.6437E+01  0.3939E+00
    -14.878  0.8185E+01  0.5255E+00
    -14.860  0.1101E+02  0.6908E+00
    -14.842  0.1710E+02  0.9479E+00
    -14.824  0.2152E+02  0.1300E+01
    -14.806  0.2426E+02  0.1717E+01
    -14.788  0.2532E+02  0.2169E+01
    -14.770  0.2470E+02  0.2624E+01
    -14.752  0.2194E+02  0.3053E+01
    -14.734  0.1523E+02  0.3387E+01
    -14.715  0.1003E+02  0.3613E+01
    -14.697  0.1253E+02  0.3797E+01
    -14.679  0.1608E+02  0.4061E+01
    -14.661  0.1673E+02  0.4360E+01
    -14.643  0.1680E+02  0.4664E+01
    -14.625  0.1639E+02  0.4965E+01
    -14.607  0.1550E+02  0.5255E+01
    -14.589  0.1413E+02  0.5524E+01
    -14.571  0.1228E+02  0.5764E+01
    -14.552  0.7211E+01  0.5949E+01
    -14.534  0.1657E+00  0.6000E+01
    -14.516  0.3472E+01  0.6034E+01
    -14.498  0.6288E+01  0.6123E+01
    -14.480  0.8616E+01  0.6259E+01
    -14.462  0.1045E+02  0.6432E+01
    -14.444  0.1180E+02  0.6634E+01
    -14.426  0.1267E+02  0.6857E+01
    -14.408  0.1304E+02  0.7090E+01
    -14.389  0.1293E+02  0.7326E+01
    -14.371  0.1248E+02  0.7557E+01
    -14.353  0.1169E+02  0.7776E+01
    -14.335  0.8933E+01  0.7970E+01
    -14.317  0.6376E+01  0.8105E+01
    -14.299  0.6668E+01  0.8218E+01
    -14.281  0.9190E+01  0.8361E+01
    -14.263  0.1245E+02  0.8556E+01
    -14.245  0.1643E+02  0.8816E+01
    -14.226  0.2113E+02  0.9155E+01
    -14.208  0.3180E+02  0.9617E+01
    -14.190  0.4452E+02  0.1031E+02
    -14.172  0.5213E+02  0.1121E+02
    -14.154  0.3979E+02  0.1207E+02
    -14.136  0.1200E+02  0.1253E+02
    -14.118  0.1576E+02  0.1278E+02
    -14.100  0.2032E+02  0.1311E+02
    -14.082  0.2554E+02  0.1352E+02
    -14.063  0.8551E+01  0.1439E+02
    -14.045  0.2717E+02  0.1466E+02
    -14.027  0.2715E+02  0.1515E+02
    -14.009  0.3258E+02  0.1568E+02
    -13.991  0.4527E+02  0.1637E+02
    -13.973  0.5205E+02  0.1728E+02
    -13.955  0.4414E+02  0.1815E+02
    -13.937  0.3682E+02  0.1888E+02
    -13.919  0.6657E+02  0.2026E+02
    -13.900  0.2937E+02  0.2108E+02
    -13.882  0.1501E+02  0.2146E+02
    -13.864  0.8887E+01  0.2167E+02
    -13.846  0.2429E+02  0.2188E+02
    -13.828  0.3315E+02  0.2247E+02
    -13.810  0.1708E+02  0.2289E+02
    -13.792  0.1368E+02  0.2317E+02
    -13.774  0.1080E+02  0.2339E+02
    -13.756  0.2763E+02  0.2371E+02
    -13.737  0.5605E+02  0.2447E+02
    -13.719  0.8040E+02  0.2571E+02
    -13.701  0.4865E+02  0.2684E+02
    -13.683  0.2613E+02  0.2747E+02
    -13.665  0.2791E+02  0.2794E+02
    -13.647  0.5893E+02  0.2866E+02
    -13.629  0.1106E+03  0.3070E+02
    -13.611  0.1125E+03  0.3273E+02
    -13.593  0.1035E+03  0.3471E+02
    -13.574  0.6713E+02  0.3625E+02
    -13.556  0.6751E+02  0.3744E+02
    -13.538  0.6888E+02  0.3873E+02
    -13.520  0.5132E+02  0.3983E+02
    -13.502  0.8725E+02  0.4095E+02
    -13.484  0.7664E+02  0.4269E+02
    -13.466  0.2464E+02  0.4460E+02
    -13.448  0.6068E+02  0.4540E+02
    -13.430  0.1570E+03  0.4633E+02
    -13.411  0.1088E+03  0.4948E+02
    -13.393  0.4993E+02  0.5083E+02
    -13.375  0.3994E+02  0.5157E+02
    -13.357  0.8021E+02  0.5263E+02
    -13.339  0.1037E+03  0.5433E+02
    -13.321  0.1070E+03  0.5624E+02
    -13.303  0.9412E+02  0.5825E+02
    -13.285  0.6273E+02  0.5957E+02
    -13.267  0.1434E+03  0.6086E+02
    -13.248  0.1264E+02  0.6196E+02
    -13.230  0.0000E+00  0.6200E+02
    -13.212  0.0000E+00  0.6200E+02
    -13.194  0.0000E+00  0.6200E+02
    -13.176  0.0000E+00  0.6200E+02
    -13.158  0.0000E+00  0.6200E+02
    -13.140  0.0000E+00  0.6200E+02
    -13.122  0.0000E+00  0.6200E+02
    -13.104  0.0000E+00  0.6200E+02
    -13.085  0.0000E+00  0.6200E+02
    -13.067  0.0000E+00  0.6200E+02
    -13.049  0.0000E+00  0.6200E+02
    -13.031  0.0000E+00  0.6200E+02
    -13.013  0.0000E+00  0.6200E+02
    -12.995  0.0000E+00  0.6200E+02
    -12.977  0.0000E+00  0.6200E+02
    -12.959  0.0000E+00  0.6200E+02
    -12.941  0.0000E+00  0.6200E+02
    -12.922  0.0000E+00  0.6200E+02
    -12.904  0.0000E+00  0.6200E+02
    -12.886  0.0000E+00  0.6200E+02
    -12.868  0.0000E+00  0.6200E+02
    -12.850  0.0000E+00  0.6200E+02
    -12.832  0.0000E+00  0.6200E+02
    -12.814  0.0000E+00  0.6200E+02
    -12.796  0.0000E+00  0.6200E+02
    -12.778  0.0000E+00  0.6200E+02
    -12.759  0.0000E+00  0.6200E+02
    -12.741  0.0000E+00  0.6200E+02
    -12.723  0.0000E+00  0.6200E+02
    -12.705  0.0000E+00  0.6200E+02
    -12.687  0.0000E+00  0.6200E+02
    -12.669  0.0000E+00  0.6200E+02
    -12.651  0.0000E+00  0.6200E+02
    -12.633  0.0000E+00  0.6200E+02
    -12.615  0.0000E+00  0.6200E+02
    -12.596  0.0000E+00  0.6200E+02
    -12.578  0.0000E+00  0.6200E+02
    -12.560  0.0000E+00  0.6200E+02
    -12.542  0.0000E+00  0.6200E+02
    -12.524  0.0000E+00  0.6200E+02
    -12.506  0.0000E+00  0.6200E+02
    -12.488  0.0000E+00  0.6200E+02
    -12.470  0.0000E+00  0.6200E+02
    -12.452  0.0000E+00  0.6200E+02
    -12.433  0.0000E+00  0.6200E+02
    -12.415  0.0000E+00  0.6200E+02
    -12.397  0.0000E+00  0.6200E+02
    -12.379  0.0000E+00  0.6200E+02
    -12.361  0.0000E+00  0.6200E+02
    -12.343  0.0000E+00  0.6200E+02
    -12.325  0.0000E+00  0.6200E+02
    -12.307  0.0000E+00  0.6200E+02
    -12.289  0.0000E+00  0.6200E+02
    -12.270  0.0000E+00  0.6200E+02
    -12.252  0.0000E+00  0.6200E+02
    -12.234  0.0000E+00  0.6200E+02
    -12.216  0.0000E+00  0.6200E+02
    -12.198  0.0000E+00  0.6200E+02
    -12.180  0.0000E+00  0.6200E+02
    -12.162  0.0000E+00  0.6200E+02
    -12.144  0.0000E+00  0.6200E+02
    -12.126  0.0000E+00  0.6200E+02
    -12.107  0.0000E+00  0.6200E+02
    -12.089  0.0000E+00  0.6200E+02
    -12.071  0.0000E+00  0.6200E+02
    -12.053  0.0000E+00  0.6200E+02
    -12.035  0.0000E+00  0.6200E+02
    -12.017  0.0000E+00  0.6200E+02
    -11.999  0.0000E+00  0.6200E+02
    -11.981  0.0000E+00  0.6200E+02
    -11.963  0.0000E+00  0.6200E+02
    -11.944  0.0000E+00  0.6200E+02
    -11.926  0.0000E+00  0.6200E+02
    -11.908  0.0000E+00  0.6200E+02
    -11.890  0.0000E+00  0.6200E+02
    -11.872  0.0000E+00  0.6200E+02
    -11.854  0.0000E+00  0.6200E+02
    -11.836  0.0000E+00  0.6200E+02
    -11.818  0.0000E+00  0.6200E+02
    -11.800  0.0000E+00  0.6200E+02
    -11.781  0.0000E+00  0.6200E+02
    -11.763  0.0000E+00  0.6200E+02
    -11.745  0.0000E+00  0.6200E+02
    -11.727  0.0000E+00  0.6200E+02
    -11.709  0.0000E+00  0.6200E+02
    -11.691  0.0000E+00  0.6200E+02
    -11.673  0.0000E+00  0.6200E+02
    -11.655  0.0000E+00  0.6200E+02
    -11.637  0.0000E+00  0.6200E+02
    -11.618  0.0000E+00  0.6200E+02
    -11.600  0.0000E+00  0.6200E+02
    -11.582  0.0000E+00  0.6200E+02
    -11.564  0.0000E+00  0.6200E+02
    -11.546  0.0000E+00  0.6200E+02
    -11.528  0.0000E+00  0.6200E+02
    -11.510  0.0000E+00  0.6200E+02
    -11.492  0.0000E+00  0.6200E+02
    -11.474  0.0000E+00  0.6200E+02
    -11.456  0.0000E+00  0.6200E+02
    -11.437  0.0000E+00  0.6200E+02
    -11.419  0.0000E+00  0.6200E+02
    -11.401  0.0000E+00  0.6200E+02
    -11.383  0.0000E+00  0.6200E+02
    -11.365  0.0000E+00  0.6200E+02
    -11.347  0.0000E+00  0.6200E+02
    -11.329  0.0000E+00  0.6200E+02
    -11.311  0.0000E+00  0.6200E+02
    -11.293  0.0000E+00  0.6200E+02
    -11.274  0.0000E+00  0.6200E+02
    -11.256  0.0000E+00  0.6200E+02
    -11.238  0.0000E+00  0.6200E+02
    -11.220  0.0000E+00  0.6200E+02
    -11.202  0.0000E+00  0.6200E+02
    -11.184  0.0000E+00  0.6200E+02
    -11.166  0.0000E+00  0.6200E+02
    -11.148  0.0000E+00  0.6200E+02
    -11.130  0.0000E+00  0.6200E+02
    -11.111  0.0000E+00  0.6200E+02
    -11.093  0.0000E+00  0.6200E+02
    -11.075  0.0000E+00  0.6200E+02
    -11.057  0.0000E+00  0.6200E+02
    -11.039  0.0000E+00  0.6200E+02
    -11.021  0.0000E+00  0.6200E+02
    -11.003  0.0000E+00  0.6200E+02
    -10.985  0.0000E+00  0.6200E+02
    -10.967  0.0000E+00  0.6200E+02
    -10.948  0.0000E+00  0.6200E+02
    -10.930  0.0000E+00  0.6200E+02
    -10.912  0.0000E+00  0.6200E+02
    -10.894  0.0000E+00  0.6200E+02
    -10.876  0.0000E+00  0.6200E+02
    -10.858  0.0000E+00  0.6200E+02
    -10.840  0.0000E+00  0.6200E+02
    -10.822  0.0000E+00  0.6200E+02
    -10.804  0.0000E+00  0.6200E+02
    -10.785  0.0000E+00  0.6200E+02
    -10.767  0.0000E+00  0.6200E+02
    -10.749  0.0000E+00  0.6200E+02
    -10.731  0.0000E+00  0.6200E+02
    -10.713  0.0000E+00  0.6200E+02
    -10.695  0.0000E+00  0.6200E+02
    -10.677  0.0000E+00  0.6200E+02
    -10.659  0.0000E+00  0.6200E+02
    -10.641  0.0000E+00  0.6200E+02
    -10.622  0.0000E+00  0.6200E+02
    -10.604  0.0000E+00  0.6200E+02
    -10.586  0.0000E+00  0.6200E+02
    -10.568  0.0000E+00  0.6200E+02
    -10.550  0.0000E+00  0.6200E+02
    -10.532  0.0000E+00  0.6200E+02
    -10.514  0.0000E+00  0.6200E+02
    -10.496  0.0000E+00  0.6200E+02
    -10.478  0.0000E+00  0.6200E+02
    -10.459  0.0000E+00  0.6200E+02
    -10.441  0.0000E+00  0.6200E+02
    -10.423  0.0000E+00  0.6200E+02
    -10.405  0.0000E+00  0.6200E+02
    -10.387  0.0000E+00  0.6200E+02
    -10.369  0.0000E+00  0.6200E+02
    -10.351  0.0000E+00  0.6200E+02
    -10.333  0.0000E+00  0.6200E+02
    -10.315  0.0000E+00  0.6200E+02
    -10.296  0.0000E+00  0.6200E+02
    -10.278  0.0000E+00  0.6200E+02
    -10.260  0.0000E+00  0.6200E+02
    -10.242  0.0000E+00  0.6200E+02
    -10.224  0.0000E+00  0.6200E+02
    -10.206  0.0000E+00  0.6200E+02
    -10.188  0.0000E+00  0.6200E+02
    -10.170  0.0000E+00  0.6200E+02
    -10.152  0.0000E+00  0.6200E+02
    -10.133  0.0000E+00  0.6200E+02
    -10.115  0.0000E+00  0.6200E+02
    -10.097  0.0000E+00  0.6200E+02
    -10.079  0.0000E+00  0.6200E+02
    -10.061  0.0000E+00  0.6200E+02
    -10.043  0.0000E+00  0.6200E+02
    -10.025  0.0000E+00  0.6200E+02
    -10.007  0.0000E+00  0.6200E+02
     -9.989  0.0000E+00  0.6200E+02
     -9.970  0.0000E+00  0.6200E+02
     -9.952  0.0000E+00  0.6200E+02
     -9.934  0.0000E+00  0.6200E+02
     -9.916  0.0000E+00  0.6200E+02
     -9.898  0.0000E+00  0.6200E+02
     -9.880  0.0000E+00  0.6200E+02
     -9.862  0.0000E+00  0.6200E+02
     -9.844  0.0000E+00  0.6200E+02
     -9.826  0.0000E+00  0.6200E+02
     -9.807  0.0000E+00  0.6200E+02
     -9.789  0.0000E+00  0.6200E+02
     -9.771  0.0000E+00  0.6200E+02
     -9.753  0.0000E+00  0.6200E+02
     -9.735  0.0000E+00  0.6200E+02
     -9.717  0.0000E+00  0.6200E+02
     -9.699  0.0000E+00  0.6200E+02
     -9.681  0.0000E+00  0.6200E+02
     -9.663  0.0000E+00  0.6200E+02
     -9.644  0.0000E+00  0.6200E+02
     -9.626  0.0000E+00  0.6200E+02
     -9.608  0.0000E+00  0.6200E+02
     -9.590  0.0000E+00  0.6200E+02
     -9.572  0.0000E+00  0.6200E+02
     -9.554  0.0000E+00  0.6200E+02
     -9.536  0.0000E+00  0.6200E+02
     -9.518  0.0000E+00  0.6200E+02
     -9.500  0.0000E+00  0.6200E+02
     -9.481  0.0000E+00  0.6200E+02
     -9.463  0.0000E+00  0.6200E+02
     -9.445  0.0000E+00  0.6200E+02
     -9.427  0.0000E+00  0.6200E+02
     -9.409  0.0000E+00  0.6200E+02
     -9.391  0.0000E+00  0.6200E+02
     -9.373  0.0000E+00  0.6200E+02
     -9.355  0.0000E+00  0.6200E+02
     -9.337  0.0000E+00  0.6200E+02
     -9.318  0.0000E+00  0.6200E+02
     -9.300  0.0000E+00  0.6200E+02
     -9.282  0.0000E+00  0.6200E+02
     -9.264  0.0000E+00  0.6200E+02
     -9.246  0.0000E+00  0.6200E+02
     -9.228  0.0000E+00  0.6200E+02
     -9.210  0.0000E+00  0.6200E+02
     -9.192  0.0000E+00  0.6200E+02
     -9.174  0.0000E+00  0.6200E+02
     -9.155  0.0000E+00  0.6200E+02
     -9.137  0.0000E+00  0.6200E+02
     -9.119  0.0000E+00  0.6200E+02
     -9.101  0.0000E+00  0.6200E+02
     -9.083  0.0000E+00  0.6200E+02
     -9.065  0.0000E+00  0.6200E+02
     -9.047  0.0000E+00  0.6200E+02
     -9.029  0.0000E+00  0.6200E+02
     -9.011  0.0000E+00  0.6200E+02
     -8.992  0.0000E+00  0.6200E+02
     -8.974  0.0000E+00  0.6200E+02
     -8.956  0.0000E+00  0.6200E+02
     -8.938  0.0000E+00  0.6200E+02
     -8.920  0.0000E+00  0.6200E+02
     -8.902  0.0000E+00  0.6200E+02
     -8.884  0.0000E+00  0.6200E+02
     -8.866  0.0000E+00  0.6200E+02
     -8.848  0.0000E+00  0.6200E+02
     -8.829  0.0000E+00  0.6200E+02
     -8.811  0.0000E+00  0.6200E+02
     -8.793  0.0000E+00  0.6200E+02
     -8.775  0.0000E+00  0.6200E+02
     -8.757  0.0000E+00  0.6200E+02
     -8.739  0.0000E+00  0.6200E+02
     -8.721  0.0000E+00  0.6200E+02
     -8.703  0.0000E+00  0.6200E+02
     -8.685  0.0000E+00  0.6200E+02
     -8.666  0.0000E+00  0.6200E+02
     -8.648  0.0000E+00  0.6200E+02
     -8.630  0.0000E+00  0.6200E+02
     -8.612  0.0000E+00  0.6200E+02
     -8.594  0.0000E+00  0.6200E+02
     -8.576  0.0000E+00  0.6200E+02
     -8.558  0.0000E+00  0.6200E+02
     -8.540  0.0000E+00  0.6200E+02
     -8.522  0.0000E+00  0.6200E+02
     -8.503  0.0000E+00  0.6200E+02
     -8.485  0.0000E+00  0.6200E+02
     -8.467  0.0000E+00  0.6200E+02
     -8.449  0.0000E+00  0.6200E+02
     -8.431  0.0000E+00  0.6200E+02
     -8.413  0.0000E+00  0.6200E+02
     -8.395  0.0000E+00  0.6200E+02
     -8.377  0.0000E+00  0.6200E+02
     -8.359  0.0000E+00  0.6200E+02
     -8.340  0.0000E+00  0.6200E+02
     -8.322  0.0000E+00  0.6200E+02
     -8.304  0.0000E+00  0.6200E+02
     -8.286  0.0000E+00  0.6200E+02
     -8.268  0.0000E+00  0.6200E+02
     -8.250  0.0000E+00  0.6200E+02
     -8.232  0.0000E+00  0.6200E+02
     -8.214  0.0000E+00  0.6200E+02
     -8.196  0.0000E+00  0.6200E+02
     -8.177  0.0000E+00  0.6200E+02
     -8.159  0.0000E+00  0.6200E+02
     -8.141  0.0000E+00  0.6200E+02
     -8.123  0.0000E+00  0.6200E+02
     -8.105  0.0000E+00  0.6200E+02
     -8.087  0.0000E+00  0.6200E+02
     -8.069  0.0000E+00  0.6200E+02
     -8.051  0.0000E+00  0.6200E+02
     -8.033  0.0000E+00  0.6200E+02
     -8.014  0.0000E+00  0.6200E+02
     -7.996  0.0000E+00  0.6200E+02
     -7.978  0.0000E+00  0.6200E+02
     -7.960  0.0000E+00  0.6200E+02
     -7.942  0.0000E+00  0.6200E+02
     -7.924  0.0000E+00  0.6200E+02
     -7.906  0.0000E+00  0.6200E+02
     -7.888  0.0000E+00  0.6200E+02
     -7.870  0.0000E+00  0.6200E+02
     -7.851  0.0000E+00  0.6200E+02
     -7.833  0.0000E+00  0.6200E+02
     -7.815  0.0000E+00  0.6200E+02
     -7.797  0.0000E+00  0.6200E+02
     -7.779  0.0000E+00  0.6200E+02
     -7.761  0.0000E+00  0.6200E+02
     -7.743  0.0000E+00  0.6200E+02
     -7.725  0.0000E+00  0.6200E+02
     -7.707  0.0000E+00  0.6200E+02
     -7.688  0.0000E+00  0.6200E+02
     -7.670  0.0000E+00  0.6200E+02
     -7.652  0.0000E+00  0.6200E+02
     -7.634  0.0000E+00  0.6200E+02
     -7.616  0.0000E+00  0.6200E+02
     -7.598  0.0000E+00  0.6200E+02
     -7.580  0.0000E+00  0.6200E+02
     -7.562  0.0000E+00  0.6200E+02
     -7.544  0.0000E+00  0.6200E+02
     -7.525  0.0000E+00  0.6200E+02
     -7.507  0.0000E+00  0.6200E+02
     -7.489  0.0000E+00  0.6200E+02
     -7.471  0.0000E+00  0.6200E+02
     -7.453  0.0000E+00  0.6200E+02
     -7.435  0.0000E+00  0.6200E+02
     -7.417  0.0000E+00  0.6200E+02
     -7.399  0.0000E+00  0.6200E+02
     -7.381  0.0000E+00  0.6200E+02
     -7.362  0.0000E+00  0.6200E+02
     -7.344  0.0000E+00  0.6200E+02
     -7.326  0.0000E+00  0.6200E+02
     -7.308  0.0000E+00  0.6200E+02
     -7.290  0.0000E+00  0.6200E+02
     -7.272  0.0000E+00  0.6200E+02
     -7.254  0.0000E+00  0.6200E+02
     -7.236  0.0000E+00  0.6200E+02
     -7.218  0.0000E+00  0.6200E+02
     -7.199  0.0000E+00  0.6200E+02
     -7.181  0.0000E+00  0.6200E+02
     -7.163  0.0000E+00  0.6200E+02
     -7.145  0.0000E+00  0.6200E+02
     -7.127  0.0000E+00  0.6200E+02
     -7.109  0.0000E+00  0.6200E+02
     -7.091  0.0000E+00  0.6200E+02
     -7.073  0.0000E+00  0.6200E+02
     -7.055  0.0000E+00  0.6200E+02
     -7.036  0.0000E+00  0.6200E+02
     -7.018  0.0000E+00  0.6200E+02
     -7.000  0.0000E+00  0.6200E+02
     -6.982  0.0000E+00  0.6200E+02
     -6.964  0.0000E+00  0.6200E+02
     -6.946  0.0000E+00  0.6200E+02
     -6.928  0.0000E+00  0.6200E+02
     -6.910  0.0000E+00  0.6200E+02
     -6.892  0.0000E+00  0.6200E+02
     -6.873  0.0000E+00  0.6200E+02
     -6.855  0.0000E+00  0.6200E+02
     -6.837  0.0000E+00  0.6200E+02
     -6.819  0.0000E+00  0.6200E+02
     -6.801  0.0000E+00  0.6200E+02
     -6.783  0.0000E+00  0.6200E+02
     -6.765  0.0000E+00  0.6200E+02
     -6.747  0.0000E+00  0.6200E+02
     -6.729  0.0000E+00  0.6200E+02
     -6.710  0.0000E+00  0.6200E+02
     -6.692  0.0000E+00  0.6200E+02
     -6.674  0.0000E+00  0.6200E+02
     -6.656  0.0000E+00  0.6200E+02
     -6.638  0.0000E+00  0.6200E+02
     -6.620  0.0000E+00  0.6200E+02
     -6.602  0.0000E+00  0.6200E+02
     -6.584  0.0000E+00  0.6200E+02
     -6.566  0.0000E+00  0.6200E+02
     -6.548  0.0000E+00  0.6200E+02
     -6.529  0.0000E+00  0.6200E+02
     -6.511  0.0000E+00  0.6200E+02
     -6.493  0.0000E+00  0.6200E+02
     -6.475  0.0000E+00  0.6200E+02
     -6.457  0.0000E+00  0.6200E+02
     -6.439  0.0000E+00  0.6200E+02
     -6.421  0.0000E+00  0.6200E+02
     -6.403  0.0000E+00  0.6200E+02
     -6.385  0.0000E+00  0.6200E+02
     -6.366  0.0000E+00  0.6200E+02
     -6.348  0.0000E+00  0.6200E+02
     -6.330  0.0000E+00  0.6200E+02
     -6.312  0.0000E+00  0.6200E+02
     -6.294  0.0000E+00  0.6200E+02
     -6.276  0.0000E+00  0.6200E+02
     -6.258  0.0000E+00  0.6200E+02
     -6.240  0.0000E+00  0.6200E+02
     -6.222  0.0000E+00  0.6200E+02
     -6.203  0.0000E+00  0.6200E+02
     -6.185  0.0000E+00  0.6200E+02
     -6.167  0.0000E+00  0.6200E+02
     -6.149  0.0000E+00  0.6200E+02
     -6.131  0.0000E+00  0.6200E+02
     -6.113  0.0000E+00  0.6200E+02
     -6.095  0.0000E+00  0.6200E+02
     -6.077  0.0000E+00  0.6200E+02
     -6.059  0.0000E+00  0.6200E+02
     -6.040  0.0000E+00  0.6200E+02
     -6.022  0.0000E+00  0.6200E+02
     -6.004  0.0000E+00  0.6200E+02
     -5.986  0.0000E+00  0.6200E+02
     -5.968  0.0000E+00  0.6200E+02
     -5.950  0.0000E+00  0.6200E+02
     -5.932  0.0000E+00  0.6200E+02
     -5.914  0.0000E+00  0.6200E+02
     -5.896  0.0000E+00  0.6200E+02
     -5.877  0.0000E+00  0.6200E+02
     -5.859  0.0000E+00  0.6200E+02
     -5.841  0.0000E+00  0.6200E+02
     -5.823  0.0000E+00  0.6200E+02
     -5.805  0.0000E+00  0.6200E+02
     -5.787  0.0000E+00  0.6200E+02
     -5.769  0.0000E+00  0.6200E+02
     -5.751  0.0000E+00  0.6200E+02
     -5.733  0.0000E+00  0.6200E+02
     -5.714  0.0000E+00  0.6200E+02
     -5.696  0.0000E+00  0.6200E+02
     -5.678  0.0000E+00  0.6200E+02
     -5.660  0.0000E+00  0.6200E+02
     -5.642  0.0000E+00  0.6200E+02
     -5.624  0.0000E+00  0.6200E+02
     -5.606  0.0000E+00  0.6200E+02
     -5.588  0.0000E+00  0.6200E+02
     -5.570  0.0000E+00  0.6200E+02
     -5.551  0.0000E+00  0.6200E+02
     -5.533  0.0000E+00  0.6200E+02
     -5.515  0.0000E+00  0.6200E+02
     -5.497  0.0000E+00  0.6200E+02
     -5.479  0.0000E+00  0.6200E+02
     -5.461  0.0000E+00  0.6200E+02
     -5.443  0.0000E+00  0.6200E+02
     -5.425  0.0000E+00  0.6200E+02
     -5.407  0.0000E+00  0.6200E+02
     -5.388  0.0000E+00  0.6200E+02
     -5.370  0.0000E+00  0.6200E+02
     -5.352  0.0000E+00  0.6200E+02
     -5.334  0.0000E+00  0.6200E+02
     -5.316  0.0000E+00  0.6200E+02
     -5.298  0.0000E+00  0.6200E+02
     -5.280  0.0000E+00  0.6200E+02
     -5.262  0.0000E+00  0.6200E+02
     -5.244  0.0000E+00  0.6200E+02
     -5.225  0.0000E+00  0.6200E+02
     -5.207  0.0000E+00  0.6200E+02
     -5.189  0.0000E+00  0.6200E+02
     -5.171  0.0000E+00  0.6200E+02
     -5.153  0.0000E+00  0.6200E+02
     -5.135  0.0000E+00  0.6200E+02
     -5.117  0.0000E+00  0.6200E+02
     -5.099  0.0000E+00  0.6200E+02
     -5.081  0.0000E+00  0.6200E+02
     -5.062  0.0000E+00  0.6200E+02
     -5.044  0.0000E+00  0.6200E+02
     -5.026  0.0000E+00  0.6200E+02
     -5.008  0.0000E+00  0.6200E+02
     -4.990  0.0000E+00  0.6200E+02
     -4.972  0.0000E+00  0.6200E+02
     -4.954  0.0000E+00  0.6200E+02
     -4.936  0.0000E+00  0.6200E+02
     -4.918  0.0000E+00  0.6200E+02
     -4.899  0.0000E+00  0.6200E+02
     -4.881  0.0000E+00  0.6200E+02
     -4.863  0.0000E+00  0.6200E+02
     -4.845  0.0000E+00  0.6200E+02
     -4.827  0.0000E+00  0.6200E+02
     -4.809  0.0000E+00  0.6200E+02
     -4.791  0.0000E+00  0.6200E+02
     -4.773  0.0000E+00  0.6200E+02
     -4.755  0.0000E+00  0.6200E+02
     -4.736  0.0000E+00  0.6200E+02
     -4.718  0.0000E+00  0.6200E+02
     -4.700  0.0000E+00  0.6200E+02
     -4.682  0.0000E+00  0.6200E+02
     -4.664  0.0000E+00  0.6200E+02
     -4.646  0.0000E+00  0.6200E+02
     -4.628  0.0000E+00  0.6200E+02
     -4.610  0.0000E+00  0.6200E+02
     -4.592  0.0000E+00  0.6200E+02
     -4.573  0.0000E+00  0.6200E+02
     -4.555  0.0000E+00  0.6200E+02
     -4.537  0.0000E+00  0.6200E+02
     -4.519  0.0000E+00  0.6200E+02
     -4.501  0.0000E+00  0.6200E+02
     -4.483  0.0000E+00  0.6200E+02
     -4.465  0.0000E+00  0.6200E+02
     -4.447  0.0000E+00  0.6200E+02
     -4.429  0.0000E+00  0.6200E+02
     -4.410  0.0000E+00  0.6200E+02
     -4.392  0.0000E+00  0.6200E+02
     -4.374  0.0000E+00  0.6200E+02
     -4.356  0.0000E+00  0.6200E+02
     -4.338  0.0000E+00  0.6200E+02
     -4.320  0.0000E+00  0.6200E+02
     -4.302  0.0000E+00  0.6200E+02
     -4.284  0.0000E+00  0.6200E+02
     -4.266  0.0000E+00  0.6200E+02
     -4.247  0.0000E+00  0.6200E+02
     -4.229  0.0000E+00  0.6200E+02
     -4.211  0.0000E+00  0.6200E+02
     -4.193  0.0000E+00  0.6200E+02
     -4.175  0.0000E+00  0.6200E+02
     -4.157  0.0000E+00  0.6200E+02
     -4.139  0.0000E+00  0.6200E+02
     -4.121  0.0000E+00  0.6200E+02
     -4.103  0.0000E+00  0.6200E+02
     -4.084  0.0000E+00  0.6200E+02
     -4.066  0.0000E+00  0.6200E+02
     -4.048  0.0000E+00  0.6200E+02
     -4.030  0.0000E+00  0.6200E+02
     -4.012  0.0000E+00  0.6200E+02
     -3.994  0.0000E+00  0.6200E+02
     -3.976  0.0000E+00  0.6200E+02
     -3.958  0.0000E+00  0.6200E+02
     -3.940  0.0000E+00  0.6200E+02
     -3.921  0.0000E+00  0.6200E+02
     -3.903  0.0000E+00  0.6200E+02
     -3.885  0.0000E+00  0.6200E+02
     -3.867  0.0000E+00  0.6200E+02
     -3.849  0.0000E+00  0.6200E+02
     -3.831  0.0000E+00  0.6200E+02
     -3.813  0.0000E+00  0.6200E+02
     -3.795  0.0000E+00  0.6200E+02
     -3.777  0.0000E+00  0.6200E+02
     -3.758  0.0000E+00  0.6200E+02
     -3.740  0.0000E+00  0.6200E+02
     -3.722  0.0000E+00  0.6200E+02
     -3.704  0.0000E+00  0.6200E+02
     -3.686  0.0000E+00  0.6200E+02
     -3.668  0.0000E+00  0.6200E+02
     -3.650  0.0000E+00  0.6200E+02
     -3.632  0.0000E+00  0.6200E+02
     -3.614  0.0000E+00  0.6200E+02
     -3.595  0.0000E+00  0.6200E+02
     -3.577  0.0000E+00  0.6200E+02
     -3.559  0.0000E+00  0.6200E+02
     -3.541  0.0000E+00  0.6200E+02
     -3.523  0.0000E+00  0.6200E+02
     -3.505  0.0000E+00  0.6200E+02
     -3.487  0.0000E+00  0.6200E+02
     -3.469  0.0000E+00  0.6200E+02
     -3.451  0.0000E+00  0.6200E+02
     -3.432  0.0000E+00  0.6200E+02
     -3.414  0.0000E+00  0.6200E+02
     -3.396  0.0000E+00  0.6200E+02
     -3.378  0.0000E+00  0.6200E+02
     -3.360  0.0000E+00  0.6200E+02
     -3.342  0.0000E+00  0.6200E+02
     -3.324  0.0000E+00  0.6200E+02
     -3.306  0.0000E+00  0.6200E+02
     -3.288  0.0000E+00  0.6200E+02
     -3.269  0.0000E+00  0.6200E+02
     -3.251  0.0000E+00  0.6200E+02
     -3.233  0.0000E+00  0.6200E+02
     -3.215  0.0000E+00  0.6200E+02
     -3.197  0.0000E+00  0.6200E+02
     -3.179  0.0000E+00  0.6200E+02
     -3.161  0.0000E+00  0.6200E+02
     -3.143  0.0000E+00  0.6200E+02
     -3.125  0.0000E+00  0.6200E+02
     -3.106  0.0000E+00  0.6200E+02
     -3.088  0.0000E+00  0.6200E+02
     -3.070  0.0000E+00  0.6200E+02
     -3.052  0.0000E+00  0.6200E+02
     -3.034  0.0000E+00  0.6200E+02
     -3.016  0.0000E+00  0.6200E+02
     -2.998  0.0000E+00  0.6200E+02
     -2.980  0.0000E+00  0.6200E+02
     -2.962  0.0000E+00  0.6200E+02
     -2.943  0.0000E+00  0.6200E+02
     -2.925  0.0000E+00  0.6200E+02
     -2.907  0.0000E+00  0.6200E+02
     -2.889  0.0000E+00  0.6200E+02
     -2.871  0.0000E+00  0.6200E+02
     -2.853  0.0000E+00  0.6200E+02
     -2.835  0.0000E+00  0.6200E+02
     -2.817  0.0000E+00  0.6200E+02
     -2.799  0.0000E+00  0.6200E+02
     -2.780  0.0000E+00  0.6200E+02
     -2.762  0.0000E+00  0.6200E+02
     -2.744  0.0000E+00  0.6200E+02
     -2.726  0.0000E+00  0.6200E+02
     -2.708  0.0000E+00  0.6200E+02
     -2.690  0.0000E+00  0.6200E+02
     -2.672  0.0000E+00  0.6200E+02
     -2.654  0.0000E+00  0.6200E+02
     -2.636  0.0000E+00  0.6200E+02
     -2.617  0.0000E+00  0.6200E+02
     -2.599  0.0000E+00  0.6200E+02
     -2.581  0.0000E+00  0.6200E+02
     -2.563  0.0000E+00  0.6200E+02
     -2.545  0.0000E+00  0.6200E+02
     -2.527  0.0000E+00  0.6200E+02
     -2.509  0.0000E+00  0.6200E+02
     -2.491  0.0000E+00  0.6200E+02
     -2.473  0.0000E+00  0.6200E+02
     -2.454  0.0000E+00  0.6200E+02
     -2.436  0.0000E+00  0.6200E+02
     -2.418  0.0000E+00  0.6200E+02
     -2.400  0.0000E+00  0.6200E+02
     -2.382  0.0000E+00  0.6200E+02
     -2.364  0.0000E+00  0.6200E+02
     -2.346  0.0000E+00  0.6200E+02
     -2.328  0.0000E+00  0.6200E+02
     -2.310  0.0000E+00  0.6200E+02
     -2.291  0.0000E+00  0.6200E+02
     -2.273  0.0000E+00  0.6200E+02
     -2.255  0.0000E+00  0.6200E+02
     -2.237  0.0000E+00  0.6200E+02
     -2.219  0.0000E+00  0.6200E+02
     -2.201  0.0000E+00  0.6200E+02
     -2.183  0.0000E+00  0.6200E+02
     -2.165  0.0000E+00  0.6200E+02
     -2.147  0.0000E+00  0.6200E+02
     -2.128  0.0000E+00  0.6200E+02
     -2.110  0.0000E+00  0.6200E+02
     -2.092  0.0000E+00  0.6200E+02
     -2.074  0.0000E+00  0.6200E+02
     -2.056  0.0000E+00  0.6200E+02
     -2.038  0.0000E+00  0.6200E+02
     -2.020  0.0000E+00  0.6200E+02
     -2.002  0.0000E+00  0.6200E+02
     -1.984  0.0000E+00  0.6200E+02
     -1.965  0.0000E+00  0.6200E+02
     -1.947  0.0000E+00  0.6200E+02
     -1.929  0.0000E+00  0.6200E+02
     -1.911  0.0000E+00  0.6200E+02
     -1.893  0.0000E+00  0.6200E+02
     -1.875  0.0000E+00  0.6200E+02
     -1.857  0.0000E+00  0.6200E+02
     -1.839  0.0000E+00  0.6200E+02
     -1.821  0.0000E+00  0.6200E+02
     -1.803  0.0000E+00  0.6200E+02
     -1.784  0.0000E+00  0.6200E+02
     -1.766  0.0000E+00  0.6200E+02
     -1.748  0.0000E+00  0.6200E+02
     -1.730  0.0000E+00  0.6200E+02
     -1.712  0.0000E+00  0.6200E+02
     -1.694  0.0000E+00  0.6200E+02
     -1.676  0.0000E+00  0.6200E+02
     -1.658  0.0000E+00  0.6200E+02
     -1.640  0.0000E+00  0.6200E+02
     -1.621  0.0000E+00  0.6200E+02
     -1.603  0.0000E+00  0.6200E+02
     -1.585  0.0000E+00  0.6200E+02
     -1.567  0.0000E+00  0.6200E+02
     -1.549  0.0000E+00  0.6200E+02
     -1.531  0.0000E+00  0.6200E+02
     -1.513  0.0000E+00  0.6200E+02
     -1.495  0.0000E+00  0.6200E+02
     -1.477  0.0000E+00  0.6200E+02
     -1.458  0.0000E+00  0.6200E+02
     -1.440  0.0000E+00  0.6200E+02
     -1.422  0.0000E+00  0.6200E+02
     -1.404  0.0000E+00  0.6200E+02
     -1.386  0.0000E+00  0.6200E+02
     -1.368  0.0000E+00  0.6200E+02
     -1.350  0.0000E+00  0.6200E+02
     -1.332  0.0000E+00  0.6200E+02
     -1.314  0.0000E+00  0.6200E+02
     -1.295  0.0000E+00  0.6200E+02
     -1.277  0.0000E+00  0.6200E+02
     -1.259  0.0000E+00  0.6200E+02
     -1.241  0.0000E+00  0.6200E+02
     -1.223  0.0000E+00  0.6200E+02
     -1.205  0.0000E+00  0.6200E+02
     -1.187  0.0000E+00  0.6200E+02
     -1.169  0.4780E-02  0.6200E+02
     -1.151  0.6849E-01  0.6200E+02
     -1.132  0.2160E+00  0.6200E+02
     -1.114  0.4561E+00  0.6201E+02
     -1.096  0.7888E+00  0.6202E+02
     -1.078  0.1214E+01  0.6204E+02
     -1.060  0.1732E+01  0.6206E+02
     -1.042  0.2343E+01  0.6210E+02
     -1.024  0.3057E+01  0.6215E+02
     -1.006  0.3890E+01  0.6221E+02
     -0.988  0.4841E+01  0.6229E+02
     -0.969  0.5911E+01  0.6239E+02
     -0.951  0.7099E+01  0.6251E+02
     -0.933  0.8405E+01  0.6265E+02
     -0.915  0.9962E+01  0.6281E+02
     -0.897  0.1167E+02  0.6301E+02
     -0.879  0.1326E+02  0.6323E+02
     -0.861  0.1475E+02  0.6349E+02
     -0.843  0.1613E+02  0.6377E+02
     -0.825  0.1740E+02  0.6407E+02
     -0.806  0.1856E+02  0.6440E+02
     -0.788  0.1962E+02  0.6474E+02
     -0.770  0.2170E+02  0.6511E+02
     -0.752  0.2555E+02  0.6554E+02
     -0.734  0.2845E+02  0.6603E+02
     -0.716  0.2540E+02  0.6652E+02
     -0.698  0.2579E+02  0.6698E+02
     -0.680  0.2648E+02  0.6745E+02
     -0.662  0.3299E+02  0.6798E+02
     -0.643  0.3872E+02  0.6863E+02
     -0.625  0.4299E+02  0.6938E+02
     -0.607  0.4413E+02  0.7018E+02
     -0.589  0.3997E+02  0.7093E+02
     -0.571  0.4903E+02  0.7168E+02
     -0.553  0.7056E+02  0.7281E+02
     -0.535  0.6849E+02  0.7408E+02
     -0.517  0.5321E+02  0.7525E+02
     -0.499  0.3455E+02  0.7605E+02
     -0.480  0.2384E+02  0.7656E+02
     -0.462  0.1825E+02  0.7694E+02
     -0.444  0.1418E+02  0.7723E+02
     -0.426  0.1119E+02  0.7746E+02
     -0.408  0.4264E+02  0.7799E+02
     -0.390  0.2098E+02  0.7855E+02
     -0.372  0.1696E+02  0.7890E+02
     -0.354  0.1346E+02  0.7917E+02
     -0.336  0.1048E+02  0.7939E+02
     -0.317  0.8025E+01  0.7955E+02
     -0.299  0.6094E+01  0.7968E+02
     -0.281  0.4647E+01  0.7978E+02
     -0.263  0.2852E+02  0.7999E+02
     -0.245  0.6447E+02  0.8090E+02
     -0.227  0.5389E+02  0.8204E+02
     -0.209  0.5042E+02  0.8293E+02
     -0.191  0.6519E+02  0.8390E+02
     -0.173  0.6890E+02  0.8521E+02
     -0.154  0.7489E+02  0.8637E+02
     -0.136  0.5031E+02  0.8762E+02
     -0.118  0.7977E+02  0.8886E+02
     -0.100  0.5183E+02  0.9003E+02
     -0.082  0.6197E+02  0.9105E+02
     -0.064  0.6317E+02  0.9220E+02
     -0.046  0.5246E+02  0.9327E+02
     -0.028  0.5131E+02  0.9421E+02
     -0.010  0.5031E+02  0.9513E+02
      0.009  0.4930E+02  0.9603E+02
      0.027  0.4816E+02  0.9691E+02
      0.045  0.4695E+02  0.9777E+02
      0.063  0.5068E+02  0.9862E+02
      0.081  0.5959E+02  0.9966E+02
      0.099  0.5607E+02  0.1007E+03
      0.117  0.5362E+02  0.1017E+03
      0.135  0.5215E+02  0.1027E+03
      0.153  0.4994E+02  0.1036E+03
      0.172  0.4406E+02  0.1044E+03
      0.190  0.3889E+02  0.1052E+03
      0.208  0.2754E+02  0.1058E+03
      0.226  0.2579E+02  0.1062E+03
      0.244  0.2451E+02  0.1067E+03
      0.262  0.2343E+02  0.1071E+03
      0.280  0.2299E+02  0.1076E+03
      0.298  0.2311E+02  0.1080E+03
      0.316  0.2361E+02  0.1084E+03
      0.335  0.2403E+02  0.1088E+03
      0.353  0.2437E+02  0.1093E+03
      0.371  0.2463E+02  0.1097E+03
      0.389  0.2481E+02  0.1102E+03
      0.407  0.2491E+02  0.1106E+03
      0.425  0.2494E+02  0.1111E+03
      0.443  0.2488E+02  0.1115E+03
      0.461  0.2471E+02  0.1120E+03
      0.479  0.2444E+02  0.1124E+03
      0.498  0.2379E+02  0.1128E+03
      0.516  0.2579E+02  0.1133E+03
      0.534  0.2809E+02  0.1138E+03
      0.552  0.2857E+02  0.1143E+03
      0.570  0.2752E+02  0.1148E+03
      0.588  0.2603E+02  0.1153E+03
      0.606  0.2428E+02  0.1157E+03
      0.624  0.2210E+02  0.1162E+03
      0.642  0.1772E+02  0.1165E+03
      0.661  0.1402E+02  0.1168E+03
      0.679  0.1115E+02  0.1170E+03
      0.697  0.1541E+02  0.1173E+03
      0.715  0.1753E+02  0.1176E+03
      0.733  0.1670E+02  0.1179E+03
      0.751  0.1579E+02  0.1182E+03
      0.769  0.1549E+02  0.1185E+03
      0.787  0.1645E+02  0.1187E+03
      0.805  0.1879E+02  0.1191E+03
      0.824  0.2252E+02  0.1194E+03
      0.842  0.3039E+02  0.1199E+03
      0.860  0.4881E+02  0.1206E+03
      0.878  0.5008E+02  0.1215E+03
      0.896  0.3838E+02  0.1223E+03
      0.914  0.3731E+02  0.1230E+03
      0.932  0.3551E+02  0.1237E+03
      0.950  0.3296E+02  0.1243E+03
      0.968  0.2968E+02  0.1249E+03
      0.987  0.2576E+02  0.1254E+03
      1.005  0.2302E+02  0.1258E+03
      1.023  0.2003E+02  0.1262E+03
      1.041  0.1853E+02  0.1265E+03
      1.059  0.1795E+02  0.1269E+03
      1.077  0.1740E+02  0.1272E+03
      1.095  0.1704E+02  0.1275E+03
      1.113  0.1721E+02  0.1278E+03
      1.131  0.1765E+02  0.1281E+03
      1.150  0.1822E+02  0.1285E+03
      1.168  0.1893E+02  0.1288E+03
      1.186  0.1939E+02  0.1291E+03
      1.204  0.1931E+02  0.1295E+03
      1.222  0.1956E+02  0.1298E+03
      1.240  0.1973E+02  0.1302E+03
      1.258  0.1980E+02  0.1306E+03
      1.276  0.1979E+02  0.1309E+03
      1.294  0.1968E+02  0.1313E+03
      1.313  0.1949E+02  0.1316E+03
      1.331  0.1920E+02  0.1320E+03
      1.349  0.1883E+02  0.1323E+03
      1.367  0.1839E+02  0.1327E+03
      1.385  0.1855E+02  0.1330E+03
      1.403  0.1864E+02  0.1333E+03
      1.421  0.1868E+02  0.1337E+03
      1.439  0.1865E+02  0.1340E+03
      1.457  0.1856E+02  0.1343E+03
      1.476  0.1841E+02  0.1347E+03
      1.494  0.1773E+02  0.1350E+03
      1.512  0.1685E+02  0.1353E+03
      1.530  0.1610E+02  0.1356E+03
      1.548  0.1550E+02  0.1359E+03
      1.566  0.1503E+02  0.1362E+03
      1.584  0.1470E+02  0.1365E+03
      1.602  0.1417E+02  0.1367E+03
      1.620  0.1293E+02  0.1370E+03
      1.639  0.1190E+02  0.1372E+03
      1.657  0.1285E+02  0.1374E+03
      1.675  0.1434E+02  0.1377E+03
      1.693  0.1732E+02  0.1379E+03
      1.711  0.2261E+02  0.1383E+03
      1.729  0.3108E+02  0.1388E+03
      1.747  0.4323E+02  0.1394E+03
      1.765  0.6072E+02  0.1404E+03
      1.783  0.1554E+03  0.1420E+03
      1.802  0.7710E+02  0.1445E+03
      1.820  0.4092E+02  0.1455E+03
      1.838  0.5100E+02  0.1463E+03
      1.856  0.3011E+02  0.1471E+03
      1.874  0.3556E+02  0.1477E+03
      1.892  0.4933E+02  0.1484E+03
      1.910  0.5563E+02  0.1494E+03
      1.928  0.5390E+02  0.1504E+03
      1.946  0.4867E+02  0.1513E+03
      1.965  0.5120E+02  0.1522E+03
      1.983  0.4835E+02  0.1531E+03
      2.001  0.4241E+02  0.1539E+03
      2.019  0.4639E+02  0.1548E+03
      2.037  0.5017E+02  0.1556E+03
      2.055  0.5327E+02  0.1566E+03
      2.073  0.5506E+02  0.1575E+03
      2.091  0.5543E+02  0.1586E+03
      2.109  0.5467E+02  0.1596E+03
      2.128  0.5255E+02  0.1605E+03
      2.146  0.4906E+02  0.1614E+03
      2.164  0.4591E+02  0.1623E+03
      2.182  0.4264E+02  0.1631E+03
      2.200  0.3991E+02  0.1639E+03
      2.218  0.3777E+02  0.1646E+03
      2.236  0.3632E+02  0.1652E+03
      2.254  0.3479E+02  0.1659E+03
      2.272  0.3338E+02  0.1665E+03
      2.291  0.3335E+02  0.1671E+03
      2.309  0.3514E+02  0.1677E+03
      2.327  0.3761E+02  0.1684E+03
      2.345  0.4000E+02  0.1691E+03
      2.363  0.4223E+02  0.1698E+03
      2.381  0.4432E+02  0.1706E+03
      2.399  0.4651E+02  0.1714E+03
      2.417  0.5460E+02  0.1723E+03
      2.435  0.6159E+02  0.1734E+03
      2.454  0.6747E+02  0.1745E+03
      2.472  0.7142E+02  0.1758E+03
      2.490  0.7876E+02  0.1771E+03
      2.508  0.9054E+02  0.1787E+03
      2.526  0.6472E+02  0.1802E+03
      2.544  0.3546E+02  0.1810E+03
      2.562  0.5328E+02  0.1817E+03
      2.580  0.9280E+02  0.1841E+03
      2.598  0.1359E+02  0.1852E+03
      2.617  0.5861E+02  0.1858E+03
      2.635  0.9194E+02  0.1872E+03
      2.653  0.1004E+03  0.1890E+03
      2.671  0.9196E+02  0.1907E+03
      2.689  0.8189E+02  0.1923E+03
      2.707  0.8115E+02  0.1937E+03
      2.725  0.8356E+02  0.1952E+03
      2.743  0.7820E+02  0.1968E+03
      2.761  0.7955E+02  0.1982E+03
      2.780  0.8181E+02  0.1996E+03
      2.798  0.7884E+02  0.2011E+03
      2.816  0.7369E+02  0.2025E+03
      2.834  0.7344E+02  0.2038E+03
      2.852  0.7129E+02  0.2051E+03
      2.870  0.6998E+02  0.2064E+03
      2.888  0.6499E+02  0.2076E+03
      2.906  0.6101E+02  0.2088E+03
      2.924  0.7037E+02  0.2103E+03
      2.942  0.4314E+02  0.2111E+03
      2.961  0.4242E+02  0.2119E+03
      2.979  0.4177E+02  0.2127E+03
      2.997  0.4410E+02  0.2134E+03
      3.015  0.4912E+02  0.2143E+03
      3.033  0.5532E+02  0.2152E+03
      3.051  0.6163E+02  0.2163E+03
      3.069  0.6519E+02  0.2174E+03
      3.087  0.6948E+02  0.2186E+03
      3.105  0.7460E+02  0.2199E+03
      3.124  0.7301E+02  0.2213E+03
      3.142  0.6011E+02  0.2225E+03
      3.160  0.5712E+02  0.2235E+03
      3.178  0.9950E+02  0.2248E+03
      3.196  0.1475E+03  0.2271E+03
      3.214  0.1392E+03  0.2297E+03
      3.232  0.7115E+02  0.2313E+03
      3.250  0.1023E+03  0.2330E+03
      3.268  0.8531E+02  0.2348E+03
      3.287  0.5801E+02  0.2360E+03
      3.305  0.4612E+02  0.2369E+03
      3.323  0.3874E+02  0.2377E+03
      3.341  0.3216E+02  0.2384E+03
      3.359  0.2637E+02  0.2389E+03
      3.377  0.2150E+02  0.2393E+03
      3.395  0.1815E+02  0.2397E+03
      3.413  0.1597E+02  0.2400E+03
      3.431  0.1475E+02  0.2403E+03
      3.450  0.1426E+02  0.2405E+03
      3.468  0.1637E+02  0.2408E+03
      3.486  0.2051E+02  0.2411E+03
      3.504  0.2449E+02  0.2415E+03
      3.522  0.2825E+02  0.2420E+03
      3.540  0.3135E+02  0.2425E+03
      3.558  0.2808E+02  0.2431E+03
      3.576  0.1663E+02  0.2435E+03
      3.594  0.1647E+02  0.2438E+03
      3.613  0.2715E+02  0.2442E+03
      3.631  0.6615E+02  0.2449E+03
      3.649  0.7145E+02  0.2458E+03
      3.667  0.2508E+02  0.2469E+03
      3.685  0.1861E+02  0.2473E+03
      3.703  0.1311E+02  0.2476E+03
      3.721  0.8584E+01  0.2478E+03
      3.739  0.5034E+01  0.2479E+03
      3.757  0.2458E+01  0.2480E+03
      3.776  0.8557E+00  0.2480E+03
      3.794  0.1769E+00  0.2480E+03
      3.812  0.0000E+00  0.2480E+03
      3.830  0.0000E+00  0.2480E+03
      3.848  0.0000E+00  0.2480E+03
      3.866  0.0000E+00  0.2480E+03
      3.884  0.0000E+00  0.2480E+03
      3.902  0.0000E+00  0.2480E+03
      3.920  0.0000E+00  0.2480E+03
      3.939  0.0000E+00  0.2480E+03
      3.957  0.0000E+00  0.2480E+03
      3.975  0.0000E+00  0.2480E+03
      3.993  0.0000E+00  0.2480E+03
      4.011  0.0000E+00  0.2480E+03
      4.029  0.0000E+00  0.2480E+03
      4.047  0.0000E+00  0.2480E+03
      4.065  0.0000E+00  0.2480E+03
      4.083  0.0000E+00  0.2480E+03
      4.102  0.0000E+00  0.2480E+03
      4.120  0.0000E+00  0.2480E+03
      4.138  0.0000E+00  0.2480E+03
      4.156  0.0000E+00  0.2480E+03
      4.174  0.0000E+00  0.2480E+03
      4.192  0.0000E+00  0.2480E+03
      4.210  0.0000E+00  0.2480E+03
      4.228  0.0000E+00  0.2480E+03
      4.246  0.0000E+00  0.2480E+03
      4.265  0.0000E+00  0.2480E+03
      4.283  0.0000E+00  0.2480E+03
      4.301  0.0000E+00  0.2480E+03
      4.319  0.0000E+00  0.2480E+03
      4.337  0.0000E+00  0.2480E+03
      4.355  0.0000E+00  0.2480E+03
      4.373  0.0000E+00  0.2480E+03
      4.391  0.0000E+00  0.2480E+03
      4.409  0.0000E+00  0.2480E+03
      4.428  0.0000E+00  0.2480E+03
      4.446  0.0000E+00  0.2480E+03
      4.464  0.0000E+00  0.2480E+03
      4.482  0.0000E+00  0.2480E+03
      4.500  0.0000E+00  0.2480E+03
      4.518  0.0000E+00  0.2480E+03
      4.536  0.0000E+00  0.2480E+03
      4.554  0.0000E+00  0.2480E+03
      4.572  0.0000E+00  0.2480E+03
      4.591  0.0000E+00  0.2480E+03
      4.609  0.0000E+00  0.2480E+03
      4.627  0.0000E+00  0.2480E+03
      4.645  0.0000E+00  0.2480E+03
      4.663  0.0000E+00  0.2480E+03
      4.681  0.0000E+00  0.2480E+03
      4.699  0.0000E+00  0.2480E+03
      4.717  0.0000E+00  0.2480E+03
      4.735  0.0000E+00  0.2480E+03
      4.754  0.0000E+00  0.2480E+03
      4.772  0.0000E+00  0.2480E+03
      4.790  0.0000E+00  0.2480E+03
      4.808  0.0000E+00  0.2480E+03
      4.826  0.0000E+00  0.2480E+03
      4.844  0.0000E+00  0.2480E+03
      4.862  0.0000E+00  0.2480E+03
      4.880  0.0000E+00  0.2480E+03
      4.898  0.0000E+00  0.2480E+03
      4.917  0.0000E+00  0.2480E+03
      4.935  0.0000E+00  0.2480E+03
      4.953  0.0000E+00  0.2480E+03
      4.971  0.0000E+00  0.2480E+03
      4.989  0.0000E+00  0.2480E+03
      5.007  0.0000E+00  0.2480E+03
      5.025  0.0000E+00  0.2480E+03
      5.043  0.0000E+00  0.2480E+03
      5.061  0.0000E+00  0.2480E+03
      5.080  0.0000E+00  0.2480E+03
      5.098  0.0000E+00  0.2480E+03
      5.116  0.0000E+00  0.2480E+03
      5.134  0.0000E+00  0.2480E+03
      5.152  0.0000E+00  0.2480E+03
      5.170  0.0000E+00  0.2480E+03
      5.188  0.0000E+00  0.2480E+03
      5.206  0.0000E+00  0.2480E+03
      5.224  0.0000E+00  0.2480E+03
      5.243  0.0000E+00  0.2480E+03
      5.261  0.0000E+00  0.2480E+03
      5.279  0.0000E+00  0.2480E+03
      5.297  0.0000E+00  0.2480E+03
      5.315  0.0000E+00  0.2480E+03
      5.333  0.0000E+00  0.2480E+03
      5.351  0.0000E+00  0.2480E+03
      5.369  0.0000E+00  0.2480E+03
      5.387  0.0000E+00  0.2480E+03
      5.406  0.0000E+00  0.2480E+03
      5.424  0.0000E+00  0.2480E+03
      5.442  0.0000E+00  0.2480E+03
      5.460  0.0000E+00  0.2480E+03
      5.478  0.0000E+00  0.2480E+03
      5.496  0.0000E+00  0.2480E+03
      5.514  0.0000E+00  0.2480E+03
      5.532  0.0000E+00  0.2480E+03
      5.550  0.0000E+00  0.2480E+03
      5.569  0.0000E+00  0.2480E+03
      5.587  0.0000E+00  0.2480E+03
      5.605  0.0000E+00  0.2480E+03
      5.623  0.0000E+00  0.2480E+03
      5.641  0.0000E+00  0.2480E+03
      5.659  0.0000E+00  0.2480E+03
      5.677  0.0000E+00  0.2480E+03
      5.695  0.0000E+00  0.2480E+03
      5.713  0.0000E+00  0.2480E+03
      5.732  0.0000E+00  0.2480E+03
      5.750  0.0000E+00  0.2480E+03
      5.768  0.0000E+00  0.2480E+03
      5.786  0.0000E+00  0.2480E+03
      5.804  0.0000E+00  0.2480E+03
      5.822  0.0000E+00  0.2480E+03
      5.840  0.0000E+00  0.2480E+03
      5.858  0.6185E-03  0.2480E+03
      5.876  0.9825E-01  0.2480E+03
      5.895  0.3625E+00  0.2480E+03
      5.913  0.7932E+00  0.2480E+03
      5.931  0.1391E+01  0.2480E+03
      5.949  0.2154E+01  0.2481E+03
      5.967  0.3085E+01  0.2481E+03
      5.985  0.4182E+01  0.2482E+03
      6.003  0.5445E+01  0.2483E+03
      6.021  0.6876E+01  0.2484E+03
      6.039  0.8718E+01  0.2485E+03
      6.058  0.1159E+02  0.2487E+03
      6.076  0.1552E+02  0.2489E+03
      6.094  0.3342E+02  0.2493E+03
      6.112  0.2003E+02  0.2500E+03
      6.130  0.0000E+00  0.2500E+03
      6.148  0.0000E+00  0.2500E+03
      6.166  0.0000E+00  0.2500E+03
      6.184  0.0000E+00  0.2500E+03
      6.202  0.0000E+00  0.2500E+03
      6.221  0.0000E+00  0.2500E+03
      6.239  0.0000E+00  0.2500E+03
      6.257  0.0000E+00  0.2500E+03
      6.275  0.0000E+00  0.2500E+03
      6.293  0.0000E+00  0.2500E+03
      6.311  0.0000E+00  0.2500E+03
      6.329  0.0000E+00  0.2500E+03
      6.347  0.0000E+00  0.2500E+03
      6.365  0.0000E+00  0.2500E+03
      6.384  0.0000E+00  0.2500E+03
      6.402  0.0000E+00  0.2500E+03
      6.420  0.0000E+00  0.2500E+03
      6.438  0.0000E+00  0.2500E+03
      6.456  0.0000E+00  0.2500E+03
      6.474  0.0000E+00  0.2500E+03
      6.492  0.0000E+00  0.2500E+03
      6.510  0.0000E+00  0.2500E+03
      6.528  0.0000E+00  0.2500E+03
      6.547  0.0000E+00  0.2500E+03
      6.565  0.0000E+00  0.2500E+03
      6.583  0.0000E+00  0.2500E+03
      6.601  0.0000E+00  0.2500E+03
      6.619  0.0000E+00  0.2500E+03
      6.637  0.0000E+00  0.2500E+03
      6.655  0.0000E+00  0.2500E+03
      6.673  0.0000E+00  0.2500E+03
      6.691  0.0000E+00  0.2500E+03
      6.710  0.0000E+00  0.2500E+03
      6.728  0.0000E+00  0.2500E+03
      6.746  0.0000E+00  0.2500E+03
      6.764  0.0000E+00  0.2500E+03
      6.782  0.0000E+00  0.2500E+03
      6.800  0.0000E+00  0.2500E+03
      6.818  0.0000E+00  0.2500E+03
      6.836  0.0000E+00  0.2500E+03
      6.854  0.0000E+00  0.2500E+03
      6.873  0.0000E+00  0.2500E+03
      6.891  0.0000E+00  0.2500E+03
      6.909  0.0000E+00  0.2500E+03
      6.927  0.0000E+00  0.2500E+03
      6.945  0.0000E+00  0.2500E+03
      6.963  0.0000E+00  0.2500E+03
      6.981  0.0000E+00  0.2500E+03
      6.999  0.0000E+00  0.2500E+03
      7.017  0.0000E+00  0.2500E+03
      7.036  0.0000E+00  0.2500E+03
      7.054  0.0000E+00  0.2500E+03
      7.072  0.0000E+00  0.2500E+03
      7.090  0.0000E+00  0.2500E+03
      7.108  0.0000E+00  0.2500E+03
      7.126  0.0000E+00  0.2500E+03
      7.144  0.0000E+00  0.2500E+03
      7.162  0.0000E+00  0.2500E+03
      7.180  0.0000E+00  0.2500E+03
      7.199  0.0000E+00  0.2500E+03
      7.217  0.0000E+00  0.2500E+03
      7.235  0.0000E+00  0.2500E+03
      7.253  0.0000E+00  0.2500E+03
      7.271  0.0000E+00  0.2500E+03
      7.289  0.0000E+00  0.2500E+03
      7.307  0.0000E+00  0.2500E+03
      7.325  0.0000E+00  0.2500E+03
      7.343  0.0000E+00  0.2500E+03
      7.362  0.0000E+00  0.2500E+03
      7.380  0.0000E+00  0.2500E+03
      7.398  0.0000E+00  0.2500E+03
      7.416  0.0000E+00  0.2500E+03
      7.434  0.0000E+00  0.2500E+03
      7.452  0.0000E+00  0.2500E+03
      7.470  0.0000E+00  0.2500E+03
      7.488  0.0000E+00  0.2500E+03
      7.506  0.0000E+00  0.2500E+03
      7.525  0.0000E+00  0.2500E+03
      7.543  0.0000E+00  0.2500E+03
      7.561  0.0000E+00  0.2500E+03
      7.579  0.0000E+00  0.2500E+03
      7.597  0.0000E+00  0.2500E+03
      7.615  0.0000E+00  0.2500E+03
      7.633  0.0000E+00  0.2500E+03
      7.651  0.0000E+00  0.2500E+03
      7.669  0.0000E+00  0.2500E+03
      7.687  0.0000E+00  0.2500E+03
      7.706  0.0000E+00  0.2500E+03
      7.724  0.0000E+00  0.2500E+03
      7.742  0.0000E+00  0.2500E+03
      7.760  0.0000E+00  0.2500E+03
      7.778  0.0000E+00  0.2500E+03
      7.796  0.0000E+00  0.2500E+03
      7.814  0.0000E+00  0.2500E+03
      7.832  0.0000E+00  0.2500E+03
      7.850  0.0000E+00  0.2500E+03
      7.869  0.0000E+00  0.2500E+03
      7.887  0.0000E+00  0.2500E+03
      7.905  0.0000E+00  0.2500E+03
      7.923  0.0000E+00  0.2500E+03
      7.941  0.0000E+00  0.2500E+03
      7.959  0.0000E+00  0.2500E+03
      7.977  0.0000E+00  0.2500E+03
      7.995  0.0000E+00  0.2500E+03
      8.013  0.0000E+00  0.2500E+03
      8.032  0.0000E+00  0.2500E+03
      8.050  0.0000E+00  0.2500E+03
      8.068  0.0000E+00  0.2500E+03
      8.086  0.0000E+00  0.2500E+03
      8.104  0.0000E+00  0.2500E+03
      8.122  0.0000E+00  0.2500E+03
      8.140  0.0000E+00  0.2500E+03
      8.158  0.0000E+00  0.2500E+03
      8.176  0.0000E+00  0.2500E+03
      8.195  0.0000E+00  0.2500E+03
      8.213  0.0000E+00  0.2500E+03
      8.231  0.0000E+00  0.2500E+03
      8.249  0.0000E+00  0.2500E+03
      8.267  0.0000E+00  0.2500E+03
      8.285  0.0000E+00  0.2500E+03
      8.303  0.0000E+00  0.2500E+03
      8.321  0.0000E+00  0.2500E+03
      8.339  0.0000E+00  0.2500E+03
      8.358  0.0000E+00  0.2500E+03
      8.376  0.0000E+00  0.2500E+03
      8.394  0.0000E+00  0.2500E+03
      8.412  0.0000E+00  0.2500E+03
      8.430  0.0000E+00  0.2500E+03
      8.448  0.0000E+00  0.2500E+03
      8.466  0.0000E+00  0.2500E+03
      8.484  0.0000E+00  0.2500E+03
      8.502  0.0000E+00  0.2500E+03
      8.521  0.0000E+00  0.2500E+03
      8.539  0.0000E+00  0.2500E+03
      8.557  0.0000E+00  0.2500E+03
      8.575  0.0000E+00  0.2500E+03
      8.593  0.0000E+00  0.2500E+03
      8.611  0.0000E+00  0.2500E+03
      8.629  0.0000E+00  0.2500E+03
      8.647  0.0000E+00  0.2500E+03
      8.665  0.0000E+00  0.2500E+03
      8.684  0.0000E+00  0.2500E+03
      8.702  0.0000E+00  0.2500E+03
      8.720  0.0000E+00  0.2500E+03
      8.738  0.0000E+00  0.2500E+03
      8.756  0.0000E+00  0.2500E+03
      8.774  0.0000E+00  0.2500E+03
      8.792  0.0000E+00  0.2500E+03
      8.810  0.0000E+00  0.2500E+03
      8.828  0.0000E+00  0.2500E+03
      8.847  0.0000E+00  0.2500E+03
      8.865  0.0000E+00  0.2500E+03
      8.883  0.0000E+00  0.2500E+03
      8.901  0.0000E+00  0.2500E+03
      8.919  0.0000E+00  0.2500E+03
      8.937  0.0000E+00  0.2500E+03
      8.955  0.0000E+00  0.2500E+03
      8.973  0.0000E+00  0.2500E+03
      8.991  0.0000E+00  0.2500E+03
      9.010  0.0000E+00  0.2500E+03
      9.028  0.0000E+00  0.2500E+03
      9.046  0.0000E+00  0.2500E+03
      9.064  0.0000E+00  0.2500E+03
      9.082  0.0000E+00  0.2500E+03
      9.100  0.0000E+00  0.2500E+03
      9.118  0.0000E+00  0.2500E+03
      9.136  0.0000E+00  0.2500E+03
      9.154  0.0000E+00  0.2500E+03
      9.173  0.0000E+00  0.2500E+03
      9.191  0.0000E+00  0.2500E+03
      9.209  0.0000E+00  0.2500E+03
      9.227  0.0000E+00  0.2500E+03
      9.245  0.0000E+00  0.2500E+03
      9.263  0.0000E+00  0.2500E+03
      9.281  0.0000E+00  0.2500E+03
      9.299  0.0000E+00  0.2500E+03
      9.317  0.0000E+00  0.2500E+03
      9.336  0.0000E+00  0.2500E+03
      9.354  0.0000E+00  0.2500E+03
      9.372  0.0000E+00  0.2500E+03
      9.390  0.0000E+00  0.2500E+03
      9.408  0.0000E+00  0.2500E+03
      9.426  0.0000E+00  0.2500E+03
      9.444  0.0000E+00  0.2500E+03
      9.462  0.0000E+00  0.2500E+03
      9.480  0.0000E+00  0.2500E+03
      9.499  0.0000E+00  0.2500E+03
      9.517  0.0000E+00  0.2500E+03
      9.535  0.0000E+00  0.2500E+03
      9.553  0.0000E+00  0.2500E+03
      9.571  0.0000E+00  0.2500E+03
      9.589  0.0000E+00  0.2500E+03
      9.607  0.0000E+00  0.2500E+03
      9.625  0.0000E+00  0.2500E+03
      9.643  0.0000E+00  0.2500E+03
      9.662  0.7859E+02  0.2506E+03
      9.680  0.2506E+02  0.2511E+03
      9.698  0.1736E+02  0.2515E+03
      9.716  0.1102E+02  0.2517E+03
      9.734  0.6038E+01  0.2519E+03
      9.752  0.2536E+01  0.2520E+03
      9.770  0.5298E+00  0.2520E+03
      9.788  0.0000E+00  0.2520E+03
      9.806  0.0000E+00  0.2520E+03
      9.825  0.0000E+00  0.2520E+03
      9.843  0.0000E+00  0.2520E+03
      9.861  0.0000E+00  0.2520E+03
      9.879  0.0000E+00  0.2520E+03
      9.897  0.0000E+00  0.2520E+03
      9.915  0.0000E+00  0.2520E+03
      9.933  0.0000E+00  0.2520E+03
      9.951  0.0000E+00  0.2520E+03
      9.969  0.0000E+00  0.2520E+03
      9.988  0.0000E+00  0.2520E+03
     10.006  0.0000E+00  0.2520E+03
     10.024  0.0000E+00  0.2520E+03
     10.042  0.0000E+00  0.2520E+03
     10.060  0.0000E+00  0.2520E+03
     10.078  0.0000E+00  0.2520E+03
     10.096  0.0000E+00  0.2520E+03
     10.114  0.0000E+00  0.2520E+03
     10.132  0.0000E+00  0.2520E+03
     10.151  0.0000E+00  0.2520E+03
     10.169  0.0000E+00  0.2520E+03
     10.187  0.0000E+00  0.2520E+03
     10.205  0.0000E+00  0.2520E+03
     10.223  0.0000E+00  0.2520E+03
     10.241  0.0000E+00  0.2520E+03
     10.259  0.0000E+00  0.2520E+03
     10.277  0.0000E+00  0.2520E+03
     10.295  0.0000E+00  0.2520E+03
     10.314  0.0000E+00  0.2520E+03
     10.332  0.0000E+00  0.2520E+03
     10.350  0.0000E+00  0.2520E+03
     10.368  0.0000E+00  0.2520E+03
     10.386  0.0000E+00  0.2520E+03
     10.404  0.0000E+00  0.2520E+03
     10.422  0.0000E+00  0.2520E+03
     10.440  0.0000E+00  0.2520E+03
     10.458  0.7773E+01  0.2521E+03
     10.477  0.1465E+02  0.2523E+03
     10.495  0.1785E+02  0.2526E+03
     10.513  0.1737E+02  0.2529E+03
     10.531  0.1416E+02  0.2532E+03
     10.549  0.1129E+02  0.2534E+03
     10.567  0.9489E+01  0.2536E+03
     10.585  0.1951E+02  0.2539E+03
     10.603  0.2467E+02  0.2543E+03
     10.621  0.2493E+02  0.2547E+03
     10.640  0.2275E+02  0.2552E+03
     10.658  0.1905E+02  0.2555E+03
     10.676  0.1255E+02  0.2558E+03
     10.694  0.3780E+01  0.2560E+03
     10.712  0.1269E+00  0.2560E+03
     10.730  0.0000E+00  0.2560E+03
     10.748  0.0000E+00  0.2560E+03
     10.766  0.0000E+00  0.2560E+03
     10.784  0.0000E+00  0.2560E+03
     10.803  0.0000E+00  0.2560E+03
     10.821  0.0000E+00  0.2560E+03
     10.839  0.0000E+00  0.2560E+03
     10.857  0.0000E+00  0.2560E+03
     10.875  0.0000E+00  0.2560E+03
     10.893  0.0000E+00  0.2560E+03
     10.911  0.0000E+00  0.2560E+03
     10.929  0.5929E-04  0.2560E+03
     10.947  0.6371E-03  0.2560E+03
     10.966  0.1830E-02  0.2560E+03
     10.984  0.3639E-02  0.2560E+03
     11.002  0.6063E-02  0.2560E+03
     11.020  0.9102E-02  0.2560E+03
     11.038  0.1276E-01  0.2560E+03
     11.056  0.1703E-01  0.2560E+03
     11.074  0.2191E-01  0.2560E+03
     11.092  0.2741E-01  0.2560E+03
     11.110  0.3353E-01  0.2560E+03
     11.129  0.4026E-01  0.2560E+03
     11.147  0.4761E-01  0.2560E+03
     11.165  0.5557E-01  0.2560E+03
     11.183  0.6415E-01  0.2560E+03
     11.201  0.7334E-01  0.2560E+03
     11.219  0.8315E-01  0.2560E+03
     11.237  0.9358E-01  0.2560E+03
     11.255  0.1046E+00  0.2560E+03
     11.273  0.1163E+00  0.2560E+03
     11.292  0.1285E+00  0.2560E+03
     11.310  0.1414E+00  0.2560E+03
     11.328  0.1549E+00  0.2560E+03
     11.346  0.1690E+00  0.2560E+03
     11.364  0.1838E+00  0.2560E+03
     11.382  0.1991E+00  0.2560E+03
     11.400  0.2151E+00  0.2560E+03
     11.418  0.2317E+00  0.2560E+03
     11.436  0.2489E+00  0.2560E+03
     11.455  0.2667E+00  0.2560E+03
     11.473  0.2851E+00  0.2561E+03
     11.491  0.3041E+00  0.2561E+03
     11.509  0.3238E+00  0.2561E+03
     11.527  0.3441E+00  0.2561E+03
     11.545  0.3649E+00  0.2561E+03
     11.563  0.3864E+00  0.2561E+03
     11.581  0.4086E+00  0.2561E+03
     11.599  0.4313E+00  0.2561E+03
     11.618  0.4546E+00  0.2561E+03
     11.636  0.4786E+00  0.2561E+03
     11.654  0.5032E+00  0.2561E+03
     11.672  0.5284E+00  0.2561E+03
     11.690  0.5542E+00  0.2561E+03
     11.708  0.5806E+00  0.2562E+03
     11.726  0.6076E+00  0.2562E+03
     11.744  0.6353E+00  0.2562E+03
     11.762  0.6636E+00  0.2562E+03
     11.781  0.6925E+00  0.2562E+03
     11.799  0.7220E+00  0.2562E+03
     11.817  0.7521E+00  0.2562E+03
     11.835  0.7828E+00  0.2562E+03
     11.853  0.8142E+00  0.2563E+03
     11.871  0.8461E+00  0.2563E+03
     11.889  0.8787E+00  0.2563E+03
     11.907  0.9119E+00  0.2563E+03
     11.925  0.9457E+00  0.2563E+03
     11.944  0.9801E+00  0.2563E+03
     11.962  0.1015E+01  0.2564E+03
     11.980  0.1051E+01  0.2564E+03
     11.998  0.1087E+01  0.2564E+03
     12.016  0.1124E+01  0.2564E+03
     12.034  0.1161E+01  0.2564E+03
     12.052  0.1200E+01  0.2565E+03
     12.070  0.1238E+01  0.2565E+03
     12.088  0.1278E+01  0.2565E+03
     12.107  0.1318E+01  0.2565E+03
     12.125  0.1358E+01  0.2565E+03
     12.143  0.1399E+01  0.2566E+03
     12.161  0.1448E+01  0.2566E+03
     12.179  0.1639E+01  0.2566E+03
     12.197  0.1827E+01  0.2567E+03
     12.215  0.2001E+01  0.2567E+03
     12.233  0.2180E+01  0.2567E+03
     12.251  0.2473E+01  0.2568E+03
     12.270  0.2762E+01  0.2568E+03
     12.288  0.3033E+01  0.2569E+03
     12.306  0.3288E+01  0.2569E+03
     12.324  0.3526E+01  0.2570E+03
     12.342  0.3747E+01  0.2571E+03
     12.360  0.3952E+01  0.2571E+03
     12.378  0.4139E+01  0.2572E+03
     12.396  0.4310E+01  0.2573E+03
     12.414  0.4463E+01  0.2574E+03
     12.432  0.4600E+01  0.2574E+03
     12.451  0.4720E+01  0.2575E+03
     12.469  0.4824E+01  0.2576E+03
     12.487  0.4910E+01  0.2577E+03
     12.505  0.4979E+01  0.2578E+03
     12.523  0.5032E+01  0.2579E+03
     12.541  0.5068E+01  0.2580E+03
     12.559  0.5087E+01  0.2581E+03
     12.577  0.5089E+01  0.2582E+03
     12.595  0.5074E+01  0.2582E+03
     12.614  0.5038E+01  0.2583E+03
     12.632  0.4863E+01  0.2584E+03
     12.650  0.4670E+01  0.2585E+03
     12.668  0.4495E+01  0.2586E+03
     12.686  0.4337E+01  0.2587E+03
     12.704  0.4196E+01  0.2588E+03
     12.722  0.4073E+01  0.2588E+03
     12.740  0.3967E+01  0.2589E+03
     12.758  0.3878E+01  0.2590E+03
     12.777  0.3806E+01  0.2590E+03
     12.795  0.3752E+01  0.2591E+03
     12.813  0.3715E+01  0.2592E+03
     12.831  0.3695E+01  0.2592E+03
     12.849  0.3692E+01  0.2593E+03
     12.867  0.3707E+01  0.2594E+03
     12.885  0.3738E+01  0.2594E+03
     12.903  0.3783E+01  0.2595E+03
     12.921  0.3825E+01  0.2596E+03
     12.940  0.3780E+01  0.2596E+03
     12.958  0.2619E+01  0.2597E+03
     12.976  0.2004E+01  0.2597E+03
     12.994  0.1800E+01  0.2598E+03
     13.012  0.2028E+01  0.2598E+03
     13.030  0.2538E+01  0.2599E+03
     13.048  0.2831E+01  0.2599E+03
     13.066  0.2867E+01  0.2600E+03
     13.084  0.3818E+01  0.2600E+03
     13.103  0.4402E+01  0.2601E+03
     13.121  0.4569E+01  0.2602E+03
     13.139  0.4677E+01  0.2603E+03
     13.157  0.4778E+01  0.2603E+03
     13.175  0.4872E+01  0.2604E+03
     13.193  0.4959E+01  0.2605E+03
     13.211  0.5039E+01  0.2606E+03
     13.229  0.5114E+01  0.2607E+03
     13.247  0.5186E+01  0.2608E+03
     13.266  0.5254E+01  0.2609E+03
     13.284  0.5321E+01  0.2610E+03
     13.302  0.5387E+01  0.2611E+03
     13.320  0.5453E+01  0.2612E+03
     13.338  0.5520E+01  0.2613E+03
     13.356  0.5590E+01  0.2614E+03
     13.374  0.5663E+01  0.2615E+03
     13.392  0.5738E+01  0.2616E+03
     13.410  0.5816E+01  0.2617E+03
     13.429  0.5896E+01  0.2618E+03
     13.447  0.5978E+01  0.2619E+03
     13.465  0.6059E+01  0.2620E+03
     13.483  0.6138E+01  0.2621E+03
     13.501  0.6215E+01  0.2622E+03
     13.519  0.6293E+01  0.2623E+03
     13.537  0.6372E+01  0.2625E+03
     13.555  0.6452E+01  0.2626E+03
     13.573  0.6534E+01  0.2627E+03
     13.592  0.6617E+01  0.2628E+03
     13.610  0.6702E+01  0.2629E+03
     13.628  0.6788E+01  0.2631E+03
     13.646  0.6876E+01  0.2632E+03
     13.664  0.6965E+01  0.2633E+03
     13.682  0.7056E+01  0.2634E+03
     13.700  0.7148E+01  0.2636E+03
     13.718  0.7242E+01  0.2637E+03
     13.736  0.7337E+01  0.2638E+03
     13.755  0.7434E+01  0.2640E+03
     13.773  0.7532E+01  0.2641E+03
     13.791  0.7632E+01  0.2642E+03
     13.809  0.7740E+01  0.2644E+03
     13.827  0.7860E+01  0.2645E+03
     13.845  0.7992E+01  0.2647E+03
     13.863  0.8135E+01  0.2648E+03
     13.881  0.8291E+01  0.2650E+03
     13.899  0.8459E+01  0.2651E+03
     13.918  0.8639E+01  0.2653E+03
     13.936  0.8832E+01  0.2654E+03
     13.954  0.9046E+01  0.2656E+03
     13.972  0.9299E+01  0.2657E+03
     13.990  0.9591E+01  0.2659E+03
     14.008  0.9982E+01  0.2661E+03
     14.026  0.1051E+02  0.2663E+03
     14.044  0.1112E+02  0.2665E+03
     14.062  0.1299E+02  0.2667E+03
     14.081  0.1722E+02  0.2670E+03
     14.099  0.1956E+02  0.2673E+03
     14.117  0.1899E+02  0.2677E+03
     14.135  0.1542E+02  0.2680E+03
     14.153  0.1222E+02  0.2682E+03
     14.171  0.1209E+02  0.2684E+03
     14.189  0.1278E+02  0.2687E+03
     14.207  0.1346E+02  0.2689E+03
     14.225  0.1988E+02  0.2692E+03
     14.244  0.2146E+02  0.2696E+03
     14.262  0.2086E+02  0.2700E+03
     14.280  0.1960E+02  0.2703E+03
     14.298  0.1842E+02  0.2707E+03
     14.316  0.1837E+02  0.2710E+03
     14.334  0.1958E+02  0.2713E+03
     14.352  0.1985E+02  0.2717E+03
     14.370  0.1978E+02  0.2721E+03
     14.388  0.1951E+02  0.2724E+03
     14.407  0.1376E+02  0.2727E+03
     14.425  0.1636E+02  0.2730E+03
     14.443  0.1787E+02  0.2733E+03
     14.461  0.2112E+02  0.2736E+03
     14.479  0.2105E+02  0.2740E+03
     14.497  0.1777E+02  0.2744E+03
     14.515  0.1368E+02  0.2747E+03
     14.533  0.1081E+02  0.2749E+03
     14.551  0.8580E+01  0.2751E+03
     14.570  0.8726E+01  0.2752E+03
     14.588  0.1040E+02  0.2754E+03
     14.606  0.1153E+02  0.2756E+03
     14.624  0.1306E+02  0.2758E+03
     14.642  0.1670E+02  0.2761E+03
     14.660  0.1672E+02  0.2764E+03
     14.678  0.1664E+02  0.2767E+03
     14.696  0.1695E+02  0.2770E+03
     14.714  0.1753E+02  0.2773E+03
     14.733  0.1794E+02  0.2776E+03
     14.751  0.1794E+02  0.2780E+03
     14.769  0.1760E+02  0.2783E+03
     14.787  0.1717E+02  0.2786E+03
     14.805  0.1686E+02  0.2789E+03
     14.823  0.1668E+02  0.2792E+03
     14.841  0.1639E+02  0.2795E+03
     14.859  0.1596E+02  0.2798E+03
     14.877  0.1536E+02  0.2801E+03
     14.896  0.1475E+02  0.2804E+03
     14.914  0.1423E+02  0.2806E+03
     14.932  0.1387E+02  0.2809E+03
     14.950  0.1364E+02  0.2811E+03
     14.968  0.1351E+02  0.2814E+03
     14.986  0.1348E+02  0.2816E+03
     15.004  0.1358E+02  0.2819E+03
     15.022  0.1375E+02  0.2821E+03
     15.040  0.1389E+02  0.2823E+03
     15.059  0.1404E+02  0.2826E+03
     15.077  0.1438E+02  0.2829E+03
     15.095  0.1483E+02  0.2831E+03
     15.113  0.1535E+02  0.2834E+03
     15.131  0.1589E+02  0.2837E+03
     15.149  0.1622E+02  0.2840E+03
     15.167  0.1633E+02  0.2843E+03
     15.185  0.1616E+02  0.2846E+03
     15.203  0.1629E+02  0.2849E+03
     15.222  0.1686E+02  0.2852E+03
     15.240  0.1738E+02  0.2855E+03
     15.258  0.1832E+02  0.2858E+03
     15.276  0.1927E+02  0.2861E+03
     15.294  0.1994E+02  0.2865E+03
     15.312  0.2024E+02  0.2868E+03
     15.330  0.2004E+02  0.2872E+03
     15.348  0.1995E+02  0.2876E+03
     15.366  0.2007E+02  0.2879E+03
     15.385  0.2039E+02  0.2883E+03
     15.403  0.2061E+02  0.2887E+03
     15.421  0.2045E+02  0.2890E+03
     15.439  0.1997E+02  0.2894E+03
     15.457  0.1983E+02  0.2898E+03
     15.475  0.2044E+02  0.2901E+03
     15.493  0.2066E+02  0.2905E+03
     15.511  0.1980E+02  0.2909E+03
     15.529  0.1997E+02  0.2912E+03
     15.548  0.2070E+02  0.2916E+03
     15.566  0.2180E+02  0.2920E+03
     15.584  0.2299E+02  0.2924E+03
     15.602  0.2193E+02  0.2928E+03
     15.620  0.2194E+02  0.2932E+03
     15.638  0.2326E+02  0.2936E+03
     15.656  0.2441E+02  0.2940E+03
     15.674  0.2476E+02  0.2945E+03
     15.692  0.2488E+02  0.2949E+03
     15.711  0.2402E+02  0.2954E+03
     15.729  0.2254E+02  0.2958E+03
     15.747  0.2044E+02  0.2962E+03
     15.765  0.1805E+02  0.2965E+03
     15.783  0.1563E+02  0.2968E+03
     15.801  0.1405E+02  0.2971E+03
     15.819  0.1360E+02  0.2974E+03
     15.837  0.1435E+02  0.2976E+03
     15.855  0.1602E+02  0.2979E+03
     15.874  0.1743E+02  0.2982E+03
     15.892  0.1856E+02  0.2985E+03
     15.910  0.1869E+02  0.2989E+03
     15.928  0.1785E+02  0.2992E+03
     15.946  0.1622E+02  0.2995E+03
     15.964  0.1397E+02  0.2998E+03
     15.982  0.1212E+02  0.3000E+03
     16.000  0.1161E+02  0.3002E+03
     16.018  0.1262E+02  0.3004E+03
     16.037  0.1552E+02  0.3007E+03
     16.055  0.1886E+02  0.3010E+03
     16.073  0.2114E+02  0.3014E+03
     16.091  0.2768E+02  0.3018E+03
     16.109  0.1490E+02  0.3022E+03
     16.127  0.8790E+01  0.3024E+03
     16.145  0.8894E+01  0.3025E+03
     16.163  0.1124E+02  0.3027E+03
     16.181  0.1641E+02  0.3030E+03
     16.200  0.2666E+02  0.3033E+03
     16.218  0.2529E+02  0.3038E+03
     16.236  0.1994E+02  0.3042E+03
     16.254  0.5815E+01  0.3045E+03
     16.272  0.6830E+01  0.3046E+03
     16.290  0.8321E+01  0.3047E+03
     16.308  0.1116E+02  0.3049E+03
     16.326  0.1394E+02  0.3051E+03
     16.344  0.1614E+02  0.3054E+03
     16.363  0.1695E+02  0.3057E+03
     16.381  0.1672E+02  0.3060E+03
     16.399  0.1555E+02  0.3063E+03
     16.417  0.1428E+02  0.3066E+03
     16.435  0.1440E+02  0.3068E+03
     16.453  0.1480E+02  0.3071E+03
     16.471  0.1530E+02  0.3074E+03
     16.489  0.1568E+02  0.3077E+03
     16.507  0.1464E+02  0.3079E+03
     16.526  0.1316E+02  0.3082E+03
     16.544  0.1203E+02  0.3084E+03
     16.562  0.1131E+02  0.3086E+03
     16.580  0.1101E+02  0.3088E+03
     16.598  0.1108E+02  0.3090E+03
     16.616  0.1131E+02  0.3092E+03
     16.634  0.1170E+02  0.3094E+03
     16.652  0.1225E+02  0.3096E+03
     16.670  0.1288E+02  0.3099E+03
     16.689  0.1338E+02  0.3101E+03
     16.707  0.1376E+02  0.3104E+03
     16.725  0.1408E+02  0.3106E+03
     16.743  0.1454E+02  0.3109E+03
     16.761  0.1490E+02  0.3111E+03
     16.779  0.1512E+02  0.3114E+03
     16.797  0.1504E+02  0.3117E+03
     16.815  0.1474E+02  0.3120E+03
     16.833  0.1456E+02  0.3122E+03
     16.852  0.1403E+02  0.3125E+03
     16.870  0.1314E+02  0.3127E+03
     16.888  0.1188E+02  0.3129E+03
     16.906  0.1067E+02  0.3132E+03
     16.924  0.1038E+02  0.3133E+03
     16.942  0.1066E+02  0.3135E+03
     16.960  0.1137E+02  0.3137E+03
     16.978  0.1275E+02  0.3139E+03
     16.996  0.1379E+02  0.3142E+03
     17.015  0.1355E+02  0.3144E+03
     17.033  0.1153E+02  0.3147E+03
     17.051  0.9904E+01  0.3149E+03
     17.069  0.9772E+01  0.3150E+03
     17.087  0.1001E+02  0.3152E+03
     17.105  0.1033E+02  0.3154E+03
     17.123  0.1053E+02  0.3156E+03
     17.141  0.1051E+02  0.3158E+03
     17.159  0.1026E+02  0.3160E+03
     17.177  0.9828E+01  0.3162E+03
     17.196  0.9566E+01  0.3163E+03
     17.214  0.9713E+01  0.3165E+03
     17.232  0.1017E+02  0.3167E+03
     17.250  0.1049E+02  0.3169E+03
     17.268  0.1048E+02  0.3171E+03
     17.286  0.1033E+02  0.3172E+03
     17.304  0.9950E+01  0.3174E+03
     17.322  0.9338E+01  0.3176E+03
     17.340  0.8876E+01  0.3178E+03
     17.359  0.8619E+01  0.3179E+03
     17.377  0.8573E+01  0.3181E+03
     17.395  0.9395E+01  0.3182E+03
     17.413  0.1107E+02  0.3184E+03
     17.431  0.1178E+02  0.3186E+03
     17.449  0.1164E+02  0.3189E+03
     17.467  0.1167E+02  0.3191E+03
     17.485  0.1196E+02  0.3193E+03
     17.503  0.1251E+02  0.3195E+03
     17.522  0.1297E+02  0.3197E+03
     17.540  0.1170E+02  0.3200E+03
     17.558  0.1041E+02  0.3202E+03
     17.576  0.9905E+01  0.3203E+03
     17.594  0.9562E+01  0.3205E+03
     17.612  0.9202E+01  0.3207E+03
     17.630  0.8822E+01  0.3208E+03
     17.648  0.8429E+01  0.3210E+03
     17.666  0.8084E+01  0.3212E+03
     17.685  0.7806E+01  0.3213E+03
     17.703  0.7563E+01  0.3214E+03
     17.721  0.7123E+01  0.3216E+03
     17.739  0.6438E+01  0.3217E+03
     17.757  0.5490E+01  0.3218E+03
     17.775  0.4225E+01  0.3219E+03
     17.793  0.2810E+01  0.3220E+03
     17.811  0.1309E+01  0.3220E+03
     17.829  0.2424E-01  0.3220E+03
     17.848  0.0000E+00  0.3220E+03
     17.866  0.0000E+00  0.3220E+03
     17.884  0.0000E+00  0.3220E+03
     17.902  0.0000E+00  0.3220E+03
     17.920  0.0000E+00  0.3220E+03
     17.938  0.0000E+00  0.3220E+03
     17.956  0.0000E+00  0.3220E+03
     17.974  0.0000E+00  0.3220E+03
     17.992  0.0000E+00  0.3220E+03
     18.011  0.0000E+00  0.3220E+03
     18.029  0.0000E+00  0.3220E+03
     18.047  0.0000E+00  0.3220E+03
     18.065  0.0000E+00  0.3220E+03
     18.083  0.0000E+00  0.3220E+03
     18.101  0.0000E+00  0.3220E+03
     18.119  0.0000E+00  0.3220E+03
     18.137  0.0000E+00  0.3220E+03
     18.155  0.0000E+00  0.3220E+03
     18.174  0.0000E+00  0.3220E+03
     18.192  0.0000E+00  0.3220E+03
     18.210  0.0000E+00  0.3220E+03
     18.228  0.0000E+00  0.3220E+03
     18.246  0.0000E+00  0.3220E+03
     18.264  0.0000E+00  0.3220E+03
     18.282  0.0000E+00  0.3220E+03
     18.300  0.0000E+00  0.3220E+03
     18.318  0.0000E+00  0.3220E+03
     18.337  0.0000E+00  0.3220E+03
     18.355  0.0000E+00  0.3220E+03
     18.373  0.0000E+00  0.3220E+03
     18.391  0.0000E+00  0.3220E+03
     18.409  0.0000E+00  0.3220E+03
     18.427  0.0000E+00  0.3220E+03
     18.445  0.0000E+00  0.3220E+03
     18.463  0.0000E+00  0.3220E+03
     18.481  0.0000E+00  0.3220E+03
     18.500  0.0000E+00  0.3220E+03
     18.518  0.0000E+00  0.3220E+03
     18.536  0.0000E+00  0.3220E+03
     18.554  0.0000E+00  0.3220E+03
     18.572  0.0000E+00  0.3220E+03
     18.590  0.0000E+00  0.3220E+03
     18.608  0.0000E+00  0.3220E+03
     18.626  0.0000E+00  0.3220E+03
     18.644  0.0000E+00  0.3220E+03
     18.663  0.0000E+00  0.3220E+03
     18.681  0.0000E+00  0.3220E+03
     18.699  0.0000E+00  0.3220E+03
     18.717  0.0000E+00  0.3220E+03
     18.735  0.0000E+00  0.3220E+03
     18.753  0.0000E+00  0.3220E+03
     18.771  0.0000E+00  0.3220E+03
     18.789  0.0000E+00  0.3220E+03
     18.807  0.0000E+00  0.3220E+03
     18.826  0.0000E+00  0.3220E+03
     18.844  0.0000E+00  0.3220E+03
     18.862  0.0000E+00  0.3220E+03
     18.880  0.0000E+00  0.3220E+03
     18.898  0.0000E+00  0.3220E+03
     18.916  0.0000E+00  0.3220E+03
     18.934  0.0000E+00  0.3220E+03
     18.952  0.0000E+00  0.3220E+03
     18.970  0.0000E+00  0.3220E+03
     18.989  0.0000E+00  0.3220E+03
     19.007  0.0000E+00  0.3220E+03
     19.025  0.0000E+00  0.3220E+03
     19.043  0.0000E+00  0.3220E+03
     19.061  0.0000E+00  0.3220E+03
     19.079  0.0000E+00  0.3220E+03
     19.097  0.0000E+00  0.3220E+03
     19.115  0.0000E+00  0.3220E+03
     19.133  0.0000E+00  0.3220E+03
     19.152  0.0000E+00  0.3220E+03
     19.170  0.0000E+00  0.3220E+03
     19.188  0.0000E+00  0.3220E+03
     19.206  0.0000E+00  0.3220E+03
     19.224  0.0000E+00  0.3220E+03
     19.242  0.0000E+00  0.3220E+03
     19.260  0.0000E+00  0.3220E+03
     19.278  0.0000E+00  0.3220E+03
     19.296  0.0000E+00  0.3220E+03
     19.315  0.0000E+00  0.3220E+03
     19.333  0.0000E+00  0.3220E+03
     19.351  0.0000E+00  0.3220E+03
     19.369  0.0000E+00  0.3220E+03
     19.387  0.0000E+00  0.3220E+03
     19.405  0.0000E+00  0.3220E+03
     19.423  0.0000E+00  0.3220E+03
     19.441  0.0000E+00  0.3220E+03
     19.459  0.0000E+00  0.3220E+03
     19.478  0.0000E+00  0.3220E+03

