 Energy DOS Integrated_DOS
    -16.731  0.0000E+00  0.0000E+00
    -16.713  0.0000E+00  0.0000E+00
    -16.695  0.0000E+00  0.0000E+00
    -16.677  0.0000E+00  0.0000E+00
    -16.658  0.0000E+00  0.0000E+00
    -16.640  0.0000E+00  0.0000E+00
    -16.622  0.0000E+00  0.0000E+00
    -16.604  0.0000E+00  0.0000E+00
    -16.586  0.0000E+00  0.0000E+00
    -16.568  0.0000E+00  0.0000E+00
    -16.550  0.0000E+00  0.0000E+00
    -16.532  0.0000E+00  0.0000E+00
    -16.513  0.0000E+00  0.0000E+00
    -16.495  0.0000E+00  0.0000E+00
    -16.477  0.0000E+00  0.0000E+00
    -16.459  0.0000E+00  0.0000E+00
    -16.441  0.0000E+00  0.0000E+00
    -16.423  0.0000E+00  0.0000E+00
    -16.405  0.0000E+00  0.0000E+00
    -16.386  0.0000E+00  0.0000E+00
    -16.368  0.0000E+00  0.0000E+00
    -16.350  0.0000E+00  0.0000E+00
    -16.332  0.0000E+00  0.0000E+00
    -16.314  0.0000E+00  0.0000E+00
    -16.296  0.0000E+00  0.0000E+00
    -16.278  0.0000E+00  0.0000E+00
    -16.259  0.0000E+00  0.0000E+00
    -16.241  0.0000E+00  0.0000E+00
    -16.223  0.0000E+00  0.0000E+00
    -16.205  0.0000E+00  0.0000E+00
    -16.187  0.0000E+00  0.0000E+00
    -16.169  0.0000E+00  0.0000E+00
    -16.151  0.0000E+00  0.0000E+00
    -16.133  0.0000E+00  0.0000E+00
    -16.114  0.0000E+00  0.0000E+00
    -16.096  0.0000E+00  0.0000E+00
    -16.078  0.0000E+00  0.0000E+00
    -16.060  0.0000E+00  0.0000E+00
    -16.042  0.0000E+00  0.0000E+00
    -16.024  0.0000E+00  0.0000E+00
    -16.006  0.0000E+00  0.0000E+00
    -15.987  0.0000E+00  0.0000E+00
    -15.969  0.0000E+00  0.0000E+00
    -15.951  0.0000E+00  0.0000E+00
    -15.933  0.0000E+00  0.0000E+00
    -15.915  0.0000E+00  0.0000E+00
    -15.897  0.0000E+00  0.0000E+00
    -15.879  0.0000E+00  0.0000E+00
    -15.861  0.0000E+00  0.0000E+00
    -15.842  0.0000E+00  0.0000E+00
    -15.824  0.0000E+00  0.0000E+00
    -15.806  0.0000E+00  0.0000E+00
    -15.788  0.0000E+00  0.0000E+00
    -15.770  0.0000E+00  0.0000E+00
    -15.752  0.0000E+00  0.0000E+00
    -15.734  0.0000E+00  0.0000E+00
    -15.715  0.0000E+00  0.0000E+00
    -15.697  0.0000E+00  0.0000E+00
    -15.679  0.0000E+00  0.0000E+00
    -15.661  0.0000E+00  0.0000E+00
    -15.643  0.0000E+00  0.0000E+00
    -15.625  0.0000E+00  0.0000E+00
    -15.607  0.0000E+00  0.0000E+00
    -15.589  0.0000E+00  0.0000E+00
    -15.570  0.0000E+00  0.0000E+00
    -15.552  0.0000E+00  0.0000E+00
    -15.534  0.0000E+00  0.0000E+00
    -15.516  0.0000E+00  0.0000E+00
    -15.498  0.0000E+00  0.0000E+00
    -15.480  0.0000E+00  0.0000E+00
    -15.462  0.0000E+00  0.0000E+00
    -15.443  0.0000E+00  0.0000E+00
    -15.425  0.0000E+00  0.0000E+00
    -15.407  0.0000E+00  0.0000E+00
    -15.389  0.0000E+00  0.0000E+00
    -15.371  0.0000E+00  0.0000E+00
    -15.353  0.0000E+00  0.0000E+00
    -15.335  0.0000E+00  0.0000E+00
    -15.317  0.0000E+00  0.0000E+00
    -15.298  0.0000E+00  0.0000E+00
    -15.280  0.0000E+00  0.0000E+00
    -15.262  0.0000E+00  0.0000E+00
    -15.244  0.0000E+00  0.0000E+00
    -15.226  0.0000E+00  0.0000E+00
    -15.208  0.0000E+00  0.0000E+00
    -15.190  0.0000E+00  0.0000E+00
    -15.171  0.0000E+00  0.0000E+00
    -15.153  0.0000E+00  0.0000E+00
    -15.135  0.0000E+00  0.0000E+00
    -15.117  0.0000E+00  0.0000E+00
    -15.099  0.0000E+00  0.0000E+00
    -15.081  0.2476E-02  0.2041E-05
    -15.063  0.1720E+00  0.1181E-02
    -15.045  0.6077E+00  0.7848E-02
    -15.026  0.1310E+01  0.2483E-01
    -15.008  0.2278E+01  0.5696E-01
    -14.990  0.3513E+01  0.1091E+00
    -14.972  0.5014E+01  0.1860E+00
    -14.954  0.6781E+01  0.2925E+00
    -14.936  0.8488E+01  0.4318E+00
    -14.918  0.9737E+01  0.5977E+00
    -14.899  0.1056E+02  0.7823E+00
    -14.881  0.1095E+02  0.9779E+00
    -14.863  0.1090E+02  0.1177E+01
    -14.845  0.1043E+02  0.1371E+01
    -14.827  0.9531E+01  0.1552E+01
    -14.809  0.8199E+01  0.1714E+01
    -14.791  0.1974E+02  0.1954E+01
    -14.773  0.2691E+02  0.2388E+01
    -14.754  0.2623E+02  0.2882E+01
    -14.736  0.2031E+02  0.3299E+01
    -14.718  0.1756E+02  0.3639E+01
    -14.700  0.1674E+02  0.3948E+01
    -14.682  0.1604E+02  0.4245E+01
    -14.664  0.1525E+02  0.4529E+01
    -14.646  0.1437E+02  0.4798E+01
    -14.627  0.1341E+02  0.5050E+01
    -14.609  0.1235E+02  0.5284E+01
    -14.591  0.1122E+02  0.5497E+01
    -14.573  0.9991E+01  0.5690E+01
    -14.555  0.8678E+01  0.5859E+01
    -14.537  0.3780E+01  0.5990E+01
    -14.519  0.5996E-01  0.6000E+01
    -14.500  0.2542E+00  0.6003E+01
    -14.482  0.5830E+00  0.6010E+01
    -14.464  0.1046E+01  0.6025E+01
    -14.446  0.1644E+01  0.6049E+01
    -14.428  0.2376E+01  0.6085E+01
    -14.410  0.3243E+01  0.6136E+01
    -14.392  0.4244E+01  0.6204E+01
    -14.374  0.5380E+01  0.6291E+01
    -14.355  0.6650E+01  0.6400E+01
    -14.337  0.8055E+01  0.6533E+01
    -14.319  0.1091E+02  0.6698E+01
    -14.301  0.1513E+02  0.6935E+01
    -14.283  0.1867E+02  0.7242E+01
    -14.265  0.5621E+02  0.7715E+01
    -14.247  0.9340E+02  0.9286E+01
    -14.228  0.4094E+02  0.1049E+02
    -14.210  0.5050E+02  0.1128E+02
    -14.192  0.2649E+02  0.1206E+02
    -14.174  0.1320E+02  0.1230E+02
    -14.156  0.3130E+02  0.1264E+02
    -14.138  0.4819E+02  0.1350E+02
    -14.120  0.0000E+00  0.1400E+02
    -14.102  0.5441E+01  0.1405E+02
    -14.083  0.1064E+02  0.1419E+02
    -14.065  0.1517E+02  0.1443E+02
    -14.047  0.1902E+02  0.1474E+02
    -14.029  0.2220E+02  0.1511E+02
    -14.011  0.2471E+02  0.1554E+02
    -13.993  0.1293E+02  0.1592E+02
    -13.975  0.1881E+02  0.1613E+02
    -13.956  0.7954E+02  0.1705E+02
    -13.938  0.1381E+03  0.1917E+02
    -13.920  0.3638E+02  0.2065E+02
    -13.902  0.2936E+02  0.2121E+02
    -13.884  0.2190E+02  0.2169E+02
    -13.866  0.1782E+03  0.2242E+02
    -13.848  0.1917E+02  0.2317E+02
    -13.830  0.3338E+02  0.2352E+02
    -13.811  0.3316E+02  0.2413E+02
    -13.793  0.2979E+02  0.2470E+02
    -13.775  0.2328E+02  0.2519E+02
    -13.757  0.1537E+02  0.2553E+02
    -13.739  0.9853E+01  0.2576E+02
    -13.721  0.5560E+01  0.2590E+02
    -13.703  0.2487E+01  0.2597E+02
    -13.684  0.6346E+00  0.2600E+02
    -13.666  0.1085E-02  0.2600E+02
    -13.648  0.7287E+02  0.2647E+02
    -13.630  0.8933E+02  0.2796E+02
    -13.612  0.8127E+02  0.3031E+02
    -13.594  0.2479E+01  0.3200E+02
    -13.576  0.5365E+02  0.3362E+02
    -13.558  0.1058E+03  0.3449E+02
    -13.539  0.1920E+03  0.3780E+02
    -13.521  0.1263E+02  0.3923E+02
    -13.503  0.1026E+02  0.3943E+02
    -13.485  0.1911E+02  0.3967E+02
    -13.467  0.1946E+02  0.4002E+02
    -13.449  0.2029E+02  0.4038E+02
    -13.431  0.2161E+02  0.4076E+02
    -13.412  0.2341E+02  0.4117E+02
    -13.394  0.2569E+02  0.4161E+02
    -13.376  0.2846E+02  0.4210E+02
    -13.358  0.4650E+02  0.4266E+02
    -13.340  0.1207E+03  0.4442E+02
    -13.322  0.1477E+03  0.4664E+02
    -13.304  0.1590E+03  0.4979E+02
    -13.286  0.0000E+00  0.5000E+02
    -13.267  0.0000E+00  0.5000E+02
    -13.249  0.0000E+00  0.5000E+02
    -13.231  0.7029E+02  0.5046E+02
    -13.213  0.2605E+02  0.5139E+02
    -13.195  0.9177E+02  0.5229E+02
    -13.177  0.2760E+03  0.5497E+02
    -13.159  0.1211E+03  0.5796E+02
    -13.140  0.6574E+02  0.5960E+02
    -13.122  0.5595E+02  0.6066E+02
    -13.104  0.0000E+00  0.6200E+02
    -13.086  0.0000E+00  0.6200E+02
    -13.068  0.0000E+00  0.6200E+02
    -13.050  0.0000E+00  0.6200E+02
    -13.032  0.0000E+00  0.6200E+02
    -13.014  0.0000E+00  0.6200E+02
    -12.995  0.0000E+00  0.6200E+02
    -12.977  0.0000E+00  0.6200E+02
    -12.959  0.0000E+00  0.6200E+02
    -12.941  0.0000E+00  0.6200E+02
    -12.923  0.0000E+00  0.6200E+02
    -12.905  0.0000E+00  0.6200E+02
    -12.887  0.0000E+00  0.6200E+02
    -12.868  0.0000E+00  0.6200E+02
    -12.850  0.0000E+00  0.6200E+02
    -12.832  0.0000E+00  0.6200E+02
    -12.814  0.0000E+00  0.6200E+02
    -12.796  0.0000E+00  0.6200E+02
    -12.778  0.0000E+00  0.6200E+02
    -12.760  0.0000E+00  0.6200E+02
    -12.742  0.0000E+00  0.6200E+02
    -12.723  0.0000E+00  0.6200E+02
    -12.705  0.0000E+00  0.6200E+02
    -12.687  0.0000E+00  0.6200E+02
    -12.669  0.0000E+00  0.6200E+02
    -12.651  0.0000E+00  0.6200E+02
    -12.633  0.0000E+00  0.6200E+02
    -12.615  0.0000E+00  0.6200E+02
    -12.596  0.0000E+00  0.6200E+02
    -12.578  0.0000E+00  0.6200E+02
    -12.560  0.0000E+00  0.6200E+02
    -12.542  0.0000E+00  0.6200E+02
    -12.524  0.0000E+00  0.6200E+02
    -12.506  0.0000E+00  0.6200E+02
    -12.488  0.0000E+00  0.6200E+02
    -12.469  0.0000E+00  0.6200E+02
    -12.451  0.0000E+00  0.6200E+02
    -12.433  0.0000E+00  0.6200E+02
    -12.415  0.0000E+00  0.6200E+02
    -12.397  0.0000E+00  0.6200E+02
    -12.379  0.0000E+00  0.6200E+02
    -12.361  0.0000E+00  0.6200E+02
    -12.343  0.0000E+00  0.6200E+02
    -12.324  0.0000E+00  0.6200E+02
    -12.306  0.0000E+00  0.6200E+02
    -12.288  0.0000E+00  0.6200E+02
    -12.270  0.0000E+00  0.6200E+02
    -12.252  0.0000E+00  0.6200E+02
    -12.234  0.0000E+00  0.6200E+02
    -12.216  0.0000E+00  0.6200E+02
    -12.197  0.0000E+00  0.6200E+02
    -12.179  0.0000E+00  0.6200E+02
    -12.161  0.0000E+00  0.6200E+02
    -12.143  0.0000E+00  0.6200E+02
    -12.125  0.0000E+00  0.6200E+02
    -12.107  0.0000E+00  0.6200E+02
    -12.089  0.0000E+00  0.6200E+02
    -12.071  0.0000E+00  0.6200E+02
    -12.052  0.0000E+00  0.6200E+02
    -12.034  0.0000E+00  0.6200E+02
    -12.016  0.0000E+00  0.6200E+02
    -11.998  0.0000E+00  0.6200E+02
    -11.980  0.0000E+00  0.6200E+02
    -11.962  0.0000E+00  0.6200E+02
    -11.944  0.0000E+00  0.6200E+02
    -11.925  0.0000E+00  0.6200E+02
    -11.907  0.0000E+00  0.6200E+02
    -11.889  0.0000E+00  0.6200E+02
    -11.871  0.0000E+00  0.6200E+02
    -11.853  0.0000E+00  0.6200E+02
    -11.835  0.0000E+00  0.6200E+02
    -11.817  0.0000E+00  0.6200E+02
    -11.799  0.0000E+00  0.6200E+02
    -11.780  0.0000E+00  0.6200E+02
    -11.762  0.0000E+00  0.6200E+02
    -11.744  0.0000E+00  0.6200E+02
    -11.726  0.0000E+00  0.6200E+02
    -11.708  0.0000E+00  0.6200E+02
    -11.690  0.0000E+00  0.6200E+02
    -11.672  0.0000E+00  0.6200E+02
    -11.653  0.0000E+00  0.6200E+02
    -11.635  0.0000E+00  0.6200E+02
    -11.617  0.0000E+00  0.6200E+02
    -11.599  0.0000E+00  0.6200E+02
    -11.581  0.0000E+00  0.6200E+02
    -11.563  0.0000E+00  0.6200E+02
    -11.545  0.0000E+00  0.6200E+02
    -11.527  0.0000E+00  0.6200E+02
    -11.508  0.0000E+00  0.6200E+02
    -11.490  0.0000E+00  0.6200E+02
    -11.472  0.0000E+00  0.6200E+02
    -11.454  0.0000E+00  0.6200E+02
    -11.436  0.0000E+00  0.6200E+02
    -11.418  0.0000E+00  0.6200E+02
    -11.400  0.0000E+00  0.6200E+02
    -11.381  0.0000E+00  0.6200E+02
    -11.363  0.0000E+00  0.6200E+02
    -11.345  0.0000E+00  0.6200E+02
    -11.327  0.0000E+00  0.6200E+02
    -11.309  0.0000E+00  0.6200E+02
    -11.291  0.0000E+00  0.6200E+02
    -11.273  0.0000E+00  0.6200E+02
    -11.255  0.0000E+00  0.6200E+02
    -11.236  0.0000E+00  0.6200E+02
    -11.218  0.0000E+00  0.6200E+02
    -11.200  0.0000E+00  0.6200E+02
    -11.182  0.0000E+00  0.6200E+02
    -11.164  0.0000E+00  0.6200E+02
    -11.146  0.0000E+00  0.6200E+02
    -11.128  0.0000E+00  0.6200E+02
    -11.109  0.0000E+00  0.6200E+02
    -11.091  0.0000E+00  0.6200E+02
    -11.073  0.0000E+00  0.6200E+02
    -11.055  0.0000E+00  0.6200E+02
    -11.037  0.0000E+00  0.6200E+02
    -11.019  0.0000E+00  0.6200E+02
    -11.001  0.0000E+00  0.6200E+02
    -10.983  0.0000E+00  0.6200E+02
    -10.964  0.0000E+00  0.6200E+02
    -10.946  0.0000E+00  0.6200E+02
    -10.928  0.0000E+00  0.6200E+02
    -10.910  0.0000E+00  0.6200E+02
    -10.892  0.0000E+00  0.6200E+02
    -10.874  0.0000E+00  0.6200E+02
    -10.856  0.0000E+00  0.6200E+02
    -10.837  0.0000E+00  0.6200E+02
    -10.819  0.0000E+00  0.6200E+02
    -10.801  0.0000E+00  0.6200E+02
    -10.783  0.0000E+00  0.6200E+02
    -10.765  0.0000E+00  0.6200E+02
    -10.747  0.0000E+00  0.6200E+02
    -10.729  0.0000E+00  0.6200E+02
    -10.710  0.0000E+00  0.6200E+02
    -10.692  0.0000E+00  0.6200E+02
    -10.674  0.0000E+00  0.6200E+02
    -10.656  0.0000E+00  0.6200E+02
    -10.638  0.0000E+00  0.6200E+02
    -10.620  0.0000E+00  0.6200E+02
    -10.602  0.0000E+00  0.6200E+02
    -10.584  0.0000E+00  0.6200E+02
    -10.565  0.0000E+00  0.6200E+02
    -10.547  0.0000E+00  0.6200E+02
    -10.529  0.0000E+00  0.6200E+02
    -10.511  0.0000E+00  0.6200E+02
    -10.493  0.0000E+00  0.6200E+02
    -10.475  0.0000E+00  0.6200E+02
    -10.457  0.0000E+00  0.6200E+02
    -10.438  0.0000E+00  0.6200E+02
    -10.420  0.0000E+00  0.6200E+02
    -10.402  0.0000E+00  0.6200E+02
    -10.384  0.0000E+00  0.6200E+02
    -10.366  0.0000E+00  0.6200E+02
    -10.348  0.0000E+00  0.6200E+02
    -10.330  0.0000E+00  0.6200E+02
    -10.312  0.0000E+00  0.6200E+02
    -10.293  0.0000E+00  0.6200E+02
    -10.275  0.0000E+00  0.6200E+02
    -10.257  0.0000E+00  0.6200E+02
    -10.239  0.0000E+00  0.6200E+02
    -10.221  0.0000E+00  0.6200E+02
    -10.203  0.0000E+00  0.6200E+02
    -10.185  0.0000E+00  0.6200E+02
    -10.166  0.0000E+00  0.6200E+02
    -10.148  0.0000E+00  0.6200E+02
    -10.130  0.0000E+00  0.6200E+02
    -10.112  0.0000E+00  0.6200E+02
    -10.094  0.0000E+00  0.6200E+02
    -10.076  0.0000E+00  0.6200E+02
    -10.058  0.0000E+00  0.6200E+02
    -10.040  0.0000E+00  0.6200E+02
    -10.021  0.0000E+00  0.6200E+02
    -10.003  0.0000E+00  0.6200E+02
     -9.985  0.0000E+00  0.6200E+02
     -9.967  0.0000E+00  0.6200E+02
     -9.949  0.0000E+00  0.6200E+02
     -9.931  0.0000E+00  0.6200E+02
     -9.913  0.0000E+00  0.6200E+02
     -9.894  0.0000E+00  0.6200E+02
     -9.876  0.0000E+00  0.6200E+02
     -9.858  0.0000E+00  0.6200E+02
     -9.840  0.0000E+00  0.6200E+02
     -9.822  0.0000E+00  0.6200E+02
     -9.804  0.0000E+00  0.6200E+02
     -9.786  0.0000E+00  0.6200E+02
     -9.768  0.0000E+00  0.6200E+02
     -9.749  0.0000E+00  0.6200E+02
     -9.731  0.0000E+00  0.6200E+02
     -9.713  0.0000E+00  0.6200E+02
     -9.695  0.0000E+00  0.6200E+02
     -9.677  0.0000E+00  0.6200E+02
     -9.659  0.0000E+00  0.6200E+02
     -9.641  0.0000E+00  0.6200E+02
     -9.622  0.0000E+00  0.6200E+02
     -9.604  0.0000E+00  0.6200E+02
     -9.586  0.0000E+00  0.6200E+02
     -9.568  0.0000E+00  0.6200E+02
     -9.550  0.0000E+00  0.6200E+02
     -9.532  0.0000E+00  0.6200E+02
     -9.514  0.0000E+00  0.6200E+02
     -9.496  0.0000E+00  0.6200E+02
     -9.477  0.0000E+00  0.6200E+02
     -9.459  0.0000E+00  0.6200E+02
     -9.441  0.0000E+00  0.6200E+02
     -9.423  0.0000E+00  0.6200E+02
     -9.405  0.0000E+00  0.6200E+02
     -9.387  0.0000E+00  0.6200E+02
     -9.369  0.0000E+00  0.6200E+02
     -9.350  0.0000E+00  0.6200E+02
     -9.332  0.0000E+00  0.6200E+02
     -9.314  0.0000E+00  0.6200E+02
     -9.296  0.0000E+00  0.6200E+02
     -9.278  0.0000E+00  0.6200E+02
     -9.260  0.0000E+00  0.6200E+02
     -9.242  0.0000E+00  0.6200E+02
     -9.224  0.0000E+00  0.6200E+02
     -9.205  0.0000E+00  0.6200E+02
     -9.187  0.0000E+00  0.6200E+02
     -9.169  0.0000E+00  0.6200E+02
     -9.151  0.0000E+00  0.6200E+02
     -9.133  0.0000E+00  0.6200E+02
     -9.115  0.0000E+00  0.6200E+02
     -9.097  0.0000E+00  0.6200E+02
     -9.078  0.0000E+00  0.6200E+02
     -9.060  0.0000E+00  0.6200E+02
     -9.042  0.0000E+00  0.6200E+02
     -9.024  0.0000E+00  0.6200E+02
     -9.006  0.0000E+00  0.6200E+02
     -8.988  0.0000E+00  0.6200E+02
     -8.970  0.0000E+00  0.6200E+02
     -8.952  0.0000E+00  0.6200E+02
     -8.933  0.0000E+00  0.6200E+02
     -8.915  0.0000E+00  0.6200E+02
     -8.897  0.0000E+00  0.6200E+02
     -8.879  0.0000E+00  0.6200E+02
     -8.861  0.0000E+00  0.6200E+02
     -8.843  0.0000E+00  0.6200E+02
     -8.825  0.0000E+00  0.6200E+02
     -8.806  0.0000E+00  0.6200E+02
     -8.788  0.0000E+00  0.6200E+02
     -8.770  0.0000E+00  0.6200E+02
     -8.752  0.0000E+00  0.6200E+02
     -8.734  0.0000E+00  0.6200E+02
     -8.716  0.0000E+00  0.6200E+02
     -8.698  0.0000E+00  0.6200E+02
     -8.679  0.0000E+00  0.6200E+02
     -8.661  0.0000E+00  0.6200E+02
     -8.643  0.0000E+00  0.6200E+02
     -8.625  0.0000E+00  0.6200E+02
     -8.607  0.0000E+00  0.6200E+02
     -8.589  0.0000E+00  0.6200E+02
     -8.571  0.0000E+00  0.6200E+02
     -8.553  0.0000E+00  0.6200E+02
     -8.534  0.0000E+00  0.6200E+02
     -8.516  0.0000E+00  0.6200E+02
     -8.498  0.0000E+00  0.6200E+02
     -8.480  0.0000E+00  0.6200E+02
     -8.462  0.0000E+00  0.6200E+02
     -8.444  0.0000E+00  0.6200E+02
     -8.426  0.0000E+00  0.6200E+02
     -8.407  0.0000E+00  0.6200E+02
     -8.389  0.0000E+00  0.6200E+02
     -8.371  0.0000E+00  0.6200E+02
     -8.353  0.0000E+00  0.6200E+02
     -8.335  0.0000E+00  0.6200E+02
     -8.317  0.0000E+00  0.6200E+02
     -8.299  0.0000E+00  0.6200E+02
     -8.281  0.0000E+00  0.6200E+02
     -8.262  0.0000E+00  0.6200E+02
     -8.244  0.0000E+00  0.6200E+02
     -8.226  0.0000E+00  0.6200E+02
     -8.208  0.0000E+00  0.6200E+02
     -8.190  0.0000E+00  0.6200E+02
     -8.172  0.0000E+00  0.6200E+02
     -8.154  0.0000E+00  0.6200E+02
     -8.135  0.0000E+00  0.6200E+02
     -8.117  0.0000E+00  0.6200E+02
     -8.099  0.0000E+00  0.6200E+02
     -8.081  0.0000E+00  0.6200E+02
     -8.063  0.0000E+00  0.6200E+02
     -8.045  0.0000E+00  0.6200E+02
     -8.027  0.0000E+00  0.6200E+02
     -8.009  0.0000E+00  0.6200E+02
     -7.990  0.0000E+00  0.6200E+02
     -7.972  0.0000E+00  0.6200E+02
     -7.954  0.0000E+00  0.6200E+02
     -7.936  0.0000E+00  0.6200E+02
     -7.918  0.0000E+00  0.6200E+02
     -7.900  0.0000E+00  0.6200E+02
     -7.882  0.0000E+00  0.6200E+02
     -7.863  0.0000E+00  0.6200E+02
     -7.845  0.0000E+00  0.6200E+02
     -7.827  0.0000E+00  0.6200E+02
     -7.809  0.0000E+00  0.6200E+02
     -7.791  0.0000E+00  0.6200E+02
     -7.773  0.0000E+00  0.6200E+02
     -7.755  0.0000E+00  0.6200E+02
     -7.737  0.0000E+00  0.6200E+02
     -7.718  0.0000E+00  0.6200E+02
     -7.700  0.0000E+00  0.6200E+02
     -7.682  0.0000E+00  0.6200E+02
     -7.664  0.0000E+00  0.6200E+02
     -7.646  0.0000E+00  0.6200E+02
     -7.628  0.0000E+00  0.6200E+02
     -7.610  0.0000E+00  0.6200E+02
     -7.591  0.0000E+00  0.6200E+02
     -7.573  0.0000E+00  0.6200E+02
     -7.555  0.0000E+00  0.6200E+02
     -7.537  0.0000E+00  0.6200E+02
     -7.519  0.0000E+00  0.6200E+02
     -7.501  0.0000E+00  0.6200E+02
     -7.483  0.0000E+00  0.6200E+02
     -7.465  0.0000E+00  0.6200E+02
     -7.446  0.0000E+00  0.6200E+02
     -7.428  0.0000E+00  0.6200E+02
     -7.410  0.0000E+00  0.6200E+02
     -7.392  0.0000E+00  0.6200E+02
     -7.374  0.0000E+00  0.6200E+02
     -7.356  0.0000E+00  0.6200E+02
     -7.338  0.0000E+00  0.6200E+02
     -7.319  0.0000E+00  0.6200E+02
     -7.301  0.0000E+00  0.6200E+02
     -7.283  0.0000E+00  0.6200E+02
     -7.265  0.0000E+00  0.6200E+02
     -7.247  0.0000E+00  0.6200E+02
     -7.229  0.0000E+00  0.6200E+02
     -7.211  0.0000E+00  0.6200E+02
     -7.193  0.0000E+00  0.6200E+02
     -7.174  0.0000E+00  0.6200E+02
     -7.156  0.0000E+00  0.6200E+02
     -7.138  0.0000E+00  0.6200E+02
     -7.120  0.0000E+00  0.6200E+02
     -7.102  0.0000E+00  0.6200E+02
     -7.084  0.0000E+00  0.6200E+02
     -7.066  0.0000E+00  0.6200E+02
     -7.047  0.0000E+00  0.6200E+02
     -7.029  0.0000E+00  0.6200E+02
     -7.011  0.0000E+00  0.6200E+02
     -6.993  0.0000E+00  0.6200E+02
     -6.975  0.0000E+00  0.6200E+02
     -6.957  0.0000E+00  0.6200E+02
     -6.939  0.0000E+00  0.6200E+02
     -6.921  0.0000E+00  0.6200E+02
     -6.902  0.0000E+00  0.6200E+02
     -6.884  0.0000E+00  0.6200E+02
     -6.866  0.0000E+00  0.6200E+02
     -6.848  0.0000E+00  0.6200E+02
     -6.830  0.0000E+00  0.6200E+02
     -6.812  0.0000E+00  0.6200E+02
     -6.794  0.0000E+00  0.6200E+02
     -6.775  0.0000E+00  0.6200E+02
     -6.757  0.0000E+00  0.6200E+02
     -6.739  0.0000E+00  0.6200E+02
     -6.721  0.0000E+00  0.6200E+02
     -6.703  0.0000E+00  0.6200E+02
     -6.685  0.0000E+00  0.6200E+02
     -6.667  0.0000E+00  0.6200E+02
     -6.648  0.0000E+00  0.6200E+02
     -6.630  0.0000E+00  0.6200E+02
     -6.612  0.0000E+00  0.6200E+02
     -6.594  0.0000E+00  0.6200E+02
     -6.576  0.0000E+00  0.6200E+02
     -6.558  0.0000E+00  0.6200E+02
     -6.540  0.0000E+00  0.6200E+02
     -6.522  0.0000E+00  0.6200E+02
     -6.503  0.0000E+00  0.6200E+02
     -6.485  0.0000E+00  0.6200E+02
     -6.467  0.0000E+00  0.6200E+02
     -6.449  0.0000E+00  0.6200E+02
     -6.431  0.0000E+00  0.6200E+02
     -6.413  0.0000E+00  0.6200E+02
     -6.395  0.0000E+00  0.6200E+02
     -6.376  0.0000E+00  0.6200E+02
     -6.358  0.0000E+00  0.6200E+02
     -6.340  0.0000E+00  0.6200E+02
     -6.322  0.0000E+00  0.6200E+02
     -6.304  0.0000E+00  0.6200E+02
     -6.286  0.0000E+00  0.6200E+02
     -6.268  0.0000E+00  0.6200E+02
     -6.250  0.0000E+00  0.6200E+02
     -6.231  0.0000E+00  0.6200E+02
     -6.213  0.0000E+00  0.6200E+02
     -6.195  0.0000E+00  0.6200E+02
     -6.177  0.0000E+00  0.6200E+02
     -6.159  0.0000E+00  0.6200E+02
     -6.141  0.0000E+00  0.6200E+02
     -6.123  0.0000E+00  0.6200E+02
     -6.104  0.0000E+00  0.6200E+02
     -6.086  0.0000E+00  0.6200E+02
     -6.068  0.0000E+00  0.6200E+02
     -6.050  0.0000E+00  0.6200E+02
     -6.032  0.0000E+00  0.6200E+02
     -6.014  0.0000E+00  0.6200E+02
     -5.996  0.0000E+00  0.6200E+02
     -5.978  0.0000E+00  0.6200E+02
     -5.959  0.0000E+00  0.6200E+02
     -5.941  0.0000E+00  0.6200E+02
     -5.923  0.0000E+00  0.6200E+02
     -5.905  0.0000E+00  0.6200E+02
     -5.887  0.0000E+00  0.6200E+02
     -5.869  0.0000E+00  0.6200E+02
     -5.851  0.0000E+00  0.6200E+02
     -5.832  0.0000E+00  0.6200E+02
     -5.814  0.0000E+00  0.6200E+02
     -5.796  0.0000E+00  0.6200E+02
     -5.778  0.0000E+00  0.6200E+02
     -5.760  0.0000E+00  0.6200E+02
     -5.742  0.0000E+00  0.6200E+02
     -5.724  0.0000E+00  0.6200E+02
     -5.706  0.0000E+00  0.6200E+02
     -5.687  0.0000E+00  0.6200E+02
     -5.669  0.0000E+00  0.6200E+02
     -5.651  0.0000E+00  0.6200E+02
     -5.633  0.0000E+00  0.6200E+02
     -5.615  0.0000E+00  0.6200E+02
     -5.597  0.0000E+00  0.6200E+02
     -5.579  0.0000E+00  0.6200E+02
     -5.560  0.0000E+00  0.6200E+02
     -5.542  0.0000E+00  0.6200E+02
     -5.524  0.0000E+00  0.6200E+02
     -5.506  0.0000E+00  0.6200E+02
     -5.488  0.0000E+00  0.6200E+02
     -5.470  0.0000E+00  0.6200E+02
     -5.452  0.0000E+00  0.6200E+02
     -5.434  0.0000E+00  0.6200E+02
     -5.415  0.0000E+00  0.6200E+02
     -5.397  0.0000E+00  0.6200E+02
     -5.379  0.0000E+00  0.6200E+02
     -5.361  0.0000E+00  0.6200E+02
     -5.343  0.0000E+00  0.6200E+02
     -5.325  0.0000E+00  0.6200E+02
     -5.307  0.0000E+00  0.6200E+02
     -5.288  0.0000E+00  0.6200E+02
     -5.270  0.0000E+00  0.6200E+02
     -5.252  0.0000E+00  0.6200E+02
     -5.234  0.0000E+00  0.6200E+02
     -5.216  0.0000E+00  0.6200E+02
     -5.198  0.0000E+00  0.6200E+02
     -5.180  0.0000E+00  0.6200E+02
     -5.162  0.0000E+00  0.6200E+02
     -5.143  0.0000E+00  0.6200E+02
     -5.125  0.0000E+00  0.6200E+02
     -5.107  0.0000E+00  0.6200E+02
     -5.089  0.0000E+00  0.6200E+02
     -5.071  0.0000E+00  0.6200E+02
     -5.053  0.0000E+00  0.6200E+02
     -5.035  0.0000E+00  0.6200E+02
     -5.016  0.0000E+00  0.6200E+02
     -4.998  0.0000E+00  0.6200E+02
     -4.980  0.0000E+00  0.6200E+02
     -4.962  0.0000E+00  0.6200E+02
     -4.944  0.0000E+00  0.6200E+02
     -4.926  0.0000E+00  0.6200E+02
     -4.908  0.0000E+00  0.6200E+02
     -4.889  0.0000E+00  0.6200E+02
     -4.871  0.0000E+00  0.6200E+02
     -4.853  0.0000E+00  0.6200E+02
     -4.835  0.0000E+00  0.6200E+02
     -4.817  0.0000E+00  0.6200E+02
     -4.799  0.0000E+00  0.6200E+02
     -4.781  0.0000E+00  0.6200E+02
     -4.763  0.0000E+00  0.6200E+02
     -4.744  0.0000E+00  0.6200E+02
     -4.726  0.0000E+00  0.6200E+02
     -4.708  0.0000E+00  0.6200E+02
     -4.690  0.0000E+00  0.6200E+02
     -4.672  0.0000E+00  0.6200E+02
     -4.654  0.0000E+00  0.6200E+02
     -4.636  0.0000E+00  0.6200E+02
     -4.617  0.0000E+00  0.6200E+02
     -4.599  0.0000E+00  0.6200E+02
     -4.581  0.0000E+00  0.6200E+02
     -4.563  0.0000E+00  0.6200E+02
     -4.545  0.0000E+00  0.6200E+02
     -4.527  0.0000E+00  0.6200E+02
     -4.509  0.0000E+00  0.6200E+02
     -4.491  0.0000E+00  0.6200E+02
     -4.472  0.0000E+00  0.6200E+02
     -4.454  0.0000E+00  0.6200E+02
     -4.436  0.0000E+00  0.6200E+02
     -4.418  0.0000E+00  0.6200E+02
     -4.400  0.0000E+00  0.6200E+02
     -4.382  0.0000E+00  0.6200E+02
     -4.364  0.0000E+00  0.6200E+02
     -4.345  0.0000E+00  0.6200E+02
     -4.327  0.0000E+00  0.6200E+02
     -4.309  0.0000E+00  0.6200E+02
     -4.291  0.0000E+00  0.6200E+02
     -4.273  0.0000E+00  0.6200E+02
     -4.255  0.0000E+00  0.6200E+02
     -4.237  0.0000E+00  0.6200E+02
     -4.219  0.0000E+00  0.6200E+02
     -4.200  0.0000E+00  0.6200E+02
     -4.182  0.0000E+00  0.6200E+02
     -4.164  0.0000E+00  0.6200E+02
     -4.146  0.0000E+00  0.6200E+02
     -4.128  0.0000E+00  0.6200E+02
     -4.110  0.0000E+00  0.6200E+02
     -4.092  0.0000E+00  0.6200E+02
     -4.073  0.0000E+00  0.6200E+02
     -4.055  0.0000E+00  0.6200E+02
     -4.037  0.0000E+00  0.6200E+02
     -4.019  0.0000E+00  0.6200E+02
     -4.001  0.0000E+00  0.6200E+02
     -3.983  0.0000E+00  0.6200E+02
     -3.965  0.0000E+00  0.6200E+02
     -3.947  0.0000E+00  0.6200E+02
     -3.928  0.0000E+00  0.6200E+02
     -3.910  0.0000E+00  0.6200E+02
     -3.892  0.0000E+00  0.6200E+02
     -3.874  0.0000E+00  0.6200E+02
     -3.856  0.0000E+00  0.6200E+02
     -3.838  0.0000E+00  0.6200E+02
     -3.820  0.0000E+00  0.6200E+02
     -3.801  0.0000E+00  0.6200E+02
     -3.783  0.0000E+00  0.6200E+02
     -3.765  0.0000E+00  0.6200E+02
     -3.747  0.0000E+00  0.6200E+02
     -3.729  0.0000E+00  0.6200E+02
     -3.711  0.0000E+00  0.6200E+02
     -3.693  0.0000E+00  0.6200E+02
     -3.675  0.0000E+00  0.6200E+02
     -3.656  0.0000E+00  0.6200E+02
     -3.638  0.0000E+00  0.6200E+02
     -3.620  0.0000E+00  0.6200E+02
     -3.602  0.0000E+00  0.6200E+02
     -3.584  0.0000E+00  0.6200E+02
     -3.566  0.0000E+00  0.6200E+02
     -3.548  0.0000E+00  0.6200E+02
     -3.529  0.0000E+00  0.6200E+02
     -3.511  0.0000E+00  0.6200E+02
     -3.493  0.0000E+00  0.6200E+02
     -3.475  0.0000E+00  0.6200E+02
     -3.457  0.0000E+00  0.6200E+02
     -3.439  0.0000E+00  0.6200E+02
     -3.421  0.0000E+00  0.6200E+02
     -3.403  0.0000E+00  0.6200E+02
     -3.384  0.0000E+00  0.6200E+02
     -3.366  0.0000E+00  0.6200E+02
     -3.348  0.0000E+00  0.6200E+02
     -3.330  0.0000E+00  0.6200E+02
     -3.312  0.0000E+00  0.6200E+02
     -3.294  0.0000E+00  0.6200E+02
     -3.276  0.0000E+00  0.6200E+02
     -3.257  0.0000E+00  0.6200E+02
     -3.239  0.0000E+00  0.6200E+02
     -3.221  0.0000E+00  0.6200E+02
     -3.203  0.0000E+00  0.6200E+02
     -3.185  0.0000E+00  0.6200E+02
     -3.167  0.0000E+00  0.6200E+02
     -3.149  0.0000E+00  0.6200E+02
     -3.131  0.0000E+00  0.6200E+02
     -3.112  0.0000E+00  0.6200E+02
     -3.094  0.0000E+00  0.6200E+02
     -3.076  0.0000E+00  0.6200E+02
     -3.058  0.0000E+00  0.6200E+02
     -3.040  0.0000E+00  0.6200E+02
     -3.022  0.0000E+00  0.6200E+02
     -3.004  0.0000E+00  0.6200E+02
     -2.985  0.0000E+00  0.6200E+02
     -2.967  0.0000E+00  0.6200E+02
     -2.949  0.0000E+00  0.6200E+02
     -2.931  0.0000E+00  0.6200E+02
     -2.913  0.0000E+00  0.6200E+02
     -2.895  0.0000E+00  0.6200E+02
     -2.877  0.0000E+00  0.6200E+02
     -2.858  0.0000E+00  0.6200E+02
     -2.840  0.0000E+00  0.6200E+02
     -2.822  0.0000E+00  0.6200E+02
     -2.804  0.0000E+00  0.6200E+02
     -2.786  0.0000E+00  0.6200E+02
     -2.768  0.0000E+00  0.6200E+02
     -2.750  0.0000E+00  0.6200E+02
     -2.732  0.0000E+00  0.6200E+02
     -2.713  0.0000E+00  0.6200E+02
     -2.695  0.0000E+00  0.6200E+02
     -2.677  0.0000E+00  0.6200E+02
     -2.659  0.0000E+00  0.6200E+02
     -2.641  0.0000E+00  0.6200E+02
     -2.623  0.0000E+00  0.6200E+02
     -2.605  0.0000E+00  0.6200E+02
     -2.586  0.0000E+00  0.6200E+02
     -2.568  0.0000E+00  0.6200E+02
     -2.550  0.0000E+00  0.6200E+02
     -2.532  0.0000E+00  0.6200E+02
     -2.514  0.0000E+00  0.6200E+02
     -2.496  0.0000E+00  0.6200E+02
     -2.478  0.0000E+00  0.6200E+02
     -2.460  0.0000E+00  0.6200E+02
     -2.441  0.0000E+00  0.6200E+02
     -2.423  0.0000E+00  0.6200E+02
     -2.405  0.0000E+00  0.6200E+02
     -2.387  0.0000E+00  0.6200E+02
     -2.369  0.0000E+00  0.6200E+02
     -2.351  0.0000E+00  0.6200E+02
     -2.333  0.0000E+00  0.6200E+02
     -2.314  0.0000E+00  0.6200E+02
     -2.296  0.0000E+00  0.6200E+02
     -2.278  0.0000E+00  0.6200E+02
     -2.260  0.0000E+00  0.6200E+02
     -2.242  0.0000E+00  0.6200E+02
     -2.224  0.0000E+00  0.6200E+02
     -2.206  0.0000E+00  0.6200E+02
     -2.188  0.0000E+00  0.6200E+02
     -2.169  0.0000E+00  0.6200E+02
     -2.151  0.0000E+00  0.6200E+02
     -2.133  0.0000E+00  0.6200E+02
     -2.115  0.0000E+00  0.6200E+02
     -2.097  0.0000E+00  0.6200E+02
     -2.079  0.0000E+00  0.6200E+02
     -2.061  0.0000E+00  0.6200E+02
     -2.042  0.0000E+00  0.6200E+02
     -2.024  0.0000E+00  0.6200E+02
     -2.006  0.0000E+00  0.6200E+02
     -1.988  0.0000E+00  0.6200E+02
     -1.970  0.0000E+00  0.6200E+02
     -1.952  0.0000E+00  0.6200E+02
     -1.934  0.0000E+00  0.6200E+02
     -1.916  0.0000E+00  0.6200E+02
     -1.897  0.0000E+00  0.6200E+02
     -1.879  0.0000E+00  0.6200E+02
     -1.861  0.0000E+00  0.6200E+02
     -1.843  0.0000E+00  0.6200E+02
     -1.825  0.0000E+00  0.6200E+02
     -1.807  0.0000E+00  0.6200E+02
     -1.789  0.0000E+00  0.6200E+02
     -1.770  0.0000E+00  0.6200E+02
     -1.752  0.0000E+00  0.6200E+02
     -1.734  0.0000E+00  0.6200E+02
     -1.716  0.0000E+00  0.6200E+02
     -1.698  0.0000E+00  0.6200E+02
     -1.680  0.0000E+00  0.6200E+02
     -1.662  0.0000E+00  0.6200E+02
     -1.644  0.0000E+00  0.6200E+02
     -1.625  0.0000E+00  0.6200E+02
     -1.607  0.0000E+00  0.6200E+02
     -1.589  0.0000E+00  0.6200E+02
     -1.571  0.0000E+00  0.6200E+02
     -1.553  0.0000E+00  0.6200E+02
     -1.535  0.0000E+00  0.6200E+02
     -1.517  0.0000E+00  0.6200E+02
     -1.498  0.0000E+00  0.6200E+02
     -1.480  0.0000E+00  0.6200E+02
     -1.462  0.0000E+00  0.6200E+02
     -1.444  0.0000E+00  0.6200E+02
     -1.426  0.0000E+00  0.6200E+02
     -1.408  0.0000E+00  0.6200E+02
     -1.390  0.0000E+00  0.6200E+02
     -1.372  0.0000E+00  0.6200E+02
     -1.353  0.0000E+00  0.6200E+02
     -1.335  0.0000E+00  0.6200E+02
     -1.317  0.0000E+00  0.6200E+02
     -1.299  0.0000E+00  0.6200E+02
     -1.281  0.0000E+00  0.6200E+02
     -1.263  0.0000E+00  0.6200E+02
     -1.245  0.0000E+00  0.6200E+02
     -1.226  0.2921E+02  0.6207E+02
     -1.208  0.6173E+02  0.6335E+02
     -1.190  0.1526E+02  0.6377E+02
     -1.172  0.5541E+01  0.6395E+02
     -1.154  0.6421E+00  0.6400E+02
     -1.136  0.0000E+00  0.6400E+02
     -1.118  0.0000E+00  0.6400E+02
     -1.100  0.0000E+00  0.6400E+02
     -1.081  0.2779E-01  0.6400E+02
     -1.063  0.1269E+00  0.6400E+02
     -1.045  0.2988E+00  0.6401E+02
     -1.027  0.5434E+00  0.6401E+02
     -1.009  0.8607E+00  0.6403E+02
     -0.991  0.1251E+01  0.6404E+02
     -0.973  0.1714E+01  0.6407E+02
     -0.954  0.2249E+01  0.6411E+02
     -0.936  0.2875E+01  0.6415E+02
     -0.918  0.3598E+01  0.6421E+02
     -0.900  0.4419E+01  0.6428E+02
     -0.882  0.5339E+01  0.6437E+02
     -0.864  0.6357E+01  0.6448E+02
     -0.846  0.7473E+01  0.6460E+02
     -0.827  0.8688E+01  0.6475E+02
     -0.809  0.1000E+02  0.6492E+02
     -0.791  0.1141E+02  0.6511E+02
     -0.773  0.1292E+02  0.6533E+02
     -0.755  0.1453E+02  0.6558E+02
     -0.737  0.2011E+02  0.6589E+02
     -0.719  0.2534E+02  0.6630E+02
     -0.701  0.2833E+02  0.6679E+02
     -0.682  0.2923E+02  0.6732E+02
     -0.664  0.2695E+02  0.6784E+02
     -0.646  0.2168E+02  0.6827E+02
     -0.628  0.1928E+02  0.6864E+02
     -0.610  0.1961E+02  0.6899E+02
     -0.592  0.2093E+02  0.6936E+02
     -0.574  0.2185E+02  0.6974E+02
     -0.555  0.2180E+02  0.7014E+02
     -0.537  0.4736E+02  0.7074E+02
     -0.519  0.6880E+02  0.7184E+02
     -0.501  0.6764E+02  0.7308E+02
     -0.483  0.6443E+02  0.7429E+02
     -0.465  0.5686E+02  0.7539E+02
     -0.447  0.4655E+02  0.7634E+02
     -0.429  0.2066E+02  0.7693E+02
     -0.410  0.1406E+02  0.7722E+02
     -0.392  0.2556E+02  0.7752E+02
     -0.374  0.3167E+02  0.7808E+02
     -0.356  0.1617E+02  0.7852E+02
     -0.338  0.1340E+02  0.7879E+02
     -0.320  0.1110E+02  0.7901E+02
     -0.302  0.9279E+01  0.7920E+02
     -0.283  0.7891E+01  0.7935E+02
     -0.265  0.6673E+01  0.7948E+02
     -0.247  0.5582E+01  0.7960E+02
     -0.229  0.1418E+03  0.7996E+02
     -0.211  0.3109E+02  0.8087E+02
     -0.193  0.2337E+02  0.8135E+02
     -0.175  0.2470E+02  0.8178E+02
     -0.157  0.2699E+02  0.8225E+02
     -0.138  0.2955E+02  0.8276E+02
     -0.120  0.3242E+02  0.8332E+02
     -0.102  0.3564E+02  0.8394E+02
     -0.084  0.4183E+02  0.8464E+02
     -0.066  0.9964E+02  0.8625E+02
     -0.048  0.4435E+02  0.8735E+02
     -0.030  0.5603E+02  0.8825E+02
     -0.011  0.5242E+02  0.8969E+02
      0.007  0.5469E+02  0.9066E+02
      0.025  0.5572E+02  0.9166E+02
      0.043  0.5588E+02  0.9268E+02
      0.061  0.5522E+02  0.9368E+02
      0.079  0.5499E+02  0.9468E+02
      0.097  0.5588E+02  0.9568E+02
      0.115  0.5702E+02  0.9671E+02
      0.134  0.5680E+02  0.9774E+02
      0.152  0.5611E+02  0.9877E+02
      0.170  0.5537E+02  0.9978E+02
      0.188  0.5440E+02  0.1008E+03
      0.206  0.5190E+02  0.1017E+03
      0.224  0.4819E+02  0.1027E+03
      0.242  0.4528E+02  0.1035E+03
      0.261  0.3277E+02  0.1043E+03
      0.279  0.2537E+02  0.1048E+03
      0.297  0.2382E+02  0.1052E+03
      0.315  0.2457E+02  0.1056E+03
      0.333  0.2526E+02  0.1061E+03
      0.351  0.2577E+02  0.1066E+03
      0.369  0.2608E+02  0.1070E+03
      0.387  0.2628E+02  0.1075E+03
      0.406  0.2691E+02  0.1080E+03
      0.424  0.2732E+02  0.1085E+03
      0.442  0.2750E+02  0.1090E+03
      0.460  0.2754E+02  0.1095E+03
      0.478  0.2854E+02  0.1100E+03
      0.496  0.2933E+02  0.1105E+03
      0.514  0.2983E+02  0.1110E+03
      0.533  0.3028E+02  0.1116E+03
      0.551  0.3070E+02  0.1121E+03
      0.569  0.3107E+02  0.1127E+03
      0.587  0.3140E+02  0.1133E+03
      0.605  0.3107E+02  0.1138E+03
      0.623  0.3028E+02  0.1144E+03
      0.641  0.2946E+02  0.1149E+03
      0.659  0.2862E+02  0.1155E+03
      0.678  0.2774E+02  0.1160E+03
      0.696  0.2093E+02  0.1164E+03
      0.714  0.2016E+02  0.1168E+03
      0.732  0.9355E+01  0.1170E+03
      0.750  0.8277E+01  0.1172E+03
      0.768  0.7531E+01  0.1173E+03
      0.786  0.1423E+02  0.1175E+03
      0.805  0.3049E+02  0.1179E+03
      0.823  0.3720E+02  0.1186E+03
      0.841  0.3358E+02  0.1192E+03
      0.859  0.2480E+02  0.1197E+03
      0.877  0.2436E+02  0.1202E+03
      0.895  0.2472E+02  0.1206E+03
      0.913  0.2713E+02  0.1211E+03
      0.932  0.2879E+02  0.1216E+03
      0.950  0.2969E+02  0.1221E+03
      0.968  0.2983E+02  0.1227E+03
      0.986  0.2922E+02  0.1232E+03
      1.004  0.2788E+02  0.1237E+03
      1.022  0.2610E+02  0.1242E+03
      1.040  0.2340E+02  0.1247E+03
      1.058  0.2010E+02  0.1251E+03
      1.077  0.2109E+02  0.1254E+03
      1.095  0.2268E+02  0.1258E+03
      1.113  0.2276E+02  0.1262E+03
      1.131  0.2305E+02  0.1267E+03
      1.149  0.2344E+02  0.1271E+03
      1.167  0.2345E+02  0.1275E+03
      1.185  0.2460E+02  0.1279E+03
      1.204  0.2515E+02  0.1284E+03
      1.222  0.2447E+02  0.1288E+03
      1.240  0.2360E+02  0.1293E+03
      1.258  0.2253E+02  0.1297E+03
      1.276  0.2126E+02  0.1301E+03
      1.294  0.1981E+02  0.1305E+03
      1.312  0.1833E+02  0.1308E+03
      1.330  0.1709E+02  0.1311E+03
      1.349  0.1692E+02  0.1314E+03
      1.367  0.1736E+02  0.1318E+03
      1.385  0.1771E+02  0.1321E+03
      1.403  0.1797E+02  0.1324E+03
      1.421  0.1815E+02  0.1327E+03
      1.439  0.1816E+02  0.1331E+03
      1.457  0.1810E+02  0.1334E+03
      1.476  0.1801E+02  0.1337E+03
      1.494  0.1788E+02  0.1340E+03
      1.512  0.1773E+02  0.1344E+03
      1.530  0.1754E+02  0.1347E+03
      1.548  0.1732E+02  0.1350E+03
      1.566  0.1707E+02  0.1353E+03
      1.584  0.1678E+02  0.1356E+03
      1.602  0.1647E+02  0.1359E+03
      1.621  0.1612E+02  0.1362E+03
      1.639  0.1697E+02  0.1365E+03
      1.657  0.2117E+02  0.1368E+03
      1.675  0.2903E+02  0.1373E+03
      1.693  0.3947E+02  0.1379E+03
      1.711  0.4509E+02  0.1387E+03
      1.729  0.4479E+02  0.1395E+03
      1.748  0.4758E+02  0.1403E+03
      1.766  0.4758E+02  0.1412E+03
      1.784  0.4316E+02  0.1420E+03
      1.802  0.2898E+02  0.1427E+03
      1.820  0.1076E+03  0.1436E+03
      1.838  0.1502E+03  0.1463E+03
      1.856  0.5452E+02  0.1473E+03
      1.874  0.4233E+02  0.1482E+03
      1.893  0.2094E+02  0.1487E+03
      1.911  0.2675E+02  0.1492E+03
      1.929  0.3276E+02  0.1497E+03
      1.947  0.1684E+02  0.1507E+03
      1.965  0.1776E+02  0.1510E+03
      1.983  0.2053E+02  0.1514E+03
      2.001  0.2360E+02  0.1518E+03
      2.020  0.2812E+02  0.1522E+03
      2.038  0.3265E+02  0.1528E+03
      2.056  0.3702E+02  0.1534E+03
      2.074  0.4187E+02  0.1541E+03
      2.092  0.4802E+02  0.1550E+03
      2.110  0.5453E+02  0.1559E+03
      2.128  0.6034E+02  0.1569E+03
      2.146  0.6442E+02  0.1581E+03
      2.165  0.6666E+02  0.1593E+03
      2.183  0.6612E+02  0.1605E+03
      2.201  0.6411E+02  0.1616E+03
      2.219  0.6024E+02  0.1628E+03
      2.237  0.5565E+02  0.1638E+03
      2.255  0.5392E+02  0.1648E+03
      2.273  0.5100E+02  0.1658E+03
      2.292  0.4615E+02  0.1667E+03
      2.310  0.4585E+02  0.1675E+03
      2.328  0.4552E+02  0.1683E+03
      2.346  0.4371E+02  0.1691E+03
      2.364  0.4179E+02  0.1699E+03
      2.382  0.4400E+02  0.1707E+03
      2.400  0.4576E+02  0.1715E+03
      2.418  0.4656E+02  0.1723E+03
      2.437  0.4601E+02  0.1732E+03
      2.455  0.4411E+02  0.1740E+03
      2.473  0.4638E+02  0.1748E+03
      2.491  0.4813E+02  0.1757E+03
      2.509  0.4863E+02  0.1765E+03
      2.527  0.4798E+02  0.1774E+03
      2.545  0.4766E+02  0.1783E+03
      2.564  0.4610E+02  0.1791E+03
      2.582  0.4293E+02  0.1799E+03
      2.600  0.4086E+02  0.1807E+03
      2.618  0.4199E+02  0.1815E+03
      2.636  0.4324E+02  0.1822E+03
      2.654  0.4351E+02  0.1830E+03
      2.672  0.6621E+02  0.1840E+03
      2.690  0.8772E+02  0.1862E+03
      2.709  0.5276E+02  0.1875E+03
      2.727  0.4888E+02  0.1884E+03
      2.745  0.4428E+02  0.1892E+03
      2.763  0.8601E+02  0.1913E+03
      2.781  0.7680E+02  0.1928E+03
      2.799  0.7863E+02  0.1942E+03
      2.817  0.7285E+02  0.1956E+03
      2.836  0.7010E+02  0.1969E+03
      2.854  0.7212E+02  0.1982E+03
      2.872  0.7558E+02  0.1995E+03
      2.890  0.8033E+02  0.2009E+03
      2.908  0.8582E+02  0.2025E+03
      2.926  0.8746E+02  0.2040E+03
      2.944  0.8343E+02  0.2056E+03
      2.963  0.7351E+02  0.2070E+03
      2.981  0.6236E+02  0.2082E+03
      2.999  0.5692E+02  0.2093E+03
      3.017  0.4939E+02  0.2103E+03
      3.035  0.4198E+02  0.2111E+03
      3.053  0.3781E+02  0.2118E+03
      3.071  0.5605E+02  0.2126E+03
      3.089  0.6220E+02  0.2138E+03
      3.108  0.5936E+02  0.2148E+03
      3.126  0.6504E+02  0.2160E+03
      3.144  0.6023E+02  0.2171E+03
      3.162  0.5991E+02  0.2182E+03
      3.180  0.6111E+02  0.2193E+03
      3.198  0.6273E+02  0.2204E+03
      3.216  0.6700E+02  0.2216E+03
      3.235  0.8410E+02  0.2230E+03
      3.253  0.1042E+03  0.2246E+03
      3.271  0.1256E+03  0.2268E+03
      3.289  0.1253E+03  0.2291E+03
      3.307  0.7140E+02  0.2309E+03
      3.325  0.6158E+02  0.2329E+03
      3.343  0.1085E+03  0.2345E+03
      3.361  0.5886E+02  0.2358E+03
      3.380  0.5156E+02  0.2368E+03
      3.398  0.4414E+02  0.2377E+03
      3.416  0.3655E+02  0.2384E+03
      3.434  0.2832E+02  0.2390E+03
      3.452  0.2380E+02  0.2395E+03
      3.470  0.2098E+02  0.2399E+03
      3.488  0.2127E+02  0.2403E+03
      3.507  0.2186E+02  0.2407E+03
      3.525  0.2275E+02  0.2411E+03
      3.543  0.2383E+02  0.2415E+03
      3.561  0.2488E+02  0.2419E+03
      3.579  0.2560E+02  0.2424E+03
      3.597  0.2587E+02  0.2428E+03
      3.615  0.2033E+02  0.2433E+03
      3.633  0.2285E+02  0.2436E+03
      3.652  0.3384E+02  0.2442E+03
      3.670  0.3324E+02  0.2448E+03
      3.688  0.2678E+02  0.2454E+03
      3.706  0.3626E+02  0.2459E+03
      3.724  0.3957E+02  0.2466E+03
      3.742  0.3114E+02  0.2473E+03
      3.760  0.1313E+02  0.2477E+03
      3.779  0.7551E+01  0.2479E+03
      3.797  0.3504E+01  0.2480E+03
      3.815  0.9920E+00  0.2480E+03
      3.833  0.1482E-01  0.2480E+03
      3.851  0.0000E+00  0.2480E+03
      3.869  0.0000E+00  0.2480E+03
      3.887  0.0000E+00  0.2480E+03
      3.905  0.0000E+00  0.2480E+03
      3.924  0.0000E+00  0.2480E+03
      3.942  0.0000E+00  0.2480E+03
      3.960  0.0000E+00  0.2480E+03
      3.978  0.0000E+00  0.2480E+03
      3.996  0.0000E+00  0.2480E+03
      4.014  0.0000E+00  0.2480E+03
      4.032  0.0000E+00  0.2480E+03
      4.051  0.0000E+00  0.2480E+03
      4.069  0.0000E+00  0.2480E+03
      4.087  0.0000E+00  0.2480E+03
      4.105  0.0000E+00  0.2480E+03
      4.123  0.0000E+00  0.2480E+03
      4.141  0.0000E+00  0.2480E+03
      4.159  0.0000E+00  0.2480E+03
      4.177  0.0000E+00  0.2480E+03
      4.196  0.0000E+00  0.2480E+03
      4.214  0.0000E+00  0.2480E+03
      4.232  0.0000E+00  0.2480E+03
      4.250  0.0000E+00  0.2480E+03
      4.268  0.0000E+00  0.2480E+03
      4.286  0.0000E+00  0.2480E+03
      4.304  0.0000E+00  0.2480E+03
      4.323  0.0000E+00  0.2480E+03
      4.341  0.0000E+00  0.2480E+03
      4.359  0.0000E+00  0.2480E+03
      4.377  0.0000E+00  0.2480E+03
      4.395  0.0000E+00  0.2480E+03
      4.413  0.0000E+00  0.2480E+03
      4.431  0.0000E+00  0.2480E+03
      4.449  0.0000E+00  0.2480E+03
      4.468  0.0000E+00  0.2480E+03
      4.486  0.0000E+00  0.2480E+03
      4.504  0.0000E+00  0.2480E+03
      4.522  0.0000E+00  0.2480E+03
      4.540  0.0000E+00  0.2480E+03
      4.558  0.0000E+00  0.2480E+03
      4.576  0.0000E+00  0.2480E+03
      4.595  0.0000E+00  0.2480E+03
      4.613  0.0000E+00  0.2480E+03
      4.631  0.0000E+00  0.2480E+03
      4.649  0.0000E+00  0.2480E+03
      4.667  0.0000E+00  0.2480E+03
      4.685  0.0000E+00  0.2480E+03
      4.703  0.0000E+00  0.2480E+03
      4.721  0.0000E+00  0.2480E+03
      4.740  0.0000E+00  0.2480E+03
      4.758  0.0000E+00  0.2480E+03
      4.776  0.0000E+00  0.2480E+03
      4.794  0.0000E+00  0.2480E+03
      4.812  0.0000E+00  0.2480E+03
      4.830  0.0000E+00  0.2480E+03
      4.848  0.0000E+00  0.2480E+03
      4.867  0.0000E+00  0.2480E+03
      4.885  0.0000E+00  0.2480E+03
      4.903  0.0000E+00  0.2480E+03
      4.921  0.0000E+00  0.2480E+03
      4.939  0.0000E+00  0.2480E+03
      4.957  0.0000E+00  0.2480E+03
      4.975  0.0000E+00  0.2480E+03
      4.994  0.0000E+00  0.2480E+03
      5.012  0.0000E+00  0.2480E+03
      5.030  0.0000E+00  0.2480E+03
      5.048  0.0000E+00  0.2480E+03
      5.066  0.0000E+00  0.2480E+03
      5.084  0.0000E+00  0.2480E+03
      5.102  0.0000E+00  0.2480E+03
      5.120  0.0000E+00  0.2480E+03
      5.139  0.0000E+00  0.2480E+03
      5.157  0.0000E+00  0.2480E+03
      5.175  0.0000E+00  0.2480E+03
      5.193  0.0000E+00  0.2480E+03
      5.211  0.0000E+00  0.2480E+03
      5.229  0.0000E+00  0.2480E+03
      5.247  0.0000E+00  0.2480E+03
      5.266  0.0000E+00  0.2480E+03
      5.284  0.0000E+00  0.2480E+03
      5.302  0.0000E+00  0.2480E+03
      5.320  0.0000E+00  0.2480E+03
      5.338  0.0000E+00  0.2480E+03
      5.356  0.0000E+00  0.2480E+03
      5.374  0.0000E+00  0.2480E+03
      5.392  0.0000E+00  0.2480E+03
      5.411  0.0000E+00  0.2480E+03
      5.429  0.0000E+00  0.2480E+03
      5.447  0.0000E+00  0.2480E+03
      5.465  0.0000E+00  0.2480E+03
      5.483  0.0000E+00  0.2480E+03
      5.501  0.0000E+00  0.2480E+03
      5.519  0.0000E+00  0.2480E+03
      5.538  0.0000E+00  0.2480E+03
      5.556  0.0000E+00  0.2480E+03
      5.574  0.0000E+00  0.2480E+03
      5.592  0.0000E+00  0.2480E+03
      5.610  0.0000E+00  0.2480E+03
      5.628  0.0000E+00  0.2480E+03
      5.646  0.0000E+00  0.2480E+03
      5.664  0.0000E+00  0.2480E+03
      5.683  0.0000E+00  0.2480E+03
      5.701  0.0000E+00  0.2480E+03
      5.719  0.0000E+00  0.2480E+03
      5.737  0.0000E+00  0.2480E+03
      5.755  0.0000E+00  0.2480E+03
      5.773  0.0000E+00  0.2480E+03
      5.791  0.0000E+00  0.2480E+03
      5.810  0.0000E+00  0.2480E+03
      5.828  0.0000E+00  0.2480E+03
      5.846  0.0000E+00  0.2480E+03
      5.864  0.0000E+00  0.2480E+03
      5.882  0.0000E+00  0.2480E+03
      5.900  0.0000E+00  0.2480E+03
      5.918  0.0000E+00  0.2480E+03
      5.936  0.0000E+00  0.2480E+03
      5.955  0.0000E+00  0.2480E+03
      5.973  0.0000E+00  0.2480E+03
      5.991  0.0000E+00  0.2480E+03
      6.009  0.0000E+00  0.2480E+03
      6.027  0.0000E+00  0.2480E+03
      6.045  0.0000E+00  0.2480E+03
      6.063  0.0000E+00  0.2480E+03
      6.082  0.0000E+00  0.2480E+03
      6.100  0.0000E+00  0.2480E+03
      6.118  0.0000E+00  0.2480E+03
      6.136  0.0000E+00  0.2480E+03
      6.154  0.0000E+00  0.2480E+03
      6.172  0.0000E+00  0.2480E+03
      6.190  0.0000E+00  0.2480E+03
      6.208  0.0000E+00  0.2480E+03
      6.227  0.0000E+00  0.2480E+03
      6.245  0.0000E+00  0.2480E+03
      6.263  0.0000E+00  0.2480E+03
      6.281  0.0000E+00  0.2480E+03
      6.299  0.0000E+00  0.2480E+03
      6.317  0.0000E+00  0.2480E+03
      6.335  0.0000E+00  0.2480E+03
      6.354  0.0000E+00  0.2480E+03
      6.372  0.0000E+00  0.2480E+03
      6.390  0.0000E+00  0.2480E+03
      6.408  0.0000E+00  0.2480E+03
      6.426  0.0000E+00  0.2480E+03
      6.444  0.0000E+00  0.2480E+03
      6.462  0.0000E+00  0.2480E+03
      6.480  0.1519E-02  0.2480E+03
      6.499  0.7531E-01  0.2480E+03
      6.517  0.2600E+00  0.2480E+03
      6.535  0.5555E+00  0.2480E+03
      6.553  0.9619E+00  0.2480E+03
      6.571  0.1479E+01  0.2480E+03
      6.589  0.2107E+01  0.2481E+03
      6.607  0.2846E+01  0.2481E+03
      6.626  0.3696E+01  0.2482E+03
      6.644  0.4657E+01  0.2483E+03
      6.662  0.5729E+01  0.2484E+03
      6.680  0.6911E+01  0.2485E+03
      6.698  0.8204E+01  0.2486E+03
      6.716  0.1052E+02  0.2488E+03
      6.734  0.2503E+02  0.2490E+03
      6.753  0.3158E+02  0.2496E+03
      6.771  0.5283E+01  0.2500E+03
      6.789  0.0000E+00  0.2500E+03
      6.807  0.0000E+00  0.2500E+03
      6.825  0.0000E+00  0.2500E+03
      6.843  0.0000E+00  0.2500E+03
      6.861  0.0000E+00  0.2500E+03
      6.879  0.0000E+00  0.2500E+03
      6.898  0.0000E+00  0.2500E+03
      6.916  0.0000E+00  0.2500E+03
      6.934  0.0000E+00  0.2500E+03
      6.952  0.0000E+00  0.2500E+03
      6.970  0.0000E+00  0.2500E+03
      6.988  0.0000E+00  0.2500E+03
      7.006  0.0000E+00  0.2500E+03
      7.025  0.0000E+00  0.2500E+03
      7.043  0.0000E+00  0.2500E+03
      7.061  0.0000E+00  0.2500E+03
      7.079  0.0000E+00  0.2500E+03
      7.097  0.0000E+00  0.2500E+03
      7.115  0.0000E+00  0.2500E+03
      7.133  0.0000E+00  0.2500E+03
      7.151  0.0000E+00  0.2500E+03
      7.170  0.0000E+00  0.2500E+03
      7.188  0.0000E+00  0.2500E+03
      7.206  0.0000E+00  0.2500E+03
      7.224  0.0000E+00  0.2500E+03
      7.242  0.0000E+00  0.2500E+03
      7.260  0.0000E+00  0.2500E+03
      7.278  0.0000E+00  0.2500E+03
      7.297  0.0000E+00  0.2500E+03
      7.315  0.0000E+00  0.2500E+03
      7.333  0.0000E+00  0.2500E+03
      7.351  0.0000E+00  0.2500E+03
      7.369  0.0000E+00  0.2500E+03
      7.387  0.0000E+00  0.2500E+03
      7.405  0.0000E+00  0.2500E+03
      7.423  0.0000E+00  0.2500E+03
      7.442  0.0000E+00  0.2500E+03
      7.460  0.0000E+00  0.2500E+03
      7.478  0.0000E+00  0.2500E+03
      7.496  0.0000E+00  0.2500E+03
      7.514  0.0000E+00  0.2500E+03
      7.532  0.0000E+00  0.2500E+03
      7.550  0.0000E+00  0.2500E+03
      7.569  0.0000E+00  0.2500E+03
      7.587  0.0000E+00  0.2500E+03
      7.605  0.0000E+00  0.2500E+03
      7.623  0.0000E+00  0.2500E+03
      7.641  0.0000E+00  0.2500E+03
      7.659  0.0000E+00  0.2500E+03
      7.677  0.0000E+00  0.2500E+03
      7.695  0.0000E+00  0.2500E+03
      7.714  0.0000E+00  0.2500E+03
      7.732  0.0000E+00  0.2500E+03
      7.750  0.0000E+00  0.2500E+03
      7.768  0.0000E+00  0.2500E+03
      7.786  0.0000E+00  0.2500E+03
      7.804  0.0000E+00  0.2500E+03
      7.822  0.0000E+00  0.2500E+03
      7.841  0.0000E+00  0.2500E+03
      7.859  0.0000E+00  0.2500E+03
      7.877  0.0000E+00  0.2500E+03
      7.895  0.0000E+00  0.2500E+03
      7.913  0.0000E+00  0.2500E+03
      7.931  0.0000E+00  0.2500E+03
      7.949  0.0000E+00  0.2500E+03
      7.967  0.0000E+00  0.2500E+03
      7.986  0.0000E+00  0.2500E+03
      8.004  0.0000E+00  0.2500E+03
      8.022  0.0000E+00  0.2500E+03
      8.040  0.0000E+00  0.2500E+03
      8.058  0.0000E+00  0.2500E+03
      8.076  0.0000E+00  0.2500E+03
      8.094  0.0000E+00  0.2500E+03
      8.113  0.0000E+00  0.2500E+03
      8.131  0.0000E+00  0.2500E+03
      8.149  0.0000E+00  0.2500E+03
      8.167  0.0000E+00  0.2500E+03
      8.185  0.0000E+00  0.2500E+03
      8.203  0.0000E+00  0.2500E+03
      8.221  0.0000E+00  0.2500E+03
      8.239  0.0000E+00  0.2500E+03
      8.258  0.0000E+00  0.2500E+03
      8.276  0.0000E+00  0.2500E+03
      8.294  0.0000E+00  0.2500E+03
      8.312  0.0000E+00  0.2500E+03
      8.330  0.0000E+00  0.2500E+03
      8.348  0.0000E+00  0.2500E+03
      8.366  0.0000E+00  0.2500E+03
      8.385  0.0000E+00  0.2500E+03
      8.403  0.0000E+00  0.2500E+03
      8.421  0.0000E+00  0.2500E+03
      8.439  0.0000E+00  0.2500E+03
      8.457  0.0000E+00  0.2500E+03
      8.475  0.0000E+00  0.2500E+03
      8.493  0.0000E+00  0.2500E+03
      8.511  0.0000E+00  0.2500E+03
      8.530  0.0000E+00  0.2500E+03
      8.548  0.0000E+00  0.2500E+03
      8.566  0.0000E+00  0.2500E+03
      8.584  0.0000E+00  0.2500E+03
      8.602  0.0000E+00  0.2500E+03
      8.620  0.0000E+00  0.2500E+03
      8.638  0.0000E+00  0.2500E+03
      8.657  0.0000E+00  0.2500E+03
      8.675  0.0000E+00  0.2500E+03
      8.693  0.0000E+00  0.2500E+03
      8.711  0.0000E+00  0.2500E+03
      8.729  0.0000E+00  0.2500E+03
      8.747  0.0000E+00  0.2500E+03
      8.765  0.0000E+00  0.2500E+03
      8.784  0.0000E+00  0.2500E+03
      8.802  0.0000E+00  0.2500E+03
      8.820  0.0000E+00  0.2500E+03
      8.838  0.0000E+00  0.2500E+03
      8.856  0.0000E+00  0.2500E+03
      8.874  0.0000E+00  0.2500E+03
      8.892  0.0000E+00  0.2500E+03
      8.910  0.0000E+00  0.2500E+03
      8.929  0.0000E+00  0.2500E+03
      8.947  0.0000E+00  0.2500E+03
      8.965  0.0000E+00  0.2500E+03
      8.983  0.0000E+00  0.2500E+03
      9.001  0.0000E+00  0.2500E+03
      9.019  0.0000E+00  0.2500E+03
      9.037  0.0000E+00  0.2500E+03
      9.056  0.0000E+00  0.2500E+03
      9.074  0.0000E+00  0.2500E+03
      9.092  0.0000E+00  0.2500E+03
      9.110  0.0000E+00  0.2500E+03
      9.128  0.0000E+00  0.2500E+03
      9.146  0.0000E+00  0.2500E+03
      9.164  0.0000E+00  0.2500E+03
      9.182  0.0000E+00  0.2500E+03
      9.201  0.0000E+00  0.2500E+03
      9.219  0.0000E+00  0.2500E+03
      9.237  0.0000E+00  0.2500E+03
      9.255  0.0000E+00  0.2500E+03
      9.273  0.0000E+00  0.2500E+03
      9.291  0.0000E+00  0.2500E+03
      9.309  0.0000E+00  0.2500E+03
      9.328  0.0000E+00  0.2500E+03
      9.346  0.0000E+00  0.2500E+03
      9.364  0.0000E+00  0.2500E+03
      9.382  0.0000E+00  0.2500E+03
      9.400  0.0000E+00  0.2500E+03
      9.418  0.0000E+00  0.2500E+03
      9.436  0.0000E+00  0.2500E+03
      9.454  0.0000E+00  0.2500E+03
      9.473  0.0000E+00  0.2500E+03
      9.491  0.0000E+00  0.2500E+03
      9.509  0.0000E+00  0.2500E+03
      9.527  0.0000E+00  0.2500E+03
      9.545  0.0000E+00  0.2500E+03
      9.563  0.0000E+00  0.2500E+03
      9.581  0.0000E+00  0.2500E+03
      9.600  0.0000E+00  0.2500E+03
      9.618  0.0000E+00  0.2500E+03
      9.636  0.0000E+00  0.2500E+03
      9.654  0.0000E+00  0.2500E+03
      9.672  0.0000E+00  0.2500E+03
      9.690  0.0000E+00  0.2500E+03
      9.708  0.0000E+00  0.2500E+03
      9.726  0.0000E+00  0.2500E+03
      9.745  0.0000E+00  0.2500E+03
      9.763  0.0000E+00  0.2500E+03
      9.781  0.0000E+00  0.2500E+03
      9.799  0.0000E+00  0.2500E+03
      9.817  0.0000E+00  0.2500E+03
      9.835  0.0000E+00  0.2500E+03
      9.853  0.0000E+00  0.2500E+03
      9.872  0.0000E+00  0.2500E+03
      9.890  0.0000E+00  0.2500E+03
      9.908  0.0000E+00  0.2500E+03
      9.926  0.0000E+00  0.2500E+03
      9.944  0.0000E+00  0.2500E+03
      9.962  0.0000E+00  0.2500E+03
      9.980  0.0000E+00  0.2500E+03
      9.998  0.0000E+00  0.2500E+03
     10.017  0.0000E+00  0.2500E+03
     10.035  0.0000E+00  0.2500E+03
     10.053  0.0000E+00  0.2500E+03
     10.071  0.0000E+00  0.2500E+03
     10.089  0.0000E+00  0.2500E+03
     10.107  0.0000E+00  0.2500E+03
     10.125  0.0000E+00  0.2500E+03
     10.144  0.0000E+00  0.2500E+03
     10.162  0.0000E+00  0.2500E+03
     10.180  0.0000E+00  0.2500E+03
     10.198  0.0000E+00  0.2500E+03
     10.216  0.1396E+00  0.2500E+03
     10.234  0.1392E+01  0.2500E+03
     10.252  0.3125E+01  0.2501E+03
     10.270  0.4655E+01  0.2501E+03
     10.289  0.5981E+01  0.2502E+03
     10.307  0.7102E+01  0.2503E+03
     10.325  0.8021E+01  0.2505E+03
     10.343  0.8735E+01  0.2506E+03
     10.361  0.9246E+01  0.2508E+03
     10.379  0.9553E+01  0.2510E+03
     10.397  0.9656E+01  0.2511E+03
     10.416  0.9555E+01  0.2513E+03
     10.434  0.8695E+01  0.2515E+03
     10.452  0.7151E+01  0.2516E+03
     10.470  0.9043E+01  0.2518E+03
     10.488  0.1459E+02  0.2520E+03
     10.506  0.1933E+02  0.2523E+03
     10.524  0.2368E+02  0.2527E+03
     10.543  0.3034E+02  0.2532E+03
     10.561  0.3958E+02  0.2538E+03
     10.579  0.4041E+02  0.2545E+03
     10.597  0.3329E+02  0.2552E+03
     10.615  0.2204E+02  0.2557E+03
     10.633  0.5778E+01  0.2560E+03
     10.651  0.0000E+00  0.2560E+03
     10.669  0.0000E+00  0.2560E+03
     10.688  0.0000E+00  0.2560E+03
     10.706  0.0000E+00  0.2560E+03
     10.724  0.0000E+00  0.2560E+03
     10.742  0.0000E+00  0.2560E+03
     10.760  0.0000E+00  0.2560E+03
     10.778  0.0000E+00  0.2560E+03
     10.796  0.0000E+00  0.2560E+03
     10.815  0.0000E+00  0.2560E+03
     10.833  0.0000E+00  0.2560E+03
     10.851  0.0000E+00  0.2560E+03
     10.869  0.0000E+00  0.2560E+03
     10.887  0.0000E+00  0.2560E+03
     10.905  0.0000E+00  0.2560E+03
     10.923  0.0000E+00  0.2560E+03
     10.941  0.0000E+00  0.2560E+03
     10.960  0.0000E+00  0.2560E+03
     10.978  0.0000E+00  0.2560E+03
     10.996  0.2064E-04  0.2560E+03
     11.014  0.6392E-03  0.2560E+03
     11.032  0.2118E-02  0.2560E+03
     11.050  0.4457E-02  0.2560E+03
     11.068  0.7657E-02  0.2560E+03
     11.087  0.1172E-01  0.2560E+03
     11.105  0.1664E-01  0.2560E+03
     11.123  0.2242E-01  0.2560E+03
     11.141  0.2906E-01  0.2560E+03
     11.159  0.3656E-01  0.2560E+03
     11.177  0.4492E-01  0.2560E+03
     11.195  0.5414E-01  0.2560E+03
     11.213  0.6422E-01  0.2560E+03
     11.232  0.7516E-01  0.2560E+03
     11.250  0.8697E-01  0.2560E+03
     11.268  0.9963E-01  0.2560E+03
     11.286  0.1132E+00  0.2560E+03
     11.304  0.1275E+00  0.2560E+03
     11.322  0.1428E+00  0.2560E+03
     11.340  0.1589E+00  0.2560E+03
     11.359  0.1758E+00  0.2560E+03
     11.377  0.1937E+00  0.2560E+03
     11.395  0.2124E+00  0.2560E+03
     11.413  0.2319E+00  0.2560E+03
     11.431  0.2523E+00  0.2560E+03
     11.449  0.2736E+00  0.2560E+03
     11.467  0.2957E+00  0.2560E+03
     11.485  0.3187E+00  0.2561E+03
     11.504  0.3425E+00  0.2561E+03
     11.522  0.3672E+00  0.2561E+03
     11.540  0.3928E+00  0.2561E+03
     11.558  0.4192E+00  0.2561E+03
     11.576  0.4465E+00  0.2561E+03
     11.594  0.4747E+00  0.2561E+03
     11.612  0.5037E+00  0.2561E+03
     11.631  0.5335E+00  0.2561E+03
     11.649  0.5643E+00  0.2561E+03
     11.667  0.5959E+00  0.2561E+03
     11.685  0.6283E+00  0.2561E+03
     11.703  0.6616E+00  0.2562E+03
     11.721  0.6958E+00  0.2562E+03
     11.739  0.7308E+00  0.2562E+03
     11.757  0.7667E+00  0.2562E+03
     11.776  0.8035E+00  0.2562E+03
     11.794  0.8411E+00  0.2562E+03
     11.812  0.8795E+00  0.2562E+03
     11.830  0.9189E+00  0.2563E+03
     11.848  0.9591E+00  0.2563E+03
     11.866  0.1000E+01  0.2563E+03
     11.884  0.1042E+01  0.2563E+03
     11.903  0.1085E+01  0.2563E+03
     11.921  0.1128E+01  0.2563E+03
     11.939  0.1173E+01  0.2564E+03
     11.957  0.1218E+01  0.2564E+03
     11.975  0.1264E+01  0.2564E+03
     11.993  0.1312E+01  0.2564E+03
     12.011  0.1359E+01  0.2565E+03
     12.029  0.1408E+01  0.2565E+03
     12.048  0.1458E+01  0.2565E+03
     12.066  0.1508E+01  0.2565E+03
     12.084  0.1560E+01  0.2566E+03
     12.102  0.1612E+01  0.2566E+03
     12.120  0.1665E+01  0.2566E+03
     12.138  0.1719E+01  0.2567E+03
     12.156  0.1961E+01  0.2567E+03
     12.175  0.2499E+01  0.2567E+03
     12.193  0.3004E+01  0.2568E+03
     12.211  0.3526E+01  0.2568E+03
     12.229  0.4040E+01  0.2569E+03
     12.247  0.4486E+01  0.2570E+03
     12.265  0.4863E+01  0.2571E+03
     12.283  0.5172E+01  0.2572E+03
     12.301  0.5412E+01  0.2573E+03
     12.320  0.5584E+01  0.2574E+03
     12.338  0.5688E+01  0.2575E+03
     12.356  0.5723E+01  0.2576E+03
     12.374  0.5690E+01  0.2577E+03
     12.392  0.5588E+01  0.2578E+03
     12.410  0.5418E+01  0.2579E+03
     12.428  0.5179E+01  0.2580E+03
     12.447  0.4910E+01  0.2581E+03
     12.465  0.4668E+01  0.2581E+03
     12.483  0.4450E+01  0.2582E+03
     12.501  0.4258E+01  0.2583E+03
     12.519  0.4091E+01  0.2584E+03
     12.537  0.3950E+01  0.2585E+03
     12.555  0.3834E+01  0.2585E+03
     12.574  0.3744E+01  0.2586E+03
     12.592  0.3679E+01  0.2587E+03
     12.610  0.3640E+01  0.2587E+03
     12.628  0.3626E+01  0.2588E+03
     12.646  0.3637E+01  0.2589E+03
     12.664  0.3674E+01  0.2589E+03
     12.682  0.3736E+01  0.2590E+03
     12.700  0.3824E+01  0.2591E+03
     12.719  0.3920E+01  0.2591E+03
     12.737  0.4013E+01  0.2592E+03
     12.755  0.4100E+01  0.2593E+03
     12.773  0.4095E+01  0.2593E+03
     12.791  0.3962E+01  0.2594E+03
     12.809  0.3729E+01  0.2595E+03
     12.827  0.3397E+01  0.2596E+03
     12.846  0.2967E+01  0.2596E+03
     12.864  0.2437E+01  0.2597E+03
     12.882  0.2033E+01  0.2597E+03
     12.900  0.2165E+01  0.2597E+03
     12.918  0.2326E+01  0.2598E+03
     12.936  0.2461E+01  0.2598E+03
     12.954  0.2576E+01  0.2599E+03
     12.972  0.2626E+01  0.2599E+03
     12.991  0.2698E+01  0.2600E+03
     13.009  0.2797E+01  0.2600E+03
     13.027  0.2925E+01  0.2601E+03
     13.045  0.3080E+01  0.2601E+03
     13.063  0.3264E+01  0.2602E+03
     13.081  0.3475E+01  0.2602E+03
     13.099  0.3694E+01  0.2603E+03
     13.118  0.3868E+01  0.2604E+03
     13.136  0.3984E+01  0.2604E+03
     13.154  0.4038E+01  0.2605E+03
     13.172  0.4087E+01  0.2606E+03
     13.190  0.4134E+01  0.2607E+03
     13.208  0.4177E+01  0.2607E+03
     13.226  0.4218E+01  0.2608E+03
     13.244  0.4255E+01  0.2609E+03
     13.263  0.4290E+01  0.2610E+03
     13.281  0.4322E+01  0.2611E+03
     13.299  0.4352E+01  0.2611E+03
     13.317  0.4385E+01  0.2612E+03
     13.335  0.4420E+01  0.2613E+03
     13.353  0.4460E+01  0.2614E+03
     13.371  0.4507E+01  0.2615E+03
     13.390  0.4559E+01  0.2615E+03
     13.408  0.4619E+01  0.2616E+03
     13.426  0.4690E+01  0.2617E+03
     13.444  0.4770E+01  0.2618E+03
     13.462  0.4861E+01  0.2619E+03
     13.480  0.4963E+01  0.2620E+03
     13.498  0.5075E+01  0.2621E+03
     13.516  0.5197E+01  0.2621E+03
     13.535  0.5329E+01  0.2622E+03
     13.553  0.5470E+01  0.2623E+03
     13.571  0.5617E+01  0.2624E+03
     13.589  0.5771E+01  0.2625E+03
     13.607  0.5932E+01  0.2627E+03
     13.625  0.6100E+01  0.2628E+03
     13.643  0.6274E+01  0.2629E+03
     13.662  0.6454E+01  0.2630E+03
     13.680  0.6642E+01  0.2631E+03
     13.698  0.6835E+01  0.2632E+03
     13.716  0.7036E+01  0.2634E+03
     13.734  0.7242E+01  0.2635E+03
     13.752  0.7456E+01  0.2636E+03
     13.770  0.7676E+01  0.2638E+03
     13.788  0.7903E+01  0.2639E+03
     13.807  0.8138E+01  0.2640E+03
     13.825  0.8382E+01  0.2642E+03
     13.843  0.8633E+01  0.2643E+03
     13.861  0.8892E+01  0.2645E+03
     13.879  0.9160E+01  0.2647E+03
     13.897  0.9436E+01  0.2648E+03
     13.915  0.9721E+01  0.2650E+03
     13.934  0.1001E+02  0.2652E+03
     13.952  0.1033E+02  0.2654E+03
     13.970  0.1066E+02  0.2656E+03
     13.988  0.1101E+02  0.2658E+03
     14.006  0.1138E+02  0.2660E+03
     14.024  0.1177E+02  0.2662E+03
     14.042  0.1218E+02  0.2664E+03
     14.060  0.1261E+02  0.2666E+03
     14.079  0.1313E+02  0.2668E+03
     14.097  0.1504E+02  0.2671E+03
     14.115  0.1754E+02  0.2674E+03
     14.133  0.1966E+02  0.2677E+03
     14.151  0.2136E+02  0.2681E+03
     14.169  0.2187E+02  0.2685E+03
     14.187  0.2167E+02  0.2689E+03
     14.206  0.2021E+02  0.2693E+03
     14.224  0.1911E+02  0.2696E+03
     14.242  0.1781E+02  0.2700E+03
     14.260  0.1863E+02  0.2703E+03
     14.278  0.2499E+02  0.2707E+03
     14.296  0.3485E+02  0.2712E+03
     14.314  0.3249E+02  0.2719E+03
     14.332  0.1651E+02  0.2723E+03
     14.351  0.2991E+02  0.2727E+03
     14.369  0.3234E+02  0.2733E+03
     14.387  0.1936E+02  0.2737E+03
     14.405  0.2173E+02  0.2741E+03
     14.423  0.3008E+02  0.2746E+03
     14.441  0.2285E+02  0.2751E+03
     14.459  0.1750E+02  0.2754E+03
     14.478  0.1499E+02  0.2757E+03
     14.496  0.1372E+02  0.2760E+03
     14.514  0.1292E+02  0.2762E+03
     14.532  0.1203E+02  0.2764E+03
     14.550  0.1099E+02  0.2767E+03
     14.568  0.9929E+01  0.2768E+03
     14.586  0.9410E+01  0.2770E+03
     14.605  0.9160E+01  0.2772E+03
     14.623  0.9039E+01  0.2774E+03
     14.641  0.9268E+01  0.2775E+03
     14.659  0.9629E+01  0.2777E+03
     14.677  0.9953E+01  0.2779E+03
     14.695  0.1024E+02  0.2780E+03
     14.713  0.1049E+02  0.2782E+03
     14.731  0.1084E+02  0.2784E+03
     14.750  0.1190E+02  0.2786E+03
     14.768  0.1299E+02  0.2789E+03
     14.786  0.1372E+02  0.2791E+03
     14.804  0.1411E+02  0.2794E+03
     14.822  0.1420E+02  0.2796E+03
     14.840  0.1403E+02  0.2799E+03
     14.858  0.1378E+02  0.2801E+03
     14.877  0.1351E+02  0.2804E+03
     14.895  0.1339E+02  0.2806E+03
     14.913  0.1349E+02  0.2809E+03
     14.931  0.1380E+02  0.2811E+03
     14.949  0.1434E+02  0.2814E+03
     14.967  0.1488E+02  0.2816E+03
     14.985  0.1511E+02  0.2819E+03
     15.003  0.1502E+02  0.2822E+03
     15.022  0.1469E+02  0.2824E+03
     15.040  0.1432E+02  0.2827E+03
     15.058  0.1391E+02  0.2830E+03
     15.076  0.1357E+02  0.2832E+03
     15.094  0.1347E+02  0.2835E+03
     15.112  0.1361E+02  0.2837E+03
     15.130  0.1390E+02  0.2839E+03
     15.149  0.1399E+02  0.2842E+03
     15.167  0.1382E+02  0.2845E+03
     15.185  0.1342E+02  0.2847E+03
     15.203  0.1300E+02  0.2849E+03
     15.221  0.1280E+02  0.2852E+03
     15.239  0.1289E+02  0.2854E+03
     15.257  0.1325E+02  0.2856E+03
     15.275  0.1352E+02  0.2859E+03
     15.294  0.1363E+02  0.2861E+03
     15.312  0.1399E+02  0.2864E+03
     15.330  0.1489E+02  0.2866E+03
     15.348  0.1606E+02  0.2869E+03
     15.366  0.1664E+02  0.2872E+03
     15.384  0.1678E+02  0.2875E+03
     15.402  0.1694E+02  0.2878E+03
     15.421  0.1714E+02  0.2881E+03
     15.439  0.1740E+02  0.2885E+03
     15.457  0.1773E+02  0.2888E+03
     15.475  0.1813E+02  0.2891E+03
     15.493  0.1861E+02  0.2894E+03
     15.511  0.1909E+02  0.2898E+03
     15.529  0.1920E+02  0.2901E+03
     15.547  0.1921E+02  0.2905E+03
     15.566  0.1918E+02  0.2908E+03
     15.584  0.1957E+02  0.2912E+03
     15.602  0.2076E+02  0.2915E+03
     15.620  0.2193E+02  0.2919E+03
     15.638  0.2177E+02  0.2923E+03
     15.656  0.2113E+02  0.2927E+03
     15.674  0.2057E+02  0.2931E+03
     15.693  0.1999E+02  0.2934E+03
     15.711  0.1911E+02  0.2938E+03
     15.729  0.1775E+02  0.2941E+03
     15.747  0.1631E+02  0.2944E+03
     15.765  0.1469E+02  0.2947E+03
     15.783  0.1463E+02  0.2950E+03
     15.801  0.1747E+02  0.2953E+03
     15.819  0.2069E+02  0.2956E+03
     15.838  0.2142E+02  0.2960E+03
     15.856  0.1971E+02  0.2964E+03
     15.874  0.1772E+02  0.2967E+03
     15.892  0.1556E+02  0.2970E+03
     15.910  0.1314E+02  0.2973E+03
     15.928  0.1052E+02  0.2975E+03
     15.946  0.9087E+01  0.2977E+03
     15.965  0.9350E+01  0.2978E+03
     15.983  0.1210E+02  0.2980E+03
     16.001  0.1610E+02  0.2983E+03
     16.019  0.2062E+02  0.2986E+03
     16.037  0.2449E+02  0.2990E+03
     16.055  0.2884E+02  0.2995E+03
     16.073  0.2915E+02  0.3001E+03
     16.091  0.2422E+02  0.3005E+03
     16.110  0.1824E+02  0.3009E+03
     16.128  0.1750E+02  0.3012E+03
     16.146  0.1735E+02  0.3016E+03
     16.164  0.1680E+02  0.3019E+03
     16.182  0.1897E+02  0.3022E+03
     16.200  0.2324E+02  0.3026E+03
     16.218  0.2626E+02  0.3030E+03
     16.237  0.1881E+02  0.3034E+03
     16.255  0.1247E+02  0.3037E+03
     16.273  0.7818E+01  0.3039E+03
     16.291  0.6088E+01  0.3040E+03
     16.309  0.6175E+01  0.3041E+03
     16.327  0.7914E+01  0.3043E+03
     16.345  0.1133E+02  0.3044E+03
     16.364  0.1570E+02  0.3047E+03
     16.382  0.2077E+02  0.3050E+03
     16.400  0.1929E+02  0.3054E+03
     16.418  0.1755E+02  0.3057E+03
     16.436  0.1512E+02  0.3060E+03
     16.454  0.1186E+02  0.3063E+03
     16.472  0.9696E+01  0.3064E+03
     16.490  0.1179E+02  0.3066E+03
     16.509  0.1359E+02  0.3069E+03
     16.527  0.1445E+02  0.3071E+03
     16.545  0.1474E+02  0.3074E+03
     16.563  0.1448E+02  0.3077E+03
     16.581  0.1385E+02  0.3079E+03
     16.599  0.1324E+02  0.3082E+03
     16.617  0.1277E+02  0.3084E+03
     16.636  0.1306E+02  0.3086E+03
     16.654  0.1476E+02  0.3089E+03
     16.672  0.1492E+02  0.3091E+03
     16.690  0.1386E+02  0.3094E+03
     16.708  0.1302E+02  0.3097E+03
     16.726  0.1295E+02  0.3099E+03
     16.744  0.1283E+02  0.3101E+03
     16.762  0.1328E+02  0.3104E+03
     16.781  0.1443E+02  0.3106E+03
     16.799  0.1511E+02  0.3109E+03
     16.817  0.1450E+02  0.3111E+03
     16.835  0.1373E+02  0.3114E+03
     16.853  0.1311E+02  0.3116E+03
     16.871  0.1266E+02  0.3119E+03
     16.889  0.1239E+02  0.3121E+03
     16.908  0.1228E+02  0.3123E+03
     16.926  0.1233E+02  0.3126E+03
     16.944  0.1239E+02  0.3128E+03
     16.962  0.1242E+02  0.3130E+03
     16.980  0.1243E+02  0.3132E+03
     16.998  0.1268E+02  0.3135E+03
     17.016  0.1356E+02  0.3137E+03
     17.034  0.1403E+02  0.3139E+03
     17.053  0.1418E+02  0.3142E+03
     17.071  0.1426E+02  0.3145E+03
     17.089  0.1418E+02  0.3147E+03
     17.107  0.1374E+02  0.3150E+03
     17.125  0.1289E+02  0.3152E+03
     17.143  0.1221E+02  0.3154E+03
     17.161  0.1176E+02  0.3157E+03
     17.180  0.1154E+02  0.3159E+03
     17.198  0.1148E+02  0.3161E+03
     17.216  0.1118E+02  0.3163E+03
     17.234  0.1084E+02  0.3165E+03
     17.252  0.1049E+02  0.3167E+03
     17.270  0.1012E+02  0.3169E+03
     17.288  0.9725E+01  0.3170E+03
     17.306  0.9251E+01  0.3172E+03
     17.325  0.8740E+01  0.3174E+03
     17.343  0.8575E+01  0.3175E+03
     17.361  0.8793E+01  0.3177E+03
     17.379  0.9218E+01  0.3179E+03
     17.397  0.9872E+01  0.3180E+03
     17.415  0.1083E+02  0.3182E+03
     17.433  0.1133E+02  0.3184E+03
     17.452  0.1315E+02  0.3186E+03
     17.470  0.1333E+02  0.3189E+03
     17.488  0.1183E+02  0.3191E+03
     17.506  0.1057E+02  0.3193E+03
     17.524  0.9546E+01  0.3195E+03
     17.542  0.8755E+01  0.3197E+03
     17.560  0.8184E+01  0.3198E+03
     17.578  0.7692E+01  0.3200E+03
     17.597  0.7337E+01  0.3201E+03
     17.615  0.7145E+01  0.3202E+03
     17.633  0.7119E+01  0.3204E+03
     17.651  0.7381E+01  0.3205E+03
     17.669  0.7974E+01  0.3206E+03
     17.687  0.8609E+01  0.3208E+03
     17.705  0.9049E+01  0.3209E+03
     17.724  0.9202E+01  0.3211E+03
     17.742  0.9067E+01  0.3213E+03
     17.760  0.8643E+01  0.3214E+03
     17.778  0.7932E+01  0.3216E+03
     17.796  0.6933E+01  0.3217E+03
     17.814  0.6023E+01  0.3218E+03
     17.832  0.4592E+01  0.3219E+03
     17.850  0.1299E+01  0.3220E+03
     17.869  0.1871E-01  0.3220E+03
     17.887  0.0000E+00  0.3220E+03
     17.905  0.0000E+00  0.3220E+03
     17.923  0.0000E+00  0.3220E+03
     17.941  0.0000E+00  0.3220E+03
     17.959  0.0000E+00  0.3220E+03
     17.977  0.0000E+00  0.3220E+03
     17.996  0.0000E+00  0.3220E+03
     18.014  0.0000E+00  0.3220E+03
     18.032  0.0000E+00  0.3220E+03
     18.050  0.0000E+00  0.3220E+03
     18.068  0.0000E+00  0.3220E+03
     18.086  0.0000E+00  0.3220E+03
     18.104  0.0000E+00  0.3220E+03
     18.122  0.0000E+00  0.3220E+03
     18.141  0.0000E+00  0.3220E+03
     18.159  0.0000E+00  0.3220E+03
     18.177  0.0000E+00  0.3220E+03
     18.195  0.0000E+00  0.3220E+03
     18.213  0.0000E+00  0.3220E+03
     18.231  0.0000E+00  0.3220E+03
     18.249  0.0000E+00  0.3220E+03
     18.268  0.0000E+00  0.3220E+03
     18.286  0.0000E+00  0.3220E+03
     18.304  0.0000E+00  0.3220E+03
     18.322  0.0000E+00  0.3220E+03
     18.340  0.0000E+00  0.3220E+03
     18.358  0.0000E+00  0.3220E+03
     18.376  0.0000E+00  0.3220E+03
     18.395  0.0000E+00  0.3220E+03
     18.413  0.0000E+00  0.3220E+03
     18.431  0.0000E+00  0.3220E+03
     18.449  0.0000E+00  0.3220E+03
     18.467  0.0000E+00  0.3220E+03
     18.485  0.0000E+00  0.3220E+03
     18.503  0.0000E+00  0.3220E+03
     18.521  0.0000E+00  0.3220E+03
     18.540  0.0000E+00  0.3220E+03
     18.558  0.0000E+00  0.3220E+03
     18.576  0.0000E+00  0.3220E+03
     18.594  0.0000E+00  0.3220E+03
     18.612  0.0000E+00  0.3220E+03
     18.630  0.0000E+00  0.3220E+03
     18.648  0.0000E+00  0.3220E+03
     18.667  0.0000E+00  0.3220E+03
     18.685  0.0000E+00  0.3220E+03
     18.703  0.0000E+00  0.3220E+03
     18.721  0.0000E+00  0.3220E+03
     18.739  0.0000E+00  0.3220E+03
     18.757  0.0000E+00  0.3220E+03
     18.775  0.0000E+00  0.3220E+03
     18.793  0.0000E+00  0.3220E+03
     18.812  0.0000E+00  0.3220E+03
     18.830  0.0000E+00  0.3220E+03
     18.848  0.0000E+00  0.3220E+03
     18.866  0.0000E+00  0.3220E+03
     18.884  0.0000E+00  0.3220E+03
     18.902  0.0000E+00  0.3220E+03
     18.920  0.0000E+00  0.3220E+03
     18.939  0.0000E+00  0.3220E+03
     18.957  0.0000E+00  0.3220E+03
     18.975  0.0000E+00  0.3220E+03
     18.993  0.0000E+00  0.3220E+03
     19.011  0.0000E+00  0.3220E+03
     19.029  0.0000E+00  0.3220E+03
     19.047  0.0000E+00  0.3220E+03
     19.065  0.0000E+00  0.3220E+03
     19.084  0.0000E+00  0.3220E+03
     19.102  0.0000E+00  0.3220E+03
     19.120  0.0000E+00  0.3220E+03
     19.138  0.0000E+00  0.3220E+03
     19.156  0.0000E+00  0.3220E+03
     19.174  0.0000E+00  0.3220E+03
     19.192  0.0000E+00  0.3220E+03
     19.211  0.0000E+00  0.3220E+03
     19.229  0.0000E+00  0.3220E+03
     19.247  0.0000E+00  0.3220E+03
     19.265  0.0000E+00  0.3220E+03
     19.283  0.0000E+00  0.3220E+03
     19.301  0.0000E+00  0.3220E+03
     19.319  0.0000E+00  0.3220E+03
     19.337  0.0000E+00  0.3220E+03
     19.356  0.0000E+00  0.3220E+03
     19.374  0.0000E+00  0.3220E+03
     19.392  0.0000E+00  0.3220E+03
     19.410  0.0000E+00  0.3220E+03
     19.428  0.0000E+00  0.3220E+03
     19.446  0.0000E+00  0.3220E+03
     19.464  0.0000E+00  0.3220E+03
     19.483  0.0000E+00  0.3220E+03
     19.501  0.0000E+00  0.3220E+03
     19.519  0.0000E+00  0.3220E+03

