 Energy DOS Integrated_DOS
    -16.815  0.0000E+00  0.0000E+00
    -16.797  0.0000E+00  0.0000E+00
    -16.778  0.0000E+00  0.0000E+00
    -16.760  0.0000E+00  0.0000E+00
    -16.742  0.0000E+00  0.0000E+00
    -16.724  0.0000E+00  0.0000E+00
    -16.706  0.0000E+00  0.0000E+00
    -16.687  0.0000E+00  0.0000E+00
    -16.669  0.0000E+00  0.0000E+00
    -16.651  0.0000E+00  0.0000E+00
    -16.633  0.0000E+00  0.0000E+00
    -16.615  0.0000E+00  0.0000E+00
    -16.597  0.0000E+00  0.0000E+00
    -16.578  0.0000E+00  0.0000E+00
    -16.560  0.0000E+00  0.0000E+00
    -16.542  0.0000E+00  0.0000E+00
    -16.524  0.0000E+00  0.0000E+00
    -16.506  0.0000E+00  0.0000E+00
    -16.487  0.0000E+00  0.0000E+00
    -16.469  0.0000E+00  0.0000E+00
    -16.451  0.0000E+00  0.0000E+00
    -16.433  0.0000E+00  0.0000E+00
    -16.415  0.0000E+00  0.0000E+00
    -16.397  0.0000E+00  0.0000E+00
    -16.378  0.0000E+00  0.0000E+00
    -16.360  0.0000E+00  0.0000E+00
    -16.342  0.0000E+00  0.0000E+00
    -16.324  0.0000E+00  0.0000E+00
    -16.306  0.0000E+00  0.0000E+00
    -16.287  0.0000E+00  0.0000E+00
    -16.269  0.0000E+00  0.0000E+00
    -16.251  0.0000E+00  0.0000E+00
    -16.233  0.0000E+00  0.0000E+00
    -16.215  0.0000E+00  0.0000E+00
    -16.196  0.0000E+00  0.0000E+00
    -16.178  0.0000E+00  0.0000E+00
    -16.160  0.0000E+00  0.0000E+00
    -16.142  0.0000E+00  0.0000E+00
    -16.124  0.0000E+00  0.0000E+00
    -16.106  0.0000E+00  0.0000E+00
    -16.087  0.0000E+00  0.0000E+00
    -16.069  0.0000E+00  0.0000E+00
    -16.051  0.0000E+00  0.0000E+00
    -16.033  0.0000E+00  0.0000E+00
    -16.015  0.0000E+00  0.0000E+00
    -15.996  0.0000E+00  0.0000E+00
    -15.978  0.0000E+00  0.0000E+00
    -15.960  0.0000E+00  0.0000E+00
    -15.942  0.0000E+00  0.0000E+00
    -15.924  0.0000E+00  0.0000E+00
    -15.906  0.0000E+00  0.0000E+00
    -15.887  0.0000E+00  0.0000E+00
    -15.869  0.0000E+00  0.0000E+00
    -15.851  0.0000E+00  0.0000E+00
    -15.833  0.0000E+00  0.0000E+00
    -15.815  0.0000E+00  0.0000E+00
    -15.796  0.0000E+00  0.0000E+00
    -15.778  0.0000E+00  0.0000E+00
    -15.760  0.0000E+00  0.0000E+00
    -15.742  0.0000E+00  0.0000E+00
    -15.724  0.0000E+00  0.0000E+00
    -15.705  0.0000E+00  0.0000E+00
    -15.687  0.0000E+00  0.0000E+00
    -15.669  0.0000E+00  0.0000E+00
    -15.651  0.0000E+00  0.0000E+00
    -15.633  0.0000E+00  0.0000E+00
    -15.615  0.0000E+00  0.0000E+00
    -15.596  0.0000E+00  0.0000E+00
    -15.578  0.0000E+00  0.0000E+00
    -15.560  0.0000E+00  0.0000E+00
    -15.542  0.0000E+00  0.0000E+00
    -15.524  0.0000E+00  0.0000E+00
    -15.505  0.0000E+00  0.0000E+00
    -15.487  0.0000E+00  0.0000E+00
    -15.469  0.0000E+00  0.0000E+00
    -15.451  0.0000E+00  0.0000E+00
    -15.433  0.0000E+00  0.0000E+00
    -15.415  0.0000E+00  0.0000E+00
    -15.396  0.0000E+00  0.0000E+00
    -15.378  0.0000E+00  0.0000E+00
    -15.360  0.0000E+00  0.0000E+00
    -15.342  0.0000E+00  0.0000E+00
    -15.324  0.0000E+00  0.0000E+00
    -15.305  0.0000E+00  0.0000E+00
    -15.287  0.0000E+00  0.0000E+00
    -15.269  0.0000E+00  0.0000E+00
    -15.251  0.0000E+00  0.0000E+00
    -15.233  0.0000E+00  0.0000E+00
    -15.215  0.0000E+00  0.0000E+00
    -15.196  0.0000E+00  0.0000E+00
    -15.178  0.0000E+00  0.0000E+00
    -15.160  0.1048E-02  0.8660E-06
    -15.142  0.7275E-01  0.5011E-03
    -15.124  0.2571E+00  0.3330E-02
    -15.105  0.5542E+00  0.1054E-01
    -15.087  0.9639E+00  0.2417E-01
    -15.069  0.1486E+01  0.4628E-01
    -15.051  0.2121E+01  0.7891E-01
    -15.033  0.2869E+01  0.1241E+00
    -15.014  0.3730E+01  0.1839E+00
    -14.996  0.4703E+01  0.2604E+00
    -14.978  0.5788E+01  0.3557E+00
    -14.960  0.6906E+01  0.4711E+00
    -14.942  0.7963E+01  0.6066E+00
    -14.924  0.8900E+01  0.7595E+00
    -14.905  0.1043E+02  0.9342E+00
    -14.887  0.1324E+02  0.1146E+01
    -14.869  0.1588E+02  0.1413E+01
    -14.851  0.1750E+02  0.1718E+01
    -14.833  0.1810E+02  0.2043E+01
    -14.814  0.1767E+02  0.2370E+01
    -14.796  0.1614E+02  0.2678E+01
    -14.778  0.1411E+02  0.2954E+01
    -14.760  0.1173E+02  0.3189E+01
    -14.742  0.9555E+01  0.3382E+01
    -14.724  0.8288E+01  0.3542E+01
    -14.705  0.8582E+01  0.3692E+01
    -14.687  0.9736E+01  0.3859E+01
    -14.669  0.1108E+02  0.4046E+01
    -14.651  0.1311E+02  0.4266E+01
    -14.633  0.1533E+02  0.4524E+01
    -14.614  0.1751E+02  0.4824E+01
    -14.596  0.1868E+02  0.5155E+01
    -14.578  0.1884E+02  0.5497E+01
    -14.560  0.1855E+02  0.5837E+01
    -14.542  0.1788E+02  0.6169E+01
    -14.523  0.1677E+02  0.6485E+01
    -14.505  0.1515E+02  0.6776E+01
    -14.487  0.1311E+02  0.7034E+01
    -14.469  0.1065E+02  0.7250E+01
    -14.451  0.9768E+01  0.7429E+01
    -14.433  0.1055E+02  0.7614E+01
    -14.414  0.1148E+02  0.7814E+01
    -14.396  0.1255E+02  0.8032E+01
    -14.378  0.1375E+02  0.8271E+01
    -14.360  0.1368E+02  0.8528E+01
    -14.342  0.1250E+02  0.8761E+01
    -14.323  0.1483E+02  0.9008E+01
    -14.305  0.1760E+02  0.9302E+01
    -14.287  0.3436E+02  0.9686E+01
    -14.269  0.5430E+02  0.1068E+02
    -14.251  0.1587E+02  0.1123E+02
    -14.233  0.2517E+02  0.1159E+02
    -14.214  0.3933E+02  0.1221E+02
    -14.196  0.1961E+02  0.1275E+02
    -14.178  0.1161E+02  0.1300E+02
    -14.160  0.1416E+02  0.1323E+02
    -14.142  0.3763E+02  0.1371E+02
    -14.123  0.6352E+02  0.1468E+02
    -14.105  0.4777E+02  0.1575E+02
    -14.087  0.3366E+02  0.1645E+02
    -14.069  0.3364E+02  0.1704E+02
    -14.051  0.3652E+02  0.1769E+02
    -14.032  0.3385E+02  0.1834E+02
    -14.014  0.2582E+02  0.1889E+02
    -13.996  0.5389E+02  0.1955E+02
    -13.978  0.4036E+02  0.2043E+02
    -13.960  0.3887E+02  0.2114E+02
    -13.942  0.4008E+02  0.2185E+02
    -13.923  0.3298E+02  0.2253E+02
    -13.905  0.2418E+02  0.2305E+02
    -13.887  0.1589E+02  0.2342E+02
    -13.869  0.8521E+01  0.2363E+02
    -13.851  0.2179E+02  0.2385E+02
    -13.832  0.3430E+02  0.2442E+02
    -13.814  0.3745E+02  0.2504E+02
    -13.796  0.5416E+02  0.2585E+02
    -13.778  0.6185E+02  0.2686E+02
    -13.760  0.5287E+02  0.2807E+02
    -13.742  0.6255E+02  0.2907E+02
    -13.723  0.7367E+02  0.3031E+02
    -13.705  0.8132E+02  0.3172E+02
    -13.687  0.8276E+02  0.3321E+02
    -13.669  0.8578E+02  0.3474E+02
    -13.651  0.9067E+02  0.3636E+02
    -13.632  0.1079E+03  0.3812E+02
    -13.614  0.7367E+02  0.3977E+02
    -13.596  0.7936E+02  0.4136E+02
    -13.578  0.2550E+02  0.4212E+02
    -13.560  0.9016E+02  0.4336E+02
    -13.541  0.8866E+02  0.4490E+02
    -13.523  0.9838E+02  0.4678E+02
    -13.505  0.7540E+02  0.4829E+02
    -13.487  0.8261E+02  0.4970E+02
    -13.469  0.1043E+03  0.5139E+02
    -13.451  0.8150E+02  0.5328E+02
    -13.432  0.4620E+02  0.5440E+02
    -13.414  0.7472E+02  0.5550E+02
    -13.396  0.1744E+03  0.5714E+02
    -13.378  0.7487E+02  0.5847E+02
    -13.360  0.5588E+02  0.5967E+02
    -13.341  0.5893E+02  0.6065E+02
    -13.323  0.3867E+02  0.6162E+02
    -13.305  0.4869E+01  0.6199E+02
    -13.287  0.0000E+00  0.6200E+02
    -13.269  0.0000E+00  0.6200E+02
    -13.251  0.0000E+00  0.6200E+02
    -13.232  0.0000E+00  0.6200E+02
    -13.214  0.0000E+00  0.6200E+02
    -13.196  0.0000E+00  0.6200E+02
    -13.178  0.0000E+00  0.6200E+02
    -13.160  0.0000E+00  0.6200E+02
    -13.141  0.0000E+00  0.6200E+02
    -13.123  0.0000E+00  0.6200E+02
    -13.105  0.0000E+00  0.6200E+02
    -13.087  0.0000E+00  0.6200E+02
    -13.069  0.0000E+00  0.6200E+02
    -13.051  0.0000E+00  0.6200E+02
    -13.032  0.0000E+00  0.6200E+02
    -13.014  0.0000E+00  0.6200E+02
    -12.996  0.0000E+00  0.6200E+02
    -12.978  0.0000E+00  0.6200E+02
    -12.960  0.0000E+00  0.6200E+02
    -12.941  0.0000E+00  0.6200E+02
    -12.923  0.0000E+00  0.6200E+02
    -12.905  0.0000E+00  0.6200E+02
    -12.887  0.0000E+00  0.6200E+02
    -12.869  0.0000E+00  0.6200E+02
    -12.850  0.0000E+00  0.6200E+02
    -12.832  0.0000E+00  0.6200E+02
    -12.814  0.0000E+00  0.6200E+02
    -12.796  0.0000E+00  0.6200E+02
    -12.778  0.0000E+00  0.6200E+02
    -12.760  0.0000E+00  0.6200E+02
    -12.741  0.0000E+00  0.6200E+02
    -12.723  0.0000E+00  0.6200E+02
    -12.705  0.0000E+00  0.6200E+02
    -12.687  0.0000E+00  0.6200E+02
    -12.669  0.0000E+00  0.6200E+02
    -12.650  0.0000E+00  0.6200E+02
    -12.632  0.0000E+00  0.6200E+02
    -12.614  0.0000E+00  0.6200E+02
    -12.596  0.0000E+00  0.6200E+02
    -12.578  0.0000E+00  0.6200E+02
    -12.560  0.0000E+00  0.6200E+02
    -12.541  0.0000E+00  0.6200E+02
    -12.523  0.0000E+00  0.6200E+02
    -12.505  0.0000E+00  0.6200E+02
    -12.487  0.0000E+00  0.6200E+02
    -12.469  0.0000E+00  0.6200E+02
    -12.450  0.0000E+00  0.6200E+02
    -12.432  0.0000E+00  0.6200E+02
    -12.414  0.0000E+00  0.6200E+02
    -12.396  0.0000E+00  0.6200E+02
    -12.378  0.0000E+00  0.6200E+02
    -12.359  0.0000E+00  0.6200E+02
    -12.341  0.0000E+00  0.6200E+02
    -12.323  0.0000E+00  0.6200E+02
    -12.305  0.0000E+00  0.6200E+02
    -12.287  0.0000E+00  0.6200E+02
    -12.269  0.0000E+00  0.6200E+02
    -12.250  0.0000E+00  0.6200E+02
    -12.232  0.0000E+00  0.6200E+02
    -12.214  0.0000E+00  0.6200E+02
    -12.196  0.0000E+00  0.6200E+02
    -12.178  0.0000E+00  0.6200E+02
    -12.159  0.0000E+00  0.6200E+02
    -12.141  0.0000E+00  0.6200E+02
    -12.123  0.0000E+00  0.6200E+02
    -12.105  0.0000E+00  0.6200E+02
    -12.087  0.0000E+00  0.6200E+02
    -12.069  0.0000E+00  0.6200E+02
    -12.050  0.0000E+00  0.6200E+02
    -12.032  0.0000E+00  0.6200E+02
    -12.014  0.0000E+00  0.6200E+02
    -11.996  0.0000E+00  0.6200E+02
    -11.978  0.0000E+00  0.6200E+02
    -11.959  0.0000E+00  0.6200E+02
    -11.941  0.0000E+00  0.6200E+02
    -11.923  0.0000E+00  0.6200E+02
    -11.905  0.0000E+00  0.6200E+02
    -11.887  0.0000E+00  0.6200E+02
    -11.868  0.0000E+00  0.6200E+02
    -11.850  0.0000E+00  0.6200E+02
    -11.832  0.0000E+00  0.6200E+02
    -11.814  0.0000E+00  0.6200E+02
    -11.796  0.0000E+00  0.6200E+02
    -11.778  0.0000E+00  0.6200E+02
    -11.759  0.0000E+00  0.6200E+02
    -11.741  0.0000E+00  0.6200E+02
    -11.723  0.0000E+00  0.6200E+02
    -11.705  0.0000E+00  0.6200E+02
    -11.687  0.0000E+00  0.6200E+02
    -11.668  0.0000E+00  0.6200E+02
    -11.650  0.0000E+00  0.6200E+02
    -11.632  0.0000E+00  0.6200E+02
    -11.614  0.0000E+00  0.6200E+02
    -11.596  0.0000E+00  0.6200E+02
    -11.578  0.0000E+00  0.6200E+02
    -11.559  0.0000E+00  0.6200E+02
    -11.541  0.0000E+00  0.6200E+02
    -11.523  0.0000E+00  0.6200E+02
    -11.505  0.0000E+00  0.6200E+02
    -11.487  0.0000E+00  0.6200E+02
    -11.468  0.0000E+00  0.6200E+02
    -11.450  0.0000E+00  0.6200E+02
    -11.432  0.0000E+00  0.6200E+02
    -11.414  0.0000E+00  0.6200E+02
    -11.396  0.0000E+00  0.6200E+02
    -11.378  0.0000E+00  0.6200E+02
    -11.359  0.0000E+00  0.6200E+02
    -11.341  0.0000E+00  0.6200E+02
    -11.323  0.0000E+00  0.6200E+02
    -11.305  0.0000E+00  0.6200E+02
    -11.287  0.0000E+00  0.6200E+02
    -11.268  0.0000E+00  0.6200E+02
    -11.250  0.0000E+00  0.6200E+02
    -11.232  0.0000E+00  0.6200E+02
    -11.214  0.0000E+00  0.6200E+02
    -11.196  0.0000E+00  0.6200E+02
    -11.177  0.0000E+00  0.6200E+02
    -11.159  0.0000E+00  0.6200E+02
    -11.141  0.0000E+00  0.6200E+02
    -11.123  0.0000E+00  0.6200E+02
    -11.105  0.0000E+00  0.6200E+02
    -11.087  0.0000E+00  0.6200E+02
    -11.068  0.0000E+00  0.6200E+02
    -11.050  0.0000E+00  0.6200E+02
    -11.032  0.0000E+00  0.6200E+02
    -11.014  0.0000E+00  0.6200E+02
    -10.996  0.0000E+00  0.6200E+02
    -10.977  0.0000E+00  0.6200E+02
    -10.959  0.0000E+00  0.6200E+02
    -10.941  0.0000E+00  0.6200E+02
    -10.923  0.0000E+00  0.6200E+02
    -10.905  0.0000E+00  0.6200E+02
    -10.887  0.0000E+00  0.6200E+02
    -10.868  0.0000E+00  0.6200E+02
    -10.850  0.0000E+00  0.6200E+02
    -10.832  0.0000E+00  0.6200E+02
    -10.814  0.0000E+00  0.6200E+02
    -10.796  0.0000E+00  0.6200E+02
    -10.777  0.0000E+00  0.6200E+02
    -10.759  0.0000E+00  0.6200E+02
    -10.741  0.0000E+00  0.6200E+02
    -10.723  0.0000E+00  0.6200E+02
    -10.705  0.0000E+00  0.6200E+02
    -10.686  0.0000E+00  0.6200E+02
    -10.668  0.0000E+00  0.6200E+02
    -10.650  0.0000E+00  0.6200E+02
    -10.632  0.0000E+00  0.6200E+02
    -10.614  0.0000E+00  0.6200E+02
    -10.596  0.0000E+00  0.6200E+02
    -10.577  0.0000E+00  0.6200E+02
    -10.559  0.0000E+00  0.6200E+02
    -10.541  0.0000E+00  0.6200E+02
    -10.523  0.0000E+00  0.6200E+02
    -10.505  0.0000E+00  0.6200E+02
    -10.486  0.0000E+00  0.6200E+02
    -10.468  0.0000E+00  0.6200E+02
    -10.450  0.0000E+00  0.6200E+02
    -10.432  0.0000E+00  0.6200E+02
    -10.414  0.0000E+00  0.6200E+02
    -10.396  0.0000E+00  0.6200E+02
    -10.377  0.0000E+00  0.6200E+02
    -10.359  0.0000E+00  0.6200E+02
    -10.341  0.0000E+00  0.6200E+02
    -10.323  0.0000E+00  0.6200E+02
    -10.305  0.0000E+00  0.6200E+02
    -10.286  0.0000E+00  0.6200E+02
    -10.268  0.0000E+00  0.6200E+02
    -10.250  0.0000E+00  0.6200E+02
    -10.232  0.0000E+00  0.6200E+02
    -10.214  0.0000E+00  0.6200E+02
    -10.195  0.0000E+00  0.6200E+02
    -10.177  0.0000E+00  0.6200E+02
    -10.159  0.0000E+00  0.6200E+02
    -10.141  0.0000E+00  0.6200E+02
    -10.123  0.0000E+00  0.6200E+02
    -10.105  0.0000E+00  0.6200E+02
    -10.086  0.0000E+00  0.6200E+02
    -10.068  0.0000E+00  0.6200E+02
    -10.050  0.0000E+00  0.6200E+02
    -10.032  0.0000E+00  0.6200E+02
    -10.014  0.0000E+00  0.6200E+02
     -9.995  0.0000E+00  0.6200E+02
     -9.977  0.0000E+00  0.6200E+02
     -9.959  0.0000E+00  0.6200E+02
     -9.941  0.0000E+00  0.6200E+02
     -9.923  0.0000E+00  0.6200E+02
     -9.905  0.0000E+00  0.6200E+02
     -9.886  0.0000E+00  0.6200E+02
     -9.868  0.0000E+00  0.6200E+02
     -9.850  0.0000E+00  0.6200E+02
     -9.832  0.0000E+00  0.6200E+02
     -9.814  0.0000E+00  0.6200E+02
     -9.795  0.0000E+00  0.6200E+02
     -9.777  0.0000E+00  0.6200E+02
     -9.759  0.0000E+00  0.6200E+02
     -9.741  0.0000E+00  0.6200E+02
     -9.723  0.0000E+00  0.6200E+02
     -9.705  0.0000E+00  0.6200E+02
     -9.686  0.0000E+00  0.6200E+02
     -9.668  0.0000E+00  0.6200E+02
     -9.650  0.0000E+00  0.6200E+02
     -9.632  0.0000E+00  0.6200E+02
     -9.614  0.0000E+00  0.6200E+02
     -9.595  0.0000E+00  0.6200E+02
     -9.577  0.0000E+00  0.6200E+02
     -9.559  0.0000E+00  0.6200E+02
     -9.541  0.0000E+00  0.6200E+02
     -9.523  0.0000E+00  0.6200E+02
     -9.504  0.0000E+00  0.6200E+02
     -9.486  0.0000E+00  0.6200E+02
     -9.468  0.0000E+00  0.6200E+02
     -9.450  0.0000E+00  0.6200E+02
     -9.432  0.0000E+00  0.6200E+02
     -9.414  0.0000E+00  0.6200E+02
     -9.395  0.0000E+00  0.6200E+02
     -9.377  0.0000E+00  0.6200E+02
     -9.359  0.0000E+00  0.6200E+02
     -9.341  0.0000E+00  0.6200E+02
     -9.323  0.0000E+00  0.6200E+02
     -9.304  0.0000E+00  0.6200E+02
     -9.286  0.0000E+00  0.6200E+02
     -9.268  0.0000E+00  0.6200E+02
     -9.250  0.0000E+00  0.6200E+02
     -9.232  0.0000E+00  0.6200E+02
     -9.214  0.0000E+00  0.6200E+02
     -9.195  0.0000E+00  0.6200E+02
     -9.177  0.0000E+00  0.6200E+02
     -9.159  0.0000E+00  0.6200E+02
     -9.141  0.0000E+00  0.6200E+02
     -9.123  0.0000E+00  0.6200E+02
     -9.104  0.0000E+00  0.6200E+02
     -9.086  0.0000E+00  0.6200E+02
     -9.068  0.0000E+00  0.6200E+02
     -9.050  0.0000E+00  0.6200E+02
     -9.032  0.0000E+00  0.6200E+02
     -9.013  0.0000E+00  0.6200E+02
     -8.995  0.0000E+00  0.6200E+02
     -8.977  0.0000E+00  0.6200E+02
     -8.959  0.0000E+00  0.6200E+02
     -8.941  0.0000E+00  0.6200E+02
     -8.923  0.0000E+00  0.6200E+02
     -8.904  0.0000E+00  0.6200E+02
     -8.886  0.0000E+00  0.6200E+02
     -8.868  0.0000E+00  0.6200E+02
     -8.850  0.0000E+00  0.6200E+02
     -8.832  0.0000E+00  0.6200E+02
     -8.813  0.0000E+00  0.6200E+02
     -8.795  0.0000E+00  0.6200E+02
     -8.777  0.0000E+00  0.6200E+02
     -8.759  0.0000E+00  0.6200E+02
     -8.741  0.0000E+00  0.6200E+02
     -8.723  0.0000E+00  0.6200E+02
     -8.704  0.0000E+00  0.6200E+02
     -8.686  0.0000E+00  0.6200E+02
     -8.668  0.0000E+00  0.6200E+02
     -8.650  0.0000E+00  0.6200E+02
     -8.632  0.0000E+00  0.6200E+02
     -8.613  0.0000E+00  0.6200E+02
     -8.595  0.0000E+00  0.6200E+02
     -8.577  0.0000E+00  0.6200E+02
     -8.559  0.0000E+00  0.6200E+02
     -8.541  0.0000E+00  0.6200E+02
     -8.522  0.0000E+00  0.6200E+02
     -8.504  0.0000E+00  0.6200E+02
     -8.486  0.0000E+00  0.6200E+02
     -8.468  0.0000E+00  0.6200E+02
     -8.450  0.0000E+00  0.6200E+02
     -8.432  0.0000E+00  0.6200E+02
     -8.413  0.0000E+00  0.6200E+02
     -8.395  0.0000E+00  0.6200E+02
     -8.377  0.0000E+00  0.6200E+02
     -8.359  0.0000E+00  0.6200E+02
     -8.341  0.0000E+00  0.6200E+02
     -8.322  0.0000E+00  0.6200E+02
     -8.304  0.0000E+00  0.6200E+02
     -8.286  0.0000E+00  0.6200E+02
     -8.268  0.0000E+00  0.6200E+02
     -8.250  0.0000E+00  0.6200E+02
     -8.232  0.0000E+00  0.6200E+02
     -8.213  0.0000E+00  0.6200E+02
     -8.195  0.0000E+00  0.6200E+02
     -8.177  0.0000E+00  0.6200E+02
     -8.159  0.0000E+00  0.6200E+02
     -8.141  0.0000E+00  0.6200E+02
     -8.122  0.0000E+00  0.6200E+02
     -8.104  0.0000E+00  0.6200E+02
     -8.086  0.0000E+00  0.6200E+02
     -8.068  0.0000E+00  0.6200E+02
     -8.050  0.0000E+00  0.6200E+02
     -8.031  0.0000E+00  0.6200E+02
     -8.013  0.0000E+00  0.6200E+02
     -7.995  0.0000E+00  0.6200E+02
     -7.977  0.0000E+00  0.6200E+02
     -7.959  0.0000E+00  0.6200E+02
     -7.941  0.0000E+00  0.6200E+02
     -7.922  0.0000E+00  0.6200E+02
     -7.904  0.0000E+00  0.6200E+02
     -7.886  0.0000E+00  0.6200E+02
     -7.868  0.0000E+00  0.6200E+02
     -7.850  0.0000E+00  0.6200E+02
     -7.831  0.0000E+00  0.6200E+02
     -7.813  0.0000E+00  0.6200E+02
     -7.795  0.0000E+00  0.6200E+02
     -7.777  0.0000E+00  0.6200E+02
     -7.759  0.0000E+00  0.6200E+02
     -7.741  0.0000E+00  0.6200E+02
     -7.722  0.0000E+00  0.6200E+02
     -7.704  0.0000E+00  0.6200E+02
     -7.686  0.0000E+00  0.6200E+02
     -7.668  0.0000E+00  0.6200E+02
     -7.650  0.0000E+00  0.6200E+02
     -7.631  0.0000E+00  0.6200E+02
     -7.613  0.0000E+00  0.6200E+02
     -7.595  0.0000E+00  0.6200E+02
     -7.577  0.0000E+00  0.6200E+02
     -7.559  0.0000E+00  0.6200E+02
     -7.541  0.0000E+00  0.6200E+02
     -7.522  0.0000E+00  0.6200E+02
     -7.504  0.0000E+00  0.6200E+02
     -7.486  0.0000E+00  0.6200E+02
     -7.468  0.0000E+00  0.6200E+02
     -7.450  0.0000E+00  0.6200E+02
     -7.431  0.0000E+00  0.6200E+02
     -7.413  0.0000E+00  0.6200E+02
     -7.395  0.0000E+00  0.6200E+02
     -7.377  0.0000E+00  0.6200E+02
     -7.359  0.0000E+00  0.6200E+02
     -7.340  0.0000E+00  0.6200E+02
     -7.322  0.0000E+00  0.6200E+02
     -7.304  0.0000E+00  0.6200E+02
     -7.286  0.0000E+00  0.6200E+02
     -7.268  0.0000E+00  0.6200E+02
     -7.250  0.0000E+00  0.6200E+02
     -7.231  0.0000E+00  0.6200E+02
     -7.213  0.0000E+00  0.6200E+02
     -7.195  0.0000E+00  0.6200E+02
     -7.177  0.0000E+00  0.6200E+02
     -7.159  0.0000E+00  0.6200E+02
     -7.140  0.0000E+00  0.6200E+02
     -7.122  0.0000E+00  0.6200E+02
     -7.104  0.0000E+00  0.6200E+02
     -7.086  0.0000E+00  0.6200E+02
     -7.068  0.0000E+00  0.6200E+02
     -7.050  0.0000E+00  0.6200E+02
     -7.031  0.0000E+00  0.6200E+02
     -7.013  0.0000E+00  0.6200E+02
     -6.995  0.0000E+00  0.6200E+02
     -6.977  0.0000E+00  0.6200E+02
     -6.959  0.0000E+00  0.6200E+02
     -6.940  0.0000E+00  0.6200E+02
     -6.922  0.0000E+00  0.6200E+02
     -6.904  0.0000E+00  0.6200E+02
     -6.886  0.0000E+00  0.6200E+02
     -6.868  0.0000E+00  0.6200E+02
     -6.849  0.0000E+00  0.6200E+02
     -6.831  0.0000E+00  0.6200E+02
     -6.813  0.0000E+00  0.6200E+02
     -6.795  0.0000E+00  0.6200E+02
     -6.777  0.0000E+00  0.6200E+02
     -6.759  0.0000E+00  0.6200E+02
     -6.740  0.0000E+00  0.6200E+02
     -6.722  0.0000E+00  0.6200E+02
     -6.704  0.0000E+00  0.6200E+02
     -6.686  0.0000E+00  0.6200E+02
     -6.668  0.0000E+00  0.6200E+02
     -6.649  0.0000E+00  0.6200E+02
     -6.631  0.0000E+00  0.6200E+02
     -6.613  0.0000E+00  0.6200E+02
     -6.595  0.0000E+00  0.6200E+02
     -6.577  0.0000E+00  0.6200E+02
     -6.559  0.0000E+00  0.6200E+02
     -6.540  0.0000E+00  0.6200E+02
     -6.522  0.0000E+00  0.6200E+02
     -6.504  0.0000E+00  0.6200E+02
     -6.486  0.0000E+00  0.6200E+02
     -6.468  0.0000E+00  0.6200E+02
     -6.449  0.0000E+00  0.6200E+02
     -6.431  0.0000E+00  0.6200E+02
     -6.413  0.0000E+00  0.6200E+02
     -6.395  0.0000E+00  0.6200E+02
     -6.377  0.0000E+00  0.6200E+02
     -6.358  0.0000E+00  0.6200E+02
     -6.340  0.0000E+00  0.6200E+02
     -6.322  0.0000E+00  0.6200E+02
     -6.304  0.0000E+00  0.6200E+02
     -6.286  0.0000E+00  0.6200E+02
     -6.268  0.0000E+00  0.6200E+02
     -6.249  0.0000E+00  0.6200E+02
     -6.231  0.0000E+00  0.6200E+02
     -6.213  0.0000E+00  0.6200E+02
     -6.195  0.0000E+00  0.6200E+02
     -6.177  0.0000E+00  0.6200E+02
     -6.158  0.0000E+00  0.6200E+02
     -6.140  0.0000E+00  0.6200E+02
     -6.122  0.0000E+00  0.6200E+02
     -6.104  0.0000E+00  0.6200E+02
     -6.086  0.0000E+00  0.6200E+02
     -6.068  0.0000E+00  0.6200E+02
     -6.049  0.0000E+00  0.6200E+02
     -6.031  0.0000E+00  0.6200E+02
     -6.013  0.0000E+00  0.6200E+02
     -5.995  0.0000E+00  0.6200E+02
     -5.977  0.0000E+00  0.6200E+02
     -5.958  0.0000E+00  0.6200E+02
     -5.940  0.0000E+00  0.6200E+02
     -5.922  0.0000E+00  0.6200E+02
     -5.904  0.0000E+00  0.6200E+02
     -5.886  0.0000E+00  0.6200E+02
     -5.868  0.0000E+00  0.6200E+02
     -5.849  0.0000E+00  0.6200E+02
     -5.831  0.0000E+00  0.6200E+02
     -5.813  0.0000E+00  0.6200E+02
     -5.795  0.0000E+00  0.6200E+02
     -5.777  0.0000E+00  0.6200E+02
     -5.758  0.0000E+00  0.6200E+02
     -5.740  0.0000E+00  0.6200E+02
     -5.722  0.0000E+00  0.6200E+02
     -5.704  0.0000E+00  0.6200E+02
     -5.686  0.0000E+00  0.6200E+02
     -5.667  0.0000E+00  0.6200E+02
     -5.649  0.0000E+00  0.6200E+02
     -5.631  0.0000E+00  0.6200E+02
     -5.613  0.0000E+00  0.6200E+02
     -5.595  0.0000E+00  0.6200E+02
     -5.577  0.0000E+00  0.6200E+02
     -5.558  0.0000E+00  0.6200E+02
     -5.540  0.0000E+00  0.6200E+02
     -5.522  0.0000E+00  0.6200E+02
     -5.504  0.0000E+00  0.6200E+02
     -5.486  0.0000E+00  0.6200E+02
     -5.467  0.0000E+00  0.6200E+02
     -5.449  0.0000E+00  0.6200E+02
     -5.431  0.0000E+00  0.6200E+02
     -5.413  0.0000E+00  0.6200E+02
     -5.395  0.0000E+00  0.6200E+02
     -5.377  0.0000E+00  0.6200E+02
     -5.358  0.0000E+00  0.6200E+02
     -5.340  0.0000E+00  0.6200E+02
     -5.322  0.0000E+00  0.6200E+02
     -5.304  0.0000E+00  0.6200E+02
     -5.286  0.0000E+00  0.6200E+02
     -5.267  0.0000E+00  0.6200E+02
     -5.249  0.0000E+00  0.6200E+02
     -5.231  0.0000E+00  0.6200E+02
     -5.213  0.0000E+00  0.6200E+02
     -5.195  0.0000E+00  0.6200E+02
     -5.176  0.0000E+00  0.6200E+02
     -5.158  0.0000E+00  0.6200E+02
     -5.140  0.0000E+00  0.6200E+02
     -5.122  0.0000E+00  0.6200E+02
     -5.104  0.0000E+00  0.6200E+02
     -5.086  0.0000E+00  0.6200E+02
     -5.067  0.0000E+00  0.6200E+02
     -5.049  0.0000E+00  0.6200E+02
     -5.031  0.0000E+00  0.6200E+02
     -5.013  0.0000E+00  0.6200E+02
     -4.995  0.0000E+00  0.6200E+02
     -4.976  0.0000E+00  0.6200E+02
     -4.958  0.0000E+00  0.6200E+02
     -4.940  0.0000E+00  0.6200E+02
     -4.922  0.0000E+00  0.6200E+02
     -4.904  0.0000E+00  0.6200E+02
     -4.886  0.0000E+00  0.6200E+02
     -4.867  0.0000E+00  0.6200E+02
     -4.849  0.0000E+00  0.6200E+02
     -4.831  0.0000E+00  0.6200E+02
     -4.813  0.0000E+00  0.6200E+02
     -4.795  0.0000E+00  0.6200E+02
     -4.776  0.0000E+00  0.6200E+02
     -4.758  0.0000E+00  0.6200E+02
     -4.740  0.0000E+00  0.6200E+02
     -4.722  0.0000E+00  0.6200E+02
     -4.704  0.0000E+00  0.6200E+02
     -4.685  0.0000E+00  0.6200E+02
     -4.667  0.0000E+00  0.6200E+02
     -4.649  0.0000E+00  0.6200E+02
     -4.631  0.0000E+00  0.6200E+02
     -4.613  0.0000E+00  0.6200E+02
     -4.595  0.0000E+00  0.6200E+02
     -4.576  0.0000E+00  0.6200E+02
     -4.558  0.0000E+00  0.6200E+02
     -4.540  0.0000E+00  0.6200E+02
     -4.522  0.0000E+00  0.6200E+02
     -4.504  0.0000E+00  0.6200E+02
     -4.485  0.0000E+00  0.6200E+02
     -4.467  0.0000E+00  0.6200E+02
     -4.449  0.0000E+00  0.6200E+02
     -4.431  0.0000E+00  0.6200E+02
     -4.413  0.0000E+00  0.6200E+02
     -4.395  0.0000E+00  0.6200E+02
     -4.376  0.0000E+00  0.6200E+02
     -4.358  0.0000E+00  0.6200E+02
     -4.340  0.0000E+00  0.6200E+02
     -4.322  0.0000E+00  0.6200E+02
     -4.304  0.0000E+00  0.6200E+02
     -4.285  0.0000E+00  0.6200E+02
     -4.267  0.0000E+00  0.6200E+02
     -4.249  0.0000E+00  0.6200E+02
     -4.231  0.0000E+00  0.6200E+02
     -4.213  0.0000E+00  0.6200E+02
     -4.194  0.0000E+00  0.6200E+02
     -4.176  0.0000E+00  0.6200E+02
     -4.158  0.0000E+00  0.6200E+02
     -4.140  0.0000E+00  0.6200E+02
     -4.122  0.0000E+00  0.6200E+02
     -4.104  0.0000E+00  0.6200E+02
     -4.085  0.0000E+00  0.6200E+02
     -4.067  0.0000E+00  0.6200E+02
     -4.049  0.0000E+00  0.6200E+02
     -4.031  0.0000E+00  0.6200E+02
     -4.013  0.0000E+00  0.6200E+02
     -3.994  0.0000E+00  0.6200E+02
     -3.976  0.0000E+00  0.6200E+02
     -3.958  0.0000E+00  0.6200E+02
     -3.940  0.0000E+00  0.6200E+02
     -3.922  0.0000E+00  0.6200E+02
     -3.904  0.0000E+00  0.6200E+02
     -3.885  0.0000E+00  0.6200E+02
     -3.867  0.0000E+00  0.6200E+02
     -3.849  0.0000E+00  0.6200E+02
     -3.831  0.0000E+00  0.6200E+02
     -3.813  0.0000E+00  0.6200E+02
     -3.794  0.0000E+00  0.6200E+02
     -3.776  0.0000E+00  0.6200E+02
     -3.758  0.0000E+00  0.6200E+02
     -3.740  0.0000E+00  0.6200E+02
     -3.722  0.0000E+00  0.6200E+02
     -3.704  0.0000E+00  0.6200E+02
     -3.685  0.0000E+00  0.6200E+02
     -3.667  0.0000E+00  0.6200E+02
     -3.649  0.0000E+00  0.6200E+02
     -3.631  0.0000E+00  0.6200E+02
     -3.613  0.0000E+00  0.6200E+02
     -3.594  0.0000E+00  0.6200E+02
     -3.576  0.0000E+00  0.6200E+02
     -3.558  0.0000E+00  0.6200E+02
     -3.540  0.0000E+00  0.6200E+02
     -3.522  0.0000E+00  0.6200E+02
     -3.503  0.0000E+00  0.6200E+02
     -3.485  0.0000E+00  0.6200E+02
     -3.467  0.0000E+00  0.6200E+02
     -3.449  0.0000E+00  0.6200E+02
     -3.431  0.0000E+00  0.6200E+02
     -3.413  0.0000E+00  0.6200E+02
     -3.394  0.0000E+00  0.6200E+02
     -3.376  0.0000E+00  0.6200E+02
     -3.358  0.0000E+00  0.6200E+02
     -3.340  0.0000E+00  0.6200E+02
     -3.322  0.0000E+00  0.6200E+02
     -3.303  0.0000E+00  0.6200E+02
     -3.285  0.0000E+00  0.6200E+02
     -3.267  0.0000E+00  0.6200E+02
     -3.249  0.0000E+00  0.6200E+02
     -3.231  0.0000E+00  0.6200E+02
     -3.213  0.0000E+00  0.6200E+02
     -3.194  0.0000E+00  0.6200E+02
     -3.176  0.0000E+00  0.6200E+02
     -3.158  0.0000E+00  0.6200E+02
     -3.140  0.0000E+00  0.6200E+02
     -3.122  0.0000E+00  0.6200E+02
     -3.103  0.0000E+00  0.6200E+02
     -3.085  0.0000E+00  0.6200E+02
     -3.067  0.0000E+00  0.6200E+02
     -3.049  0.0000E+00  0.6200E+02
     -3.031  0.0000E+00  0.6200E+02
     -3.012  0.0000E+00  0.6200E+02
     -2.994  0.0000E+00  0.6200E+02
     -2.976  0.0000E+00  0.6200E+02
     -2.958  0.0000E+00  0.6200E+02
     -2.940  0.0000E+00  0.6200E+02
     -2.922  0.0000E+00  0.6200E+02
     -2.903  0.0000E+00  0.6200E+02
     -2.885  0.0000E+00  0.6200E+02
     -2.867  0.0000E+00  0.6200E+02
     -2.849  0.0000E+00  0.6200E+02
     -2.831  0.0000E+00  0.6200E+02
     -2.812  0.0000E+00  0.6200E+02
     -2.794  0.0000E+00  0.6200E+02
     -2.776  0.0000E+00  0.6200E+02
     -2.758  0.0000E+00  0.6200E+02
     -2.740  0.0000E+00  0.6200E+02
     -2.722  0.0000E+00  0.6200E+02
     -2.703  0.0000E+00  0.6200E+02
     -2.685  0.0000E+00  0.6200E+02
     -2.667  0.0000E+00  0.6200E+02
     -2.649  0.0000E+00  0.6200E+02
     -2.631  0.0000E+00  0.6200E+02
     -2.612  0.0000E+00  0.6200E+02
     -2.594  0.0000E+00  0.6200E+02
     -2.576  0.0000E+00  0.6200E+02
     -2.558  0.0000E+00  0.6200E+02
     -2.540  0.0000E+00  0.6200E+02
     -2.521  0.0000E+00  0.6200E+02
     -2.503  0.0000E+00  0.6200E+02
     -2.485  0.0000E+00  0.6200E+02
     -2.467  0.0000E+00  0.6200E+02
     -2.449  0.0000E+00  0.6200E+02
     -2.431  0.0000E+00  0.6200E+02
     -2.412  0.0000E+00  0.6200E+02
     -2.394  0.0000E+00  0.6200E+02
     -2.376  0.0000E+00  0.6200E+02
     -2.358  0.0000E+00  0.6200E+02
     -2.340  0.0000E+00  0.6200E+02
     -2.321  0.0000E+00  0.6200E+02
     -2.303  0.0000E+00  0.6200E+02
     -2.285  0.0000E+00  0.6200E+02
     -2.267  0.0000E+00  0.6200E+02
     -2.249  0.0000E+00  0.6200E+02
     -2.231  0.0000E+00  0.6200E+02
     -2.212  0.0000E+00  0.6200E+02
     -2.194  0.0000E+00  0.6200E+02
     -2.176  0.0000E+00  0.6200E+02
     -2.158  0.0000E+00  0.6200E+02
     -2.140  0.0000E+00  0.6200E+02
     -2.121  0.0000E+00  0.6200E+02
     -2.103  0.0000E+00  0.6200E+02
     -2.085  0.0000E+00  0.6200E+02
     -2.067  0.0000E+00  0.6200E+02
     -2.049  0.0000E+00  0.6200E+02
     -2.031  0.0000E+00  0.6200E+02
     -2.012  0.0000E+00  0.6200E+02
     -1.994  0.0000E+00  0.6200E+02
     -1.976  0.0000E+00  0.6200E+02
     -1.958  0.0000E+00  0.6200E+02
     -1.940  0.0000E+00  0.6200E+02
     -1.921  0.0000E+00  0.6200E+02
     -1.903  0.0000E+00  0.6200E+02
     -1.885  0.0000E+00  0.6200E+02
     -1.867  0.0000E+00  0.6200E+02
     -1.849  0.0000E+00  0.6200E+02
     -1.830  0.0000E+00  0.6200E+02
     -1.812  0.0000E+00  0.6200E+02
     -1.794  0.0000E+00  0.6200E+02
     -1.776  0.0000E+00  0.6200E+02
     -1.758  0.0000E+00  0.6200E+02
     -1.740  0.0000E+00  0.6200E+02
     -1.721  0.0000E+00  0.6200E+02
     -1.703  0.0000E+00  0.6200E+02
     -1.685  0.0000E+00  0.6200E+02
     -1.667  0.0000E+00  0.6200E+02
     -1.649  0.0000E+00  0.6200E+02
     -1.630  0.0000E+00  0.6200E+02
     -1.612  0.0000E+00  0.6200E+02
     -1.594  0.0000E+00  0.6200E+02
     -1.576  0.0000E+00  0.6200E+02
     -1.558  0.0000E+00  0.6200E+02
     -1.540  0.0000E+00  0.6200E+02
     -1.521  0.0000E+00  0.6200E+02
     -1.503  0.0000E+00  0.6200E+02
     -1.485  0.0000E+00  0.6200E+02
     -1.467  0.0000E+00  0.6200E+02
     -1.449  0.0000E+00  0.6200E+02
     -1.430  0.0000E+00  0.6200E+02
     -1.412  0.0000E+00  0.6200E+02
     -1.394  0.0000E+00  0.6200E+02
     -1.376  0.0000E+00  0.6200E+02
     -1.358  0.0000E+00  0.6200E+02
     -1.339  0.0000E+00  0.6200E+02
     -1.321  0.0000E+00  0.6200E+02
     -1.303  0.0000E+00  0.6200E+02
     -1.285  0.0000E+00  0.6200E+02
     -1.267  0.6813E-02  0.6200E+02
     -1.249  0.3707E-01  0.6200E+02
     -1.230  0.9153E-01  0.6200E+02
     -1.212  0.1723E+00  0.6200E+02
     -1.194  0.2943E+00  0.6201E+02
     -1.176  0.4756E+00  0.6201E+02
     -1.158  0.7325E+00  0.6203E+02
     -1.139  0.1066E+01  0.6204E+02
     -1.121  0.1477E+01  0.6207E+02
     -1.103  0.1965E+01  0.6210E+02
     -1.085  0.2529E+01  0.6214E+02
     -1.067  0.3171E+01  0.6219E+02
     -1.049  0.3890E+01  0.6225E+02
     -1.030  0.4685E+01  0.6233E+02
     -1.012  0.5558E+01  0.6242E+02
     -0.994  0.6507E+01  0.6253E+02
     -0.976  0.7534E+01  0.6266E+02
     -0.958  0.8689E+01  0.6281E+02
     -0.939  0.9922E+01  0.6298E+02
     -0.921  0.1122E+02  0.6317E+02
     -0.903  0.1257E+02  0.6339E+02
     -0.885  0.1399E+02  0.6363E+02
     -0.867  0.1538E+02  0.6389E+02
     -0.848  0.1675E+02  0.6419E+02
     -0.830  0.1822E+02  0.6450E+02
     -0.812  0.1981E+02  0.6485E+02
     -0.794  0.2160E+02  0.6522E+02
     -0.776  0.2527E+02  0.6565E+02
     -0.758  0.2918E+02  0.6614E+02
     -0.739  0.3585E+02  0.6673E+02
     -0.721  0.4289E+02  0.6745E+02
     -0.703  0.5303E+02  0.6832E+02
     -0.685  0.5873E+02  0.6934E+02
     -0.667  0.5897E+02  0.7042E+02
     -0.648  0.5832E+02  0.7148E+02
     -0.630  0.5679E+02  0.7254E+02
     -0.612  0.5343E+02  0.7354E+02
     -0.594  0.4833E+02  0.7447E+02
     -0.576  0.4298E+02  0.7530E+02
     -0.558  0.3644E+02  0.7602E+02
     -0.539  0.2915E+02  0.7662E+02
     -0.521  0.2196E+02  0.7708E+02
     -0.503  0.1423E+02  0.7742E+02
     -0.485  0.3618E+02  0.7772E+02
     -0.467  0.3878E+02  0.7856E+02
     -0.448  0.1615E+02  0.7899E+02
     -0.430  0.1771E+02  0.7928E+02
     -0.412  0.2367E+02  0.7965E+02
     -0.394  0.2844E+02  0.8013E+02
     -0.376  0.2998E+02  0.8067E+02
     -0.358  0.2883E+02  0.8120E+02
     -0.339  0.2567E+02  0.8170E+02
     -0.321  0.3744E+02  0.8222E+02
     -0.303  0.5709E+02  0.8310E+02
     -0.285  0.6825E+02  0.8425E+02
     -0.267  0.5909E+02  0.8544E+02
     -0.248  0.5185E+02  0.8638E+02
     -0.230  0.7059E+02  0.8742E+02
     -0.212  0.1316E+03  0.8881E+02
     -0.194  0.5082E+02  0.9004E+02
     -0.176  0.5515E+02  0.9100E+02
     -0.157  0.5769E+02  0.9203E+02
     -0.139  0.5759E+02  0.9309E+02
     -0.121  0.5462E+02  0.9411E+02
     -0.103  0.5183E+02  0.9508E+02
     -0.085  0.4967E+02  0.9600E+02
     -0.067  0.4827E+02  0.9689E+02
     -0.048  0.5041E+02  0.9778E+02
     -0.030  0.5321E+02  0.9872E+02
     -0.012  0.5498E+02  0.9971E+02
      0.006  0.5605E+02  0.1007E+03
      0.024  0.5433E+02  0.1017E+03
      0.043  0.5020E+02  0.1027E+03
      0.061  0.4288E+02  0.1035E+03
      0.079  0.3998E+02  0.1043E+03
      0.097  0.3475E+02  0.1050E+03
      0.115  0.2947E+02  0.1055E+03
      0.133  0.2870E+02  0.1061E+03
      0.152  0.2773E+02  0.1066E+03
      0.170  0.2658E+02  0.1071E+03
      0.188  0.2519E+02  0.1075E+03
      0.206  0.2421E+02  0.1080E+03
      0.224  0.2387E+02  0.1084E+03
      0.243  0.2389E+02  0.1089E+03
      0.261  0.2391E+02  0.1093E+03
      0.279  0.2395E+02  0.1097E+03
      0.297  0.2399E+02  0.1102E+03
      0.315  0.2405E+02  0.1106E+03
      0.334  0.2411E+02  0.1110E+03
      0.352  0.2418E+02  0.1115E+03
      0.370  0.2420E+02  0.1119E+03
      0.388  0.2410E+02  0.1124E+03
      0.406  0.2322E+02  0.1128E+03
      0.424  0.2177E+02  0.1132E+03
      0.443  0.2037E+02  0.1136E+03
      0.461  0.1784E+02  0.1139E+03
      0.479  0.1543E+02  0.1142E+03
      0.497  0.1278E+02  0.1145E+03
      0.515  0.1266E+02  0.1147E+03
      0.534  0.1117E+02  0.1149E+03
      0.552  0.5469E+02  0.1154E+03
      0.570  0.2373E+02  0.1160E+03
      0.588  0.1824E+02  0.1164E+03
      0.606  0.1829E+02  0.1167E+03
      0.624  0.1841E+02  0.1170E+03
      0.643  0.1844E+02  0.1174E+03
      0.661  0.1826E+02  0.1177E+03
      0.679  0.1779E+02  0.1180E+03
      0.697  0.2158E+02  0.1184E+03
      0.715  0.2794E+02  0.1188E+03
      0.734  0.3503E+02  0.1194E+03
      0.752  0.3822E+02  0.1201E+03
      0.770  0.3761E+02  0.1208E+03
      0.788  0.3645E+02  0.1215E+03
      0.806  0.3499E+02  0.1221E+03
      0.825  0.3340E+02  0.1227E+03
      0.843  0.3169E+02  0.1233E+03
      0.861  0.3043E+02  0.1239E+03
      0.879  0.2920E+02  0.1244E+03
      0.897  0.2762E+02  0.1249E+03
      0.915  0.2553E+02  0.1254E+03
      0.934  0.2261E+02  0.1259E+03
      0.952  0.1947E+02  0.1263E+03
      0.970  0.1633E+02  0.1266E+03
      0.988  0.1322E+02  0.1268E+03
      1.006  0.1171E+02  0.1271E+03
      1.025  0.1185E+02  0.1273E+03
      1.043  0.1374E+02  0.1275E+03
      1.061  0.1498E+02  0.1278E+03
      1.079  0.1551E+02  0.1281E+03
      1.097  0.1605E+02  0.1283E+03
      1.115  0.1660E+02  0.1286E+03
      1.134  0.1716E+02  0.1289E+03
      1.152  0.1773E+02  0.1293E+03
      1.170  0.1832E+02  0.1296E+03
      1.188  0.1891E+02  0.1299E+03
      1.206  0.1947E+02  0.1303E+03
      1.225  0.1980E+02  0.1306E+03
      1.243  0.1986E+02  0.1310E+03
      1.261  0.1990E+02  0.1314E+03
      1.279  0.2036E+02  0.1317E+03
      1.297  0.2104E+02  0.1321E+03
      1.316  0.2162E+02  0.1325E+03
      1.334  0.2203E+02  0.1329E+03
      1.352  0.2227E+02  0.1333E+03
      1.370  0.2233E+02  0.1337E+03
      1.388  0.2227E+02  0.1341E+03
      1.406  0.2222E+02  0.1345E+03
      1.425  0.2218E+02  0.1349E+03
      1.443  0.2228E+02  0.1353E+03
      1.461  0.2226E+02  0.1357E+03
      1.479  0.2186E+02  0.1361E+03
      1.497  0.1917E+02  0.1365E+03
      1.516  0.1776E+02  0.1368E+03
      1.534  0.1627E+02  0.1371E+03
      1.552  0.1646E+02  0.1374E+03
      1.570  0.1843E+02  0.1377E+03
      1.588  0.2128E+02  0.1381E+03
      1.606  0.2473E+02  0.1385E+03
      1.625  0.2878E+02  0.1390E+03
      1.643  0.3521E+02  0.1396E+03
      1.661  0.4767E+02  0.1403E+03
      1.679  0.6265E+02  0.1413E+03
      1.697  0.6592E+02  0.1425E+03
      1.716  0.6903E+02  0.1437E+03
      1.734  0.5099E+02  0.1447E+03
      1.752  0.3670E+02  0.1455E+03
      1.770  0.3953E+02  0.1462E+03
      1.788  0.4697E+02  0.1470E+03
      1.806  0.4305E+02  0.1478E+03
      1.825  0.3217E+02  0.1484E+03
      1.843  0.3777E+02  0.1490E+03
      1.861  0.5062E+02  0.1499E+03
      1.879  0.4685E+02  0.1508E+03
      1.897  0.3894E+02  0.1515E+03
      1.916  0.4575E+02  0.1523E+03
      1.934  0.5204E+02  0.1532E+03
      1.952  0.5474E+02  0.1542E+03
      1.970  0.5327E+02  0.1551E+03
      1.988  0.4860E+02  0.1561E+03
      2.007  0.4588E+02  0.1569E+03
      2.025  0.4522E+02  0.1577E+03
      2.043  0.4631E+02  0.1586E+03
      2.061  0.4631E+02  0.1594E+03
      2.079  0.4516E+02  0.1603E+03
      2.097  0.4452E+02  0.1611E+03
      2.116  0.4385E+02  0.1619E+03
      2.134  0.4249E+02  0.1627E+03
      2.152  0.4029E+02  0.1634E+03
      2.170  0.3795E+02  0.1641E+03
      2.188  0.3642E+02  0.1648E+03
      2.207  0.3606E+02  0.1655E+03
      2.225  0.3628E+02  0.1661E+03
      2.243  0.3677E+02  0.1668E+03
      2.261  0.3862E+02  0.1675E+03
      2.279  0.4104E+02  0.1682E+03
      2.297  0.4378E+02  0.1690E+03
      2.316  0.4672E+02  0.1698E+03
      2.334  0.5153E+02  0.1707E+03
      2.352  0.7366E+02  0.1718E+03
      2.370  0.8410E+02  0.1733E+03
      2.388  0.8495E+02  0.1748E+03
      2.407  0.9044E+02  0.1764E+03
      2.425  0.9267E+02  0.1780E+03
      2.443  0.4611E+02  0.1794E+03
      2.461  0.5829E+02  0.1801E+03
      2.479  0.8995E+02  0.1814E+03
      2.498  0.6764E+02  0.1829E+03
      2.516  0.8748E+02  0.1845E+03
      2.534  0.5923E+02  0.1858E+03
      2.552  0.6294E+02  0.1869E+03
      2.570  0.5876E+02  0.1880E+03
      2.588  0.6624E+02  0.1892E+03
      2.607  0.6448E+02  0.1903E+03
      2.625  0.8313E+02  0.1916E+03
      2.643  0.9862E+02  0.1933E+03
      2.661  0.1025E+03  0.1952E+03
      2.679  0.8805E+02  0.1969E+03
      2.698  0.8055E+02  0.1984E+03
      2.716  0.7380E+02  0.1998E+03
      2.734  0.7324E+02  0.2011E+03
      2.752  0.7987E+02  0.2025E+03
      2.770  0.8242E+02  0.2040E+03
      2.788  0.6788E+02  0.2054E+03
      2.807  0.4939E+02  0.2065E+03
      2.825  0.4004E+02  0.2073E+03
      2.843  0.4158E+02  0.2080E+03
      2.861  0.4329E+02  0.2088E+03
      2.879  0.4943E+02  0.2096E+03
      2.898  0.5507E+02  0.2106E+03
      2.916  0.5793E+02  0.2116E+03
      2.934  0.6552E+02  0.2128E+03
      2.952  0.6563E+02  0.2140E+03
      2.970  0.6902E+02  0.2152E+03
      2.989  0.6703E+02  0.2164E+03
      3.007  0.7770E+02  0.2178E+03
      3.025  0.8322E+02  0.2192E+03
      3.043  0.8889E+02  0.2208E+03
      3.061  0.8209E+02  0.2223E+03
      3.079  0.7489E+02  0.2238E+03
      3.098  0.7665E+02  0.2251E+03
      3.116  0.9627E+02  0.2266E+03
      3.134  0.1381E+03  0.2286E+03
      3.152  0.6544E+02  0.2303E+03
      3.170  0.5356E+02  0.2314E+03
      3.189  0.4765E+02  0.2323E+03
      3.207  0.4281E+02  0.2331E+03
      3.225  0.5030E+02  0.2340E+03
      3.243  0.4643E+02  0.2349E+03
      3.261  0.4062E+02  0.2357E+03
      3.279  0.3344E+02  0.2363E+03
      3.298  0.3746E+02  0.2369E+03
      3.316  0.6741E+02  0.2378E+03
      3.334  0.3211E+02  0.2389E+03
      3.352  0.2116E+02  0.2393E+03
      3.370  0.1640E+02  0.2396E+03
      3.389  0.1705E+02  0.2399E+03
      3.407  0.2005E+02  0.2403E+03
      3.425  0.2069E+02  0.2407E+03
      3.443  0.2344E+02  0.2411E+03
      3.461  0.2701E+02  0.2415E+03
      3.479  0.3053E+02  0.2420E+03
      3.498  0.2635E+02  0.2426E+03
      3.516  0.2632E+02  0.2430E+03
      3.534  0.1579E+02  0.2434E+03
      3.552  0.1092E+02  0.2436E+03
      3.570  0.3096E+02  0.2440E+03
      3.589  0.5411E+02  0.2449E+03
      3.607  0.2793E+02  0.2454E+03
      3.625  0.7302E+02  0.2461E+03
      3.643  0.2216E+02  0.2471E+03
      3.661  0.1560E+02  0.2475E+03
      3.680  0.1026E+02  0.2477E+03
      3.698  0.6145E+01  0.2479E+03
      3.716  0.3247E+01  0.2479E+03
      3.734  0.1432E+01  0.2480E+03
      3.752  0.4713E+00  0.2480E+03
      3.770  0.3218E-01  0.2480E+03
      3.789  0.0000E+00  0.2480E+03
      3.807  0.0000E+00  0.2480E+03
      3.825  0.0000E+00  0.2480E+03
      3.843  0.0000E+00  0.2480E+03
      3.861  0.0000E+00  0.2480E+03
      3.880  0.0000E+00  0.2480E+03
      3.898  0.0000E+00  0.2480E+03
      3.916  0.0000E+00  0.2480E+03
      3.934  0.0000E+00  0.2480E+03
      3.952  0.0000E+00  0.2480E+03
      3.970  0.0000E+00  0.2480E+03
      3.989  0.0000E+00  0.2480E+03
      4.007  0.0000E+00  0.2480E+03
      4.025  0.0000E+00  0.2480E+03
      4.043  0.0000E+00  0.2480E+03
      4.061  0.0000E+00  0.2480E+03
      4.080  0.0000E+00  0.2480E+03
      4.098  0.0000E+00  0.2480E+03
      4.116  0.0000E+00  0.2480E+03
      4.134  0.0000E+00  0.2480E+03
      4.152  0.0000E+00  0.2480E+03
      4.171  0.0000E+00  0.2480E+03
      4.189  0.0000E+00  0.2480E+03
      4.207  0.0000E+00  0.2480E+03
      4.225  0.0000E+00  0.2480E+03
      4.243  0.0000E+00  0.2480E+03
      4.261  0.0000E+00  0.2480E+03
      4.280  0.0000E+00  0.2480E+03
      4.298  0.0000E+00  0.2480E+03
      4.316  0.0000E+00  0.2480E+03
      4.334  0.0000E+00  0.2480E+03
      4.352  0.0000E+00  0.2480E+03
      4.371  0.0000E+00  0.2480E+03
      4.389  0.0000E+00  0.2480E+03
      4.407  0.0000E+00  0.2480E+03
      4.425  0.0000E+00  0.2480E+03
      4.443  0.0000E+00  0.2480E+03
      4.461  0.0000E+00  0.2480E+03
      4.480  0.0000E+00  0.2480E+03
      4.498  0.0000E+00  0.2480E+03
      4.516  0.0000E+00  0.2480E+03
      4.534  0.0000E+00  0.2480E+03
      4.552  0.0000E+00  0.2480E+03
      4.571  0.0000E+00  0.2480E+03
      4.589  0.0000E+00  0.2480E+03
      4.607  0.0000E+00  0.2480E+03
      4.625  0.0000E+00  0.2480E+03
      4.643  0.0000E+00  0.2480E+03
      4.662  0.0000E+00  0.2480E+03
      4.680  0.0000E+00  0.2480E+03
      4.698  0.0000E+00  0.2480E+03
      4.716  0.0000E+00  0.2480E+03
      4.734  0.0000E+00  0.2480E+03
      4.752  0.0000E+00  0.2480E+03
      4.771  0.0000E+00  0.2480E+03
      4.789  0.0000E+00  0.2480E+03
      4.807  0.0000E+00  0.2480E+03
      4.825  0.0000E+00  0.2480E+03
      4.843  0.0000E+00  0.2480E+03
      4.862  0.0000E+00  0.2480E+03
      4.880  0.0000E+00  0.2480E+03
      4.898  0.0000E+00  0.2480E+03
      4.916  0.0000E+00  0.2480E+03
      4.934  0.0000E+00  0.2480E+03
      4.952  0.0000E+00  0.2480E+03
      4.971  0.0000E+00  0.2480E+03
      4.989  0.0000E+00  0.2480E+03
      5.007  0.0000E+00  0.2480E+03
      5.025  0.0000E+00  0.2480E+03
      5.043  0.0000E+00  0.2480E+03
      5.062  0.0000E+00  0.2480E+03
      5.080  0.0000E+00  0.2480E+03
      5.098  0.0000E+00  0.2480E+03
      5.116  0.0000E+00  0.2480E+03
      5.134  0.0000E+00  0.2480E+03
      5.152  0.0000E+00  0.2480E+03
      5.171  0.0000E+00  0.2480E+03
      5.189  0.0000E+00  0.2480E+03
      5.207  0.0000E+00  0.2480E+03
      5.225  0.0000E+00  0.2480E+03
      5.243  0.0000E+00  0.2480E+03
      5.262  0.0000E+00  0.2480E+03
      5.280  0.0000E+00  0.2480E+03
      5.298  0.0000E+00  0.2480E+03
      5.316  0.0000E+00  0.2480E+03
      5.334  0.0000E+00  0.2480E+03
      5.353  0.0000E+00  0.2480E+03
      5.371  0.0000E+00  0.2480E+03
      5.389  0.0000E+00  0.2480E+03
      5.407  0.0000E+00  0.2480E+03
      5.425  0.0000E+00  0.2480E+03
      5.443  0.0000E+00  0.2480E+03
      5.462  0.0000E+00  0.2480E+03
      5.480  0.0000E+00  0.2480E+03
      5.498  0.0000E+00  0.2480E+03
      5.516  0.0000E+00  0.2480E+03
      5.534  0.0000E+00  0.2480E+03
      5.553  0.0000E+00  0.2480E+03
      5.571  0.0000E+00  0.2480E+03
      5.589  0.0000E+00  0.2480E+03
      5.607  0.0000E+00  0.2480E+03
      5.625  0.0000E+00  0.2480E+03
      5.643  0.0000E+00  0.2480E+03
      5.662  0.0000E+00  0.2480E+03
      5.680  0.0000E+00  0.2480E+03
      5.698  0.0000E+00  0.2480E+03
      5.716  0.0000E+00  0.2480E+03
      5.734  0.0000E+00  0.2480E+03
      5.753  0.0000E+00  0.2480E+03
      5.771  0.0000E+00  0.2480E+03
      5.789  0.0000E+00  0.2480E+03
      5.807  0.0000E+00  0.2480E+03
      5.825  0.0000E+00  0.2480E+03
      5.844  0.0000E+00  0.2480E+03
      5.862  0.0000E+00  0.2480E+03
      5.880  0.0000E+00  0.2480E+03
      5.898  0.0000E+00  0.2480E+03
      5.916  0.0000E+00  0.2480E+03
      5.934  0.0000E+00  0.2480E+03
      5.953  0.0000E+00  0.2480E+03
      5.971  0.0000E+00  0.2480E+03
      5.989  0.0000E+00  0.2480E+03
      6.007  0.0000E+00  0.2480E+03
      6.025  0.0000E+00  0.2480E+03
      6.044  0.0000E+00  0.2480E+03
      6.062  0.0000E+00  0.2480E+03
      6.080  0.0000E+00  0.2480E+03
      6.098  0.0000E+00  0.2480E+03
      6.116  0.1358E-01  0.2480E+03
      6.134  0.2008E+00  0.2480E+03
      6.153  0.6078E+00  0.2480E+03
      6.171  0.1235E+01  0.2480E+03
      6.189  0.2082E+01  0.2481E+03
      6.207  0.3148E+01  0.2481E+03
      6.225  0.4435E+01  0.2482E+03
      6.244  0.5941E+01  0.2483E+03
      6.262  0.7667E+01  0.2484E+03
      6.280  0.1005E+02  0.2485E+03
      6.298  0.1365E+02  0.2488E+03
      6.316  0.1848E+02  0.2491E+03
      6.335  0.4107E+02  0.2496E+03
      6.353  0.0000E+00  0.2500E+03
      6.371  0.0000E+00  0.2500E+03
      6.389  0.0000E+00  0.2500E+03
      6.407  0.0000E+00  0.2500E+03
      6.425  0.0000E+00  0.2500E+03
      6.444  0.0000E+00  0.2500E+03
      6.462  0.0000E+00  0.2500E+03
      6.480  0.0000E+00  0.2500E+03
      6.498  0.0000E+00  0.2500E+03
      6.516  0.0000E+00  0.2500E+03
      6.535  0.0000E+00  0.2500E+03
      6.553  0.0000E+00  0.2500E+03
      6.571  0.0000E+00  0.2500E+03
      6.589  0.0000E+00  0.2500E+03
      6.607  0.0000E+00  0.2500E+03
      6.625  0.0000E+00  0.2500E+03
      6.644  0.0000E+00  0.2500E+03
      6.662  0.0000E+00  0.2500E+03
      6.680  0.0000E+00  0.2500E+03
      6.698  0.0000E+00  0.2500E+03
      6.716  0.0000E+00  0.2500E+03
      6.735  0.0000E+00  0.2500E+03
      6.753  0.0000E+00  0.2500E+03
      6.771  0.0000E+00  0.2500E+03
      6.789  0.0000E+00  0.2500E+03
      6.807  0.0000E+00  0.2500E+03
      6.826  0.0000E+00  0.2500E+03
      6.844  0.0000E+00  0.2500E+03
      6.862  0.0000E+00  0.2500E+03
      6.880  0.0000E+00  0.2500E+03
      6.898  0.0000E+00  0.2500E+03
      6.916  0.0000E+00  0.2500E+03
      6.935  0.0000E+00  0.2500E+03
      6.953  0.0000E+00  0.2500E+03
      6.971  0.0000E+00  0.2500E+03
      6.989  0.0000E+00  0.2500E+03
      7.007  0.0000E+00  0.2500E+03
      7.026  0.0000E+00  0.2500E+03
      7.044  0.0000E+00  0.2500E+03
      7.062  0.0000E+00  0.2500E+03
      7.080  0.0000E+00  0.2500E+03
      7.098  0.0000E+00  0.2500E+03
      7.116  0.0000E+00  0.2500E+03
      7.135  0.0000E+00  0.2500E+03
      7.153  0.0000E+00  0.2500E+03
      7.171  0.0000E+00  0.2500E+03
      7.189  0.0000E+00  0.2500E+03
      7.207  0.0000E+00  0.2500E+03
      7.226  0.0000E+00  0.2500E+03
      7.244  0.0000E+00  0.2500E+03
      7.262  0.0000E+00  0.2500E+03
      7.280  0.0000E+00  0.2500E+03
      7.298  0.0000E+00  0.2500E+03
      7.316  0.0000E+00  0.2500E+03
      7.335  0.0000E+00  0.2500E+03
      7.353  0.0000E+00  0.2500E+03
      7.371  0.0000E+00  0.2500E+03
      7.389  0.0000E+00  0.2500E+03
      7.407  0.0000E+00  0.2500E+03
      7.426  0.0000E+00  0.2500E+03
      7.444  0.0000E+00  0.2500E+03
      7.462  0.0000E+00  0.2500E+03
      7.480  0.0000E+00  0.2500E+03
      7.498  0.0000E+00  0.2500E+03
      7.517  0.0000E+00  0.2500E+03
      7.535  0.0000E+00  0.2500E+03
      7.553  0.0000E+00  0.2500E+03
      7.571  0.0000E+00  0.2500E+03
      7.589  0.0000E+00  0.2500E+03
      7.607  0.0000E+00  0.2500E+03
      7.626  0.0000E+00  0.2500E+03
      7.644  0.0000E+00  0.2500E+03
      7.662  0.0000E+00  0.2500E+03
      7.680  0.0000E+00  0.2500E+03
      7.698  0.0000E+00  0.2500E+03
      7.717  0.0000E+00  0.2500E+03
      7.735  0.0000E+00  0.2500E+03
      7.753  0.0000E+00  0.2500E+03
      7.771  0.0000E+00  0.2500E+03
      7.789  0.0000E+00  0.2500E+03
      7.807  0.0000E+00  0.2500E+03
      7.826  0.0000E+00  0.2500E+03
      7.844  0.0000E+00  0.2500E+03
      7.862  0.0000E+00  0.2500E+03
      7.880  0.0000E+00  0.2500E+03
      7.898  0.0000E+00  0.2500E+03
      7.917  0.0000E+00  0.2500E+03
      7.935  0.0000E+00  0.2500E+03
      7.953  0.0000E+00  0.2500E+03
      7.971  0.0000E+00  0.2500E+03
      7.989  0.0000E+00  0.2500E+03
      8.008  0.0000E+00  0.2500E+03
      8.026  0.0000E+00  0.2500E+03
      8.044  0.0000E+00  0.2500E+03
      8.062  0.0000E+00  0.2500E+03
      8.080  0.0000E+00  0.2500E+03
      8.098  0.0000E+00  0.2500E+03
      8.117  0.0000E+00  0.2500E+03
      8.135  0.0000E+00  0.2500E+03
      8.153  0.0000E+00  0.2500E+03
      8.171  0.0000E+00  0.2500E+03
      8.189  0.0000E+00  0.2500E+03
      8.208  0.0000E+00  0.2500E+03
      8.226  0.0000E+00  0.2500E+03
      8.244  0.0000E+00  0.2500E+03
      8.262  0.0000E+00  0.2500E+03
      8.280  0.0000E+00  0.2500E+03
      8.298  0.0000E+00  0.2500E+03
      8.317  0.0000E+00  0.2500E+03
      8.335  0.0000E+00  0.2500E+03
      8.353  0.0000E+00  0.2500E+03
      8.371  0.0000E+00  0.2500E+03
      8.389  0.0000E+00  0.2500E+03
      8.408  0.0000E+00  0.2500E+03
      8.426  0.0000E+00  0.2500E+03
      8.444  0.0000E+00  0.2500E+03
      8.462  0.0000E+00  0.2500E+03
      8.480  0.0000E+00  0.2500E+03
      8.499  0.0000E+00  0.2500E+03
      8.517  0.0000E+00  0.2500E+03
      8.535  0.0000E+00  0.2500E+03
      8.553  0.0000E+00  0.2500E+03
      8.571  0.0000E+00  0.2500E+03
      8.589  0.0000E+00  0.2500E+03
      8.608  0.0000E+00  0.2500E+03
      8.626  0.0000E+00  0.2500E+03
      8.644  0.0000E+00  0.2500E+03
      8.662  0.0000E+00  0.2500E+03
      8.680  0.0000E+00  0.2500E+03
      8.699  0.0000E+00  0.2500E+03
      8.717  0.0000E+00  0.2500E+03
      8.735  0.0000E+00  0.2500E+03
      8.753  0.0000E+00  0.2500E+03
      8.771  0.0000E+00  0.2500E+03
      8.789  0.0000E+00  0.2500E+03
      8.808  0.0000E+00  0.2500E+03
      8.826  0.0000E+00  0.2500E+03
      8.844  0.0000E+00  0.2500E+03
      8.862  0.0000E+00  0.2500E+03
      8.880  0.0000E+00  0.2500E+03
      8.899  0.0000E+00  0.2500E+03
      8.917  0.0000E+00  0.2500E+03
      8.935  0.0000E+00  0.2500E+03
      8.953  0.0000E+00  0.2500E+03
      8.971  0.0000E+00  0.2500E+03
      8.989  0.0000E+00  0.2500E+03
      9.008  0.0000E+00  0.2500E+03
      9.026  0.0000E+00  0.2500E+03
      9.044  0.0000E+00  0.2500E+03
      9.062  0.0000E+00  0.2500E+03
      9.080  0.0000E+00  0.2500E+03
      9.099  0.0000E+00  0.2500E+03
      9.117  0.0000E+00  0.2500E+03
      9.135  0.0000E+00  0.2500E+03
      9.153  0.0000E+00  0.2500E+03
      9.171  0.0000E+00  0.2500E+03
      9.190  0.0000E+00  0.2500E+03
      9.208  0.0000E+00  0.2500E+03
      9.226  0.0000E+00  0.2500E+03
      9.244  0.0000E+00  0.2500E+03
      9.262  0.0000E+00  0.2500E+03
      9.280  0.0000E+00  0.2500E+03
      9.299  0.0000E+00  0.2500E+03
      9.317  0.0000E+00  0.2500E+03
      9.335  0.0000E+00  0.2500E+03
      9.353  0.0000E+00  0.2500E+03
      9.371  0.0000E+00  0.2500E+03
      9.390  0.0000E+00  0.2500E+03
      9.408  0.0000E+00  0.2500E+03
      9.426  0.0000E+00  0.2500E+03
      9.444  0.0000E+00  0.2500E+03
      9.462  0.0000E+00  0.2500E+03
      9.480  0.0000E+00  0.2500E+03
      9.499  0.0000E+00  0.2500E+03
      9.517  0.0000E+00  0.2500E+03
      9.535  0.0000E+00  0.2500E+03
      9.553  0.0000E+00  0.2500E+03
      9.571  0.0000E+00  0.2500E+03
      9.590  0.0000E+00  0.2500E+03
      9.608  0.0000E+00  0.2500E+03
      9.626  0.1818E+02  0.2502E+03
      9.644  0.2853E+02  0.2506E+03
      9.662  0.2406E+02  0.2511E+03
      9.681  0.1795E+02  0.2514E+03
      9.699  0.1216E+02  0.2517E+03
      9.717  0.6657E+01  0.2519E+03
      9.735  0.2656E+01  0.2520E+03
      9.753  0.4615E+00  0.2520E+03
      9.771  0.0000E+00  0.2520E+03
      9.790  0.0000E+00  0.2520E+03
      9.808  0.0000E+00  0.2520E+03
      9.826  0.0000E+00  0.2520E+03
      9.844  0.0000E+00  0.2520E+03
      9.862  0.0000E+00  0.2520E+03
      9.881  0.0000E+00  0.2520E+03
      9.899  0.0000E+00  0.2520E+03
      9.917  0.0000E+00  0.2520E+03
      9.935  0.0000E+00  0.2520E+03
      9.953  0.0000E+00  0.2520E+03
      9.971  0.0000E+00  0.2520E+03
      9.990  0.0000E+00  0.2520E+03
     10.008  0.0000E+00  0.2520E+03
     10.026  0.0000E+00  0.2520E+03
     10.044  0.0000E+00  0.2520E+03
     10.062  0.0000E+00  0.2520E+03
     10.081  0.0000E+00  0.2520E+03
     10.099  0.0000E+00  0.2520E+03
     10.117  0.0000E+00  0.2520E+03
     10.135  0.0000E+00  0.2520E+03
     10.153  0.0000E+00  0.2520E+03
     10.172  0.0000E+00  0.2520E+03
     10.190  0.3042E-01  0.2520E+03
     10.208  0.1824E+00  0.2520E+03
     10.226  0.4622E+00  0.2520E+03
     10.244  0.8696E+00  0.2520E+03
     10.262  0.1405E+01  0.2520E+03
     10.281  0.2068E+01  0.2521E+03
     10.299  0.2858E+01  0.2521E+03
     10.317  0.3777E+01  0.2522E+03
     10.335  0.4823E+01  0.2523E+03
     10.353  0.6303E+01  0.2524E+03
     10.372  0.7723E+01  0.2525E+03
     10.390  0.8816E+01  0.2526E+03
     10.408  0.9584E+01  0.2528E+03
     10.426  0.1003E+02  0.2530E+03
     10.444  0.1035E+02  0.2532E+03
     10.462  0.1060E+02  0.2534E+03
     10.481  0.1021E+02  0.2535E+03
     10.499  0.8858E+01  0.2537E+03
     10.517  0.6539E+01  0.2539E+03
     10.535  0.3382E+01  0.2540E+03
     10.553  0.1061E+01  0.2540E+03
     10.572  0.4903E-01  0.2540E+03
     10.590  0.0000E+00  0.2540E+03
     10.608  0.0000E+00  0.2540E+03
     10.626  0.0000E+00  0.2540E+03
     10.644  0.0000E+00  0.2540E+03
     10.662  0.0000E+00  0.2540E+03
     10.681  0.0000E+00  0.2540E+03
     10.699  0.0000E+00  0.2540E+03
     10.717  0.0000E+00  0.2540E+03
     10.735  0.0000E+00  0.2540E+03
     10.753  0.7675E-03  0.2540E+03
     10.772  0.1251E-01  0.2540E+03
     10.790  0.3840E-01  0.2540E+03
     10.808  0.7846E-01  0.2540E+03
     10.826  0.1327E+00  0.2540E+03
     10.844  0.2010E+00  0.2540E+03
     10.863  0.2836E+00  0.2540E+03
     10.881  0.3802E+00  0.2540E+03
     10.899  0.4911E+00  0.2540E+03
     10.917  0.6161E+00  0.2540E+03
     10.935  0.7552E+00  0.2540E+03
     10.953  0.9085E+00  0.2541E+03
     10.972  0.1076E+01  0.2541E+03
     10.990  0.1258E+01  0.2541E+03
     11.008  0.1453E+01  0.2541E+03
     11.026  0.1663E+01  0.2542E+03
     11.044  0.1887E+01  0.2542E+03
     11.063  0.2126E+01  0.2542E+03
     11.081  0.2378E+01  0.2543E+03
     11.099  0.2645E+01  0.2543E+03
     11.117  0.2925E+01  0.2544E+03
     11.135  0.3220E+01  0.2544E+03
     11.153  0.4053E+01  0.2545E+03
     11.172  0.4904E+01  0.2546E+03
     11.190  0.5588E+01  0.2547E+03
     11.208  0.6105E+01  0.2548E+03
     11.226  0.6456E+01  0.2549E+03
     11.244  0.6675E+01  0.2550E+03
     11.263  0.6873E+01  0.2551E+03
     11.281  0.7058E+01  0.2552E+03
     11.299  0.7230E+01  0.2554E+03
     11.317  0.7388E+01  0.2555E+03
     11.335  0.7532E+01  0.2556E+03
     11.354  0.4863E+01  0.2558E+03
     11.372  0.3583E+01  0.2558E+03
     11.390  0.2688E+01  0.2559E+03
     11.408  0.1922E+01  0.2559E+03
     11.426  0.1284E+01  0.2560E+03
     11.444  0.7740E+00  0.2560E+03
     11.463  0.3925E+00  0.2560E+03
     11.481  0.1393E+00  0.2560E+03
     11.499  0.1438E-01  0.2560E+03
     11.517  0.0000E+00  0.2560E+03
     11.535  0.0000E+00  0.2560E+03
     11.554  0.0000E+00  0.2560E+03
     11.572  0.0000E+00  0.2560E+03
     11.590  0.0000E+00  0.2560E+03
     11.608  0.0000E+00  0.2560E+03
     11.626  0.0000E+00  0.2560E+03
     11.644  0.0000E+00  0.2560E+03
     11.663  0.0000E+00  0.2560E+03
     11.681  0.0000E+00  0.2560E+03
     11.699  0.0000E+00  0.2560E+03
     11.717  0.0000E+00  0.2560E+03
     11.735  0.0000E+00  0.2560E+03
     11.754  0.0000E+00  0.2560E+03
     11.772  0.1092E-02  0.2560E+03
     11.790  0.1379E-01  0.2560E+03
     11.808  0.4073E-01  0.2560E+03
     11.826  0.8191E-01  0.2560E+03
     11.845  0.1373E+00  0.2560E+03
     11.863  0.2070E+00  0.2560E+03
     11.881  0.2909E+00  0.2560E+03
     11.899  0.3891E+00  0.2560E+03
     11.917  0.5015E+00  0.2560E+03
     11.935  0.6281E+00  0.2560E+03
     11.954  0.7690E+00  0.2560E+03
     11.972  0.9241E+00  0.2561E+03
     11.990  0.1093E+01  0.2561E+03
     12.008  0.1277E+01  0.2561E+03
     12.026  0.1475E+01  0.2561E+03
     12.045  0.1687E+01  0.2562E+03
     12.063  0.1913E+01  0.2562E+03
     12.081  0.2110E+01  0.2562E+03
     12.099  0.2287E+01  0.2563E+03
     12.117  0.2448E+01  0.2563E+03
     12.135  0.2594E+01  0.2564E+03
     12.154  0.2726E+01  0.2564E+03
     12.172  0.2842E+01  0.2565E+03
     12.190  0.2945E+01  0.2565E+03
     12.208  0.3038E+01  0.2566E+03
     12.226  0.3120E+01  0.2566E+03
     12.245  0.3191E+01  0.2567E+03
     12.263  0.3252E+01  0.2567E+03
     12.281  0.3303E+01  0.2568E+03
     12.299  0.3346E+01  0.2569E+03
     12.317  0.3390E+01  0.2569E+03
     12.336  0.3437E+01  0.2570E+03
     12.354  0.3486E+01  0.2570E+03
     12.372  0.3537E+01  0.2571E+03
     12.390  0.3591E+01  0.2572E+03
     12.408  0.3647E+01  0.2572E+03
     12.426  0.3705E+01  0.2573E+03
     12.445  0.3765E+01  0.2574E+03
     12.463  0.3828E+01  0.2574E+03
     12.481  0.3894E+01  0.2575E+03
     12.499  0.3961E+01  0.2576E+03
     12.517  0.4031E+01  0.2577E+03
     12.536  0.4103E+01  0.2577E+03
     12.554  0.4166E+01  0.2578E+03
     12.572  0.4247E+01  0.2579E+03
     12.590  0.4467E+01  0.2580E+03
     12.608  0.4707E+01  0.2580E+03
     12.626  0.4901E+01  0.2581E+03
     12.645  0.5002E+01  0.2582E+03
     12.663  0.5095E+01  0.2583E+03
     12.681  0.5200E+01  0.2584E+03
     12.699  0.5318E+01  0.2585E+03
     12.717  0.5447E+01  0.2586E+03
     12.736  0.5589E+01  0.2587E+03
     12.754  0.5744E+01  0.2588E+03
     12.772  0.5910E+01  0.2589E+03
     12.790  0.6089E+01  0.2590E+03
     12.808  0.6280E+01  0.2591E+03
     12.826  0.6483E+01  0.2592E+03
     12.845  0.6698E+01  0.2594E+03
     12.863  0.6904E+01  0.2595E+03
     12.881  0.6667E+01  0.2596E+03
     12.899  0.3334E+01  0.2597E+03
     12.917  0.2518E+01  0.2597E+03
     12.936  0.2222E+01  0.2598E+03
     12.954  0.1945E+01  0.2598E+03
     12.972  0.1771E+01  0.2599E+03
     12.990  0.1840E+01  0.2599E+03
     13.008  0.2144E+01  0.2599E+03
     13.027  0.2522E+01  0.2600E+03
     13.045  0.2911E+01  0.2600E+03
     13.063  0.3244E+01  0.2601E+03
     13.081  0.3494E+01  0.2601E+03
     13.099  0.3666E+01  0.2602E+03
     13.117  0.3861E+01  0.2603E+03
     13.136  0.4160E+01  0.2603E+03
     13.154  0.4569E+01  0.2604E+03
     13.172  0.5087E+01  0.2605E+03
     13.190  0.5710E+01  0.2606E+03
     13.208  0.6306E+01  0.2607E+03
     13.227  0.6821E+01  0.2608E+03
     13.245  0.7267E+01  0.2610E+03
     13.263  0.7654E+01  0.2611E+03
     13.281  0.7981E+01  0.2612E+03
     13.299  0.8252E+01  0.2614E+03
     13.317  0.8479E+01  0.2615E+03
     13.336  0.8664E+01  0.2617E+03
     13.354  0.8809E+01  0.2619E+03
     13.372  0.8910E+01  0.2620E+03
     13.390  0.8970E+01  0.2622E+03
     13.408  0.8999E+01  0.2623E+03
     13.427  0.9004E+01  0.2625E+03
     13.445  0.8985E+01  0.2627E+03
     13.463  0.8941E+01  0.2628E+03
     13.481  0.8874E+01  0.2630E+03
     13.499  0.8781E+01  0.2632E+03
     13.518  0.8665E+01  0.2633E+03
     13.536  0.8524E+01  0.2635E+03
     13.554  0.8365E+01  0.2636E+03
     13.572  0.8195E+01  0.2638E+03
     13.590  0.8017E+01  0.2639E+03
     13.608  0.7829E+01  0.2641E+03
     13.627  0.7633E+01  0.2642E+03
     13.645  0.7426E+01  0.2643E+03
     13.663  0.7211E+01  0.2645E+03
     13.681  0.7066E+01  0.2646E+03
     13.699  0.7194E+01  0.2647E+03
     13.718  0.7332E+01  0.2649E+03
     13.736  0.7593E+01  0.2650E+03
     13.754  0.8105E+01  0.2652E+03
     13.772  0.8906E+01  0.2653E+03
     13.790  0.1001E+02  0.2655E+03
     13.808  0.1145E+02  0.2657E+03
     13.827  0.1314E+02  0.2659E+03
     13.845  0.1564E+02  0.2662E+03
     13.863  0.1800E+02  0.2665E+03
     13.881  0.1873E+02  0.2668E+03
     13.899  0.1838E+02  0.2671E+03
     13.918  0.1603E+02  0.2675E+03
     13.936  0.1415E+02  0.2677E+03
     13.954  0.1520E+02  0.2680E+03
     13.972  0.1627E+02  0.2683E+03
     13.990  0.1270E+02  0.2685E+03
     14.009  0.8795E+01  0.2687E+03
     14.027  0.6185E+01  0.2689E+03
     14.045  0.5792E+01  0.2690E+03
     14.063  0.7054E+01  0.2691E+03
     14.081  0.8826E+01  0.2692E+03
     14.099  0.9981E+01  0.2694E+03
     14.118  0.1332E+02  0.2696E+03
     14.136  0.1430E+02  0.2699E+03
     14.154  0.1385E+02  0.2701E+03
     14.172  0.1196E+02  0.2704E+03
     14.190  0.9996E+01  0.2706E+03
     14.209  0.9939E+01  0.2707E+03
     14.227  0.1015E+02  0.2709E+03
     14.245  0.1016E+02  0.2711E+03
     14.263  0.9951E+01  0.2713E+03
     14.281  0.1059E+02  0.2715E+03
     14.299  0.1275E+02  0.2717E+03
     14.318  0.1377E+02  0.2719E+03
     14.336  0.1362E+02  0.2722E+03
     14.354  0.1337E+02  0.2724E+03
     14.372  0.1368E+02  0.2727E+03
     14.390  0.1539E+02  0.2729E+03
     14.409  0.1862E+02  0.2732E+03
     14.427  0.2055E+02  0.2736E+03
     14.445  0.2422E+02  0.2740E+03
     14.463  0.2689E+02  0.2745E+03
     14.481  0.2380E+02  0.2750E+03
     14.499  0.1740E+02  0.2753E+03
     14.518  0.1165E+02  0.2756E+03
     14.536  0.9872E+01  0.2758E+03
     14.554  0.1191E+02  0.2760E+03
     14.572  0.1372E+02  0.2762E+03
     14.590  0.1486E+02  0.2765E+03
     14.609  0.1479E+02  0.2767E+03
     14.627  0.1313E+02  0.2770E+03
     14.645  0.1365E+02  0.2772E+03
     14.663  0.1530E+02  0.2775E+03
     14.681  0.1500E+02  0.2778E+03
     14.700  0.1445E+02  0.2780E+03
     14.718  0.1421E+02  0.2783E+03
     14.736  0.1417E+02  0.2786E+03
     14.754  0.1434E+02  0.2788E+03
     14.772  0.1471E+02  0.2791E+03
     14.790  0.1571E+02  0.2794E+03
     14.809  0.1729E+02  0.2797E+03
     14.827  0.1826E+02  0.2800E+03
     14.845  0.1858E+02  0.2803E+03
     14.863  0.1810E+02  0.2806E+03
     14.881  0.1748E+02  0.2810E+03
     14.900  0.1691E+02  0.2813E+03
     14.918  0.1650E+02  0.2816E+03
     14.936  0.1614E+02  0.2819E+03
     14.954  0.1593E+02  0.2822E+03
     14.972  0.1581E+02  0.2825E+03
     14.990  0.1562E+02  0.2827E+03
     15.009  0.1505E+02  0.2830E+03
     15.027  0.1470E+02  0.2833E+03
     15.045  0.1477E+02  0.2836E+03
     15.063  0.1524E+02  0.2838E+03
     15.081  0.1612E+02  0.2841E+03
     15.100  0.1706E+02  0.2844E+03
     15.118  0.1786E+02  0.2847E+03
     15.136  0.1834E+02  0.2851E+03
     15.154  0.1771E+02  0.2854E+03
     15.172  0.1690E+02  0.2857E+03
     15.191  0.1612E+02  0.2860E+03
     15.209  0.1715E+02  0.2863E+03
     15.227  0.1806E+02  0.2866E+03
     15.245  0.1885E+02  0.2870E+03
     15.263  0.1921E+02  0.2873E+03
     15.281  0.1887E+02  0.2877E+03
     15.300  0.1834E+02  0.2880E+03
     15.318  0.1761E+02  0.2883E+03
     15.336  0.1724E+02  0.2886E+03
     15.354  0.1727E+02  0.2890E+03
     15.372  0.1741E+02  0.2893E+03
     15.391  0.1765E+02  0.2896E+03
     15.409  0.1878E+02  0.2899E+03
     15.427  0.1941E+02  0.2903E+03
     15.445  0.1953E+02  0.2906E+03
     15.463  0.2055E+02  0.2910E+03
     15.481  0.2251E+02  0.2914E+03
     15.500  0.2212E+02  0.2918E+03
     15.518  0.2136E+02  0.2922E+03
     15.536  0.2093E+02  0.2926E+03
     15.554  0.2076E+02  0.2929E+03
     15.572  0.2094E+02  0.2933E+03
     15.591  0.2043E+02  0.2937E+03
     15.609  0.1905E+02  0.2941E+03
     15.627  0.1743E+02  0.2944E+03
     15.645  0.1562E+02  0.2947E+03
     15.663  0.1366E+02  0.2950E+03
     15.682  0.1360E+02  0.2952E+03
     15.700  0.1461E+02  0.2955E+03
     15.718  0.1650E+02  0.2957E+03
     15.736  0.1761E+02  0.2961E+03
     15.754  0.1898E+02  0.2964E+03
     15.772  0.1993E+02  0.2967E+03
     15.791  0.1807E+02  0.2971E+03
     15.809  0.1366E+02  0.2974E+03
     15.827  0.1027E+02  0.2976E+03
     15.845  0.9588E+01  0.2978E+03
     15.863  0.1082E+02  0.2980E+03
     15.882  0.1371E+02  0.2982E+03
     15.900  0.1823E+02  0.2985E+03
     15.918  0.2374E+02  0.2989E+03
     15.936  0.2871E+02  0.2993E+03
     15.954  0.2516E+02  0.2999E+03
     15.972  0.6259E+01  0.3001E+03
     15.991  0.8511E+01  0.3002E+03
     16.009  0.1090E+02  0.3004E+03
     16.027  0.1267E+02  0.3006E+03
     16.045  0.1382E+02  0.3009E+03
     16.063  0.1457E+02  0.3011E+03
     16.082  0.1540E+02  0.3014E+03
     16.100  0.2025E+02  0.3017E+03
     16.118  0.1168E+02  0.3020E+03
     16.136  0.9080E+01  0.3022E+03
     16.154  0.1027E+02  0.3024E+03
     16.172  0.1291E+02  0.3026E+03
     16.191  0.1512E+02  0.3028E+03
     16.209  0.1778E+02  0.3031E+03
     16.227  0.2070E+02  0.3035E+03
     16.245  0.1854E+02  0.3039E+03
     16.263  0.1627E+02  0.3042E+03
     16.282  0.1538E+02  0.3045E+03
     16.300  0.1594E+02  0.3047E+03
     16.318  0.1799E+02  0.3050E+03
     16.336  0.2038E+02  0.3054E+03
     16.354  0.1950E+02  0.3058E+03
     16.373  0.1509E+02  0.3061E+03
     16.391  0.1126E+02  0.3063E+03
     16.409  0.1034E+02  0.3065E+03
     16.427  0.1020E+02  0.3067E+03
     16.445  0.1064E+02  0.3069E+03
     16.463  0.1158E+02  0.3071E+03
     16.482  0.1246E+02  0.3073E+03
     16.500  0.1318E+02  0.3075E+03
     16.518  0.1372E+02  0.3078E+03
     16.536  0.1411E+02  0.3080E+03
     16.554  0.1414E+02  0.3083E+03
     16.573  0.1221E+02  0.3085E+03
     16.591  0.1134E+02  0.3087E+03
     16.609  0.1198E+02  0.3090E+03
     16.627  0.1374E+02  0.3092E+03
     16.645  0.1565E+02  0.3095E+03
     16.663  0.1737E+02  0.3098E+03
     16.682  0.1699E+02  0.3101E+03
     16.700  0.1409E+02  0.3104E+03
     16.718  0.1175E+02  0.3106E+03
     16.736  0.1118E+02  0.3108E+03
     16.754  0.1169E+02  0.3110E+03
     16.773  0.1280E+02  0.3112E+03
     16.791  0.1308E+02  0.3115E+03
     16.809  0.1047E+02  0.3117E+03
     16.827  0.1049E+02  0.3119E+03
     16.845  0.5207E+01  0.3120E+03
     16.864  0.4260E+01  0.3121E+03
     16.882  0.9324E+01  0.3122E+03
     16.900  0.1321E+02  0.3124E+03
     16.918  0.1517E+02  0.3127E+03
     16.936  0.1527E+02  0.3130E+03
     16.954  0.1386E+02  0.3132E+03
     16.973  0.1163E+02  0.3135E+03
     16.991  0.8835E+01  0.3136E+03
     17.009  0.7878E+01  0.3138E+03
     17.027  0.7936E+01  0.3139E+03
     17.045  0.8964E+01  0.3141E+03
     17.064  0.1082E+02  0.3143E+03
     17.082  0.1342E+02  0.3145E+03
     17.100  0.1676E+02  0.3148E+03
     17.118  0.2046E+02  0.3151E+03
     17.136  0.1745E+02  0.3154E+03
     17.154  0.1252E+02  0.3157E+03
     17.173  0.7120E+01  0.3159E+03
     17.191  0.7192E+01  0.3160E+03
     17.209  0.1068E+02  0.3162E+03
     17.227  0.1678E+02  0.3164E+03
     17.245  0.2191E+02  0.3168E+03
     17.264  0.2460E+02  0.3172E+03
     17.282  0.1020E+02  0.3175E+03
     17.300  0.7540E+01  0.3177E+03
     17.318  0.5418E+01  0.3178E+03
     17.336  0.3647E+01  0.3179E+03
     17.355  0.2224E+01  0.3180E+03
     17.373  0.2335E+01  0.3180E+03
     17.391  0.4407E+01  0.3180E+03
     17.409  0.7336E+01  0.3182E+03
     17.427  0.9981E+01  0.3183E+03
     17.445  0.1098E+02  0.3185E+03
     17.464  0.1028E+02  0.3187E+03
     17.482  0.9657E+01  0.3189E+03
     17.500  0.9594E+01  0.3191E+03
     17.518  0.9279E+01  0.3192E+03
     17.536  0.8712E+01  0.3194E+03
     17.555  0.7892E+01  0.3195E+03
     17.573  0.6887E+01  0.3197E+03
     17.591  0.5947E+01  0.3198E+03
     17.609  0.5266E+01  0.3199E+03
     17.627  0.4865E+01  0.3200E+03
     17.645  0.4744E+01  0.3201E+03
     17.664  0.4981E+01  0.3202E+03
     17.682  0.6516E+01  0.3203E+03
     17.700  0.9096E+01  0.3204E+03
     17.718  0.1211E+02  0.3206E+03
     17.736  0.1368E+02  0.3208E+03
     17.755  0.1420E+02  0.3211E+03
     17.773  0.1366E+02  0.3213E+03
     17.791  0.1105E+02  0.3216E+03
     17.809  0.8353E+01  0.3217E+03
     17.827  0.5735E+01  0.3219E+03
     17.846  0.3197E+01  0.3220E+03
     17.864  0.9451E+00  0.3220E+03
     17.882  0.1361E-01  0.3220E+03
     17.900  0.0000E+00  0.3220E+03
     17.918  0.0000E+00  0.3220E+03
     17.936  0.0000E+00  0.3220E+03
     17.955  0.0000E+00  0.3220E+03
     17.973  0.0000E+00  0.3220E+03
     17.991  0.0000E+00  0.3220E+03
     18.009  0.0000E+00  0.3220E+03
     18.027  0.0000E+00  0.3220E+03
     18.046  0.0000E+00  0.3220E+03
     18.064  0.0000E+00  0.3220E+03
     18.082  0.0000E+00  0.3220E+03
     18.100  0.0000E+00  0.3220E+03
     18.118  0.0000E+00  0.3220E+03
     18.136  0.0000E+00  0.3220E+03
     18.155  0.0000E+00  0.3220E+03
     18.173  0.0000E+00  0.3220E+03
     18.191  0.0000E+00  0.3220E+03
     18.209  0.0000E+00  0.3220E+03
     18.227  0.0000E+00  0.3220E+03
     18.246  0.0000E+00  0.3220E+03
     18.264  0.0000E+00  0.3220E+03
     18.282  0.0000E+00  0.3220E+03
     18.300  0.0000E+00  0.3220E+03
     18.318  0.0000E+00  0.3220E+03
     18.336  0.0000E+00  0.3220E+03
     18.355  0.0000E+00  0.3220E+03
     18.373  0.0000E+00  0.3220E+03
     18.391  0.0000E+00  0.3220E+03
     18.409  0.0000E+00  0.3220E+03
     18.427  0.0000E+00  0.3220E+03
     18.446  0.0000E+00  0.3220E+03
     18.464  0.0000E+00  0.3220E+03
     18.482  0.0000E+00  0.3220E+03
     18.500  0.0000E+00  0.3220E+03
     18.518  0.0000E+00  0.3220E+03
     18.537  0.0000E+00  0.3220E+03
     18.555  0.0000E+00  0.3220E+03
     18.573  0.0000E+00  0.3220E+03
     18.591  0.0000E+00  0.3220E+03
     18.609  0.0000E+00  0.3220E+03
     18.627  0.0000E+00  0.3220E+03
     18.646  0.0000E+00  0.3220E+03
     18.664  0.0000E+00  0.3220E+03
     18.682  0.0000E+00  0.3220E+03
     18.700  0.0000E+00  0.3220E+03
     18.718  0.0000E+00  0.3220E+03
     18.737  0.0000E+00  0.3220E+03
     18.755  0.0000E+00  0.3220E+03
     18.773  0.0000E+00  0.3220E+03
     18.791  0.0000E+00  0.3220E+03
     18.809  0.0000E+00  0.3220E+03
     18.827  0.0000E+00  0.3220E+03
     18.846  0.0000E+00  0.3220E+03
     18.864  0.0000E+00  0.3220E+03
     18.882  0.0000E+00  0.3220E+03
     18.900  0.0000E+00  0.3220E+03
     18.918  0.0000E+00  0.3220E+03
     18.937  0.0000E+00  0.3220E+03
     18.955  0.0000E+00  0.3220E+03
     18.973  0.0000E+00  0.3220E+03
     18.991  0.0000E+00  0.3220E+03
     19.009  0.0000E+00  0.3220E+03
     19.028  0.0000E+00  0.3220E+03
     19.046  0.0000E+00  0.3220E+03
     19.064  0.0000E+00  0.3220E+03
     19.082  0.0000E+00  0.3220E+03
     19.100  0.0000E+00  0.3220E+03
     19.118  0.0000E+00  0.3220E+03
     19.137  0.0000E+00  0.3220E+03
     19.155  0.0000E+00  0.3220E+03
     19.173  0.0000E+00  0.3220E+03
     19.191  0.0000E+00  0.3220E+03
     19.209  0.0000E+00  0.3220E+03
     19.228  0.0000E+00  0.3220E+03
     19.246  0.0000E+00  0.3220E+03
     19.264  0.0000E+00  0.3220E+03
     19.282  0.0000E+00  0.3220E+03
     19.300  0.0000E+00  0.3220E+03
     19.318  0.0000E+00  0.3220E+03
     19.337  0.0000E+00  0.3220E+03
     19.355  0.0000E+00  0.3220E+03
     19.373  0.0000E+00  0.3220E+03
     19.391  0.0000E+00  0.3220E+03
     19.409  0.0000E+00  0.3220E+03
     19.428  0.0000E+00  0.3220E+03
     19.446  0.0000E+00  0.3220E+03
     19.464  0.0000E+00  0.3220E+03
     19.482  0.0000E+00  0.3220E+03
     19.500  0.0000E+00  0.3220E+03
     19.519  0.0000E+00  0.3220E+03
     19.537  0.0000E+00  0.3220E+03


