 Energy DOS Integrated_DOS
    -16.877  0.0000E+00  0.0000E+00
    -16.859  0.0000E+00  0.0000E+00
    -16.840  0.0000E+00  0.0000E+00
    -16.822  0.0000E+00  0.0000E+00
    -16.804  0.0000E+00  0.0000E+00
    -16.786  0.0000E+00  0.0000E+00
    -16.768  0.0000E+00  0.0000E+00
    -16.749  0.0000E+00  0.0000E+00
    -16.731  0.0000E+00  0.0000E+00
    -16.713  0.0000E+00  0.0000E+00
    -16.695  0.0000E+00  0.0000E+00
    -16.676  0.0000E+00  0.0000E+00
    -16.658  0.0000E+00  0.0000E+00
    -16.640  0.0000E+00  0.0000E+00
    -16.622  0.0000E+00  0.0000E+00
    -16.603  0.0000E+00  0.0000E+00
    -16.585  0.0000E+00  0.0000E+00
    -16.567  0.0000E+00  0.0000E+00
    -16.549  0.0000E+00  0.0000E+00
    -16.530  0.0000E+00  0.0000E+00
    -16.512  0.0000E+00  0.0000E+00
    -16.494  0.0000E+00  0.0000E+00
    -16.476  0.0000E+00  0.0000E+00
    -16.458  0.0000E+00  0.0000E+00
    -16.439  0.0000E+00  0.0000E+00
    -16.421  0.0000E+00  0.0000E+00
    -16.403  0.0000E+00  0.0000E+00
    -16.385  0.0000E+00  0.0000E+00
    -16.366  0.0000E+00  0.0000E+00
    -16.348  0.0000E+00  0.0000E+00
    -16.330  0.0000E+00  0.0000E+00
    -16.312  0.0000E+00  0.0000E+00
    -16.293  0.0000E+00  0.0000E+00
    -16.275  0.0000E+00  0.0000E+00
    -16.257  0.0000E+00  0.0000E+00
    -16.239  0.0000E+00  0.0000E+00
    -16.220  0.0000E+00  0.0000E+00
    -16.202  0.0000E+00  0.0000E+00
    -16.184  0.0000E+00  0.0000E+00
    -16.166  0.0000E+00  0.0000E+00
    -16.148  0.0000E+00  0.0000E+00
    -16.129  0.0000E+00  0.0000E+00
    -16.111  0.0000E+00  0.0000E+00
    -16.093  0.0000E+00  0.0000E+00
    -16.075  0.0000E+00  0.0000E+00
    -16.056  0.0000E+00  0.0000E+00
    -16.038  0.0000E+00  0.0000E+00
    -16.020  0.0000E+00  0.0000E+00
    -16.002  0.0000E+00  0.0000E+00
    -15.983  0.0000E+00  0.0000E+00
    -15.965  0.0000E+00  0.0000E+00
    -15.947  0.0000E+00  0.0000E+00
    -15.929  0.0000E+00  0.0000E+00
    -15.911  0.0000E+00  0.0000E+00
    -15.892  0.0000E+00  0.0000E+00
    -15.874  0.0000E+00  0.0000E+00
    -15.856  0.0000E+00  0.0000E+00
    -15.838  0.0000E+00  0.0000E+00
    -15.819  0.0000E+00  0.0000E+00
    -15.801  0.0000E+00  0.0000E+00
    -15.783  0.0000E+00  0.0000E+00
    -15.765  0.0000E+00  0.0000E+00
    -15.746  0.0000E+00  0.0000E+00
    -15.728  0.0000E+00  0.0000E+00
    -15.710  0.0000E+00  0.0000E+00
    -15.692  0.0000E+00  0.0000E+00
    -15.673  0.0000E+00  0.0000E+00
    -15.655  0.0000E+00  0.0000E+00
    -15.637  0.0000E+00  0.0000E+00
    -15.619  0.0000E+00  0.0000E+00
    -15.601  0.0000E+00  0.0000E+00
    -15.582  0.0000E+00  0.0000E+00
    -15.564  0.0000E+00  0.0000E+00
    -15.546  0.0000E+00  0.0000E+00
    -15.528  0.0000E+00  0.0000E+00
    -15.509  0.0000E+00  0.0000E+00
    -15.491  0.0000E+00  0.0000E+00
    -15.473  0.0000E+00  0.0000E+00
    -15.455  0.0000E+00  0.0000E+00
    -15.436  0.0000E+00  0.0000E+00
    -15.418  0.0000E+00  0.0000E+00
    -15.400  0.0000E+00  0.0000E+00
    -15.382  0.0000E+00  0.0000E+00
    -15.363  0.0000E+00  0.0000E+00
    -15.345  0.0000E+00  0.0000E+00
    -15.327  0.0000E+00  0.0000E+00
    -15.309  0.0000E+00  0.0000E+00
    -15.291  0.0000E+00  0.0000E+00
    -15.272  0.0000E+00  0.0000E+00
    -15.254  0.0000E+00  0.0000E+00
    -15.236  0.0000E+00  0.0000E+00
    -15.218  0.1154E-02  0.9567E-06
    -15.199  0.8015E-01  0.5536E-03
    -15.181  0.2833E+00  0.3679E-02
    -15.163  0.6106E+00  0.1164E-01
    -15.145  0.1062E+01  0.2670E-01
    -15.126  0.1638E+01  0.5112E-01
    -15.108  0.2337E+01  0.8717E-01
    -15.090  0.3161E+01  0.1371E+00
    -15.072  0.4109E+01  0.2032E+00
    -15.053  0.5181E+01  0.2877E+00
    -15.035  0.6371E+01  0.3929E+00
    -15.017  0.7408E+01  0.5189E+00
    -14.999  0.8185E+01  0.6615E+00
    -14.981  0.8702E+01  0.8159E+00
    -14.962  0.9008E+01  0.9773E+00
    -14.944  0.1354E+02  0.1182E+01
    -14.926  0.1706E+02  0.1463E+01
    -14.908  0.1916E+02  0.1795E+01
    -14.889  0.1984E+02  0.2153E+01
    -14.871  0.1909E+02  0.2510E+01
    -14.853  0.1661E+02  0.2837E+01
    -14.835  0.1363E+02  0.3112E+01
    -14.816  0.1106E+02  0.3337E+01
    -14.798  0.8805E+01  0.3518E+01
    -14.780  0.9324E+01  0.3674E+01
    -14.762  0.1110E+02  0.3861E+01
    -14.743  0.1259E+02  0.4077E+01
    -14.725  0.1373E+02  0.4318E+01
    -14.707  0.1635E+02  0.4589E+01
    -14.689  0.1881E+02  0.4911E+01
    -14.671  0.2029E+02  0.5269E+01
    -14.652  0.2079E+02  0.5645E+01
    -14.634  0.2030E+02  0.6021E+01
    -14.616  0.1862E+02  0.6378E+01
    -14.598  0.1576E+02  0.6693E+01
    -14.579  0.1199E+02  0.6947E+01
    -14.561  0.1007E+02  0.7137E+01
    -14.543  0.1043E+02  0.7324E+01
    -14.525  0.1084E+02  0.7518E+01
    -14.506  0.1131E+02  0.7720E+01
    -14.488  0.1183E+02  0.7931E+01
    -14.470  0.1240E+02  0.8152E+01
    -14.452  0.1049E+02  0.8366E+01
    -14.433  0.9900E+01  0.8548E+01
    -14.415  0.1182E+02  0.8744E+01
    -14.397  0.1422E+02  0.8981E+01
    -14.379  0.1684E+02  0.9264E+01
    -14.361  0.1968E+02  0.9596E+01
    -14.342  0.9933E+02  0.1029E+02
    -14.324  0.1738E+02  0.1127E+02
    -14.306  0.2178E+02  0.1163E+02
    -14.288  0.2508E+02  0.1206E+02
    -14.269  0.2164E+02  0.1250E+02
    -14.251  0.9990E+01  0.1280E+02
    -14.233  0.1279E+02  0.1300E+02
    -14.215  0.1726E+02  0.1327E+02
    -14.196  0.0000E+00  0.1400E+02
    -14.178  0.1984E+02  0.1422E+02
    -14.160  0.2564E+02  0.1463E+02
    -14.142  0.3174E+02  0.1516E+02
    -14.124  0.3781E+02  0.1579E+02
    -14.105  0.3877E+02  0.1650E+02
    -14.087  0.2157E+02  0.1709E+02
    -14.069  0.7117E+02  0.1791E+02
    -14.051  0.6200E+02  0.1924E+02
    -14.032  0.4556E+02  0.2021E+02
    -14.014  0.3050E+02  0.2089E+02
    -13.996  0.1999E+02  0.2135E+02
    -13.978  0.1218E+02  0.2164E+02
    -13.959  0.7092E+01  0.2181E+02
    -13.941  0.4282E+01  0.2191E+02
    -13.923  0.1982E+02  0.2210E+02
    -13.905  0.2943E+02  0.2257E+02
    -13.886  0.2600E+02  0.2309E+02
    -13.868  0.1512E+02  0.2346E+02
    -13.850  0.2079E+02  0.2374E+02
    -13.832  0.5932E+02  0.2450E+02
    -13.814  0.9709E+02  0.2582E+02
    -13.795  0.4263E+02  0.2726E+02
    -13.777  0.5433E+02  0.2815E+02
    -13.759  0.6762E+02  0.2924E+02
    -13.741  0.1021E+03  0.3070E+02
    -13.722  0.1193E+03  0.3273E+02
    -13.704  0.3251E+02  0.3451E+02
    -13.686  0.4510E+02  0.3520E+02
    -13.668  0.6587E+02  0.3621E+02
    -13.649  0.1497E+03  0.3796E+02
    -13.631  0.3945E+02  0.3975E+02
    -13.613  0.1289E+02  0.4006E+02
    -13.595  0.6579E+02  0.4070E+02
    -13.576  0.9164E+02  0.4229E+02
    -13.558  0.1221E+03  0.4388E+02
    -13.540  0.1108E+03  0.4600E+02
    -13.522  0.6502E+02  0.4694E+02
    -13.504  0.8368E+02  0.4849E+02
    -13.485  0.4033E+02  0.4983E+02
    -13.467  0.3042E+02  0.5196E+02
    -13.449  0.7412E+02  0.5255E+02
    -13.431  0.1429E+03  0.5487E+02
    -13.412  0.5388E+02  0.5641E+02
    -13.394  0.9762E+02  0.5788E+02
    -13.376  0.5361E+02  0.5944E+02
    -13.358  0.4191E+02  0.6028E+02
    -13.339  0.4298E+02  0.6107E+02
    -13.321  0.2931E+02  0.6177E+02
    -13.303  0.2637E-01  0.6200E+02
    -13.285  0.0000E+00  0.6200E+02
    -13.266  0.0000E+00  0.6200E+02
    -13.248  0.0000E+00  0.6200E+02
    -13.230  0.0000E+00  0.6200E+02
    -13.212  0.0000E+00  0.6200E+02
    -13.194  0.0000E+00  0.6200E+02
    -13.175  0.0000E+00  0.6200E+02
    -13.157  0.0000E+00  0.6200E+02
    -13.139  0.0000E+00  0.6200E+02
    -13.121  0.0000E+00  0.6200E+02
    -13.102  0.0000E+00  0.6200E+02
    -13.084  0.0000E+00  0.6200E+02
    -13.066  0.0000E+00  0.6200E+02
    -13.048  0.0000E+00  0.6200E+02
    -13.029  0.0000E+00  0.6200E+02
    -13.011  0.0000E+00  0.6200E+02
    -12.993  0.0000E+00  0.6200E+02
    -12.975  0.0000E+00  0.6200E+02
    -12.956  0.0000E+00  0.6200E+02
    -12.938  0.0000E+00  0.6200E+02
    -12.920  0.0000E+00  0.6200E+02
    -12.902  0.0000E+00  0.6200E+02
    -12.884  0.0000E+00  0.6200E+02
    -12.865  0.0000E+00  0.6200E+02
    -12.847  0.0000E+00  0.6200E+02
    -12.829  0.0000E+00  0.6200E+02
    -12.811  0.0000E+00  0.6200E+02
    -12.792  0.0000E+00  0.6200E+02
    -12.774  0.0000E+00  0.6200E+02
    -12.756  0.0000E+00  0.6200E+02
    -12.738  0.0000E+00  0.6200E+02
    -12.719  0.0000E+00  0.6200E+02
    -12.701  0.0000E+00  0.6200E+02
    -12.683  0.0000E+00  0.6200E+02
    -12.665  0.0000E+00  0.6200E+02
    -12.646  0.0000E+00  0.6200E+02
    -12.628  0.0000E+00  0.6200E+02
    -12.610  0.0000E+00  0.6200E+02
    -12.592  0.0000E+00  0.6200E+02
    -12.574  0.0000E+00  0.6200E+02
    -12.555  0.0000E+00  0.6200E+02
    -12.537  0.0000E+00  0.6200E+02
    -12.519  0.0000E+00  0.6200E+02
    -12.501  0.0000E+00  0.6200E+02
    -12.482  0.0000E+00  0.6200E+02
    -12.464  0.0000E+00  0.6200E+02
    -12.446  0.0000E+00  0.6200E+02
    -12.428  0.0000E+00  0.6200E+02
    -12.409  0.0000E+00  0.6200E+02
    -12.391  0.0000E+00  0.6200E+02
    -12.373  0.0000E+00  0.6200E+02
    -12.355  0.0000E+00  0.6200E+02
    -12.337  0.0000E+00  0.6200E+02
    -12.318  0.0000E+00  0.6200E+02
    -12.300  0.0000E+00  0.6200E+02
    -12.282  0.0000E+00  0.6200E+02
    -12.264  0.0000E+00  0.6200E+02
    -12.245  0.0000E+00  0.6200E+02
    -12.227  0.0000E+00  0.6200E+02
    -12.209  0.0000E+00  0.6200E+02
    -12.191  0.0000E+00  0.6200E+02
    -12.172  0.0000E+00  0.6200E+02
    -12.154  0.0000E+00  0.6200E+02
    -12.136  0.0000E+00  0.6200E+02
    -12.118  0.0000E+00  0.6200E+02
    -12.099  0.0000E+00  0.6200E+02
    -12.081  0.0000E+00  0.6200E+02
    -12.063  0.0000E+00  0.6200E+02
    -12.045  0.0000E+00  0.6200E+02
    -12.027  0.0000E+00  0.6200E+02
    -12.008  0.0000E+00  0.6200E+02
    -11.990  0.0000E+00  0.6200E+02
    -11.972  0.0000E+00  0.6200E+02
    -11.954  0.0000E+00  0.6200E+02
    -11.935  0.0000E+00  0.6200E+02
    -11.917  0.0000E+00  0.6200E+02
    -11.899  0.0000E+00  0.6200E+02
    -11.881  0.0000E+00  0.6200E+02
    -11.862  0.0000E+00  0.6200E+02
    -11.844  0.0000E+00  0.6200E+02
    -11.826  0.0000E+00  0.6200E+02
    -11.808  0.0000E+00  0.6200E+02
    -11.789  0.0000E+00  0.6200E+02
    -11.771  0.0000E+00  0.6200E+02
    -11.753  0.0000E+00  0.6200E+02
    -11.735  0.0000E+00  0.6200E+02
    -11.717  0.0000E+00  0.6200E+02
    -11.698  0.0000E+00  0.6200E+02
    -11.680  0.0000E+00  0.6200E+02
    -11.662  0.0000E+00  0.6200E+02
    -11.644  0.0000E+00  0.6200E+02
    -11.625  0.0000E+00  0.6200E+02
    -11.607  0.0000E+00  0.6200E+02
    -11.589  0.0000E+00  0.6200E+02
    -11.571  0.0000E+00  0.6200E+02
    -11.552  0.0000E+00  0.6200E+02
    -11.534  0.0000E+00  0.6200E+02
    -11.516  0.0000E+00  0.6200E+02
    -11.498  0.0000E+00  0.6200E+02
    -11.479  0.0000E+00  0.6200E+02
    -11.461  0.0000E+00  0.6200E+02
    -11.443  0.0000E+00  0.6200E+02
    -11.425  0.0000E+00  0.6200E+02
    -11.407  0.0000E+00  0.6200E+02
    -11.388  0.0000E+00  0.6200E+02
    -11.370  0.0000E+00  0.6200E+02
    -11.352  0.0000E+00  0.6200E+02
    -11.334  0.0000E+00  0.6200E+02
    -11.315  0.0000E+00  0.6200E+02
    -11.297  0.0000E+00  0.6200E+02
    -11.279  0.0000E+00  0.6200E+02
    -11.261  0.0000E+00  0.6200E+02
    -11.242  0.0000E+00  0.6200E+02
    -11.224  0.0000E+00  0.6200E+02
    -11.206  0.0000E+00  0.6200E+02
    -11.188  0.0000E+00  0.6200E+02
    -11.169  0.0000E+00  0.6200E+02
    -11.151  0.0000E+00  0.6200E+02
    -11.133  0.0000E+00  0.6200E+02
    -11.115  0.0000E+00  0.6200E+02
    -11.097  0.0000E+00  0.6200E+02
    -11.078  0.0000E+00  0.6200E+02
    -11.060  0.0000E+00  0.6200E+02
    -11.042  0.0000E+00  0.6200E+02
    -11.024  0.0000E+00  0.6200E+02
    -11.005  0.0000E+00  0.6200E+02
    -10.987  0.0000E+00  0.6200E+02
    -10.969  0.0000E+00  0.6200E+02
    -10.951  0.0000E+00  0.6200E+02
    -10.932  0.0000E+00  0.6200E+02
    -10.914  0.0000E+00  0.6200E+02
    -10.896  0.0000E+00  0.6200E+02
    -10.878  0.0000E+00  0.6200E+02
    -10.860  0.0000E+00  0.6200E+02
    -10.841  0.0000E+00  0.6200E+02
    -10.823  0.0000E+00  0.6200E+02
    -10.805  0.0000E+00  0.6200E+02
    -10.787  0.0000E+00  0.6200E+02
    -10.768  0.0000E+00  0.6200E+02
    -10.750  0.0000E+00  0.6200E+02
    -10.732  0.0000E+00  0.6200E+02
    -10.714  0.0000E+00  0.6200E+02
    -10.695  0.0000E+00  0.6200E+02
    -10.677  0.0000E+00  0.6200E+02
    -10.659  0.0000E+00  0.6200E+02
    -10.641  0.0000E+00  0.6200E+02
    -10.622  0.0000E+00  0.6200E+02
    -10.604  0.0000E+00  0.6200E+02
    -10.586  0.0000E+00  0.6200E+02
    -10.568  0.0000E+00  0.6200E+02
    -10.550  0.0000E+00  0.6200E+02
    -10.531  0.0000E+00  0.6200E+02
    -10.513  0.0000E+00  0.6200E+02
    -10.495  0.0000E+00  0.6200E+02
    -10.477  0.0000E+00  0.6200E+02
    -10.458  0.0000E+00  0.6200E+02
    -10.440  0.0000E+00  0.6200E+02
    -10.422  0.0000E+00  0.6200E+02
    -10.404  0.0000E+00  0.6200E+02
    -10.385  0.0000E+00  0.6200E+02
    -10.367  0.0000E+00  0.6200E+02
    -10.349  0.0000E+00  0.6200E+02
    -10.331  0.0000E+00  0.6200E+02
    -10.312  0.0000E+00  0.6200E+02
    -10.294  0.0000E+00  0.6200E+02
    -10.276  0.0000E+00  0.6200E+02
    -10.258  0.0000E+00  0.6200E+02
    -10.240  0.0000E+00  0.6200E+02
    -10.221  0.0000E+00  0.6200E+02
    -10.203  0.0000E+00  0.6200E+02
    -10.185  0.0000E+00  0.6200E+02
    -10.167  0.0000E+00  0.6200E+02
    -10.148  0.0000E+00  0.6200E+02
    -10.130  0.0000E+00  0.6200E+02
    -10.112  0.0000E+00  0.6200E+02
    -10.094  0.0000E+00  0.6200E+02
    -10.075  0.0000E+00  0.6200E+02
    -10.057  0.0000E+00  0.6200E+02
    -10.039  0.0000E+00  0.6200E+02
    -10.021  0.0000E+00  0.6200E+02
    -10.002  0.0000E+00  0.6200E+02
     -9.984  0.0000E+00  0.6200E+02
     -9.966  0.0000E+00  0.6200E+02
     -9.948  0.0000E+00  0.6200E+02
     -9.930  0.0000E+00  0.6200E+02
     -9.911  0.0000E+00  0.6200E+02
     -9.893  0.0000E+00  0.6200E+02
     -9.875  0.0000E+00  0.6200E+02
     -9.857  0.0000E+00  0.6200E+02
     -9.838  0.0000E+00  0.6200E+02
     -9.820  0.0000E+00  0.6200E+02
     -9.802  0.0000E+00  0.6200E+02
     -9.784  0.0000E+00  0.6200E+02
     -9.765  0.0000E+00  0.6200E+02
     -9.747  0.0000E+00  0.6200E+02
     -9.729  0.0000E+00  0.6200E+02
     -9.711  0.0000E+00  0.6200E+02
     -9.692  0.0000E+00  0.6200E+02
     -9.674  0.0000E+00  0.6200E+02
     -9.656  0.0000E+00  0.6200E+02
     -9.638  0.0000E+00  0.6200E+02
     -9.620  0.0000E+00  0.6200E+02
     -9.601  0.0000E+00  0.6200E+02
     -9.583  0.0000E+00  0.6200E+02
     -9.565  0.0000E+00  0.6200E+02
     -9.547  0.0000E+00  0.6200E+02
     -9.528  0.0000E+00  0.6200E+02
     -9.510  0.0000E+00  0.6200E+02
     -9.492  0.0000E+00  0.6200E+02
     -9.474  0.0000E+00  0.6200E+02
     -9.455  0.0000E+00  0.6200E+02
     -9.437  0.0000E+00  0.6200E+02
     -9.419  0.0000E+00  0.6200E+02
     -9.401  0.0000E+00  0.6200E+02
     -9.382  0.0000E+00  0.6200E+02
     -9.364  0.0000E+00  0.6200E+02
     -9.346  0.0000E+00  0.6200E+02
     -9.328  0.0000E+00  0.6200E+02
     -9.310  0.0000E+00  0.6200E+02
     -9.291  0.0000E+00  0.6200E+02
     -9.273  0.0000E+00  0.6200E+02
     -9.255  0.0000E+00  0.6200E+02
     -9.237  0.0000E+00  0.6200E+02
     -9.218  0.0000E+00  0.6200E+02
     -9.200  0.0000E+00  0.6200E+02
     -9.182  0.0000E+00  0.6200E+02
     -9.164  0.0000E+00  0.6200E+02
     -9.145  0.0000E+00  0.6200E+02
     -9.127  0.0000E+00  0.6200E+02
     -9.109  0.0000E+00  0.6200E+02
     -9.091  0.0000E+00  0.6200E+02
     -9.073  0.0000E+00  0.6200E+02
     -9.054  0.0000E+00  0.6200E+02
     -9.036  0.0000E+00  0.6200E+02
     -9.018  0.0000E+00  0.6200E+02
     -9.000  0.0000E+00  0.6200E+02
     -8.981  0.0000E+00  0.6200E+02
     -8.963  0.0000E+00  0.6200E+02
     -8.945  0.0000E+00  0.6200E+02
     -8.927  0.0000E+00  0.6200E+02
     -8.908  0.0000E+00  0.6200E+02
     -8.890  0.0000E+00  0.6200E+02
     -8.872  0.0000E+00  0.6200E+02
     -8.854  0.0000E+00  0.6200E+02
     -8.835  0.0000E+00  0.6200E+02
     -8.817  0.0000E+00  0.6200E+02
     -8.799  0.0000E+00  0.6200E+02
     -8.781  0.0000E+00  0.6200E+02
     -8.763  0.0000E+00  0.6200E+02
     -8.744  0.0000E+00  0.6200E+02
     -8.726  0.0000E+00  0.6200E+02
     -8.708  0.0000E+00  0.6200E+02
     -8.690  0.0000E+00  0.6200E+02
     -8.671  0.0000E+00  0.6200E+02
     -8.653  0.0000E+00  0.6200E+02
     -8.635  0.0000E+00  0.6200E+02
     -8.617  0.0000E+00  0.6200E+02
     -8.598  0.0000E+00  0.6200E+02
     -8.580  0.0000E+00  0.6200E+02
     -8.562  0.0000E+00  0.6200E+02
     -8.544  0.0000E+00  0.6200E+02
     -8.525  0.0000E+00  0.6200E+02
     -8.507  0.0000E+00  0.6200E+02
     -8.489  0.0000E+00  0.6200E+02
     -8.471  0.0000E+00  0.6200E+02
     -8.453  0.0000E+00  0.6200E+02
     -8.434  0.0000E+00  0.6200E+02
     -8.416  0.0000E+00  0.6200E+02
     -8.398  0.0000E+00  0.6200E+02
     -8.380  0.0000E+00  0.6200E+02
     -8.361  0.0000E+00  0.6200E+02
     -8.343  0.0000E+00  0.6200E+02
     -8.325  0.0000E+00  0.6200E+02
     -8.307  0.0000E+00  0.6200E+02
     -8.288  0.0000E+00  0.6200E+02
     -8.270  0.0000E+00  0.6200E+02
     -8.252  0.0000E+00  0.6200E+02
     -8.234  0.0000E+00  0.6200E+02
     -8.215  0.0000E+00  0.6200E+02
     -8.197  0.0000E+00  0.6200E+02
     -8.179  0.0000E+00  0.6200E+02
     -8.161  0.0000E+00  0.6200E+02
     -8.143  0.0000E+00  0.6200E+02
     -8.124  0.0000E+00  0.6200E+02
     -8.106  0.0000E+00  0.6200E+02
     -8.088  0.0000E+00  0.6200E+02
     -8.070  0.0000E+00  0.6200E+02
     -8.051  0.0000E+00  0.6200E+02
     -8.033  0.0000E+00  0.6200E+02
     -8.015  0.0000E+00  0.6200E+02
     -7.997  0.0000E+00  0.6200E+02
     -7.978  0.0000E+00  0.6200E+02
     -7.960  0.0000E+00  0.6200E+02
     -7.942  0.0000E+00  0.6200E+02
     -7.924  0.0000E+00  0.6200E+02
     -7.905  0.0000E+00  0.6200E+02
     -7.887  0.0000E+00  0.6200E+02
     -7.869  0.0000E+00  0.6200E+02
     -7.851  0.0000E+00  0.6200E+02
     -7.833  0.0000E+00  0.6200E+02
     -7.814  0.0000E+00  0.6200E+02
     -7.796  0.0000E+00  0.6200E+02
     -7.778  0.0000E+00  0.6200E+02
     -7.760  0.0000E+00  0.6200E+02
     -7.741  0.0000E+00  0.6200E+02
     -7.723  0.0000E+00  0.6200E+02
     -7.705  0.0000E+00  0.6200E+02
     -7.687  0.0000E+00  0.6200E+02
     -7.668  0.0000E+00  0.6200E+02
     -7.650  0.0000E+00  0.6200E+02
     -7.632  0.0000E+00  0.6200E+02
     -7.614  0.0000E+00  0.6200E+02
     -7.595  0.0000E+00  0.6200E+02
     -7.577  0.0000E+00  0.6200E+02
     -7.559  0.0000E+00  0.6200E+02
     -7.541  0.0000E+00  0.6200E+02
     -7.523  0.0000E+00  0.6200E+02
     -7.504  0.0000E+00  0.6200E+02
     -7.486  0.0000E+00  0.6200E+02
     -7.468  0.0000E+00  0.6200E+02
     -7.450  0.0000E+00  0.6200E+02
     -7.431  0.0000E+00  0.6200E+02
     -7.413  0.0000E+00  0.6200E+02
     -7.395  0.0000E+00  0.6200E+02
     -7.377  0.0000E+00  0.6200E+02
     -7.358  0.0000E+00  0.6200E+02
     -7.340  0.0000E+00  0.6200E+02
     -7.322  0.0000E+00  0.6200E+02
     -7.304  0.0000E+00  0.6200E+02
     -7.286  0.0000E+00  0.6200E+02
     -7.267  0.0000E+00  0.6200E+02
     -7.249  0.0000E+00  0.6200E+02
     -7.231  0.0000E+00  0.6200E+02
     -7.213  0.0000E+00  0.6200E+02
     -7.194  0.0000E+00  0.6200E+02
     -7.176  0.0000E+00  0.6200E+02
     -7.158  0.0000E+00  0.6200E+02
     -7.140  0.0000E+00  0.6200E+02
     -7.121  0.0000E+00  0.6200E+02
     -7.103  0.0000E+00  0.6200E+02
     -7.085  0.0000E+00  0.6200E+02
     -7.067  0.0000E+00  0.6200E+02
     -7.048  0.0000E+00  0.6200E+02
     -7.030  0.0000E+00  0.6200E+02
     -7.012  0.0000E+00  0.6200E+02
     -6.994  0.0000E+00  0.6200E+02
     -6.976  0.0000E+00  0.6200E+02
     -6.957  0.0000E+00  0.6200E+02
     -6.939  0.0000E+00  0.6200E+02
     -6.921  0.0000E+00  0.6200E+02
     -6.903  0.0000E+00  0.6200E+02
     -6.884  0.0000E+00  0.6200E+02
     -6.866  0.0000E+00  0.6200E+02
     -6.848  0.0000E+00  0.6200E+02
     -6.830  0.0000E+00  0.6200E+02
     -6.811  0.0000E+00  0.6200E+02
     -6.793  0.0000E+00  0.6200E+02
     -6.775  0.0000E+00  0.6200E+02
     -6.757  0.0000E+00  0.6200E+02
     -6.738  0.0000E+00  0.6200E+02
     -6.720  0.0000E+00  0.6200E+02
     -6.702  0.0000E+00  0.6200E+02
     -6.684  0.0000E+00  0.6200E+02
     -6.666  0.0000E+00  0.6200E+02
     -6.647  0.0000E+00  0.6200E+02
     -6.629  0.0000E+00  0.6200E+02
     -6.611  0.0000E+00  0.6200E+02
     -6.593  0.0000E+00  0.6200E+02
     -6.574  0.0000E+00  0.6200E+02
     -6.556  0.0000E+00  0.6200E+02
     -6.538  0.0000E+00  0.6200E+02
     -6.520  0.0000E+00  0.6200E+02
     -6.501  0.0000E+00  0.6200E+02
     -6.483  0.0000E+00  0.6200E+02
     -6.465  0.0000E+00  0.6200E+02
     -6.447  0.0000E+00  0.6200E+02
     -6.428  0.0000E+00  0.6200E+02
     -6.410  0.0000E+00  0.6200E+02
     -6.392  0.0000E+00  0.6200E+02
     -6.374  0.0000E+00  0.6200E+02
     -6.356  0.0000E+00  0.6200E+02
     -6.337  0.0000E+00  0.6200E+02
     -6.319  0.0000E+00  0.6200E+02
     -6.301  0.0000E+00  0.6200E+02
     -6.283  0.0000E+00  0.6200E+02
     -6.264  0.0000E+00  0.6200E+02
     -6.246  0.0000E+00  0.6200E+02
     -6.228  0.0000E+00  0.6200E+02
     -6.210  0.0000E+00  0.6200E+02
     -6.191  0.0000E+00  0.6200E+02
     -6.173  0.0000E+00  0.6200E+02
     -6.155  0.0000E+00  0.6200E+02
     -6.137  0.0000E+00  0.6200E+02
     -6.118  0.0000E+00  0.6200E+02
     -6.100  0.0000E+00  0.6200E+02
     -6.082  0.0000E+00  0.6200E+02
     -6.064  0.0000E+00  0.6200E+02
     -6.046  0.0000E+00  0.6200E+02
     -6.027  0.0000E+00  0.6200E+02
     -6.009  0.0000E+00  0.6200E+02
     -5.991  0.0000E+00  0.6200E+02
     -5.973  0.0000E+00  0.6200E+02
     -5.954  0.0000E+00  0.6200E+02
     -5.936  0.0000E+00  0.6200E+02
     -5.918  0.0000E+00  0.6200E+02
     -5.900  0.0000E+00  0.6200E+02
     -5.881  0.0000E+00  0.6200E+02
     -5.863  0.0000E+00  0.6200E+02
     -5.845  0.0000E+00  0.6200E+02
     -5.827  0.0000E+00  0.6200E+02
     -5.808  0.0000E+00  0.6200E+02
     -5.790  0.0000E+00  0.6200E+02
     -5.772  0.0000E+00  0.6200E+02
     -5.754  0.0000E+00  0.6200E+02
     -5.736  0.0000E+00  0.6200E+02
     -5.717  0.0000E+00  0.6200E+02
     -5.699  0.0000E+00  0.6200E+02
     -5.681  0.0000E+00  0.6200E+02
     -5.663  0.0000E+00  0.6200E+02
     -5.644  0.0000E+00  0.6200E+02
     -5.626  0.0000E+00  0.6200E+02
     -5.608  0.0000E+00  0.6200E+02
     -5.590  0.0000E+00  0.6200E+02
     -5.571  0.0000E+00  0.6200E+02
     -5.553  0.0000E+00  0.6200E+02
     -5.535  0.0000E+00  0.6200E+02
     -5.517  0.0000E+00  0.6200E+02
     -5.499  0.0000E+00  0.6200E+02
     -5.480  0.0000E+00  0.6200E+02
     -5.462  0.0000E+00  0.6200E+02
     -5.444  0.0000E+00  0.6200E+02
     -5.426  0.0000E+00  0.6200E+02
     -5.407  0.0000E+00  0.6200E+02
     -5.389  0.0000E+00  0.6200E+02
     -5.371  0.0000E+00  0.6200E+02
     -5.353  0.0000E+00  0.6200E+02
     -5.334  0.0000E+00  0.6200E+02
     -5.316  0.0000E+00  0.6200E+02
     -5.298  0.0000E+00  0.6200E+02
     -5.280  0.0000E+00  0.6200E+02
     -5.261  0.0000E+00  0.6200E+02
     -5.243  0.0000E+00  0.6200E+02
     -5.225  0.0000E+00  0.6200E+02
     -5.207  0.0000E+00  0.6200E+02
     -5.189  0.0000E+00  0.6200E+02
     -5.170  0.0000E+00  0.6200E+02
     -5.152  0.0000E+00  0.6200E+02
     -5.134  0.0000E+00  0.6200E+02
     -5.116  0.0000E+00  0.6200E+02
     -5.097  0.0000E+00  0.6200E+02
     -5.079  0.0000E+00  0.6200E+02
     -5.061  0.0000E+00  0.6200E+02
     -5.043  0.0000E+00  0.6200E+02
     -5.024  0.0000E+00  0.6200E+02
     -5.006  0.0000E+00  0.6200E+02
     -4.988  0.0000E+00  0.6200E+02
     -4.970  0.0000E+00  0.6200E+02
     -4.951  0.0000E+00  0.6200E+02
     -4.933  0.0000E+00  0.6200E+02
     -4.915  0.0000E+00  0.6200E+02
     -4.897  0.0000E+00  0.6200E+02
     -4.879  0.0000E+00  0.6200E+02
     -4.860  0.0000E+00  0.6200E+02
     -4.842  0.0000E+00  0.6200E+02
     -4.824  0.0000E+00  0.6200E+02
     -4.806  0.0000E+00  0.6200E+02
     -4.787  0.0000E+00  0.6200E+02
     -4.769  0.0000E+00  0.6200E+02
     -4.751  0.0000E+00  0.6200E+02
     -4.733  0.0000E+00  0.6200E+02
     -4.714  0.0000E+00  0.6200E+02
     -4.696  0.0000E+00  0.6200E+02
     -4.678  0.0000E+00  0.6200E+02
     -4.660  0.0000E+00  0.6200E+02
     -4.641  0.0000E+00  0.6200E+02
     -4.623  0.0000E+00  0.6200E+02
     -4.605  0.0000E+00  0.6200E+02
     -4.587  0.0000E+00  0.6200E+02
     -4.569  0.0000E+00  0.6200E+02
     -4.550  0.0000E+00  0.6200E+02
     -4.532  0.0000E+00  0.6200E+02
     -4.514  0.0000E+00  0.6200E+02
     -4.496  0.0000E+00  0.6200E+02
     -4.477  0.0000E+00  0.6200E+02
     -4.459  0.0000E+00  0.6200E+02
     -4.441  0.0000E+00  0.6200E+02
     -4.423  0.0000E+00  0.6200E+02
     -4.404  0.0000E+00  0.6200E+02
     -4.386  0.0000E+00  0.6200E+02
     -4.368  0.0000E+00  0.6200E+02
     -4.350  0.0000E+00  0.6200E+02
     -4.331  0.0000E+00  0.6200E+02
     -4.313  0.0000E+00  0.6200E+02
     -4.295  0.0000E+00  0.6200E+02
     -4.277  0.0000E+00  0.6200E+02
     -4.259  0.0000E+00  0.6200E+02
     -4.240  0.0000E+00  0.6200E+02
     -4.222  0.0000E+00  0.6200E+02
     -4.204  0.0000E+00  0.6200E+02
     -4.186  0.0000E+00  0.6200E+02
     -4.167  0.0000E+00  0.6200E+02
     -4.149  0.0000E+00  0.6200E+02
     -4.131  0.0000E+00  0.6200E+02
     -4.113  0.0000E+00  0.6200E+02
     -4.094  0.0000E+00  0.6200E+02
     -4.076  0.0000E+00  0.6200E+02
     -4.058  0.0000E+00  0.6200E+02
     -4.040  0.0000E+00  0.6200E+02
     -4.021  0.0000E+00  0.6200E+02
     -4.003  0.0000E+00  0.6200E+02
     -3.985  0.0000E+00  0.6200E+02
     -3.967  0.0000E+00  0.6200E+02
     -3.949  0.0000E+00  0.6200E+02
     -3.930  0.0000E+00  0.6200E+02
     -3.912  0.0000E+00  0.6200E+02
     -3.894  0.0000E+00  0.6200E+02
     -3.876  0.0000E+00  0.6200E+02
     -3.857  0.0000E+00  0.6200E+02
     -3.839  0.0000E+00  0.6200E+02
     -3.821  0.0000E+00  0.6200E+02
     -3.803  0.0000E+00  0.6200E+02
     -3.784  0.0000E+00  0.6200E+02
     -3.766  0.0000E+00  0.6200E+02
     -3.748  0.0000E+00  0.6200E+02
     -3.730  0.0000E+00  0.6200E+02
     -3.712  0.0000E+00  0.6200E+02
     -3.693  0.0000E+00  0.6200E+02
     -3.675  0.0000E+00  0.6200E+02
     -3.657  0.0000E+00  0.6200E+02
     -3.639  0.0000E+00  0.6200E+02
     -3.620  0.0000E+00  0.6200E+02
     -3.602  0.0000E+00  0.6200E+02
     -3.584  0.0000E+00  0.6200E+02
     -3.566  0.0000E+00  0.6200E+02
     -3.547  0.0000E+00  0.6200E+02
     -3.529  0.0000E+00  0.6200E+02
     -3.511  0.0000E+00  0.6200E+02
     -3.493  0.0000E+00  0.6200E+02
     -3.474  0.0000E+00  0.6200E+02
     -3.456  0.0000E+00  0.6200E+02
     -3.438  0.0000E+00  0.6200E+02
     -3.420  0.0000E+00  0.6200E+02
     -3.402  0.0000E+00  0.6200E+02
     -3.383  0.0000E+00  0.6200E+02
     -3.365  0.0000E+00  0.6200E+02
     -3.347  0.0000E+00  0.6200E+02
     -3.329  0.0000E+00  0.6200E+02
     -3.310  0.0000E+00  0.6200E+02
     -3.292  0.0000E+00  0.6200E+02
     -3.274  0.0000E+00  0.6200E+02
     -3.256  0.0000E+00  0.6200E+02
     -3.237  0.0000E+00  0.6200E+02
     -3.219  0.0000E+00  0.6200E+02
     -3.201  0.0000E+00  0.6200E+02
     -3.183  0.0000E+00  0.6200E+02
     -3.164  0.0000E+00  0.6200E+02
     -3.146  0.0000E+00  0.6200E+02
     -3.128  0.0000E+00  0.6200E+02
     -3.110  0.0000E+00  0.6200E+02
     -3.092  0.0000E+00  0.6200E+02
     -3.073  0.0000E+00  0.6200E+02
     -3.055  0.0000E+00  0.6200E+02
     -3.037  0.0000E+00  0.6200E+02
     -3.019  0.0000E+00  0.6200E+02
     -3.000  0.0000E+00  0.6200E+02
     -2.982  0.0000E+00  0.6200E+02
     -2.964  0.0000E+00  0.6200E+02
     -2.946  0.0000E+00  0.6200E+02
     -2.927  0.0000E+00  0.6200E+02
     -2.909  0.0000E+00  0.6200E+02
     -2.891  0.0000E+00  0.6200E+02
     -2.873  0.0000E+00  0.6200E+02
     -2.854  0.0000E+00  0.6200E+02
     -2.836  0.0000E+00  0.6200E+02
     -2.818  0.0000E+00  0.6200E+02
     -2.800  0.0000E+00  0.6200E+02
     -2.782  0.0000E+00  0.6200E+02
     -2.763  0.0000E+00  0.6200E+02
     -2.745  0.0000E+00  0.6200E+02
     -2.727  0.0000E+00  0.6200E+02
     -2.709  0.0000E+00  0.6200E+02
     -2.690  0.0000E+00  0.6200E+02
     -2.672  0.0000E+00  0.6200E+02
     -2.654  0.0000E+00  0.6200E+02
     -2.636  0.0000E+00  0.6200E+02
     -2.617  0.0000E+00  0.6200E+02
     -2.599  0.0000E+00  0.6200E+02
     -2.581  0.0000E+00  0.6200E+02
     -2.563  0.0000E+00  0.6200E+02
     -2.544  0.0000E+00  0.6200E+02
     -2.526  0.0000E+00  0.6200E+02
     -2.508  0.0000E+00  0.6200E+02
     -2.490  0.0000E+00  0.6200E+02
     -2.472  0.0000E+00  0.6200E+02
     -2.453  0.0000E+00  0.6200E+02
     -2.435  0.0000E+00  0.6200E+02
     -2.417  0.0000E+00  0.6200E+02
     -2.399  0.0000E+00  0.6200E+02
     -2.380  0.0000E+00  0.6200E+02
     -2.362  0.0000E+00  0.6200E+02
     -2.344  0.0000E+00  0.6200E+02
     -2.326  0.0000E+00  0.6200E+02
     -2.307  0.0000E+00  0.6200E+02
     -2.289  0.0000E+00  0.6200E+02
     -2.271  0.0000E+00  0.6200E+02
     -2.253  0.0000E+00  0.6200E+02
     -2.234  0.0000E+00  0.6200E+02
     -2.216  0.0000E+00  0.6200E+02
     -2.198  0.0000E+00  0.6200E+02
     -2.180  0.0000E+00  0.6200E+02
     -2.162  0.0000E+00  0.6200E+02
     -2.143  0.0000E+00  0.6200E+02
     -2.125  0.0000E+00  0.6200E+02
     -2.107  0.0000E+00  0.6200E+02
     -2.089  0.0000E+00  0.6200E+02
     -2.070  0.0000E+00  0.6200E+02
     -2.052  0.0000E+00  0.6200E+02
     -2.034  0.0000E+00  0.6200E+02
     -2.016  0.0000E+00  0.6200E+02
     -1.997  0.0000E+00  0.6200E+02
     -1.979  0.0000E+00  0.6200E+02
     -1.961  0.0000E+00  0.6200E+02
     -1.943  0.0000E+00  0.6200E+02
     -1.925  0.0000E+00  0.6200E+02
     -1.906  0.0000E+00  0.6200E+02
     -1.888  0.0000E+00  0.6200E+02
     -1.870  0.0000E+00  0.6200E+02
     -1.852  0.0000E+00  0.6200E+02
     -1.833  0.0000E+00  0.6200E+02
     -1.815  0.0000E+00  0.6200E+02
     -1.797  0.0000E+00  0.6200E+02
     -1.779  0.0000E+00  0.6200E+02
     -1.760  0.0000E+00  0.6200E+02
     -1.742  0.0000E+00  0.6200E+02
     -1.724  0.0000E+00  0.6200E+02
     -1.706  0.0000E+00  0.6200E+02
     -1.687  0.0000E+00  0.6200E+02
     -1.669  0.0000E+00  0.6200E+02
     -1.651  0.0000E+00  0.6200E+02
     -1.633  0.0000E+00  0.6200E+02
     -1.615  0.0000E+00  0.6200E+02
     -1.596  0.0000E+00  0.6200E+02
     -1.578  0.0000E+00  0.6200E+02
     -1.560  0.0000E+00  0.6200E+02
     -1.542  0.0000E+00  0.6200E+02
     -1.523  0.0000E+00  0.6200E+02
     -1.505  0.0000E+00  0.6200E+02
     -1.487  0.0000E+00  0.6200E+02
     -1.469  0.0000E+00  0.6200E+02
     -1.450  0.0000E+00  0.6200E+02
     -1.432  0.0000E+00  0.6200E+02
     -1.414  0.0000E+00  0.6200E+02
     -1.396  0.0000E+00  0.6200E+02
     -1.377  0.0000E+00  0.6200E+02
     -1.359  0.0000E+00  0.6200E+02
     -1.341  0.0000E+00  0.6200E+02
     -1.323  0.0000E+00  0.6200E+02
     -1.305  0.1038E-01  0.6200E+02
     -1.286  0.4344E-01  0.6200E+02
     -1.268  0.9922E-01  0.6200E+02
     -1.250  0.1870E+00  0.6200E+02
     -1.232  0.3324E+00  0.6201E+02
     -1.213  0.5409E+00  0.6202E+02
     -1.195  0.8253E+00  0.6203E+02
     -1.177  0.1186E+01  0.6205E+02
     -1.159  0.1624E+01  0.6207E+02
     -1.140  0.2139E+01  0.6211E+02
     -1.122  0.2731E+01  0.6215E+02
     -1.104  0.3399E+01  0.6221E+02
     -1.086  0.4145E+01  0.6228E+02
     -1.067  0.4967E+01  0.6236E+02
     -1.049  0.5866E+01  0.6246E+02
     -1.031  0.6842E+01  0.6257E+02
     -1.013  0.7894E+01  0.6271E+02
     -0.995  0.9024E+01  0.6286E+02
     -0.976  0.1023E+02  0.6304E+02
     -0.958  0.1189E+02  0.6324E+02
     -0.940  0.1377E+02  0.6347E+02
     -0.922  0.1550E+02  0.6374E+02
     -0.903  0.1707E+02  0.6404E+02
     -0.885  0.1849E+02  0.6436E+02
     -0.867  0.1976E+02  0.6471E+02
     -0.849  0.2265E+02  0.6509E+02
     -0.830  0.2576E+02  0.6553E+02
     -0.812  0.3157E+02  0.6605E+02
     -0.794  0.3817E+02  0.6669E+02
     -0.776  0.4139E+02  0.6742E+02
     -0.757  0.4297E+02  0.6818E+02
     -0.739  0.5638E+02  0.6909E+02
     -0.721  0.6226E+02  0.7019E+02
     -0.703  0.5901E+02  0.7130E+02
     -0.685  0.5344E+02  0.7233E+02
     -0.666  0.4739E+02  0.7325E+02
     -0.648  0.4530E+02  0.7409E+02
     -0.630  0.4080E+02  0.7488E+02
     -0.612  0.3608E+02  0.7558E+02
     -0.593  0.2821E+02  0.7618E+02
     -0.575  0.2102E+02  0.7662E+02
     -0.557  0.1716E+02  0.7696E+02
     -0.539  0.1645E+02  0.7726E+02
     -0.520  0.1494E+02  0.7748E+02
     -0.502  0.6522E+02  0.7825E+02
     -0.484  0.2762E+02  0.7904E+02
     -0.466  0.3337E+02  0.7960E+02
     -0.447  0.3316E+02  0.8022E+02
     -0.429  0.2727E+02  0.8078E+02
     -0.411  0.1923E+02  0.8118E+02
     -0.393  0.2177E+02  0.8156E+02
     -0.375  0.2861E+02  0.8199E+02
     -0.356  0.4628E+02  0.8270E+02
     -0.338  0.4847E+02  0.8359E+02
     -0.320  0.4592E+02  0.8440E+02
     -0.302  0.6297E+02  0.8543E+02
     -0.283  0.5301E+02  0.8653E+02
     -0.265  0.5216E+02  0.8799E+02
     -0.247  0.8423E+02  0.8928E+02
     -0.229  0.7154E+02  0.9055E+02
     -0.210  0.6358E+02  0.9184E+02
     -0.192  0.5472E+02  0.9287E+02
     -0.174  0.5240E+02  0.9385E+02
     -0.156  0.4931E+02  0.9478E+02
     -0.138  0.4689E+02  0.9565E+02
     -0.119  0.4510E+02  0.9649E+02
     -0.101  0.4393E+02  0.9730E+02
     -0.083  0.4550E+02  0.9811E+02
     -0.065  0.4805E+02  0.9896E+02
     -0.046  0.5011E+02  0.9986E+02
     -0.028  0.5137E+02  0.1008E+03
     -0.010  0.5183E+02  0.1017E+03
      0.008  0.4548E+02  0.1026E+03
      0.027  0.4036E+02  0.1034E+03
      0.045  0.3811E+02  0.1041E+03
      0.063  0.2915E+02  0.1047E+03
      0.081  0.2951E+02  0.1053E+03
      0.100  0.2956E+02  0.1058E+03
      0.118  0.2909E+02  0.1063E+03
      0.136  0.2817E+02  0.1069E+03
      0.154  0.2713E+02  0.1074E+03
      0.172  0.2604E+02  0.1079E+03
      0.191  0.2560E+02  0.1083E+03
      0.209  0.2550E+02  0.1088E+03
      0.227  0.2520E+02  0.1093E+03
      0.245  0.2451E+02  0.1097E+03
      0.264  0.2407E+02  0.1101E+03
      0.282  0.2387E+02  0.1106E+03
      0.300  0.2389E+02  0.1110E+03
      0.318  0.2411E+02  0.1115E+03
      0.337  0.2420E+02  0.1119E+03
      0.355  0.2403E+02  0.1123E+03
      0.373  0.2281E+02  0.1128E+03
      0.391  0.2081E+02  0.1132E+03
      0.410  0.1787E+02  0.1135E+03
      0.428  0.1634E+02  0.1138E+03
      0.446  0.1246E+02  0.1141E+03
      0.464  0.1245E+02  0.1143E+03
      0.482  0.1233E+02  0.1146E+03
      0.501  0.1137E+02  0.1148E+03
      0.519  0.1251E+02  0.1150E+03
      0.537  0.1528E+02  0.1152E+03
      0.555  0.1733E+02  0.1155E+03
      0.574  0.2211E+02  0.1159E+03
      0.592  0.2519E+02  0.1163E+03
      0.610  0.2646E+02  0.1168E+03
      0.628  0.2766E+02  0.1173E+03
      0.647  0.3065E+02  0.1178E+03
      0.665  0.3495E+02  0.1184E+03
      0.683  0.3659E+02  0.1191E+03
      0.701  0.3655E+02  0.1197E+03
      0.720  0.3510E+02  0.1204E+03
      0.738  0.3334E+02  0.1210E+03
      0.756  0.3178E+02  0.1216E+03
      0.774  0.3018E+02  0.1222E+03
      0.792  0.2856E+02  0.1227E+03
      0.811  0.2689E+02  0.1232E+03
      0.829  0.2538E+02  0.1237E+03
      0.847  0.2589E+02  0.1242E+03
      0.865  0.2680E+02  0.1246E+03
      0.884  0.2574E+02  0.1251E+03
      0.902  0.2396E+02  0.1256E+03
      0.920  0.2052E+02  0.1260E+03
      0.938  0.1924E+02  0.1264E+03
      0.957  0.1512E+02  0.1267E+03
      0.975  0.1222E+02  0.1269E+03
      0.993  0.1121E+02  0.1271E+03
      1.011  0.1121E+02  0.1273E+03
      1.030  0.1168E+02  0.1275E+03
      1.048  0.1231E+02  0.1278E+03
      1.066  0.1312E+02  0.1280E+03
      1.084  0.1410E+02  0.1282E+03
      1.102  0.1524E+02  0.1285E+03
      1.121  0.1655E+02  0.1288E+03
      1.139  0.1721E+02  0.1291E+03
      1.157  0.1778E+02  0.1294E+03
      1.175  0.1832E+02  0.1298E+03
      1.194  0.1884E+02  0.1301E+03
      1.212  0.1933E+02  0.1304E+03
      1.230  0.1978E+02  0.1308E+03
      1.248  0.2018E+02  0.1312E+03
      1.267  0.2054E+02  0.1315E+03
      1.285  0.2075E+02  0.1319E+03
      1.303  0.2173E+02  0.1323E+03
      1.321  0.2316E+02  0.1327E+03
      1.340  0.2434E+02  0.1331E+03
      1.358  0.2527E+02  0.1336E+03
      1.376  0.2595E+02  0.1341E+03
      1.394  0.2638E+02  0.1345E+03
      1.412  0.2656E+02  0.1350E+03
      1.431  0.2611E+02  0.1355E+03
      1.449  0.2479E+02  0.1360E+03
      1.467  0.2270E+02  0.1364E+03
      1.485  0.2120E+02  0.1368E+03
      1.504  0.2051E+02  0.1372E+03
      1.522  0.1927E+02  0.1375E+03
      1.540  0.1793E+02  0.1379E+03
      1.558  0.1835E+02  0.1382E+03
      1.577  0.2161E+02  0.1386E+03
      1.595  0.2676E+02  0.1390E+03
      1.613  0.3362E+02  0.1396E+03
      1.631  0.4271E+02  0.1402E+03
      1.649  0.5987E+02  0.1412E+03
      1.668  0.6215E+02  0.1423E+03
      1.686  0.5206E+02  0.1433E+03
      1.704  0.5178E+02  0.1443E+03
      1.722  0.4049E+02  0.1451E+03
      1.741  0.3200E+02  0.1458E+03
      1.759  0.3283E+02  0.1464E+03
      1.777  0.5570E+02  0.1471E+03
      1.795  0.3409E+02  0.1481E+03
      1.814  0.3358E+02  0.1486E+03
      1.832  0.5453E+02  0.1495E+03
      1.850  0.2952E+02  0.1502E+03
      1.868  0.3682E+02  0.1508E+03
      1.887  0.4443E+02  0.1516E+03
      1.905  0.5080E+02  0.1524E+03
      1.923  0.5097E+02  0.1534E+03
      1.941  0.4351E+02  0.1543E+03
      1.959  0.3988E+02  0.1550E+03
      1.978  0.3601E+02  0.1557E+03
      1.996  0.3897E+02  0.1564E+03
      2.014  0.4170E+02  0.1571E+03
      2.032  0.4428E+02  0.1579E+03
      2.051  0.4603E+02  0.1587E+03
      2.069  0.4772E+02  0.1596E+03
      2.087  0.4902E+02  0.1605E+03
      2.105  0.4933E+02  0.1614E+03
      2.124  0.4837E+02  0.1623E+03
      2.142  0.4608E+02  0.1631E+03
      2.160  0.4383E+02  0.1639E+03
      2.178  0.4497E+02  0.1647E+03
      2.197  0.4562E+02  0.1656E+03
      2.215  0.4636E+02  0.1664E+03
      2.233  0.4659E+02  0.1672E+03
      2.251  0.4718E+02  0.1681E+03
      2.269  0.4531E+02  0.1690E+03
      2.288  0.4009E+02  0.1697E+03
      2.306  0.6485E+02  0.1705E+03
      2.324  0.9698E+02  0.1722E+03
      2.342  0.1035E+03  0.1740E+03
      2.361  0.9097E+02  0.1758E+03
      2.379  0.5986E+02  0.1772E+03
      2.397  0.1072E+03  0.1785E+03
      2.415  0.2019E+02  0.1798E+03
      2.434  0.3780E+01  0.1800E+03
      2.452  0.8663E+02  0.1812E+03
      2.470  0.8094E+02  0.1835E+03
      2.488  0.1325E+02  0.1851E+03
      2.507  0.2562E+02  0.1854E+03
      2.525  0.5138E+02  0.1861E+03
      2.543  0.6370E+02  0.1871E+03
      2.561  0.7781E+02  0.1884E+03
      2.579  0.1100E+03  0.1901E+03
      2.598  0.1230E+03  0.1923E+03
      2.616  0.9842E+02  0.1943E+03
      2.634  0.6696E+02  0.1958E+03
      2.652  0.5991E+02  0.1970E+03
      2.671  0.5734E+02  0.1980E+03
      2.689  0.6558E+02  0.1991E+03
      2.707  0.6906E+02  0.2005E+03
      2.725  0.7366E+02  0.2015E+03
      2.744  0.8515E+02  0.2031E+03
      2.762  0.3881E+02  0.2043E+03
      2.780  0.5134E+02  0.2051E+03
      2.798  0.4321E+02  0.2065E+03
      2.817  0.4758E+02  0.2073E+03
      2.835  0.5147E+02  0.2082E+03
      2.853  0.4732E+02  0.2092E+03
      2.871  0.3881E+02  0.2099E+03
      2.889  0.5900E+02  0.2107E+03
      2.908  0.7935E+02  0.2119E+03
      2.926  0.8075E+02  0.2134E+03
      2.944  0.5144E+02  0.2147E+03
      2.962  0.7347E+02  0.2156E+03
      2.981  0.5107E+02  0.2167E+03
      2.999  0.5190E+02  0.2176E+03
      3.017  0.9085E+02  0.2189E+03
      3.035  0.1043E+03  0.2204E+03
      3.054  0.7751E+02  0.2220E+03
      3.072  0.7371E+02  0.2233E+03
      3.090  0.8148E+02  0.2249E+03
      3.108  0.1055E+03  0.2268E+03
      3.127  0.7571E+02  0.2284E+03
      3.145  0.6786E+02  0.2296E+03
      3.163  0.7541E+02  0.2311E+03
      3.181  0.4049E+02  0.2321E+03
      3.199  0.3146E+02  0.2327E+03
      3.218  0.4159E+02  0.2333E+03
      3.236  0.4693E+02  0.2342E+03
      3.254  0.4263E+02  0.2350E+03
      3.272  0.3772E+02  0.2357E+03
      3.291  0.3496E+02  0.2364E+03
      3.309  0.3545E+02  0.2370E+03
      3.327  0.3935E+02  0.2377E+03
      3.345  0.3181E+02  0.2388E+03
      3.364  0.2215E+02  0.2393E+03
      3.382  0.2553E+02  0.2397E+03
      3.400  0.2534E+02  0.2402E+03
      3.418  0.2317E+02  0.2406E+03
      3.436  0.2115E+02  0.2410E+03
      3.455  0.2254E+02  0.2414E+03
      3.473  0.3551E+02  0.2419E+03
      3.491  0.4112E+02  0.2427E+03
      3.509  0.2557E+02  0.2433E+03
      3.528  0.1603E+02  0.2436E+03
      3.546  0.2487E+02  0.2440E+03
      3.564  0.2939E+02  0.2445E+03
      3.582  0.2604E+02  0.2450E+03
      3.601  0.2131E+02  0.2454E+03
      3.619  0.4282E+02  0.2459E+03
      3.637  0.5371E+02  0.2470E+03
      3.655  0.1759E+02  0.2475E+03
      3.674  0.1095E+02  0.2477E+03
      3.692  0.5931E+01  0.2479E+03
      3.710  0.2515E+01  0.2480E+03
      3.728  0.5559E+00  0.2480E+03
      3.746  0.0000E+00  0.2480E+03
      3.765  0.0000E+00  0.2480E+03
      3.783  0.0000E+00  0.2480E+03
      3.801  0.0000E+00  0.2480E+03
      3.819  0.0000E+00  0.2480E+03
      3.838  0.0000E+00  0.2480E+03
      3.856  0.0000E+00  0.2480E+03
      3.874  0.0000E+00  0.2480E+03
      3.892  0.0000E+00  0.2480E+03
      3.911  0.0000E+00  0.2480E+03
      3.929  0.0000E+00  0.2480E+03
      3.947  0.0000E+00  0.2480E+03
      3.965  0.0000E+00  0.2480E+03
      3.984  0.0000E+00  0.2480E+03
      4.002  0.0000E+00  0.2480E+03
      4.020  0.0000E+00  0.2480E+03
      4.038  0.0000E+00  0.2480E+03
      4.056  0.0000E+00  0.2480E+03
      4.075  0.0000E+00  0.2480E+03
      4.093  0.0000E+00  0.2480E+03
      4.111  0.0000E+00  0.2480E+03
      4.129  0.0000E+00  0.2480E+03
      4.148  0.0000E+00  0.2480E+03
      4.166  0.0000E+00  0.2480E+03
      4.184  0.0000E+00  0.2480E+03
      4.202  0.0000E+00  0.2480E+03
      4.221  0.0000E+00  0.2480E+03
      4.239  0.0000E+00  0.2480E+03
      4.257  0.0000E+00  0.2480E+03
      4.275  0.0000E+00  0.2480E+03
      4.294  0.0000E+00  0.2480E+03
      4.312  0.0000E+00  0.2480E+03
      4.330  0.0000E+00  0.2480E+03
      4.348  0.0000E+00  0.2480E+03
      4.366  0.0000E+00  0.2480E+03
      4.385  0.0000E+00  0.2480E+03
      4.403  0.0000E+00  0.2480E+03
      4.421  0.0000E+00  0.2480E+03
      4.439  0.0000E+00  0.2480E+03
      4.458  0.0000E+00  0.2480E+03
      4.476  0.0000E+00  0.2480E+03
      4.494  0.0000E+00  0.2480E+03
      4.512  0.0000E+00  0.2480E+03
      4.531  0.0000E+00  0.2480E+03
      4.549  0.0000E+00  0.2480E+03
      4.567  0.0000E+00  0.2480E+03
      4.585  0.0000E+00  0.2480E+03
      4.604  0.0000E+00  0.2480E+03
      4.622  0.0000E+00  0.2480E+03
      4.640  0.0000E+00  0.2480E+03
      4.658  0.0000E+00  0.2480E+03
      4.676  0.0000E+00  0.2480E+03
      4.695  0.0000E+00  0.2480E+03
      4.713  0.0000E+00  0.2480E+03
      4.731  0.0000E+00  0.2480E+03
      4.749  0.0000E+00  0.2480E+03
      4.768  0.0000E+00  0.2480E+03
      4.786  0.0000E+00  0.2480E+03
      4.804  0.0000E+00  0.2480E+03
      4.822  0.0000E+00  0.2480E+03
      4.841  0.0000E+00  0.2480E+03
      4.859  0.0000E+00  0.2480E+03
      4.877  0.0000E+00  0.2480E+03
      4.895  0.0000E+00  0.2480E+03
      4.914  0.0000E+00  0.2480E+03
      4.932  0.0000E+00  0.2480E+03
      4.950  0.0000E+00  0.2480E+03
      4.968  0.0000E+00  0.2480E+03
      4.986  0.0000E+00  0.2480E+03
      5.005  0.0000E+00  0.2480E+03
      5.023  0.0000E+00  0.2480E+03
      5.041  0.0000E+00  0.2480E+03
      5.059  0.0000E+00  0.2480E+03
      5.078  0.0000E+00  0.2480E+03
      5.096  0.0000E+00  0.2480E+03
      5.114  0.0000E+00  0.2480E+03
      5.132  0.0000E+00  0.2480E+03
      5.151  0.0000E+00  0.2480E+03
      5.169  0.0000E+00  0.2480E+03
      5.187  0.0000E+00  0.2480E+03
      5.205  0.0000E+00  0.2480E+03
      5.223  0.0000E+00  0.2480E+03
      5.242  0.0000E+00  0.2480E+03
      5.260  0.0000E+00  0.2480E+03
      5.278  0.0000E+00  0.2480E+03
      5.296  0.0000E+00  0.2480E+03
      5.315  0.0000E+00  0.2480E+03
      5.333  0.0000E+00  0.2480E+03
      5.351  0.0000E+00  0.2480E+03
      5.369  0.0000E+00  0.2480E+03
      5.388  0.0000E+00  0.2480E+03
      5.406  0.0000E+00  0.2480E+03
      5.424  0.0000E+00  0.2480E+03
      5.442  0.0000E+00  0.2480E+03
      5.461  0.0000E+00  0.2480E+03
      5.479  0.0000E+00  0.2480E+03
      5.497  0.0000E+00  0.2480E+03
      5.515  0.0000E+00  0.2480E+03
      5.533  0.0000E+00  0.2480E+03
      5.552  0.0000E+00  0.2480E+03
      5.570  0.0000E+00  0.2480E+03
      5.588  0.0000E+00  0.2480E+03
      5.606  0.0000E+00  0.2480E+03
      5.625  0.0000E+00  0.2480E+03
      5.643  0.0000E+00  0.2480E+03
      5.661  0.0000E+00  0.2480E+03
      5.679  0.0000E+00  0.2480E+03
      5.698  0.0000E+00  0.2480E+03
      5.716  0.0000E+00  0.2480E+03
      5.734  0.0000E+00  0.2480E+03
      5.752  0.0000E+00  0.2480E+03
      5.771  0.0000E+00  0.2480E+03
      5.789  0.0000E+00  0.2480E+03
      5.807  0.0000E+00  0.2480E+03
      5.825  0.0000E+00  0.2480E+03
      5.843  0.0000E+00  0.2480E+03
      5.862  0.0000E+00  0.2480E+03
      5.880  0.0000E+00  0.2480E+03
      5.898  0.0000E+00  0.2480E+03
      5.916  0.0000E+00  0.2480E+03
      5.935  0.0000E+00  0.2480E+03
      5.953  0.0000E+00  0.2480E+03
      5.971  0.0000E+00  0.2480E+03
      5.989  0.0000E+00  0.2480E+03
      6.008  0.0000E+00  0.2480E+03
      6.026  0.0000E+00  0.2480E+03
      6.044  0.0000E+00  0.2480E+03
      6.062  0.0000E+00  0.2480E+03
      6.081  0.0000E+00  0.2480E+03
      6.099  0.0000E+00  0.2480E+03
      6.117  0.0000E+00  0.2480E+03
      6.135  0.0000E+00  0.2480E+03
      6.153  0.0000E+00  0.2480E+03
      6.172  0.0000E+00  0.2480E+03
      6.190  0.5073E-01  0.2480E+03
      6.208  0.2997E+00  0.2480E+03
      6.226  0.7562E+00  0.2480E+03
      6.245  0.1420E+01  0.2480E+03
      6.263  0.2292E+01  0.2481E+03
      6.281  0.3371E+01  0.2481E+03
      6.299  0.4658E+01  0.2482E+03
      6.318  0.6153E+01  0.2483E+03
      6.336  0.7943E+01  0.2484E+03
      6.354  0.1037E+02  0.2486E+03
      6.372  0.1346E+02  0.2488E+03
      6.391  0.1723E+02  0.2491E+03
      6.409  0.4325E+02  0.2496E+03
      6.427  0.0000E+00  0.2500E+03
      6.445  0.0000E+00  0.2500E+03
      6.463  0.0000E+00  0.2500E+03
      6.482  0.0000E+00  0.2500E+03
      6.500  0.0000E+00  0.2500E+03
      6.518  0.0000E+00  0.2500E+03
      6.536  0.0000E+00  0.2500E+03
      6.555  0.0000E+00  0.2500E+03
      6.573  0.0000E+00  0.2500E+03
      6.591  0.0000E+00  0.2500E+03
      6.609  0.0000E+00  0.2500E+03
      6.628  0.0000E+00  0.2500E+03
      6.646  0.0000E+00  0.2500E+03
      6.664  0.0000E+00  0.2500E+03
      6.682  0.0000E+00  0.2500E+03
      6.701  0.0000E+00  0.2500E+03
      6.719  0.0000E+00  0.2500E+03
      6.737  0.0000E+00  0.2500E+03
      6.755  0.0000E+00  0.2500E+03
      6.773  0.0000E+00  0.2500E+03
      6.792  0.0000E+00  0.2500E+03
      6.810  0.0000E+00  0.2500E+03
      6.828  0.0000E+00  0.2500E+03
      6.846  0.0000E+00  0.2500E+03
      6.865  0.0000E+00  0.2500E+03
      6.883  0.0000E+00  0.2500E+03
      6.901  0.0000E+00  0.2500E+03
      6.919  0.0000E+00  0.2500E+03
      6.938  0.0000E+00  0.2500E+03
      6.956  0.0000E+00  0.2500E+03
      6.974  0.0000E+00  0.2500E+03
      6.992  0.0000E+00  0.2500E+03
      7.010  0.0000E+00  0.2500E+03
      7.029  0.0000E+00  0.2500E+03
      7.047  0.0000E+00  0.2500E+03
      7.065  0.0000E+00  0.2500E+03
      7.083  0.0000E+00  0.2500E+03
      7.102  0.0000E+00  0.2500E+03
      7.120  0.0000E+00  0.2500E+03
      7.138  0.0000E+00  0.2500E+03
      7.156  0.0000E+00  0.2500E+03
      7.175  0.0000E+00  0.2500E+03
      7.193  0.0000E+00  0.2500E+03
      7.211  0.0000E+00  0.2500E+03
      7.229  0.0000E+00  0.2500E+03
      7.248  0.0000E+00  0.2500E+03
      7.266  0.0000E+00  0.2500E+03
      7.284  0.0000E+00  0.2500E+03
      7.302  0.0000E+00  0.2500E+03
      7.320  0.0000E+00  0.2500E+03
      7.339  0.0000E+00  0.2500E+03
      7.357  0.0000E+00  0.2500E+03
      7.375  0.0000E+00  0.2500E+03
      7.393  0.0000E+00  0.2500E+03
      7.412  0.0000E+00  0.2500E+03
      7.430  0.0000E+00  0.2500E+03
      7.448  0.0000E+00  0.2500E+03
      7.466  0.0000E+00  0.2500E+03
      7.485  0.0000E+00  0.2500E+03
      7.503  0.0000E+00  0.2500E+03
      7.521  0.0000E+00  0.2500E+03
      7.539  0.0000E+00  0.2500E+03
      7.558  0.0000E+00  0.2500E+03
      7.576  0.0000E+00  0.2500E+03
      7.594  0.0000E+00  0.2500E+03
      7.612  0.0000E+00  0.2500E+03
      7.630  0.0000E+00  0.2500E+03
      7.649  0.0000E+00  0.2500E+03
      7.667  0.0000E+00  0.2500E+03
      7.685  0.0000E+00  0.2500E+03
      7.703  0.0000E+00  0.2500E+03
      7.722  0.0000E+00  0.2500E+03
      7.740  0.0000E+00  0.2500E+03
      7.758  0.0000E+00  0.2500E+03
      7.776  0.0000E+00  0.2500E+03
      7.795  0.0000E+00  0.2500E+03
      7.813  0.0000E+00  0.2500E+03
      7.831  0.0000E+00  0.2500E+03
      7.849  0.0000E+00  0.2500E+03
      7.868  0.0000E+00  0.2500E+03
      7.886  0.0000E+00  0.2500E+03
      7.904  0.0000E+00  0.2500E+03
      7.922  0.0000E+00  0.2500E+03
      7.940  0.0000E+00  0.2500E+03
      7.959  0.0000E+00  0.2500E+03
      7.977  0.0000E+00  0.2500E+03
      7.995  0.0000E+00  0.2500E+03
      8.013  0.0000E+00  0.2500E+03
      8.032  0.0000E+00  0.2500E+03
      8.050  0.0000E+00  0.2500E+03
      8.068  0.0000E+00  0.2500E+03
      8.086  0.0000E+00  0.2500E+03
      8.105  0.0000E+00  0.2500E+03
      8.123  0.0000E+00  0.2500E+03
      8.141  0.0000E+00  0.2500E+03
      8.159  0.0000E+00  0.2500E+03
      8.178  0.0000E+00  0.2500E+03
      8.196  0.0000E+00  0.2500E+03
      8.214  0.0000E+00  0.2500E+03
      8.232  0.0000E+00  0.2500E+03
      8.250  0.0000E+00  0.2500E+03
      8.269  0.0000E+00  0.2500E+03
      8.287  0.0000E+00  0.2500E+03
      8.305  0.0000E+00  0.2500E+03
      8.323  0.0000E+00  0.2500E+03
      8.342  0.0000E+00  0.2500E+03
      8.360  0.0000E+00  0.2500E+03
      8.378  0.0000E+00  0.2500E+03
      8.396  0.0000E+00  0.2500E+03
      8.415  0.0000E+00  0.2500E+03
      8.433  0.0000E+00  0.2500E+03
      8.451  0.0000E+00  0.2500E+03
      8.469  0.0000E+00  0.2500E+03
      8.487  0.0000E+00  0.2500E+03
      8.506  0.0000E+00  0.2500E+03
      8.524  0.0000E+00  0.2500E+03
      8.542  0.0000E+00  0.2500E+03
      8.560  0.0000E+00  0.2500E+03
      8.579  0.0000E+00  0.2500E+03
      8.597  0.0000E+00  0.2500E+03
      8.615  0.0000E+00  0.2500E+03
      8.633  0.0000E+00  0.2500E+03
      8.652  0.0000E+00  0.2500E+03
      8.670  0.0000E+00  0.2500E+03
      8.688  0.0000E+00  0.2500E+03
      8.706  0.0000E+00  0.2500E+03
      8.725  0.0000E+00  0.2500E+03
      8.743  0.0000E+00  0.2500E+03
      8.761  0.0000E+00  0.2500E+03
      8.779  0.0000E+00  0.2500E+03
      8.797  0.0000E+00  0.2500E+03
      8.816  0.0000E+00  0.2500E+03
      8.834  0.0000E+00  0.2500E+03
      8.852  0.0000E+00  0.2500E+03
      8.870  0.0000E+00  0.2500E+03
      8.889  0.0000E+00  0.2500E+03
      8.907  0.0000E+00  0.2500E+03
      8.925  0.0000E+00  0.2500E+03
      8.943  0.0000E+00  0.2500E+03
      8.962  0.0000E+00  0.2500E+03
      8.980  0.0000E+00  0.2500E+03
      8.998  0.0000E+00  0.2500E+03
      9.016  0.0000E+00  0.2500E+03
      9.035  0.0000E+00  0.2500E+03
      9.053  0.0000E+00  0.2500E+03
      9.071  0.0000E+00  0.2500E+03
      9.089  0.0000E+00  0.2500E+03
      9.107  0.0000E+00  0.2500E+03
      9.126  0.0000E+00  0.2500E+03
      9.144  0.0000E+00  0.2500E+03
      9.162  0.0000E+00  0.2500E+03
      9.180  0.0000E+00  0.2500E+03
      9.199  0.0000E+00  0.2500E+03
      9.217  0.0000E+00  0.2500E+03
      9.235  0.0000E+00  0.2500E+03
      9.253  0.0000E+00  0.2500E+03
      9.272  0.0000E+00  0.2500E+03
      9.290  0.0000E+00  0.2500E+03
      9.308  0.0000E+00  0.2500E+03
      9.326  0.0000E+00  0.2500E+03
      9.345  0.0000E+00  0.2500E+03
      9.363  0.0000E+00  0.2500E+03
      9.381  0.0000E+00  0.2500E+03
      9.399  0.0000E+00  0.2500E+03
      9.417  0.0000E+00  0.2500E+03
      9.436  0.0000E+00  0.2500E+03
      9.454  0.0000E+00  0.2500E+03
      9.472  0.0000E+00  0.2500E+03
      9.490  0.0000E+00  0.2500E+03
      9.509  0.0000E+00  0.2500E+03
      9.527  0.0000E+00  0.2500E+03
      9.545  0.0000E+00  0.2500E+03
      9.563  0.0000E+00  0.2500E+03
      9.582  0.0000E+00  0.2500E+03
      9.600  0.0000E+00  0.2500E+03
      9.618  0.0000E+00  0.2500E+03
      9.636  0.0000E+00  0.2500E+03
      9.655  0.0000E+00  0.2500E+03
      9.673  0.0000E+00  0.2500E+03
      9.691  0.8446E-01  0.2500E+03
      9.709  0.1150E+02  0.2501E+03
      9.727  0.2374E+02  0.2504E+03
      9.746  0.2443E+02  0.2509E+03
      9.764  0.1814E+02  0.2513E+03
      9.782  0.1218E+02  0.2515E+03
      9.800  0.1436E+02  0.2518E+03
      9.819  0.2831E+02  0.2522E+03
      9.837  0.3090E+02  0.2527E+03
      9.855  0.2451E+02  0.2532E+03
      9.873  0.1739E+02  0.2536E+03
      9.892  0.9340E+01  0.2539E+03
      9.910  0.3594E+01  0.2540E+03
      9.928  0.5649E+00  0.2540E+03
      9.946  0.0000E+00  0.2540E+03
      9.965  0.0000E+00  0.2540E+03
      9.983  0.0000E+00  0.2540E+03
     10.001  0.0000E+00  0.2540E+03
     10.019  0.0000E+00  0.2540E+03
     10.037  0.0000E+00  0.2540E+03
     10.056  0.0000E+00  0.2540E+03
     10.074  0.0000E+00  0.2540E+03
     10.092  0.0000E+00  0.2540E+03
     10.110  0.0000E+00  0.2540E+03
     10.129  0.0000E+00  0.2540E+03
     10.147  0.0000E+00  0.2540E+03
     10.165  0.0000E+00  0.2540E+03
     10.183  0.0000E+00  0.2540E+03
     10.202  0.0000E+00  0.2540E+03
     10.220  0.0000E+00  0.2540E+03
     10.238  0.0000E+00  0.2540E+03
     10.256  0.0000E+00  0.2540E+03
     10.274  0.0000E+00  0.2540E+03
     10.293  0.0000E+00  0.2540E+03
     10.311  0.0000E+00  0.2540E+03
     10.329  0.0000E+00  0.2540E+03
     10.347  0.0000E+00  0.2540E+03
     10.366  0.0000E+00  0.2540E+03
     10.384  0.0000E+00  0.2540E+03
     10.402  0.0000E+00  0.2540E+03
     10.420  0.0000E+00  0.2540E+03
     10.439  0.0000E+00  0.2540E+03
     10.457  0.0000E+00  0.2540E+03
     10.475  0.0000E+00  0.2540E+03
     10.493  0.0000E+00  0.2540E+03
     10.512  0.0000E+00  0.2540E+03
     10.530  0.0000E+00  0.2540E+03
     10.548  0.0000E+00  0.2540E+03
     10.566  0.0000E+00  0.2540E+03
     10.584  0.0000E+00  0.2540E+03
     10.603  0.0000E+00  0.2540E+03
     10.621  0.0000E+00  0.2540E+03
     10.639  0.0000E+00  0.2540E+03
     10.657  0.0000E+00  0.2540E+03
     10.676  0.0000E+00  0.2540E+03
     10.694  0.0000E+00  0.2540E+03
     10.712  0.0000E+00  0.2540E+03
     10.730  0.0000E+00  0.2540E+03
     10.749  0.0000E+00  0.2540E+03
     10.767  0.0000E+00  0.2540E+03
     10.785  0.0000E+00  0.2540E+03
     10.803  0.3047E-01  0.2540E+03
     10.822  0.2489E+00  0.2540E+03
     10.840  0.6778E+00  0.2540E+03
     10.858  0.1317E+01  0.2540E+03
     10.876  0.2167E+01  0.2541E+03
     10.894  0.3227E+01  0.2541E+03
     10.913  0.4498E+01  0.2542E+03
     10.931  0.5979E+01  0.2543E+03
     10.949  0.7670E+01  0.2544E+03
     10.967  0.9572E+01  0.2546E+03
     10.986  0.1168E+02  0.2547E+03
     11.004  0.3863E+02  0.2556E+03
     11.022  0.7909E+01  0.2559E+03
     11.040  0.6175E-01  0.2560E+03
     11.059  0.0000E+00  0.2560E+03
     11.077  0.0000E+00  0.2560E+03
     11.095  0.0000E+00  0.2560E+03
     11.113  0.0000E+00  0.2560E+03
     11.132  0.0000E+00  0.2560E+03
     11.150  0.0000E+00  0.2560E+03
     11.168  0.0000E+00  0.2560E+03
     11.186  0.0000E+00  0.2560E+03
     11.204  0.0000E+00  0.2560E+03
     11.223  0.0000E+00  0.2560E+03
     11.241  0.0000E+00  0.2560E+03
     11.259  0.0000E+00  0.2560E+03
     11.277  0.0000E+00  0.2560E+03
     11.296  0.0000E+00  0.2560E+03
     11.314  0.2641E-03  0.2560E+03
     11.332  0.2289E-02  0.2560E+03
     11.350  0.6309E-02  0.2560E+03
     11.369  0.1232E-01  0.2560E+03
     11.387  0.2034E-01  0.2560E+03
     11.405  0.3034E-01  0.2560E+03
     11.423  0.4235E-01  0.2560E+03
     11.442  0.5634E-01  0.2560E+03
     11.460  0.7234E-01  0.2560E+03
     11.478  0.9033E-01  0.2560E+03
     11.496  0.1103E+00  0.2560E+03
     11.514  0.1323E+00  0.2560E+03
     11.533  0.1563E+00  0.2560E+03
     11.551  0.1822E+00  0.2560E+03
     11.569  0.2102E+00  0.2560E+03
     11.587  0.2402E+00  0.2560E+03
     11.606  0.2721E+00  0.2560E+03
     11.624  0.3061E+00  0.2560E+03
     11.642  0.3420E+00  0.2560E+03
     11.660  0.3800E+00  0.2560E+03
     11.679  0.4199E+00  0.2561E+03
     11.697  0.4619E+00  0.2561E+03
     11.715  0.5058E+00  0.2561E+03
     11.733  0.5517E+00  0.2561E+03
     11.752  0.5996E+00  0.2561E+03
     11.770  0.6496E+00  0.2561E+03
     11.788  0.7015E+00  0.2561E+03
     11.806  0.7554E+00  0.2561E+03
     11.824  0.8113E+00  0.2561E+03
     11.843  0.8692E+00  0.2562E+03
     11.861  0.9291E+00  0.2562E+03
     11.879  0.9910E+00  0.2562E+03
     11.897  0.1055E+01  0.2562E+03
     11.916  0.1121E+01  0.2562E+03
     11.934  0.1189E+01  0.2562E+03
     11.952  0.1259E+01  0.2563E+03
     11.970  0.1330E+01  0.2563E+03
     11.989  0.1404E+01  0.2563E+03
     12.007  0.1480E+01  0.2563E+03
     12.025  0.1558E+01  0.2564E+03
     12.043  0.1638E+01  0.2564E+03
     12.061  0.1728E+01  0.2564E+03
     12.080  0.1851E+01  0.2565E+03
     12.098  0.1967E+01  0.2565E+03
     12.116  0.2075E+01  0.2565E+03
     12.134  0.2176E+01  0.2566E+03
     12.153  0.2270E+01  0.2566E+03
     12.171  0.2357E+01  0.2567E+03
     12.189  0.2436E+01  0.2567E+03
     12.207  0.2508E+01  0.2567E+03
     12.226  0.2572E+01  0.2568E+03
     12.244  0.2629E+01  0.2568E+03
     12.262  0.2679E+01  0.2569E+03
     12.280  0.2722E+01  0.2569E+03
     12.299  0.2762E+01  0.2570E+03
     12.317  0.2857E+01  0.2570E+03
     12.335  0.3025E+01  0.2571E+03
     12.353  0.3305E+01  0.2572E+03
     12.371  0.3579E+01  0.2572E+03
     12.390  0.3838E+01  0.2573E+03
     12.408  0.4083E+01  0.2574E+03
     12.426  0.4312E+01  0.2574E+03
     12.444  0.4527E+01  0.2575E+03
     12.463  0.4726E+01  0.2576E+03
     12.481  0.4911E+01  0.2577E+03
     12.499  0.5081E+01  0.2578E+03
     12.517  0.5236E+01  0.2579E+03
     12.536  0.5376E+01  0.2580E+03
     12.554  0.5500E+01  0.2581E+03
     12.572  0.5610E+01  0.2582E+03
     12.590  0.5705E+01  0.2583E+03
     12.609  0.5786E+01  0.2584E+03
     12.627  0.5711E+01  0.2585E+03
     12.645  0.5538E+01  0.2586E+03
     12.663  0.5387E+01  0.2587E+03
     12.681  0.5257E+01  0.2588E+03
     12.700  0.5149E+01  0.2589E+03
     12.718  0.5063E+01  0.2590E+03
     12.736  0.4997E+01  0.2591E+03
     12.754  0.4954E+01  0.2591E+03
     12.773  0.4932E+01  0.2592E+03
     12.791  0.4931E+01  0.2593E+03
     12.809  0.4952E+01  0.2594E+03
     12.827  0.4994E+01  0.2595E+03
     12.846  0.5057E+01  0.2596E+03
     12.864  0.5120E+01  0.2597E+03
     12.882  0.3404E+01  0.2598E+03
     12.900  0.2524E+01  0.2598E+03
     12.919  0.1898E+01  0.2599E+03
     12.937  0.1525E+01  0.2599E+03
     12.955  0.1902E+01  0.2599E+03
     12.973  0.2806E+01  0.2600E+03
     12.991  0.3922E+01  0.2600E+03
     13.010  0.4399E+01  0.2601E+03
     13.028  0.4678E+01  0.2602E+03
     13.046  0.4909E+01  0.2603E+03
     13.064  0.5109E+01  0.2604E+03
     13.083  0.5532E+01  0.2605E+03
     13.101  0.6264E+01  0.2606E+03
     13.119  0.7306E+01  0.2607E+03
     13.137  0.8520E+01  0.2608E+03
     13.156  0.9401E+01  0.2610E+03
     13.174  0.1007E+02  0.2612E+03
     13.192  0.1056E+02  0.2614E+03
     13.210  0.1088E+02  0.2616E+03
     13.229  0.1099E+02  0.2618E+03
     13.247  0.1095E+02  0.2620E+03
     13.265  0.1084E+02  0.2622E+03
     13.283  0.1069E+02  0.2624E+03
     13.301  0.1049E+02  0.2626E+03
     13.320  0.1026E+02  0.2627E+03
     13.338  0.9983E+01  0.2629E+03
     13.356  0.9670E+01  0.2631E+03
     13.374  0.9322E+01  0.2633E+03
     13.393  0.8941E+01  0.2634E+03
     13.411  0.8529E+01  0.2636E+03
     13.429  0.8085E+01  0.2638E+03
     13.447  0.7610E+01  0.2639E+03
     13.466  0.7102E+01  0.2640E+03
     13.484  0.6563E+01  0.2642E+03
     13.502  0.5992E+01  0.2643E+03
     13.520  0.5608E+01  0.2644E+03
     13.539  0.5442E+01  0.2645E+03
     13.557  0.5308E+01  0.2646E+03
     13.575  0.5397E+01  0.2647E+03
     13.593  0.5780E+01  0.2648E+03
     13.611  0.6352E+01  0.2649E+03
     13.630  0.7275E+01  0.2650E+03
     13.648  0.8635E+01  0.2652E+03
     13.666  0.9992E+01  0.2653E+03
     13.684  0.1134E+02  0.2655E+03
     13.703  0.1268E+02  0.2657E+03
     13.721  0.1384E+02  0.2660E+03
     13.739  0.1436E+02  0.2662E+03
     13.757  0.1418E+02  0.2665E+03
     13.776  0.1337E+02  0.2668E+03
     13.794  0.1287E+02  0.2670E+03
     13.812  0.1229E+02  0.2672E+03
     13.830  0.1216E+02  0.2674E+03
     13.848  0.1334E+02  0.2677E+03
     13.867  0.1344E+02  0.2679E+03
     13.885  0.1232E+02  0.2682E+03
     13.903  0.9977E+01  0.2684E+03
     13.921  0.7545E+01  0.2685E+03
     13.940  0.6191E+01  0.2686E+03
     13.958  0.5361E+01  0.2687E+03
     13.976  0.4910E+01  0.2688E+03
     13.994  0.4845E+01  0.2689E+03
     14.013  0.5770E+01  0.2690E+03
     14.031  0.6940E+01  0.2691E+03
     14.049  0.7656E+01  0.2693E+03
     14.067  0.7912E+01  0.2694E+03
     14.086  0.7706E+01  0.2696E+03
     14.104  0.7038E+01  0.2697E+03
     14.122  0.6088E+01  0.2698E+03
     14.140  0.5952E+01  0.2699E+03
     14.158  0.6774E+01  0.2700E+03
     14.177  0.7834E+01  0.2702E+03
     14.195  0.8389E+01  0.2703E+03
     14.213  0.9171E+01  0.2705E+03
     14.231  0.9780E+01  0.2707E+03
     14.250  0.1019E+02  0.2708E+03
     14.268  0.1041E+02  0.2710E+03
     14.286  0.1042E+02  0.2712E+03
     14.304  0.1140E+02  0.2714E+03
     14.323  0.1473E+02  0.2716E+03
     14.341  0.2002E+02  0.2720E+03
     14.359  0.2246E+02  0.2724E+03
     14.377  0.2312E+02  0.2728E+03
     14.396  0.2583E+02  0.2732E+03
     14.414  0.1868E+02  0.2736E+03
     14.432  0.1641E+02  0.2739E+03
     14.450  0.2871E+02  0.2744E+03
     14.468  0.3109E+02  0.2749E+03
     14.487  0.2851E+02  0.2755E+03
     14.505  0.1504E+02  0.2759E+03
     14.523  0.1821E+01  0.2760E+03
     14.541  0.1862E+01  0.2760E+03
     14.560  0.3960E+01  0.2761E+03
     14.578  0.6781E+01  0.2762E+03
     14.596  0.9909E+01  0.2763E+03
     14.614  0.1323E+02  0.2765E+03
     14.633  0.1619E+02  0.2768E+03
     14.651  0.1830E+02  0.2771E+03
     14.669  0.1917E+02  0.2775E+03
     14.687  0.1881E+02  0.2778E+03
     14.706  0.1798E+02  0.2781E+03
     14.724  0.1776E+02  0.2785E+03
     14.742  0.2008E+02  0.2788E+03
     14.760  0.2053E+02  0.2792E+03
     14.778  0.1985E+02  0.2796E+03
     14.797  0.1820E+02  0.2799E+03
     14.815  0.1658E+02  0.2802E+03
     14.833  0.1526E+02  0.2805E+03
     14.851  0.1489E+02  0.2808E+03
     14.870  0.1479E+02  0.2811E+03
     14.888  0.1522E+02  0.2813E+03
     14.906  0.1624E+02  0.2816E+03
     14.924  0.1723E+02  0.2819E+03
     14.943  0.1804E+02  0.2822E+03
     14.961  0.1838E+02  0.2826E+03
     14.979  0.1791E+02  0.2829E+03
     14.997  0.1724E+02  0.2832E+03
     15.016  0.1673E+02  0.2835E+03
     15.034  0.1632E+02  0.2838E+03
     15.052  0.1588E+02  0.2841E+03
     15.070  0.1535E+02  0.2844E+03
     15.088  0.1519E+02  0.2847E+03
     15.107  0.1534E+02  0.2850E+03
     15.125  0.1568E+02  0.2853E+03
     15.143  0.1635E+02  0.2855E+03
     15.161  0.1736E+02  0.2859E+03
     15.180  0.1872E+02  0.2862E+03
     15.198  0.1951E+02  0.2865E+03
     15.216  0.1912E+02  0.2869E+03
     15.234  0.1810E+02  0.2872E+03
     15.253  0.1716E+02  0.2876E+03
     15.271  0.1921E+02  0.2879E+03
     15.289  0.2174E+02  0.2883E+03
     15.307  0.2384E+02  0.2887E+03
     15.326  0.2061E+02  0.2891E+03
     15.344  0.2032E+02  0.2894E+03
     15.362  0.2193E+02  0.2898E+03
     15.380  0.2438E+02  0.2902E+03
     15.398  0.2538E+02  0.2907E+03
     15.417  0.2231E+02  0.2911E+03
     15.435  0.1950E+02  0.2915E+03
     15.453  0.1892E+02  0.2919E+03
     15.471  0.2107E+02  0.2922E+03
     15.490  0.2257E+02  0.2926E+03
     15.508  0.2187E+02  0.2930E+03
     15.526  0.2048E+02  0.2934E+03
     15.544  0.1930E+02  0.2938E+03
     15.563  0.1947E+02  0.2941E+03
     15.581  0.1945E+02  0.2945E+03
     15.599  0.1616E+02  0.2948E+03
     15.617  0.1480E+02  0.2951E+03
     15.635  0.1553E+02  0.2954E+03
     15.654  0.1579E+02  0.2957E+03
     15.672  0.1401E+02  0.2959E+03
     15.690  0.1206E+02  0.2962E+03
     15.708  0.1053E+02  0.2964E+03
     15.727  0.1021E+02  0.2966E+03
     15.745  0.1247E+02  0.2968E+03
     15.763  0.1547E+02  0.2970E+03
     15.781  0.1974E+02  0.2973E+03
     15.800  0.2797E+02  0.2978E+03
     15.818  0.6851E+01  0.2982E+03
     15.836  0.1081E+02  0.2983E+03
     15.854  0.1518E+02  0.2986E+03
     15.873  0.1831E+02  0.2989E+03
     15.891  0.1891E+02  0.2992E+03
     15.909  0.1523E+02  0.2995E+03
     15.927  0.1145E+02  0.2998E+03
     15.945  0.9648E+01  0.3000E+03
     15.964  0.1052E+02  0.3001E+03
     15.982  0.1320E+02  0.3004E+03
     16.000  0.1692E+02  0.3006E+03
     16.018  0.1983E+02  0.3010E+03
     16.037  0.2123E+02  0.3013E+03
     16.055  0.1895E+02  0.3017E+03
     16.073  0.1392E+02  0.3020E+03
     16.091  0.5336E+01  0.3022E+03
     16.110  0.5484E+01  0.3023E+03
     16.128  0.7022E+01  0.3024E+03
     16.146  0.9665E+01  0.3026E+03
     16.164  0.1723E+02  0.3028E+03
     16.183  0.2288E+02  0.3032E+03
     16.201  0.2428E+02  0.3036E+03
     16.219  0.2256E+02  0.3040E+03
     16.237  0.1086E+02  0.3044E+03
     16.255  0.1272E+02  0.3046E+03
     16.274  0.1513E+02  0.3049E+03
     16.292  0.1739E+02  0.3052E+03
     16.310  0.1925E+02  0.3055E+03
     16.328  0.1890E+02  0.3059E+03
     16.347  0.1526E+02  0.3062E+03
     16.365  0.1219E+02  0.3064E+03
     16.383  0.1108E+02  0.3066E+03
     16.401  0.1137E+02  0.3068E+03
     16.420  0.1274E+02  0.3071E+03
     16.438  0.1454E+02  0.3073E+03
     16.456  0.1634E+02  0.3076E+03
     16.474  0.1841E+02  0.3079E+03
     16.493  0.1619E+02  0.3082E+03
     16.511  0.1394E+02  0.3085E+03
     16.529  0.1274E+02  0.3087E+03
     16.547  0.1184E+02  0.3090E+03
     16.565  0.1096E+02  0.3092E+03
     16.584  0.9931E+01  0.3094E+03
     16.602  0.8718E+01  0.3095E+03
     16.620  0.8422E+01  0.3097E+03
     16.638  0.1016E+02  0.3099E+03
     16.657  0.1157E+02  0.3101E+03
     16.675  0.1309E+02  0.3103E+03
     16.693  0.1528E+02  0.3105E+03
     16.711  0.1774E+02  0.3108E+03
     16.730  0.1809E+02  0.3112E+03
     16.748  0.1800E+02  0.3115E+03
     16.766  0.1718E+02  0.3118E+03
     16.784  0.1687E+02  0.3121E+03
     16.803  0.1706E+02  0.3124E+03
     16.821  0.1835E+02  0.3128E+03
     16.839  0.2102E+02  0.3131E+03
     16.857  0.1430E+02  0.3134E+03
     16.875  0.1064E+02  0.3137E+03
     16.894  0.7121E+01  0.3138E+03
     16.912  0.4100E+01  0.3139E+03
     16.930  0.1908E+01  0.3140E+03
     16.948  0.5441E+00  0.3140E+03
     16.967  0.8824E-02  0.3140E+03
     16.985  0.0000E+00  0.3140E+03
     17.003  0.0000E+00  0.3140E+03
     17.021  0.5714E+01  0.3140E+03
     17.040  0.1588E+02  0.3142E+03
     17.058  0.2407E+02  0.3146E+03
     17.076  0.2296E+02  0.3150E+03
     17.094  0.1832E+02  0.3154E+03
     17.113  0.1301E+02  0.3157E+03
     17.131  0.7699E+01  0.3159E+03
     17.149  0.2447E+01  0.3160E+03
     17.167  0.4540E-02  0.3160E+03
     17.185  0.0000E+00  0.3160E+03
     17.204  0.2593E+01  0.3160E+03
     17.222  0.1011E+02  0.3161E+03
     17.240  0.1756E+02  0.3164E+03
     17.258  0.2318E+02  0.3168E+03
     17.277  0.2170E+02  0.3172E+03
     17.295  0.1416E+02  0.3175E+03
     17.313  0.9890E+01  0.3177E+03
     17.331  0.7287E+01  0.3179E+03
     17.350  0.5582E+01  0.3180E+03
     17.368  0.4774E+01  0.3181E+03
     17.386  0.4863E+01  0.3182E+03
     17.404  0.5849E+01  0.3183E+03
     17.422  0.8259E+01  0.3184E+03
     17.441  0.1321E+02  0.3186E+03
     17.459  0.1337E+02  0.3188E+03
     17.477  0.1156E+02  0.3191E+03
     17.495  0.9836E+01  0.3193E+03
     17.514  0.8190E+01  0.3194E+03
     17.532  0.6769E+01  0.3196E+03
     17.550  0.5706E+01  0.3197E+03
     17.568  0.5010E+01  0.3198E+03
     17.587  0.4628E+01  0.3199E+03
     17.605  0.4541E+01  0.3199E+03
     17.623  0.4753E+01  0.3200E+03
     17.641  0.5317E+01  0.3201E+03
     17.660  0.6247E+01  0.3202E+03
     17.678  0.7542E+01  0.3204E+03
     17.696  0.9203E+01  0.3205E+03
     17.714  0.1123E+02  0.3207E+03
     17.732  0.1385E+02  0.3209E+03
     17.751  0.1404E+02  0.3212E+03
     17.769  0.1220E+02  0.3214E+03
     17.787  0.9707E+01  0.3216E+03
     17.805  0.6542E+01  0.3218E+03
     17.824  0.4313E+01  0.3219E+03
     17.842  0.2797E+01  0.3219E+03
     17.860  0.1608E+01  0.3220E+03
     17.878  0.7461E+00  0.3220E+03
     17.897  0.2111E+00  0.3220E+03
     17.915  0.3040E-02  0.3220E+03
     17.933  0.0000E+00  0.3220E+03
     17.951  0.0000E+00  0.3220E+03
     17.970  0.0000E+00  0.3220E+03
     17.988  0.0000E+00  0.3220E+03
     18.006  0.0000E+00  0.3220E+03
     18.024  0.0000E+00  0.3220E+03
     18.042  0.0000E+00  0.3220E+03
     18.061  0.0000E+00  0.3220E+03
     18.079  0.0000E+00  0.3220E+03
     18.097  0.0000E+00  0.3220E+03
     18.115  0.0000E+00  0.3220E+03
     18.134  0.0000E+00  0.3220E+03
     18.152  0.0000E+00  0.3220E+03
     18.170  0.0000E+00  0.3220E+03
     18.188  0.0000E+00  0.3220E+03
     18.207  0.0000E+00  0.3220E+03
     18.225  0.0000E+00  0.3220E+03
     18.243  0.0000E+00  0.3220E+03
     18.261  0.0000E+00  0.3220E+03
     18.280  0.0000E+00  0.3220E+03
     18.298  0.0000E+00  0.3220E+03
     18.316  0.0000E+00  0.3220E+03
     18.334  0.0000E+00  0.3220E+03
     18.352  0.0000E+00  0.3220E+03
     18.371  0.0000E+00  0.3220E+03
     18.389  0.0000E+00  0.3220E+03
     18.407  0.0000E+00  0.3220E+03
     18.425  0.0000E+00  0.3220E+03
     18.444  0.0000E+00  0.3220E+03
     18.462  0.0000E+00  0.3220E+03
     18.480  0.0000E+00  0.3220E+03
     18.498  0.0000E+00  0.3220E+03
     18.517  0.0000E+00  0.3220E+03
     18.535  0.0000E+00  0.3220E+03
     18.553  0.0000E+00  0.3220E+03
     18.571  0.0000E+00  0.3220E+03
     18.590  0.0000E+00  0.3220E+03
     18.608  0.0000E+00  0.3220E+03
     18.626  0.0000E+00  0.3220E+03
     18.644  0.0000E+00  0.3220E+03
     18.662  0.0000E+00  0.3220E+03
     18.681  0.0000E+00  0.3220E+03
     18.699  0.0000E+00  0.3220E+03
     18.717  0.0000E+00  0.3220E+03
     18.735  0.0000E+00  0.3220E+03
     18.754  0.0000E+00  0.3220E+03
     18.772  0.0000E+00  0.3220E+03
     18.790  0.0000E+00  0.3220E+03
     18.808  0.0000E+00  0.3220E+03
     18.827  0.0000E+00  0.3220E+03
     18.845  0.0000E+00  0.3220E+03
     18.863  0.0000E+00  0.3220E+03
     18.881  0.0000E+00  0.3220E+03
     18.900  0.0000E+00  0.3220E+03
     18.918  0.0000E+00  0.3220E+03
     18.936  0.0000E+00  0.3220E+03
     18.954  0.0000E+00  0.3220E+03
     18.972  0.0000E+00  0.3220E+03
     18.991  0.0000E+00  0.3220E+03
     19.009  0.0000E+00  0.3220E+03
     19.027  0.0000E+00  0.3220E+03
     19.045  0.0000E+00  0.3220E+03
     19.064  0.0000E+00  0.3220E+03
     19.082  0.0000E+00  0.3220E+03
     19.100  0.0000E+00  0.3220E+03
     19.118  0.0000E+00  0.3220E+03
     19.137  0.0000E+00  0.3220E+03
     19.155  0.0000E+00  0.3220E+03
     19.173  0.0000E+00  0.3220E+03
     19.191  0.0000E+00  0.3220E+03
     19.209  0.0000E+00  0.3220E+03
     19.228  0.0000E+00  0.3220E+03
     19.246  0.0000E+00  0.3220E+03
     19.264  0.0000E+00  0.3220E+03
     19.282  0.0000E+00  0.3220E+03
     19.301  0.0000E+00  0.3220E+03
     19.319  0.0000E+00  0.3220E+03
     19.337  0.0000E+00  0.3220E+03
     19.355  0.0000E+00  0.3220E+03
     19.374  0.0000E+00  0.3220E+03
     19.392  0.0000E+00  0.3220E+03
     19.410  0.0000E+00  0.3220E+03
     19.428  0.0000E+00  0.3220E+03
     19.447  0.0000E+00  0.3220E+03
     19.465  0.0000E+00  0.3220E+03
     19.483  0.0000E+00  0.3220E+03
     19.501  0.0000E+00  0.3220E+03
     19.519  0.0000E+00  0.3220E+03
     19.538  0.0000E+00  0.3220E+03
     19.556  0.0000E+00  0.3220E+03
     19.574  0.0000E+00  0.3220E+03


