 Energy DOS Integrated_DOS
    -16.983  0.0000E+00  0.0000E+00
    -16.965  0.0000E+00  0.0000E+00
    -16.947  0.0000E+00  0.0000E+00
    -16.929  0.0000E+00  0.0000E+00
    -16.911  0.0000E+00  0.0000E+00
    -16.892  0.0000E+00  0.0000E+00
    -16.874  0.0000E+00  0.0000E+00
    -16.856  0.0000E+00  0.0000E+00
    -16.838  0.0000E+00  0.0000E+00
    -16.819  0.0000E+00  0.0000E+00
    -16.801  0.0000E+00  0.0000E+00
    -16.783  0.0000E+00  0.0000E+00
    -16.765  0.0000E+00  0.0000E+00
    -16.746  0.0000E+00  0.0000E+00
    -16.728  0.0000E+00  0.0000E+00
    -16.710  0.0000E+00  0.0000E+00
    -16.692  0.0000E+00  0.0000E+00
    -16.673  0.0000E+00  0.0000E+00
    -16.655  0.0000E+00  0.0000E+00
    -16.637  0.0000E+00  0.0000E+00
    -16.619  0.0000E+00  0.0000E+00
    -16.600  0.0000E+00  0.0000E+00
    -16.582  0.0000E+00  0.0000E+00
    -16.564  0.0000E+00  0.0000E+00
    -16.546  0.0000E+00  0.0000E+00
    -16.528  0.0000E+00  0.0000E+00
    -16.509  0.0000E+00  0.0000E+00
    -16.491  0.0000E+00  0.0000E+00
    -16.473  0.0000E+00  0.0000E+00
    -16.455  0.0000E+00  0.0000E+00
    -16.436  0.0000E+00  0.0000E+00
    -16.418  0.0000E+00  0.0000E+00
    -16.400  0.0000E+00  0.0000E+00
    -16.382  0.0000E+00  0.0000E+00
    -16.363  0.0000E+00  0.0000E+00
    -16.345  0.0000E+00  0.0000E+00
    -16.327  0.0000E+00  0.0000E+00
    -16.309  0.0000E+00  0.0000E+00
    -16.290  0.0000E+00  0.0000E+00
    -16.272  0.0000E+00  0.0000E+00
    -16.254  0.0000E+00  0.0000E+00
    -16.236  0.0000E+00  0.0000E+00
    -16.217  0.0000E+00  0.0000E+00
    -16.199  0.0000E+00  0.0000E+00
    -16.181  0.0000E+00  0.0000E+00
    -16.163  0.0000E+00  0.0000E+00
    -16.145  0.0000E+00  0.0000E+00
    -16.126  0.0000E+00  0.0000E+00
    -16.108  0.0000E+00  0.0000E+00
    -16.090  0.0000E+00  0.0000E+00
    -16.072  0.0000E+00  0.0000E+00
    -16.053  0.0000E+00  0.0000E+00
    -16.035  0.0000E+00  0.0000E+00
    -16.017  0.0000E+00  0.0000E+00
    -15.999  0.0000E+00  0.0000E+00
    -15.980  0.0000E+00  0.0000E+00
    -15.962  0.0000E+00  0.0000E+00
    -15.944  0.0000E+00  0.0000E+00
    -15.926  0.0000E+00  0.0000E+00
    -15.907  0.0000E+00  0.0000E+00
    -15.889  0.0000E+00  0.0000E+00
    -15.871  0.0000E+00  0.0000E+00
    -15.853  0.0000E+00  0.0000E+00
    -15.834  0.0000E+00  0.0000E+00
    -15.816  0.0000E+00  0.0000E+00
    -15.798  0.0000E+00  0.0000E+00
    -15.780  0.0000E+00  0.0000E+00
    -15.762  0.0000E+00  0.0000E+00
    -15.743  0.0000E+00  0.0000E+00
    -15.725  0.0000E+00  0.0000E+00
    -15.707  0.0000E+00  0.0000E+00
    -15.689  0.0000E+00  0.0000E+00
    -15.670  0.0000E+00  0.0000E+00
    -15.652  0.0000E+00  0.0000E+00
    -15.634  0.0000E+00  0.0000E+00
    -15.616  0.0000E+00  0.0000E+00
    -15.597  0.0000E+00  0.0000E+00
    -15.579  0.0000E+00  0.0000E+00
    -15.561  0.0000E+00  0.0000E+00
    -15.543  0.0000E+00  0.0000E+00
    -15.524  0.0000E+00  0.0000E+00
    -15.506  0.0000E+00  0.0000E+00
    -15.488  0.0000E+00  0.0000E+00
    -15.470  0.0000E+00  0.0000E+00
    -15.451  0.0000E+00  0.0000E+00
    -15.433  0.0000E+00  0.0000E+00
    -15.415  0.0000E+00  0.0000E+00
    -15.397  0.0000E+00  0.0000E+00
    -15.379  0.0000E+00  0.0000E+00
    -15.360  0.0000E+00  0.0000E+00
    -15.342  0.0000E+00  0.0000E+00
    -15.324  0.1121E-02  0.9297E-06
    -15.306  0.7788E-01  0.5380E-03
    -15.287  0.2753E+00  0.3575E-02
    -15.269  0.5933E+00  0.1131E-01
    -15.251  0.1032E+01  0.2595E-01
    -15.233  0.1591E+01  0.4968E-01
    -15.214  0.2271E+01  0.8472E-01
    -15.196  0.3071E+01  0.1333E+00
    -15.178  0.3993E+01  0.1975E+00
    -15.160  0.5034E+01  0.2796E+00
    -15.141  0.5935E+01  0.3803E+00
    -15.123  0.6626E+01  0.4950E+00
    -15.105  0.7161E+01  0.6210E+00
    -15.087  0.7542E+01  0.7553E+00
    -15.068  0.7768E+01  0.8952E+00
    -15.050  0.1025E+02  0.1046E+01
    -15.032  0.1532E+02  0.1282E+01
    -15.014  0.1865E+02  0.1595E+01
    -14.995  0.2024E+02  0.1952E+01
    -14.977  0.2010E+02  0.2322E+01
    -14.959  0.1821E+02  0.2674E+01
    -14.941  0.1530E+02  0.2979E+01
    -14.923  0.1465E+02  0.3248E+01
    -14.904  0.1459E+02  0.3515E+01
    -14.886  0.1452E+02  0.3780E+01
    -14.868  0.1443E+02  0.4044E+01
    -14.850  0.1432E+02  0.4306E+01
    -14.831  0.1419E+02  0.4566E+01
    -14.813  0.1477E+02  0.4825E+01
    -14.795  0.1891E+02  0.5135E+01
    -14.777  0.2112E+02  0.5503E+01
    -14.758  0.2136E+02  0.5893E+01
    -14.740  0.1990E+02  0.6271E+01
    -14.722  0.1752E+02  0.6614E+01
    -14.704  0.1440E+02  0.6906E+01
    -14.685  0.1130E+02  0.7136E+01
    -14.667  0.1147E+02  0.7343E+01
    -14.649  0.1161E+02  0.7554E+01
    -14.631  0.1170E+02  0.7767E+01
    -14.612  0.1177E+02  0.7981E+01
    -14.594  0.9713E+01  0.8186E+01
    -14.576  0.7626E+01  0.8339E+01
    -14.558  0.8569E+01  0.8483E+01
    -14.540  0.1052E+02  0.8657E+01
    -14.521  0.1266E+02  0.8868E+01
    -14.503  0.1501E+02  0.9120E+01
    -14.485  0.1755E+02  0.9417E+01
    -14.467  0.4114E+02  0.9789E+01
    -14.448  0.3281E+02  0.1073E+02
    -14.430  0.2898E+02  0.1130E+02
    -14.412  0.2583E+02  0.1179E+02
    -14.394  0.2339E+02  0.1224E+02
    -14.375  0.2164E+02  0.1265E+02
    -14.357  0.7756E+01  0.1282E+02
    -14.339  0.1595E+02  0.1303E+02
    -14.321  0.1993E+02  0.1337E+02
    -14.302  0.1807E+02  0.1372E+02
    -14.284  0.1530E+02  0.1402E+02
    -14.266  0.1615E+02  0.1429E+02
    -14.248  0.2177E+02  0.1464E+02
    -14.229  0.2586E+02  0.1508E+02
    -14.211  0.2748E+02  0.1557E+02
    -14.193  0.2836E+02  0.1607E+02
    -14.175  0.3321E+02  0.1663E+02
    -14.157  0.4274E+02  0.1731E+02
    -14.138  0.7074E+02  0.1834E+02
    -14.120  0.5200E+02  0.1952E+02
    -14.102  0.3879E+02  0.2036E+02
    -14.084  0.2372E+02  0.2092E+02
    -14.065  0.1501E+02  0.2127E+02
    -14.047  0.1064E+02  0.2150E+02
    -14.029  0.8417E+01  0.2167E+02
    -14.011  0.6298E+01  0.2181E+02
    -13.992  0.4283E+01  0.2190E+02
    -13.974  0.2374E+01  0.2196E+02
    -13.956  0.1963E+02  0.2211E+02
    -13.938  0.4074E+02  0.2267E+02
    -13.919  0.4564E+02  0.2353E+02
    -13.901  0.2074E+02  0.2413E+02
    -13.883  0.6111E+02  0.2497E+02
    -13.865  0.2732E+02  0.2568E+02
    -13.846  0.7983E+02  0.2669E+02
    -13.828  0.1345E+03  0.2836E+02
    -13.810  0.3819E+02  0.3023E+02
    -13.792  0.3303E+02  0.3079E+02
    -13.774  0.4345E+02  0.3150E+02
    -13.755  0.4599E+02  0.3233E+02
    -13.737  0.4065E+02  0.3313E+02
    -13.719  0.9216E+02  0.3397E+02
    -13.701  0.9873E+02  0.3735E+02
    -13.682  0.5655E+02  0.3802E+02
    -13.664  0.7531E+02  0.3966E+02
    -13.646  0.1175E+03  0.4079E+02
    -13.628  0.7501E+02  0.4300E+02
    -13.609  0.2674E+02  0.4467E+02
    -13.591  0.3634E+02  0.4527E+02
    -13.573  0.2914E+02  0.4586E+02
    -13.555  0.2928E+02  0.4634E+02
    -13.536  0.5293E+02  0.4709E+02
    -13.518  0.8598E+02  0.4829E+02
    -13.500  0.2216E+03  0.5169E+02
    -13.482  0.4321E+02  0.5340E+02
    -13.463  0.9611E+02  0.5470E+02
    -13.445  0.9223E+02  0.5723E+02
    -13.427  0.9731E+02  0.5896E+02
    -13.409  0.8474E+02  0.6066E+02
    -13.391  0.3842E+02  0.6183E+02
    -13.372  0.0000E+00  0.6200E+02
    -13.354  0.0000E+00  0.6200E+02
    -13.336  0.0000E+00  0.6200E+02
    -13.318  0.0000E+00  0.6200E+02
    -13.299  0.0000E+00  0.6200E+02
    -13.281  0.0000E+00  0.6200E+02
    -13.263  0.0000E+00  0.6200E+02
    -13.245  0.0000E+00  0.6200E+02
    -13.226  0.0000E+00  0.6200E+02
    -13.208  0.0000E+00  0.6200E+02
    -13.190  0.0000E+00  0.6200E+02
    -13.172  0.0000E+00  0.6200E+02
    -13.153  0.0000E+00  0.6200E+02
    -13.135  0.0000E+00  0.6200E+02
    -13.117  0.0000E+00  0.6200E+02
    -13.099  0.0000E+00  0.6200E+02
    -13.080  0.0000E+00  0.6200E+02
    -13.062  0.0000E+00  0.6200E+02
    -13.044  0.0000E+00  0.6200E+02
    -13.026  0.0000E+00  0.6200E+02
    -13.008  0.0000E+00  0.6200E+02
    -12.989  0.0000E+00  0.6200E+02
    -12.971  0.0000E+00  0.6200E+02
    -12.953  0.0000E+00  0.6200E+02
    -12.935  0.0000E+00  0.6200E+02
    -12.916  0.0000E+00  0.6200E+02
    -12.898  0.0000E+00  0.6200E+02
    -12.880  0.0000E+00  0.6200E+02
    -12.862  0.0000E+00  0.6200E+02
    -12.843  0.0000E+00  0.6200E+02
    -12.825  0.0000E+00  0.6200E+02
    -12.807  0.0000E+00  0.6200E+02
    -12.789  0.0000E+00  0.6200E+02
    -12.770  0.0000E+00  0.6200E+02
    -12.752  0.0000E+00  0.6200E+02
    -12.734  0.0000E+00  0.6200E+02
    -12.716  0.0000E+00  0.6200E+02
    -12.697  0.0000E+00  0.6200E+02
    -12.679  0.0000E+00  0.6200E+02
    -12.661  0.0000E+00  0.6200E+02
    -12.643  0.0000E+00  0.6200E+02
    -12.625  0.0000E+00  0.6200E+02
    -12.606  0.0000E+00  0.6200E+02
    -12.588  0.0000E+00  0.6200E+02
    -12.570  0.0000E+00  0.6200E+02
    -12.552  0.0000E+00  0.6200E+02
    -12.533  0.0000E+00  0.6200E+02
    -12.515  0.0000E+00  0.6200E+02
    -12.497  0.0000E+00  0.6200E+02
    -12.479  0.0000E+00  0.6200E+02
    -12.460  0.0000E+00  0.6200E+02
    -12.442  0.0000E+00  0.6200E+02
    -12.424  0.0000E+00  0.6200E+02
    -12.406  0.0000E+00  0.6200E+02
    -12.387  0.0000E+00  0.6200E+02
    -12.369  0.0000E+00  0.6200E+02
    -12.351  0.0000E+00  0.6200E+02
    -12.333  0.0000E+00  0.6200E+02
    -12.314  0.0000E+00  0.6200E+02
    -12.296  0.0000E+00  0.6200E+02
    -12.278  0.0000E+00  0.6200E+02
    -12.260  0.0000E+00  0.6200E+02
    -12.242  0.0000E+00  0.6200E+02
    -12.223  0.0000E+00  0.6200E+02
    -12.205  0.0000E+00  0.6200E+02
    -12.187  0.0000E+00  0.6200E+02
    -12.169  0.0000E+00  0.6200E+02
    -12.150  0.0000E+00  0.6200E+02
    -12.132  0.0000E+00  0.6200E+02
    -12.114  0.0000E+00  0.6200E+02
    -12.096  0.0000E+00  0.6200E+02
    -12.077  0.0000E+00  0.6200E+02
    -12.059  0.0000E+00  0.6200E+02
    -12.041  0.0000E+00  0.6200E+02
    -12.023  0.0000E+00  0.6200E+02
    -12.004  0.0000E+00  0.6200E+02
    -11.986  0.0000E+00  0.6200E+02
    -11.968  0.0000E+00  0.6200E+02
    -11.950  0.0000E+00  0.6200E+02
    -11.931  0.0000E+00  0.6200E+02
    -11.913  0.0000E+00  0.6200E+02
    -11.895  0.0000E+00  0.6200E+02
    -11.877  0.0000E+00  0.6200E+02
    -11.859  0.0000E+00  0.6200E+02
    -11.840  0.0000E+00  0.6200E+02
    -11.822  0.0000E+00  0.6200E+02
    -11.804  0.0000E+00  0.6200E+02
    -11.786  0.0000E+00  0.6200E+02
    -11.767  0.0000E+00  0.6200E+02
    -11.749  0.0000E+00  0.6200E+02
    -11.731  0.0000E+00  0.6200E+02
    -11.713  0.0000E+00  0.6200E+02
    -11.694  0.0000E+00  0.6200E+02
    -11.676  0.0000E+00  0.6200E+02
    -11.658  0.0000E+00  0.6200E+02
    -11.640  0.0000E+00  0.6200E+02
    -11.621  0.0000E+00  0.6200E+02
    -11.603  0.0000E+00  0.6200E+02
    -11.585  0.0000E+00  0.6200E+02
    -11.567  0.0000E+00  0.6200E+02
    -11.548  0.0000E+00  0.6200E+02
    -11.530  0.0000E+00  0.6200E+02
    -11.512  0.0000E+00  0.6200E+02
    -11.494  0.0000E+00  0.6200E+02
    -11.476  0.0000E+00  0.6200E+02
    -11.457  0.0000E+00  0.6200E+02
    -11.439  0.0000E+00  0.6200E+02
    -11.421  0.0000E+00  0.6200E+02
    -11.403  0.0000E+00  0.6200E+02
    -11.384  0.0000E+00  0.6200E+02
    -11.366  0.0000E+00  0.6200E+02
    -11.348  0.0000E+00  0.6200E+02
    -11.330  0.0000E+00  0.6200E+02
    -11.311  0.0000E+00  0.6200E+02
    -11.293  0.0000E+00  0.6200E+02
    -11.275  0.0000E+00  0.6200E+02
    -11.257  0.0000E+00  0.6200E+02
    -11.238  0.0000E+00  0.6200E+02
    -11.220  0.0000E+00  0.6200E+02
    -11.202  0.0000E+00  0.6200E+02
    -11.184  0.0000E+00  0.6200E+02
    -11.165  0.0000E+00  0.6200E+02
    -11.147  0.0000E+00  0.6200E+02
    -11.129  0.0000E+00  0.6200E+02
    -11.111  0.0000E+00  0.6200E+02
    -11.093  0.0000E+00  0.6200E+02
    -11.074  0.0000E+00  0.6200E+02
    -11.056  0.0000E+00  0.6200E+02
    -11.038  0.0000E+00  0.6200E+02
    -11.020  0.0000E+00  0.6200E+02
    -11.001  0.0000E+00  0.6200E+02
    -10.983  0.0000E+00  0.6200E+02
    -10.965  0.0000E+00  0.6200E+02
    -10.947  0.0000E+00  0.6200E+02
    -10.928  0.0000E+00  0.6200E+02
    -10.910  0.0000E+00  0.6200E+02
    -10.892  0.0000E+00  0.6200E+02
    -10.874  0.0000E+00  0.6200E+02
    -10.855  0.0000E+00  0.6200E+02
    -10.837  0.0000E+00  0.6200E+02
    -10.819  0.0000E+00  0.6200E+02
    -10.801  0.0000E+00  0.6200E+02
    -10.782  0.0000E+00  0.6200E+02
    -10.764  0.0000E+00  0.6200E+02
    -10.746  0.0000E+00  0.6200E+02
    -10.728  0.0000E+00  0.6200E+02
    -10.710  0.0000E+00  0.6200E+02
    -10.691  0.0000E+00  0.6200E+02
    -10.673  0.0000E+00  0.6200E+02
    -10.655  0.0000E+00  0.6200E+02
    -10.637  0.0000E+00  0.6200E+02
    -10.618  0.0000E+00  0.6200E+02
    -10.600  0.0000E+00  0.6200E+02
    -10.582  0.0000E+00  0.6200E+02
    -10.564  0.0000E+00  0.6200E+02
    -10.545  0.0000E+00  0.6200E+02
    -10.527  0.0000E+00  0.6200E+02
    -10.509  0.0000E+00  0.6200E+02
    -10.491  0.0000E+00  0.6200E+02
    -10.472  0.0000E+00  0.6200E+02
    -10.454  0.0000E+00  0.6200E+02
    -10.436  0.0000E+00  0.6200E+02
    -10.418  0.0000E+00  0.6200E+02
    -10.399  0.0000E+00  0.6200E+02
    -10.381  0.0000E+00  0.6200E+02
    -10.363  0.0000E+00  0.6200E+02
    -10.345  0.0000E+00  0.6200E+02
    -10.327  0.0000E+00  0.6200E+02
    -10.308  0.0000E+00  0.6200E+02
    -10.290  0.0000E+00  0.6200E+02
    -10.272  0.0000E+00  0.6200E+02
    -10.254  0.0000E+00  0.6200E+02
    -10.235  0.0000E+00  0.6200E+02
    -10.217  0.0000E+00  0.6200E+02
    -10.199  0.0000E+00  0.6200E+02
    -10.181  0.0000E+00  0.6200E+02
    -10.162  0.0000E+00  0.6200E+02
    -10.144  0.0000E+00  0.6200E+02
    -10.126  0.0000E+00  0.6200E+02
    -10.108  0.0000E+00  0.6200E+02
    -10.089  0.0000E+00  0.6200E+02
    -10.071  0.0000E+00  0.6200E+02
    -10.053  0.0000E+00  0.6200E+02
    -10.035  0.0000E+00  0.6200E+02
    -10.016  0.0000E+00  0.6200E+02
     -9.998  0.0000E+00  0.6200E+02
     -9.980  0.0000E+00  0.6200E+02
     -9.962  0.0000E+00  0.6200E+02
     -9.944  0.0000E+00  0.6200E+02
     -9.925  0.0000E+00  0.6200E+02
     -9.907  0.0000E+00  0.6200E+02
     -9.889  0.0000E+00  0.6200E+02
     -9.871  0.0000E+00  0.6200E+02
     -9.852  0.0000E+00  0.6200E+02
     -9.834  0.0000E+00  0.6200E+02
     -9.816  0.0000E+00  0.6200E+02
     -9.798  0.0000E+00  0.6200E+02
     -9.779  0.0000E+00  0.6200E+02
     -9.761  0.0000E+00  0.6200E+02
     -9.743  0.0000E+00  0.6200E+02
     -9.725  0.0000E+00  0.6200E+02
     -9.706  0.0000E+00  0.6200E+02
     -9.688  0.0000E+00  0.6200E+02
     -9.670  0.0000E+00  0.6200E+02
     -9.652  0.0000E+00  0.6200E+02
     -9.633  0.0000E+00  0.6200E+02
     -9.615  0.0000E+00  0.6200E+02
     -9.597  0.0000E+00  0.6200E+02
     -9.579  0.0000E+00  0.6200E+02
     -9.561  0.0000E+00  0.6200E+02
     -9.542  0.0000E+00  0.6200E+02
     -9.524  0.0000E+00  0.6200E+02
     -9.506  0.0000E+00  0.6200E+02
     -9.488  0.0000E+00  0.6200E+02
     -9.469  0.0000E+00  0.6200E+02
     -9.451  0.0000E+00  0.6200E+02
     -9.433  0.0000E+00  0.6200E+02
     -9.415  0.0000E+00  0.6200E+02
     -9.396  0.0000E+00  0.6200E+02
     -9.378  0.0000E+00  0.6200E+02
     -9.360  0.0000E+00  0.6200E+02
     -9.342  0.0000E+00  0.6200E+02
     -9.323  0.0000E+00  0.6200E+02
     -9.305  0.0000E+00  0.6200E+02
     -9.287  0.0000E+00  0.6200E+02
     -9.269  0.0000E+00  0.6200E+02
     -9.250  0.0000E+00  0.6200E+02
     -9.232  0.0000E+00  0.6200E+02
     -9.214  0.0000E+00  0.6200E+02
     -9.196  0.0000E+00  0.6200E+02
     -9.178  0.0000E+00  0.6200E+02
     -9.159  0.0000E+00  0.6200E+02
     -9.141  0.0000E+00  0.6200E+02
     -9.123  0.0000E+00  0.6200E+02
     -9.105  0.0000E+00  0.6200E+02
     -9.086  0.0000E+00  0.6200E+02
     -9.068  0.0000E+00  0.6200E+02
     -9.050  0.0000E+00  0.6200E+02
     -9.032  0.0000E+00  0.6200E+02
     -9.013  0.0000E+00  0.6200E+02
     -8.995  0.0000E+00  0.6200E+02
     -8.977  0.0000E+00  0.6200E+02
     -8.959  0.0000E+00  0.6200E+02
     -8.940  0.0000E+00  0.6200E+02
     -8.922  0.0000E+00  0.6200E+02
     -8.904  0.0000E+00  0.6200E+02
     -8.886  0.0000E+00  0.6200E+02
     -8.867  0.0000E+00  0.6200E+02
     -8.849  0.0000E+00  0.6200E+02
     -8.831  0.0000E+00  0.6200E+02
     -8.813  0.0000E+00  0.6200E+02
     -8.795  0.0000E+00  0.6200E+02
     -8.776  0.0000E+00  0.6200E+02
     -8.758  0.0000E+00  0.6200E+02
     -8.740  0.0000E+00  0.6200E+02
     -8.722  0.0000E+00  0.6200E+02
     -8.703  0.0000E+00  0.6200E+02
     -8.685  0.0000E+00  0.6200E+02
     -8.667  0.0000E+00  0.6200E+02
     -8.649  0.0000E+00  0.6200E+02
     -8.630  0.0000E+00  0.6200E+02
     -8.612  0.0000E+00  0.6200E+02
     -8.594  0.0000E+00  0.6200E+02
     -8.576  0.0000E+00  0.6200E+02
     -8.557  0.0000E+00  0.6200E+02
     -8.539  0.0000E+00  0.6200E+02
     -8.521  0.0000E+00  0.6200E+02
     -8.503  0.0000E+00  0.6200E+02
     -8.484  0.0000E+00  0.6200E+02
     -8.466  0.0000E+00  0.6200E+02
     -8.448  0.0000E+00  0.6200E+02
     -8.430  0.0000E+00  0.6200E+02
     -8.412  0.0000E+00  0.6200E+02
     -8.393  0.0000E+00  0.6200E+02
     -8.375  0.0000E+00  0.6200E+02
     -8.357  0.0000E+00  0.6200E+02
     -8.339  0.0000E+00  0.6200E+02
     -8.320  0.0000E+00  0.6200E+02
     -8.302  0.0000E+00  0.6200E+02
     -8.284  0.0000E+00  0.6200E+02
     -8.266  0.0000E+00  0.6200E+02
     -8.247  0.0000E+00  0.6200E+02
     -8.229  0.0000E+00  0.6200E+02
     -8.211  0.0000E+00  0.6200E+02
     -8.193  0.0000E+00  0.6200E+02
     -8.174  0.0000E+00  0.6200E+02
     -8.156  0.0000E+00  0.6200E+02
     -8.138  0.0000E+00  0.6200E+02
     -8.120  0.0000E+00  0.6200E+02
     -8.101  0.0000E+00  0.6200E+02
     -8.083  0.0000E+00  0.6200E+02
     -8.065  0.0000E+00  0.6200E+02
     -8.047  0.0000E+00  0.6200E+02
     -8.029  0.0000E+00  0.6200E+02
     -8.010  0.0000E+00  0.6200E+02
     -7.992  0.0000E+00  0.6200E+02
     -7.974  0.0000E+00  0.6200E+02
     -7.956  0.0000E+00  0.6200E+02
     -7.937  0.0000E+00  0.6200E+02
     -7.919  0.0000E+00  0.6200E+02
     -7.901  0.0000E+00  0.6200E+02
     -7.883  0.0000E+00  0.6200E+02
     -7.864  0.0000E+00  0.6200E+02
     -7.846  0.0000E+00  0.6200E+02
     -7.828  0.0000E+00  0.6200E+02
     -7.810  0.0000E+00  0.6200E+02
     -7.791  0.0000E+00  0.6200E+02
     -7.773  0.0000E+00  0.6200E+02
     -7.755  0.0000E+00  0.6200E+02
     -7.737  0.0000E+00  0.6200E+02
     -7.718  0.0000E+00  0.6200E+02
     -7.700  0.0000E+00  0.6200E+02
     -7.682  0.0000E+00  0.6200E+02
     -7.664  0.0000E+00  0.6200E+02
     -7.646  0.0000E+00  0.6200E+02
     -7.627  0.0000E+00  0.6200E+02
     -7.609  0.0000E+00  0.6200E+02
     -7.591  0.0000E+00  0.6200E+02
     -7.573  0.0000E+00  0.6200E+02
     -7.554  0.0000E+00  0.6200E+02
     -7.536  0.0000E+00  0.6200E+02
     -7.518  0.0000E+00  0.6200E+02
     -7.500  0.0000E+00  0.6200E+02
     -7.481  0.0000E+00  0.6200E+02
     -7.463  0.0000E+00  0.6200E+02
     -7.445  0.0000E+00  0.6200E+02
     -7.427  0.0000E+00  0.6200E+02
     -7.408  0.0000E+00  0.6200E+02
     -7.390  0.0000E+00  0.6200E+02
     -7.372  0.0000E+00  0.6200E+02
     -7.354  0.0000E+00  0.6200E+02
     -7.335  0.0000E+00  0.6200E+02
     -7.317  0.0000E+00  0.6200E+02
     -7.299  0.0000E+00  0.6200E+02
     -7.281  0.0000E+00  0.6200E+02
     -7.263  0.0000E+00  0.6200E+02
     -7.244  0.0000E+00  0.6200E+02
     -7.226  0.0000E+00  0.6200E+02
     -7.208  0.0000E+00  0.6200E+02
     -7.190  0.0000E+00  0.6200E+02
     -7.171  0.0000E+00  0.6200E+02
     -7.153  0.0000E+00  0.6200E+02
     -7.135  0.0000E+00  0.6200E+02
     -7.117  0.0000E+00  0.6200E+02
     -7.098  0.0000E+00  0.6200E+02
     -7.080  0.0000E+00  0.6200E+02
     -7.062  0.0000E+00  0.6200E+02
     -7.044  0.0000E+00  0.6200E+02
     -7.025  0.0000E+00  0.6200E+02
     -7.007  0.0000E+00  0.6200E+02
     -6.989  0.0000E+00  0.6200E+02
     -6.971  0.0000E+00  0.6200E+02
     -6.952  0.0000E+00  0.6200E+02
     -6.934  0.0000E+00  0.6200E+02
     -6.916  0.0000E+00  0.6200E+02
     -6.898  0.0000E+00  0.6200E+02
     -6.880  0.0000E+00  0.6200E+02
     -6.861  0.0000E+00  0.6200E+02
     -6.843  0.0000E+00  0.6200E+02
     -6.825  0.0000E+00  0.6200E+02
     -6.807  0.0000E+00  0.6200E+02
     -6.788  0.0000E+00  0.6200E+02
     -6.770  0.0000E+00  0.6200E+02
     -6.752  0.0000E+00  0.6200E+02
     -6.734  0.0000E+00  0.6200E+02
     -6.715  0.0000E+00  0.6200E+02
     -6.697  0.0000E+00  0.6200E+02
     -6.679  0.0000E+00  0.6200E+02
     -6.661  0.0000E+00  0.6200E+02
     -6.642  0.0000E+00  0.6200E+02
     -6.624  0.0000E+00  0.6200E+02
     -6.606  0.0000E+00  0.6200E+02
     -6.588  0.0000E+00  0.6200E+02
     -6.569  0.0000E+00  0.6200E+02
     -6.551  0.0000E+00  0.6200E+02
     -6.533  0.0000E+00  0.6200E+02
     -6.515  0.0000E+00  0.6200E+02
     -6.497  0.0000E+00  0.6200E+02
     -6.478  0.0000E+00  0.6200E+02
     -6.460  0.0000E+00  0.6200E+02
     -6.442  0.0000E+00  0.6200E+02
     -6.424  0.0000E+00  0.6200E+02
     -6.405  0.0000E+00  0.6200E+02
     -6.387  0.0000E+00  0.6200E+02
     -6.369  0.0000E+00  0.6200E+02
     -6.351  0.0000E+00  0.6200E+02
     -6.332  0.0000E+00  0.6200E+02
     -6.314  0.0000E+00  0.6200E+02
     -6.296  0.0000E+00  0.6200E+02
     -6.278  0.0000E+00  0.6200E+02
     -6.259  0.0000E+00  0.6200E+02
     -6.241  0.0000E+00  0.6200E+02
     -6.223  0.0000E+00  0.6200E+02
     -6.205  0.0000E+00  0.6200E+02
     -6.186  0.0000E+00  0.6200E+02
     -6.168  0.0000E+00  0.6200E+02
     -6.150  0.0000E+00  0.6200E+02
     -6.132  0.0000E+00  0.6200E+02
     -6.114  0.0000E+00  0.6200E+02
     -6.095  0.0000E+00  0.6200E+02
     -6.077  0.0000E+00  0.6200E+02
     -6.059  0.0000E+00  0.6200E+02
     -6.041  0.0000E+00  0.6200E+02
     -6.022  0.0000E+00  0.6200E+02
     -6.004  0.0000E+00  0.6200E+02
     -5.986  0.0000E+00  0.6200E+02
     -5.968  0.0000E+00  0.6200E+02
     -5.949  0.0000E+00  0.6200E+02
     -5.931  0.0000E+00  0.6200E+02
     -5.913  0.0000E+00  0.6200E+02
     -5.895  0.0000E+00  0.6200E+02
     -5.876  0.0000E+00  0.6200E+02
     -5.858  0.0000E+00  0.6200E+02
     -5.840  0.0000E+00  0.6200E+02
     -5.822  0.0000E+00  0.6200E+02
     -5.803  0.0000E+00  0.6200E+02
     -5.785  0.0000E+00  0.6200E+02
     -5.767  0.0000E+00  0.6200E+02
     -5.749  0.0000E+00  0.6200E+02
     -5.731  0.0000E+00  0.6200E+02
     -5.712  0.0000E+00  0.6200E+02
     -5.694  0.0000E+00  0.6200E+02
     -5.676  0.0000E+00  0.6200E+02
     -5.658  0.0000E+00  0.6200E+02
     -5.639  0.0000E+00  0.6200E+02
     -5.621  0.0000E+00  0.6200E+02
     -5.603  0.0000E+00  0.6200E+02
     -5.585  0.0000E+00  0.6200E+02
     -5.566  0.0000E+00  0.6200E+02
     -5.548  0.0000E+00  0.6200E+02
     -5.530  0.0000E+00  0.6200E+02
     -5.512  0.0000E+00  0.6200E+02
     -5.493  0.0000E+00  0.6200E+02
     -5.475  0.0000E+00  0.6200E+02
     -5.457  0.0000E+00  0.6200E+02
     -5.439  0.0000E+00  0.6200E+02
     -5.420  0.0000E+00  0.6200E+02
     -5.402  0.0000E+00  0.6200E+02
     -5.384  0.0000E+00  0.6200E+02
     -5.366  0.0000E+00  0.6200E+02
     -5.347  0.0000E+00  0.6200E+02
     -5.329  0.0000E+00  0.6200E+02
     -5.311  0.0000E+00  0.6200E+02
     -5.293  0.0000E+00  0.6200E+02
     -5.275  0.0000E+00  0.6200E+02
     -5.256  0.0000E+00  0.6200E+02
     -5.238  0.0000E+00  0.6200E+02
     -5.220  0.0000E+00  0.6200E+02
     -5.202  0.0000E+00  0.6200E+02
     -5.183  0.0000E+00  0.6200E+02
     -5.165  0.0000E+00  0.6200E+02
     -5.147  0.0000E+00  0.6200E+02
     -5.129  0.0000E+00  0.6200E+02
     -5.110  0.0000E+00  0.6200E+02
     -5.092  0.0000E+00  0.6200E+02
     -5.074  0.0000E+00  0.6200E+02
     -5.056  0.0000E+00  0.6200E+02
     -5.037  0.0000E+00  0.6200E+02
     -5.019  0.0000E+00  0.6200E+02
     -5.001  0.0000E+00  0.6200E+02
     -4.983  0.0000E+00  0.6200E+02
     -4.964  0.0000E+00  0.6200E+02
     -4.946  0.0000E+00  0.6200E+02
     -4.928  0.0000E+00  0.6200E+02
     -4.910  0.0000E+00  0.6200E+02
     -4.892  0.0000E+00  0.6200E+02
     -4.873  0.0000E+00  0.6200E+02
     -4.855  0.0000E+00  0.6200E+02
     -4.837  0.0000E+00  0.6200E+02
     -4.819  0.0000E+00  0.6200E+02
     -4.800  0.0000E+00  0.6200E+02
     -4.782  0.0000E+00  0.6200E+02
     -4.764  0.0000E+00  0.6200E+02
     -4.746  0.0000E+00  0.6200E+02
     -4.727  0.0000E+00  0.6200E+02
     -4.709  0.0000E+00  0.6200E+02
     -4.691  0.0000E+00  0.6200E+02
     -4.673  0.0000E+00  0.6200E+02
     -4.654  0.0000E+00  0.6200E+02
     -4.636  0.0000E+00  0.6200E+02
     -4.618  0.0000E+00  0.6200E+02
     -4.600  0.0000E+00  0.6200E+02
     -4.581  0.0000E+00  0.6200E+02
     -4.563  0.0000E+00  0.6200E+02
     -4.545  0.0000E+00  0.6200E+02
     -4.527  0.0000E+00  0.6200E+02
     -4.509  0.0000E+00  0.6200E+02
     -4.490  0.0000E+00  0.6200E+02
     -4.472  0.0000E+00  0.6200E+02
     -4.454  0.0000E+00  0.6200E+02
     -4.436  0.0000E+00  0.6200E+02
     -4.417  0.0000E+00  0.6200E+02
     -4.399  0.0000E+00  0.6200E+02
     -4.381  0.0000E+00  0.6200E+02
     -4.363  0.0000E+00  0.6200E+02
     -4.344  0.0000E+00  0.6200E+02
     -4.326  0.0000E+00  0.6200E+02
     -4.308  0.0000E+00  0.6200E+02
     -4.290  0.0000E+00  0.6200E+02
     -4.271  0.0000E+00  0.6200E+02
     -4.253  0.0000E+00  0.6200E+02
     -4.235  0.0000E+00  0.6200E+02
     -4.217  0.0000E+00  0.6200E+02
     -4.198  0.0000E+00  0.6200E+02
     -4.180  0.0000E+00  0.6200E+02
     -4.162  0.0000E+00  0.6200E+02
     -4.144  0.0000E+00  0.6200E+02
     -4.126  0.0000E+00  0.6200E+02
     -4.107  0.0000E+00  0.6200E+02
     -4.089  0.0000E+00  0.6200E+02
     -4.071  0.0000E+00  0.6200E+02
     -4.053  0.0000E+00  0.6200E+02
     -4.034  0.0000E+00  0.6200E+02
     -4.016  0.0000E+00  0.6200E+02
     -3.998  0.0000E+00  0.6200E+02
     -3.980  0.0000E+00  0.6200E+02
     -3.961  0.0000E+00  0.6200E+02
     -3.943  0.0000E+00  0.6200E+02
     -3.925  0.0000E+00  0.6200E+02
     -3.907  0.0000E+00  0.6200E+02
     -3.888  0.0000E+00  0.6200E+02
     -3.870  0.0000E+00  0.6200E+02
     -3.852  0.0000E+00  0.6200E+02
     -3.834  0.0000E+00  0.6200E+02
     -3.815  0.0000E+00  0.6200E+02
     -3.797  0.0000E+00  0.6200E+02
     -3.779  0.0000E+00  0.6200E+02
     -3.761  0.0000E+00  0.6200E+02
     -3.743  0.0000E+00  0.6200E+02
     -3.724  0.0000E+00  0.6200E+02
     -3.706  0.0000E+00  0.6200E+02
     -3.688  0.0000E+00  0.6200E+02
     -3.670  0.0000E+00  0.6200E+02
     -3.651  0.0000E+00  0.6200E+02
     -3.633  0.0000E+00  0.6200E+02
     -3.615  0.0000E+00  0.6200E+02
     -3.597  0.0000E+00  0.6200E+02
     -3.578  0.0000E+00  0.6200E+02
     -3.560  0.0000E+00  0.6200E+02
     -3.542  0.0000E+00  0.6200E+02
     -3.524  0.0000E+00  0.6200E+02
     -3.505  0.0000E+00  0.6200E+02
     -3.487  0.0000E+00  0.6200E+02
     -3.469  0.0000E+00  0.6200E+02
     -3.451  0.0000E+00  0.6200E+02
     -3.432  0.0000E+00  0.6200E+02
     -3.414  0.0000E+00  0.6200E+02
     -3.396  0.0000E+00  0.6200E+02
     -3.378  0.0000E+00  0.6200E+02
     -3.360  0.0000E+00  0.6200E+02
     -3.341  0.0000E+00  0.6200E+02
     -3.323  0.0000E+00  0.6200E+02
     -3.305  0.0000E+00  0.6200E+02
     -3.287  0.0000E+00  0.6200E+02
     -3.268  0.0000E+00  0.6200E+02
     -3.250  0.0000E+00  0.6200E+02
     -3.232  0.0000E+00  0.6200E+02
     -3.214  0.0000E+00  0.6200E+02
     -3.195  0.0000E+00  0.6200E+02
     -3.177  0.0000E+00  0.6200E+02
     -3.159  0.0000E+00  0.6200E+02
     -3.141  0.0000E+00  0.6200E+02
     -3.122  0.0000E+00  0.6200E+02
     -3.104  0.0000E+00  0.6200E+02
     -3.086  0.0000E+00  0.6200E+02
     -3.068  0.0000E+00  0.6200E+02
     -3.049  0.0000E+00  0.6200E+02
     -3.031  0.0000E+00  0.6200E+02
     -3.013  0.0000E+00  0.6200E+02
     -2.995  0.0000E+00  0.6200E+02
     -2.977  0.0000E+00  0.6200E+02
     -2.958  0.0000E+00  0.6200E+02
     -2.940  0.0000E+00  0.6200E+02
     -2.922  0.0000E+00  0.6200E+02
     -2.904  0.0000E+00  0.6200E+02
     -2.885  0.0000E+00  0.6200E+02
     -2.867  0.0000E+00  0.6200E+02
     -2.849  0.0000E+00  0.6200E+02
     -2.831  0.0000E+00  0.6200E+02
     -2.812  0.0000E+00  0.6200E+02
     -2.794  0.0000E+00  0.6200E+02
     -2.776  0.0000E+00  0.6200E+02
     -2.758  0.0000E+00  0.6200E+02
     -2.739  0.0000E+00  0.6200E+02
     -2.721  0.0000E+00  0.6200E+02
     -2.703  0.0000E+00  0.6200E+02
     -2.685  0.0000E+00  0.6200E+02
     -2.666  0.0000E+00  0.6200E+02
     -2.648  0.0000E+00  0.6200E+02
     -2.630  0.0000E+00  0.6200E+02
     -2.612  0.0000E+00  0.6200E+02
     -2.594  0.0000E+00  0.6200E+02
     -2.575  0.0000E+00  0.6200E+02
     -2.557  0.0000E+00  0.6200E+02
     -2.539  0.0000E+00  0.6200E+02
     -2.521  0.0000E+00  0.6200E+02
     -2.502  0.0000E+00  0.6200E+02
     -2.484  0.0000E+00  0.6200E+02
     -2.466  0.0000E+00  0.6200E+02
     -2.448  0.0000E+00  0.6200E+02
     -2.429  0.0000E+00  0.6200E+02
     -2.411  0.0000E+00  0.6200E+02
     -2.393  0.0000E+00  0.6200E+02
     -2.375  0.0000E+00  0.6200E+02
     -2.356  0.0000E+00  0.6200E+02
     -2.338  0.0000E+00  0.6200E+02
     -2.320  0.0000E+00  0.6200E+02
     -2.302  0.0000E+00  0.6200E+02
     -2.283  0.0000E+00  0.6200E+02
     -2.265  0.0000E+00  0.6200E+02
     -2.247  0.0000E+00  0.6200E+02
     -2.229  0.0000E+00  0.6200E+02
     -2.211  0.0000E+00  0.6200E+02
     -2.192  0.0000E+00  0.6200E+02
     -2.174  0.0000E+00  0.6200E+02
     -2.156  0.0000E+00  0.6200E+02
     -2.138  0.0000E+00  0.6200E+02
     -2.119  0.0000E+00  0.6200E+02
     -2.101  0.0000E+00  0.6200E+02
     -2.083  0.0000E+00  0.6200E+02
     -2.065  0.0000E+00  0.6200E+02
     -2.046  0.0000E+00  0.6200E+02
     -2.028  0.0000E+00  0.6200E+02
     -2.010  0.0000E+00  0.6200E+02
     -1.992  0.0000E+00  0.6200E+02
     -1.973  0.0000E+00  0.6200E+02
     -1.955  0.0000E+00  0.6200E+02
     -1.937  0.0000E+00  0.6200E+02
     -1.919  0.0000E+00  0.6200E+02
     -1.900  0.0000E+00  0.6200E+02
     -1.882  0.0000E+00  0.6200E+02
     -1.864  0.0000E+00  0.6200E+02
     -1.846  0.0000E+00  0.6200E+02
     -1.828  0.0000E+00  0.6200E+02
     -1.809  0.0000E+00  0.6200E+02
     -1.791  0.0000E+00  0.6200E+02
     -1.773  0.0000E+00  0.6200E+02
     -1.755  0.0000E+00  0.6200E+02
     -1.736  0.0000E+00  0.6200E+02
     -1.718  0.0000E+00  0.6200E+02
     -1.700  0.0000E+00  0.6200E+02
     -1.682  0.0000E+00  0.6200E+02
     -1.663  0.0000E+00  0.6200E+02
     -1.645  0.0000E+00  0.6200E+02
     -1.627  0.0000E+00  0.6200E+02
     -1.609  0.0000E+00  0.6200E+02
     -1.590  0.0000E+00  0.6200E+02
     -1.572  0.0000E+00  0.6200E+02
     -1.554  0.0000E+00  0.6200E+02
     -1.536  0.0000E+00  0.6200E+02
     -1.517  0.0000E+00  0.6200E+02
     -1.499  0.0000E+00  0.6200E+02
     -1.481  0.0000E+00  0.6200E+02
     -1.463  0.0000E+00  0.6200E+02
     -1.445  0.0000E+00  0.6200E+02
     -1.426  0.0000E+00  0.6200E+02
     -1.408  0.0000E+00  0.6200E+02
     -1.390  0.0000E+00  0.6200E+02
     -1.372  0.0000E+00  0.6200E+02
     -1.353  0.2678E-01  0.6200E+02
     -1.335  0.1156E+00  0.6200E+02
     -1.317  0.2666E+00  0.6200E+02
     -1.299  0.4834E+00  0.6201E+02
     -1.280  0.7797E+00  0.6202E+02
     -1.262  0.1157E+01  0.6204E+02
     -1.244  0.1615E+01  0.6207E+02
     -1.226  0.2154E+01  0.6210E+02
     -1.207  0.2773E+01  0.6214E+02
     -1.189  0.3474E+01  0.6220E+02
     -1.171  0.4255E+01  0.6227E+02
     -1.153  0.5117E+01  0.6236E+02
     -1.134  0.6060E+01  0.6246E+02
     -1.116  0.7083E+01  0.6258E+02
     -1.098  0.8188E+01  0.6272E+02
     -1.080  0.9373E+01  0.6288E+02
     -1.062  0.1064E+02  0.6306E+02
     -1.043  0.1199E+02  0.6327E+02
     -1.025  0.1349E+02  0.6350E+02
     -1.007  0.1687E+02  0.6378E+02
     -0.989  0.1956E+02  0.6411E+02
     -0.970  0.2161E+02  0.6449E+02
     -0.952  0.2412E+02  0.6490E+02
     -0.934  0.2558E+02  0.6536E+02
     -0.916  0.2607E+02  0.6583E+02
     -0.897  0.2657E+02  0.6631E+02
     -0.879  0.2695E+02  0.6680E+02
     -0.861  0.4168E+02  0.6740E+02
     -0.843  0.5423E+02  0.6828E+02
     -0.824  0.7504E+02  0.6950E+02
     -0.806  0.7549E+02  0.7088E+02
     -0.788  0.7186E+02  0.7223E+02
     -0.770  0.6307E+02  0.7346E+02
     -0.751  0.5398E+02  0.7453E+02
     -0.733  0.3332E+02  0.7531E+02
     -0.715  0.1799E+02  0.7576E+02
     -0.697  0.1147E+02  0.7602E+02
     -0.679  0.1126E+02  0.7622E+02
     -0.660  0.1554E+02  0.7646E+02
     -0.642  0.1780E+02  0.7677E+02
     -0.624  0.2950E+02  0.7721E+02
     -0.606  0.3676E+02  0.7782E+02
     -0.587  0.4137E+02  0.7852E+02
     -0.569  0.5023E+02  0.7937E+02
     -0.551  0.3423E+02  0.8019E+02
     -0.533  0.1724E+02  0.8064E+02
     -0.514  0.1371E+02  0.8091E+02
     -0.496  0.2541E+02  0.8122E+02
     -0.478  0.3908E+02  0.8183E+02
     -0.460  0.4034E+02  0.8257E+02
     -0.441  0.2918E+02  0.8322E+02
     -0.423  0.2864E+02  0.8372E+02
     -0.405  0.3472E+02  0.8429E+02
     -0.387  0.4320E+02  0.8500E+02
     -0.368  0.5275E+02  0.8639E+02
     -0.350  0.5485E+02  0.8732E+02
     -0.332  0.1298E+03  0.8916E+02
     -0.314  0.5680E+02  0.9085E+02
     -0.296  0.5449E+02  0.9186E+02
     -0.277  0.5175E+02  0.9283E+02
     -0.259  0.4841E+02  0.9374E+02
     -0.241  0.4600E+02  0.9460E+02
     -0.223  0.4453E+02  0.9543E+02
     -0.204  0.4400E+02  0.9623E+02
     -0.186  0.4344E+02  0.9703E+02
     -0.168  0.4419E+02  0.9783E+02
     -0.150  0.4558E+02  0.9865E+02
     -0.131  0.4702E+02  0.9949E+02
     -0.113  0.4788E+02  0.1004E+03
     -0.095  0.4809E+02  0.1012E+03
     -0.077  0.4696E+02  0.1021E+03
     -0.058  0.3987E+02  0.1029E+03
     -0.040  0.3590E+02  0.1036E+03
     -0.022  0.2808E+02  0.1041E+03
     -0.004  0.2716E+02  0.1046E+03
      0.015  0.2707E+02  0.1051E+03
      0.033  0.2695E+02  0.1056E+03
      0.051  0.2679E+02  0.1061E+03
      0.069  0.2659E+02  0.1066E+03
      0.087  0.2633E+02  0.1071E+03
      0.106  0.2620E+02  0.1076E+03
      0.124  0.2727E+02  0.1081E+03
      0.142  0.2811E+02  0.1086E+03
      0.160  0.2875E+02  0.1091E+03
      0.179  0.2918E+02  0.1096E+03
      0.197  0.2939E+02  0.1101E+03
      0.215  0.2928E+02  0.1107E+03
      0.233  0.2874E+02  0.1112E+03
      0.252  0.2776E+02  0.1117E+03
      0.270  0.2635E+02  0.1122E+03
      0.288  0.2451E+02  0.1127E+03
      0.306  0.2104E+02  0.1131E+03
      0.325  0.1630E+02  0.1134E+03
      0.343  0.1547E+02  0.1137E+03
      0.361  0.1386E+02  0.1140E+03
      0.379  0.1163E+02  0.1142E+03
      0.398  0.1146E+02  0.1144E+03
      0.416  0.1100E+02  0.1146E+03
      0.434  0.1182E+02  0.1148E+03
      0.452  0.1290E+02  0.1151E+03
      0.470  0.1372E+02  0.1153E+03
      0.489  0.1428E+02  0.1156E+03
      0.507  0.1712E+02  0.1158E+03
      0.525  0.2289E+02  0.1162E+03
      0.543  0.2769E+02  0.1167E+03
      0.562  0.3141E+02  0.1172E+03
      0.580  0.3404E+02  0.1178E+03
      0.598  0.3558E+02  0.1185E+03
      0.616  0.3609E+02  0.1191E+03
      0.635  0.3583E+02  0.1198E+03
      0.653  0.3466E+02  0.1204E+03
      0.671  0.3305E+02  0.1210E+03
      0.689  0.3136E+02  0.1216E+03
      0.708  0.2962E+02  0.1222E+03
      0.726  0.2781E+02  0.1227E+03
      0.744  0.2588E+02  0.1232E+03
      0.762  0.2640E+02  0.1237E+03
      0.781  0.2703E+02  0.1241E+03
      0.799  0.2580E+02  0.1246E+03
      0.817  0.2464E+02  0.1251E+03
      0.835  0.2347E+02  0.1255E+03
      0.853  0.2230E+02  0.1259E+03
      0.872  0.2064E+02  0.1263E+03
      0.890  0.1639E+02  0.1267E+03
      0.908  0.1275E+02  0.1269E+03
      0.926  0.9428E+01  0.1271E+03
      0.945  0.9437E+01  0.1273E+03
      0.963  0.9978E+01  0.1275E+03
      0.981  0.1061E+02  0.1277E+03
      0.999  0.1110E+02  0.1279E+03
      1.018  0.1164E+02  0.1281E+03
      1.036  0.1222E+02  0.1283E+03
      1.054  0.1286E+02  0.1285E+03
      1.072  0.1355E+02  0.1288E+03
      1.091  0.1429E+02  0.1290E+03
      1.109  0.1508E+02  0.1293E+03
      1.127  0.1592E+02  0.1296E+03
      1.145  0.1681E+02  0.1299E+03
      1.164  0.1775E+02  0.1302E+03
      1.182  0.1875E+02  0.1305E+03
      1.200  0.1979E+02  0.1309E+03
      1.218  0.2094E+02  0.1312E+03
      1.236  0.2206E+02  0.1316E+03
      1.255  0.2309E+02  0.1320E+03
      1.273  0.2403E+02  0.1325E+03
      1.291  0.2778E+02  0.1329E+03
      1.309  0.3220E+02  0.1335E+03
      1.328  0.3533E+02  0.1341E+03
      1.346  0.3628E+02  0.1348E+03
      1.364  0.3555E+02  0.1354E+03
      1.382  0.3280E+02  0.1360E+03
      1.401  0.2922E+02  0.1366E+03
      1.419  0.2351E+02  0.1371E+03
      1.437  0.1679E+02  0.1375E+03
      1.455  0.1229E+02  0.1377E+03
      1.474  0.1261E+02  0.1379E+03
      1.492  0.1344E+02  0.1382E+03
      1.510  0.1479E+02  0.1384E+03
      1.528  0.1838E+02  0.1387E+03
      1.547  0.2495E+02  0.1391E+03
      1.565  0.3213E+02  0.1396E+03
      1.583  0.4185E+02  0.1403E+03
      1.601  0.5185E+02  0.1412E+03
      1.619  0.5769E+02  0.1422E+03
      1.638  0.5947E+02  0.1433E+03
      1.656  0.6452E+02  0.1444E+03
      1.674  0.5293E+02  0.1455E+03
      1.692  0.2897E+02  0.1462E+03
      1.711  0.3297E+02  0.1468E+03
      1.729  0.5077E+02  0.1475E+03
      1.747  0.4745E+02  0.1484E+03
      1.765  0.3087E+02  0.1491E+03
      1.784  0.3036E+02  0.1496E+03
      1.802  0.3026E+02  0.1502E+03
      1.820  0.5319E+02  0.1508E+03
      1.838  0.4608E+02  0.1520E+03
      1.857  0.3625E+02  0.1526E+03
      1.875  0.3477E+02  0.1533E+03
      1.893  0.3234E+02  0.1539E+03
      1.911  0.2919E+02  0.1545E+03
      1.930  0.2547E+02  0.1550E+03
      1.948  0.2688E+02  0.1554E+03
      1.966  0.2885E+02  0.1559E+03
      1.984  0.3251E+02  0.1565E+03
      2.002  0.3800E+02  0.1571E+03
      2.021  0.4289E+02  0.1579E+03
      2.039  0.5896E+02  0.1588E+03
      2.057  0.5578E+02  0.1599E+03
      2.075  0.4634E+02  0.1608E+03
      2.094  0.5152E+02  0.1617E+03
      2.112  0.5582E+02  0.1627E+03
      2.130  0.5968E+02  0.1637E+03
      2.148  0.6372E+02  0.1648E+03
      2.167  0.6814E+02  0.1660E+03
      2.185  0.6661E+02  0.1673E+03
      2.203  0.5912E+02  0.1684E+03
      2.221  0.4872E+02  0.1694E+03
      2.240  0.6310E+02  0.1705E+03
      2.258  0.5320E+02  0.1715E+03
      2.276  0.1094E+03  0.1728E+03
      2.294  0.9733E+02  0.1749E+03
      2.313  0.4928E+02  0.1762E+03
      2.331  0.4993E+02  0.1771E+03
      2.349  0.4023E+02  0.1779E+03
      2.367  0.8751E+02  0.1784E+03
      2.385  0.1197E+03  0.1803E+03
      2.404  0.1093E+03  0.1825E+03
      2.422  0.7841E+02  0.1842E+03
      2.440  0.4736E+02  0.1853E+03
      2.458  0.4142E+02  0.1861E+03
      2.477  0.5576E+02  0.1870E+03
      2.495  0.6341E+02  0.1881E+03
      2.513  0.6820E+02  0.1893E+03
      2.531  0.9059E+02  0.1907E+03
      2.550  0.9092E+02  0.1924E+03
      2.568  0.6587E+02  0.1939E+03
      2.586  0.5253E+02  0.1949E+03
      2.604  0.5666E+02  0.1958E+03
      2.623  0.6899E+02  0.1970E+03
      2.641  0.4976E+02  0.1982E+03
      2.659  0.3923E+02  0.1995E+03
      2.677  0.3730E+02  0.2002E+03
      2.696  0.6277E+02  0.2010E+03
      2.714  0.8388E+02  0.2024E+03
      2.732  0.8671E+02  0.2040E+03
      2.750  0.7590E+02  0.2055E+03
      2.768  0.6149E+02  0.2067E+03
      2.787  0.5710E+02  0.2078E+03
      2.805  0.5464E+02  0.2088E+03
      2.823  0.4957E+02  0.2097E+03
      2.841  0.4184E+02  0.2106E+03
      2.860  0.2393E+02  0.2112E+03
      2.878  0.1694E+02  0.2115E+03
      2.896  0.3959E+02  0.2118E+03
      2.914  0.6997E+02  0.2131E+03
      2.933  0.7267E+02  0.2142E+03
      2.951  0.9240E+02  0.2159E+03
      2.969  0.6943E+02  0.2170E+03
      2.987  0.3564E+02  0.2180E+03
      3.006  0.8732E+02  0.2187E+03
      3.024  0.8117E+02  0.2206E+03
      3.042  0.5189E+02  0.2217E+03
      3.060  0.1164E+03  0.2236E+03
      3.079  0.1102E+03  0.2262E+03
      3.097  0.9385E+02  0.2280E+03
      3.115  0.7966E+02  0.2296E+03
      3.133  0.6694E+02  0.2309E+03
      3.151  0.5030E+02  0.2320E+03
      3.170  0.4064E+02  0.2328E+03
      3.188  0.3375E+02  0.2335E+03
      3.206  0.3178E+02  0.2341E+03
      3.224  0.3063E+02  0.2347E+03
      3.243  0.2908E+02  0.2352E+03
      3.261  0.2704E+02  0.2357E+03
      3.279  0.2450E+02  0.2362E+03
      3.297  0.2171E+02  0.2366E+03
      3.316  0.1928E+02  0.2370E+03
      3.334  0.1800E+02  0.2373E+03
      3.352  0.3194E+02  0.2378E+03
      3.370  0.2078E+03  0.2387E+03
      3.389  0.4203E+02  0.2401E+03
      3.407  0.3693E+02  0.2408E+03
      3.425  0.3968E+02  0.2415E+03
      3.443  0.3977E+02  0.2422E+03
      3.462  0.2955E+02  0.2429E+03
      3.480  0.1939E+02  0.2433E+03
      3.498  0.2280E+02  0.2437E+03
      3.516  0.2360E+02  0.2441E+03
      3.534  0.2261E+02  0.2445E+03
      3.553  0.2241E+02  0.2449E+03
      3.571  0.2319E+02  0.2453E+03
      3.589  0.2494E+02  0.2458E+03
      3.607  0.4406E+02  0.2464E+03
      3.626  0.4357E+02  0.2472E+03
      3.644  0.1452E+02  0.2478E+03
      3.662  0.5267E+01  0.2480E+03
      3.680  0.6081E+00  0.2480E+03
      3.699  0.0000E+00  0.2480E+03
      3.717  0.0000E+00  0.2480E+03
      3.735  0.0000E+00  0.2480E+03
      3.753  0.0000E+00  0.2480E+03
      3.772  0.0000E+00  0.2480E+03
      3.790  0.0000E+00  0.2480E+03
      3.808  0.0000E+00  0.2480E+03
      3.826  0.0000E+00  0.2480E+03
      3.845  0.0000E+00  0.2480E+03
      3.863  0.0000E+00  0.2480E+03
      3.881  0.0000E+00  0.2480E+03
      3.899  0.0000E+00  0.2480E+03
      3.917  0.0000E+00  0.2480E+03
      3.936  0.0000E+00  0.2480E+03
      3.954  0.0000E+00  0.2480E+03
      3.972  0.0000E+00  0.2480E+03
      3.990  0.0000E+00  0.2480E+03
      4.009  0.0000E+00  0.2480E+03
      4.027  0.0000E+00  0.2480E+03
      4.045  0.0000E+00  0.2480E+03
      4.063  0.0000E+00  0.2480E+03
      4.082  0.0000E+00  0.2480E+03
      4.100  0.0000E+00  0.2480E+03
      4.118  0.0000E+00  0.2480E+03
      4.136  0.0000E+00  0.2480E+03
      4.155  0.0000E+00  0.2480E+03
      4.173  0.0000E+00  0.2480E+03
      4.191  0.0000E+00  0.2480E+03
      4.209  0.0000E+00  0.2480E+03
      4.228  0.0000E+00  0.2480E+03
      4.246  0.0000E+00  0.2480E+03
      4.264  0.0000E+00  0.2480E+03
      4.282  0.0000E+00  0.2480E+03
      4.301  0.0000E+00  0.2480E+03
      4.319  0.0000E+00  0.2480E+03
      4.337  0.0000E+00  0.2480E+03
      4.355  0.0000E+00  0.2480E+03
      4.373  0.0000E+00  0.2480E+03
      4.392  0.0000E+00  0.2480E+03
      4.410  0.0000E+00  0.2480E+03
      4.428  0.0000E+00  0.2480E+03
      4.446  0.0000E+00  0.2480E+03
      4.465  0.0000E+00  0.2480E+03
      4.483  0.0000E+00  0.2480E+03
      4.501  0.0000E+00  0.2480E+03
      4.519  0.0000E+00  0.2480E+03
      4.538  0.0000E+00  0.2480E+03
      4.556  0.0000E+00  0.2480E+03
      4.574  0.0000E+00  0.2480E+03
      4.592  0.0000E+00  0.2480E+03
      4.611  0.0000E+00  0.2480E+03
      4.629  0.0000E+00  0.2480E+03
      4.647  0.0000E+00  0.2480E+03
      4.665  0.0000E+00  0.2480E+03
      4.684  0.0000E+00  0.2480E+03
      4.702  0.0000E+00  0.2480E+03
      4.720  0.0000E+00  0.2480E+03
      4.738  0.0000E+00  0.2480E+03
      4.756  0.0000E+00  0.2480E+03
      4.775  0.0000E+00  0.2480E+03
      4.793  0.0000E+00  0.2480E+03
      4.811  0.0000E+00  0.2480E+03
      4.829  0.0000E+00  0.2480E+03
      4.848  0.0000E+00  0.2480E+03
      4.866  0.0000E+00  0.2480E+03
      4.884  0.0000E+00  0.2480E+03
      4.902  0.0000E+00  0.2480E+03
      4.921  0.0000E+00  0.2480E+03
      4.939  0.0000E+00  0.2480E+03
      4.957  0.0000E+00  0.2480E+03
      4.975  0.0000E+00  0.2480E+03
      4.994  0.0000E+00  0.2480E+03
      5.012  0.0000E+00  0.2480E+03
      5.030  0.0000E+00  0.2480E+03
      5.048  0.0000E+00  0.2480E+03
      5.067  0.0000E+00  0.2480E+03
      5.085  0.0000E+00  0.2480E+03
      5.103  0.0000E+00  0.2480E+03
      5.121  0.0000E+00  0.2480E+03
      5.139  0.0000E+00  0.2480E+03
      5.158  0.0000E+00  0.2480E+03
      5.176  0.0000E+00  0.2480E+03
      5.194  0.0000E+00  0.2480E+03
      5.212  0.0000E+00  0.2480E+03
      5.231  0.0000E+00  0.2480E+03
      5.249  0.0000E+00  0.2480E+03
      5.267  0.0000E+00  0.2480E+03
      5.285  0.0000E+00  0.2480E+03
      5.304  0.0000E+00  0.2480E+03
      5.322  0.0000E+00  0.2480E+03
      5.340  0.0000E+00  0.2480E+03
      5.358  0.0000E+00  0.2480E+03
      5.377  0.0000E+00  0.2480E+03
      5.395  0.0000E+00  0.2480E+03
      5.413  0.0000E+00  0.2480E+03
      5.431  0.0000E+00  0.2480E+03
      5.450  0.0000E+00  0.2480E+03
      5.468  0.0000E+00  0.2480E+03
      5.486  0.0000E+00  0.2480E+03
      5.504  0.0000E+00  0.2480E+03
      5.522  0.0000E+00  0.2480E+03
      5.541  0.0000E+00  0.2480E+03
      5.559  0.0000E+00  0.2480E+03
      5.577  0.0000E+00  0.2480E+03
      5.595  0.0000E+00  0.2480E+03
      5.614  0.0000E+00  0.2480E+03
      5.632  0.0000E+00  0.2480E+03
      5.650  0.0000E+00  0.2480E+03
      5.668  0.0000E+00  0.2480E+03
      5.687  0.0000E+00  0.2480E+03
      5.705  0.0000E+00  0.2480E+03
      5.723  0.0000E+00  0.2480E+03
      5.741  0.0000E+00  0.2480E+03
      5.760  0.0000E+00  0.2480E+03
      5.778  0.0000E+00  0.2480E+03
      5.796  0.0000E+00  0.2480E+03
      5.814  0.0000E+00  0.2480E+03
      5.833  0.0000E+00  0.2480E+03
      5.851  0.0000E+00  0.2480E+03
      5.869  0.0000E+00  0.2480E+03
      5.887  0.0000E+00  0.2480E+03
      5.905  0.0000E+00  0.2480E+03
      5.924  0.0000E+00  0.2480E+03
      5.942  0.0000E+00  0.2480E+03
      5.960  0.0000E+00  0.2480E+03
      5.978  0.0000E+00  0.2480E+03
      5.997  0.0000E+00  0.2480E+03
      6.015  0.0000E+00  0.2480E+03
      6.033  0.0000E+00  0.2480E+03
      6.051  0.0000E+00  0.2480E+03
      6.070  0.0000E+00  0.2480E+03
      6.088  0.0000E+00  0.2480E+03
      6.106  0.0000E+00  0.2480E+03
      6.124  0.0000E+00  0.2480E+03
      6.143  0.0000E+00  0.2480E+03
      6.161  0.0000E+00  0.2480E+03
      6.179  0.0000E+00  0.2480E+03
      6.197  0.0000E+00  0.2480E+03
      6.216  0.0000E+00  0.2480E+03
      6.234  0.0000E+00  0.2480E+03
      6.252  0.1278E-01  0.2480E+03
      6.270  0.1787E+00  0.2480E+03
      6.288  0.5363E+00  0.2480E+03
      6.307  0.1086E+01  0.2480E+03
      6.325  0.1827E+01  0.2480E+03
      6.343  0.2760E+01  0.2481E+03
      6.361  0.3885E+01  0.2482E+03
      6.380  0.5201E+01  0.2482E+03
      6.398  0.6741E+01  0.2483E+03
      6.416  0.8624E+01  0.2485E+03
      6.434  0.1086E+02  0.2487E+03
      6.453  0.1346E+02  0.2489E+03
      6.471  0.1641E+02  0.2492E+03
      6.489  0.4323E+02  0.2497E+03
      6.507  0.0000E+00  0.2500E+03
      6.526  0.0000E+00  0.2500E+03
      6.544  0.0000E+00  0.2500E+03
      6.562  0.0000E+00  0.2500E+03
      6.580  0.0000E+00  0.2500E+03
      6.599  0.0000E+00  0.2500E+03
      6.617  0.0000E+00  0.2500E+03
      6.635  0.0000E+00  0.2500E+03
      6.653  0.0000E+00  0.2500E+03
      6.671  0.0000E+00  0.2500E+03
      6.690  0.0000E+00  0.2500E+03
      6.708  0.0000E+00  0.2500E+03
      6.726  0.0000E+00  0.2500E+03
      6.744  0.0000E+00  0.2500E+03
      6.763  0.0000E+00  0.2500E+03
      6.781  0.0000E+00  0.2500E+03
      6.799  0.0000E+00  0.2500E+03
      6.817  0.0000E+00  0.2500E+03
      6.836  0.0000E+00  0.2500E+03
      6.854  0.0000E+00  0.2500E+03
      6.872  0.0000E+00  0.2500E+03
      6.890  0.0000E+00  0.2500E+03
      6.909  0.0000E+00  0.2500E+03
      6.927  0.0000E+00  0.2500E+03
      6.945  0.0000E+00  0.2500E+03
      6.963  0.0000E+00  0.2500E+03
      6.982  0.0000E+00  0.2500E+03
      7.000  0.0000E+00  0.2500E+03
      7.018  0.0000E+00  0.2500E+03
      7.036  0.0000E+00  0.2500E+03
      7.054  0.0000E+00  0.2500E+03
      7.073  0.0000E+00  0.2500E+03
      7.091  0.0000E+00  0.2500E+03
      7.109  0.0000E+00  0.2500E+03
      7.127  0.0000E+00  0.2500E+03
      7.146  0.0000E+00  0.2500E+03
      7.164  0.0000E+00  0.2500E+03
      7.182  0.0000E+00  0.2500E+03
      7.200  0.0000E+00  0.2500E+03
      7.219  0.0000E+00  0.2500E+03
      7.237  0.0000E+00  0.2500E+03
      7.255  0.0000E+00  0.2500E+03
      7.273  0.0000E+00  0.2500E+03
      7.292  0.0000E+00  0.2500E+03
      7.310  0.0000E+00  0.2500E+03
      7.328  0.0000E+00  0.2500E+03
      7.346  0.0000E+00  0.2500E+03
      7.365  0.0000E+00  0.2500E+03
      7.383  0.0000E+00  0.2500E+03
      7.401  0.0000E+00  0.2500E+03
      7.419  0.0000E+00  0.2500E+03
      7.437  0.0000E+00  0.2500E+03
      7.456  0.0000E+00  0.2500E+03
      7.474  0.0000E+00  0.2500E+03
      7.492  0.0000E+00  0.2500E+03
      7.510  0.0000E+00  0.2500E+03
      7.529  0.0000E+00  0.2500E+03
      7.547  0.0000E+00  0.2500E+03
      7.565  0.0000E+00  0.2500E+03
      7.583  0.0000E+00  0.2500E+03
      7.602  0.0000E+00  0.2500E+03
      7.620  0.0000E+00  0.2500E+03
      7.638  0.0000E+00  0.2500E+03
      7.656  0.0000E+00  0.2500E+03
      7.675  0.0000E+00  0.2500E+03
      7.693  0.0000E+00  0.2500E+03
      7.711  0.0000E+00  0.2500E+03
      7.729  0.0000E+00  0.2500E+03
      7.748  0.0000E+00  0.2500E+03
      7.766  0.0000E+00  0.2500E+03
      7.784  0.0000E+00  0.2500E+03
      7.802  0.0000E+00  0.2500E+03
      7.820  0.0000E+00  0.2500E+03
      7.839  0.0000E+00  0.2500E+03
      7.857  0.0000E+00  0.2500E+03
      7.875  0.0000E+00  0.2500E+03
      7.893  0.0000E+00  0.2500E+03
      7.912  0.0000E+00  0.2500E+03
      7.930  0.0000E+00  0.2500E+03
      7.948  0.0000E+00  0.2500E+03
      7.966  0.0000E+00  0.2500E+03
      7.985  0.0000E+00  0.2500E+03
      8.003  0.0000E+00  0.2500E+03
      8.021  0.0000E+00  0.2500E+03
      8.039  0.0000E+00  0.2500E+03
      8.058  0.0000E+00  0.2500E+03
      8.076  0.0000E+00  0.2500E+03
      8.094  0.0000E+00  0.2500E+03
      8.112  0.0000E+00  0.2500E+03
      8.131  0.0000E+00  0.2500E+03
      8.149  0.0000E+00  0.2500E+03
      8.167  0.0000E+00  0.2500E+03
      8.185  0.0000E+00  0.2500E+03
      8.203  0.0000E+00  0.2500E+03
      8.222  0.0000E+00  0.2500E+03
      8.240  0.0000E+00  0.2500E+03
      8.258  0.0000E+00  0.2500E+03
      8.276  0.0000E+00  0.2500E+03
      8.295  0.0000E+00  0.2500E+03
      8.313  0.0000E+00  0.2500E+03
      8.331  0.0000E+00  0.2500E+03
      8.349  0.0000E+00  0.2500E+03
      8.368  0.0000E+00  0.2500E+03
      8.386  0.0000E+00  0.2500E+03
      8.404  0.0000E+00  0.2500E+03
      8.422  0.0000E+00  0.2500E+03
      8.441  0.0000E+00  0.2500E+03
      8.459  0.0000E+00  0.2500E+03
      8.477  0.0000E+00  0.2500E+03
      8.495  0.0000E+00  0.2500E+03
      8.514  0.0000E+00  0.2500E+03
      8.532  0.0000E+00  0.2500E+03
      8.550  0.0000E+00  0.2500E+03
      8.568  0.0000E+00  0.2500E+03
      8.586  0.0000E+00  0.2500E+03
      8.605  0.0000E+00  0.2500E+03
      8.623  0.0000E+00  0.2500E+03
      8.641  0.0000E+00  0.2500E+03
      8.659  0.0000E+00  0.2500E+03
      8.678  0.0000E+00  0.2500E+03
      8.696  0.0000E+00  0.2500E+03
      8.714  0.0000E+00  0.2500E+03
      8.732  0.0000E+00  0.2500E+03
      8.751  0.0000E+00  0.2500E+03
      8.769  0.0000E+00  0.2500E+03
      8.787  0.0000E+00  0.2500E+03
      8.805  0.0000E+00  0.2500E+03
      8.824  0.0000E+00  0.2500E+03
      8.842  0.0000E+00  0.2500E+03
      8.860  0.0000E+00  0.2500E+03
      8.878  0.0000E+00  0.2500E+03
      8.897  0.0000E+00  0.2500E+03
      8.915  0.0000E+00  0.2500E+03
      8.933  0.0000E+00  0.2500E+03
      8.951  0.0000E+00  0.2500E+03
      8.969  0.0000E+00  0.2500E+03
      8.988  0.0000E+00  0.2500E+03
      9.006  0.0000E+00  0.2500E+03
      9.024  0.0000E+00  0.2500E+03
      9.042  0.0000E+00  0.2500E+03
      9.061  0.0000E+00  0.2500E+03
      9.079  0.0000E+00  0.2500E+03
      9.097  0.0000E+00  0.2500E+03
      9.115  0.0000E+00  0.2500E+03
      9.134  0.0000E+00  0.2500E+03
      9.152  0.0000E+00  0.2500E+03
      9.170  0.0000E+00  0.2500E+03
      9.188  0.0000E+00  0.2500E+03
      9.207  0.0000E+00  0.2500E+03
      9.225  0.0000E+00  0.2500E+03
      9.243  0.0000E+00  0.2500E+03
      9.261  0.0000E+00  0.2500E+03
      9.280  0.0000E+00  0.2500E+03
      9.298  0.0000E+00  0.2500E+03
      9.316  0.0000E+00  0.2500E+03
      9.334  0.0000E+00  0.2500E+03
      9.352  0.0000E+00  0.2500E+03
      9.371  0.0000E+00  0.2500E+03
      9.389  0.0000E+00  0.2500E+03
      9.407  0.0000E+00  0.2500E+03
      9.425  0.0000E+00  0.2500E+03
      9.444  0.0000E+00  0.2500E+03
      9.462  0.0000E+00  0.2500E+03
      9.480  0.0000E+00  0.2500E+03
      9.498  0.0000E+00  0.2500E+03
      9.517  0.0000E+00  0.2500E+03
      9.535  0.0000E+00  0.2500E+03
      9.553  0.0000E+00  0.2500E+03
      9.571  0.0000E+00  0.2500E+03
      9.590  0.0000E+00  0.2500E+03
      9.608  0.0000E+00  0.2500E+03
      9.626  0.0000E+00  0.2500E+03
      9.644  0.0000E+00  0.2500E+03
      9.663  0.0000E+00  0.2500E+03
      9.681  0.0000E+00  0.2500E+03
      9.699  0.0000E+00  0.2500E+03
      9.717  0.0000E+00  0.2500E+03
      9.735  0.0000E+00  0.2500E+03
      9.754  0.1343E+01  0.2500E+03
      9.772  0.4683E+01  0.2501E+03
      9.790  0.7453E+01  0.2502E+03
      9.808  0.9656E+01  0.2503E+03
      9.827  0.1129E+02  0.2505E+03
      9.845  0.1236E+02  0.2507E+03
      9.863  0.1285E+02  0.2510E+03
      9.881  0.1278E+02  0.2512E+03
      9.900  0.1382E+02  0.2514E+03
      9.918  0.1718E+02  0.2517E+03
      9.936  0.1916E+02  0.2521E+03
      9.954  0.1975E+02  0.2524E+03
      9.973  0.4080E+02  0.2529E+03
      9.991  0.4231E+02  0.2537E+03
     10.009  0.4005E+02  0.2544E+03
     10.027  0.3400E+02  0.2551E+03
     10.046  0.2202E+02  0.2556E+03
     10.064  0.8759E+01  0.2559E+03
     10.082  0.1516E+01  0.2560E+03
     10.100  0.0000E+00  0.2560E+03
     10.118  0.0000E+00  0.2560E+03
     10.137  0.0000E+00  0.2560E+03
     10.155  0.0000E+00  0.2560E+03
     10.173  0.0000E+00  0.2560E+03
     10.191  0.0000E+00  0.2560E+03
     10.210  0.0000E+00  0.2560E+03
     10.228  0.0000E+00  0.2560E+03
     10.246  0.0000E+00  0.2560E+03
     10.264  0.0000E+00  0.2560E+03
     10.283  0.0000E+00  0.2560E+03
     10.301  0.0000E+00  0.2560E+03
     10.319  0.0000E+00  0.2560E+03
     10.337  0.0000E+00  0.2560E+03
     10.356  0.0000E+00  0.2560E+03
     10.374  0.0000E+00  0.2560E+03
     10.392  0.0000E+00  0.2560E+03
     10.410  0.0000E+00  0.2560E+03
     10.429  0.0000E+00  0.2560E+03
     10.447  0.0000E+00  0.2560E+03
     10.465  0.0000E+00  0.2560E+03
     10.483  0.0000E+00  0.2560E+03
     10.501  0.0000E+00  0.2560E+03
     10.520  0.0000E+00  0.2560E+03
     10.538  0.0000E+00  0.2560E+03
     10.556  0.0000E+00  0.2560E+03
     10.574  0.0000E+00  0.2560E+03
     10.593  0.0000E+00  0.2560E+03
     10.611  0.0000E+00  0.2560E+03
     10.629  0.0000E+00  0.2560E+03
     10.647  0.0000E+00  0.2560E+03
     10.666  0.0000E+00  0.2560E+03
     10.684  0.0000E+00  0.2560E+03
     10.702  0.0000E+00  0.2560E+03
     10.720  0.0000E+00  0.2560E+03
     10.739  0.0000E+00  0.2560E+03
     10.757  0.0000E+00  0.2560E+03
     10.775  0.7031E-06  0.2560E+03
     10.793  0.3345E-03  0.2560E+03
     10.812  0.1277E-02  0.2560E+03
     10.830  0.2829E-02  0.2560E+03
     10.848  0.4990E-02  0.2560E+03
     10.866  0.7760E-02  0.2560E+03
     10.884  0.1114E-01  0.2560E+03
     10.903  0.1513E-01  0.2560E+03
     10.921  0.1973E-01  0.2560E+03
     10.939  0.2493E-01  0.2560E+03
     10.957  0.3075E-01  0.2560E+03
     10.976  0.3717E-01  0.2560E+03
     10.994  0.4420E-01  0.2560E+03
     11.012  0.5185E-01  0.2560E+03
     11.030  0.6010E-01  0.2560E+03
     11.049  0.6896E-01  0.2560E+03
     11.067  0.7843E-01  0.2560E+03
     11.085  0.8851E-01  0.2560E+03
     11.103  0.9920E-01  0.2560E+03
     11.122  0.1105E+00  0.2560E+03
     11.140  0.1224E+00  0.2560E+03
     11.158  0.1349E+00  0.2560E+03
     11.176  0.1480E+00  0.2560E+03
     11.195  0.1618E+00  0.2560E+03
     11.213  0.1761E+00  0.2560E+03
     11.231  0.1911E+00  0.2560E+03
     11.249  0.2066E+00  0.2560E+03
     11.267  0.2228E+00  0.2560E+03
     11.286  0.2396E+00  0.2560E+03
     11.304  0.2570E+00  0.2560E+03
     11.322  0.2750E+00  0.2561E+03
     11.340  0.2936E+00  0.2561E+03
     11.359  0.3128E+00  0.2561E+03
     11.377  0.3326E+00  0.2561E+03
     11.395  0.3530E+00  0.2561E+03
     11.413  0.3741E+00  0.2561E+03
     11.432  0.3957E+00  0.2561E+03
     11.450  0.4180E+00  0.2561E+03
     11.468  0.4409E+00  0.2561E+03
     11.486  0.4643E+00  0.2561E+03
     11.505  0.4884E+00  0.2561E+03
     11.523  0.5131E+00  0.2561E+03
     11.541  0.5384E+00  0.2561E+03
     11.559  0.5643E+00  0.2561E+03
     11.578  0.5909E+00  0.2562E+03
     11.596  0.6180E+00  0.2562E+03
     11.614  0.6457E+00  0.2562E+03
     11.632  0.6741E+00  0.2562E+03
     11.650  0.7031E+00  0.2562E+03
     11.669  0.7326E+00  0.2562E+03
     11.687  0.7628E+00  0.2562E+03
     11.705  0.7936E+00  0.2562E+03
     11.723  0.8250E+00  0.2563E+03
     11.742  0.8570E+00  0.2563E+03
     11.760  0.8896E+00  0.2563E+03
     11.778  0.9228E+00  0.2563E+03
     11.796  0.9567E+00  0.2563E+03
     11.815  0.9911E+00  0.2563E+03
     11.833  0.1026E+01  0.2564E+03
     11.851  0.1062E+01  0.2564E+03
     11.869  0.1098E+01  0.2564E+03
     11.888  0.1135E+01  0.2564E+03
     11.906  0.1172E+01  0.2564E+03
     11.924  0.1211E+01  0.2565E+03
     11.942  0.1249E+01  0.2565E+03
     11.961  0.1289E+01  0.2565E+03
     11.979  0.1338E+01  0.2565E+03
     11.997  0.1439E+01  0.2566E+03
     12.015  0.1548E+01  0.2566E+03
     12.033  0.1651E+01  0.2566E+03
     12.052  0.1748E+01  0.2566E+03
     12.070  0.1839E+01  0.2567E+03
     12.088  0.1924E+01  0.2567E+03
     12.106  0.2004E+01  0.2567E+03
     12.125  0.2078E+01  0.2568E+03
     12.143  0.2146E+01  0.2568E+03
     12.161  0.2212E+01  0.2569E+03
     12.179  0.2357E+01  0.2569E+03
     12.198  0.2625E+01  0.2570E+03
     12.216  0.2933E+01  0.2570E+03
     12.234  0.3226E+01  0.2571E+03
     12.252  0.3505E+01  0.2571E+03
     12.271  0.3770E+01  0.2572E+03
     12.289  0.4020E+01  0.2573E+03
     12.307  0.4257E+01  0.2573E+03
     12.325  0.4480E+01  0.2574E+03
     12.344  0.4689E+01  0.2575E+03
     12.362  0.4884E+01  0.2576E+03
     12.380  0.5064E+01  0.2577E+03
     12.398  0.5231E+01  0.2578E+03
     12.416  0.5384E+01  0.2579E+03
     12.435  0.5522E+01  0.2580E+03
     12.453  0.5647E+01  0.2581E+03
     12.471  0.5757E+01  0.2582E+03
     12.489  0.5853E+01  0.2583E+03
     12.508  0.5936E+01  0.2584E+03
     12.526  0.6004E+01  0.2585E+03
     12.544  0.6058E+01  0.2586E+03
     12.562  0.6098E+01  0.2587E+03
     12.581  0.6058E+01  0.2588E+03
     12.599  0.5842E+01  0.2589E+03
     12.617  0.5611E+01  0.2590E+03
     12.635  0.5404E+01  0.2591E+03
     12.654  0.5220E+01  0.2592E+03
     12.672  0.5061E+01  0.2593E+03
     12.690  0.4925E+01  0.2594E+03
     12.708  0.4813E+01  0.2595E+03
     12.727  0.4725E+01  0.2596E+03
     12.745  0.4654E+01  0.2597E+03
     12.763  0.4122E+01  0.2598E+03
     12.781  0.3438E+01  0.2598E+03
     12.799  0.2604E+01  0.2599E+03
     12.818  0.1688E+01  0.2599E+03
     12.836  0.1262E+01  0.2600E+03
     12.854  0.1091E+01  0.2600E+03
     12.872  0.1415E+01  0.2600E+03
     12.891  0.2237E+01  0.2600E+03
     12.909  0.3556E+01  0.2601E+03
     12.927  0.5236E+01  0.2602E+03
     12.945  0.6507E+01  0.2603E+03
     12.964  0.6947E+01  0.2604E+03
     12.982  0.7998E+01  0.2605E+03
     13.000  0.1015E+02  0.2607E+03
     13.018  0.1284E+02  0.2609E+03
     13.037  0.1561E+02  0.2612E+03
     13.055  0.1561E+02  0.2614E+03
     13.073  0.1522E+02  0.2617E+03
     13.091  0.1478E+02  0.2620E+03
     13.110  0.1429E+02  0.2623E+03
     13.128  0.1378E+02  0.2625E+03
     13.146  0.1324E+02  0.2628E+03
     13.164  0.1268E+02  0.2630E+03
     13.182  0.1209E+02  0.2632E+03
     13.201  0.1149E+02  0.2634E+03
     13.219  0.1086E+02  0.2636E+03
     13.237  0.1021E+02  0.2638E+03
     13.255  0.9534E+01  0.2640E+03
     13.274  0.8839E+01  0.2642E+03
     13.292  0.8564E+01  0.2643E+03
     13.310  0.8818E+01  0.2645E+03
     13.328  0.9119E+01  0.2647E+03
     13.347  0.1028E+02  0.2648E+03
     13.365  0.1758E+02  0.2651E+03
     13.383  0.3757E+02  0.2655E+03
     13.401  0.1856E+02  0.2661E+03
     13.420  0.1098E+02  0.2663E+03
     13.438  0.7473E+01  0.2665E+03
     13.456  0.6078E+01  0.2666E+03
     13.474  0.6571E+01  0.2667E+03
     13.493  0.7400E+01  0.2669E+03
     13.511  0.8196E+01  0.2670E+03
     13.529  0.8959E+01  0.2672E+03
     13.547  0.9689E+01  0.2673E+03
     13.565  0.1001E+02  0.2675E+03
     13.584  0.9625E+01  0.2677E+03
     13.602  0.8526E+01  0.2679E+03
     13.620  0.6731E+01  0.2680E+03
     13.638  0.5045E+01  0.2681E+03
     13.657  0.3923E+01  0.2682E+03
     13.675  0.3234E+01  0.2683E+03
     13.693  0.2835E+01  0.2683E+03
     13.711  0.2726E+01  0.2684E+03
     13.730  0.2896E+01  0.2684E+03
     13.748  0.3146E+01  0.2685E+03
     13.766  0.3397E+01  0.2685E+03
     13.784  0.3644E+01  0.2686E+03
     13.803  0.3864E+01  0.2687E+03
     13.821  0.4050E+01  0.2687E+03
     13.839  0.4201E+01  0.2688E+03
     13.857  0.4319E+01  0.2689E+03
     13.876  0.4402E+01  0.2690E+03
     13.894  0.4451E+01  0.2690E+03
     13.912  0.4466E+01  0.2691E+03
     13.930  0.4446E+01  0.2692E+03
     13.949  0.4392E+01  0.2693E+03
     13.967  0.4305E+01  0.2694E+03
     13.985  0.4183E+01  0.2694E+03
     14.003  0.4026E+01  0.2695E+03
     14.021  0.3836E+01  0.2696E+03
     14.040  0.3611E+01  0.2697E+03
     14.058  0.3352E+01  0.2697E+03
     14.076  0.3059E+01  0.2698E+03
     14.094  0.2732E+01  0.2698E+03
     14.113  0.2385E+01  0.2699E+03
     14.131  0.5056E+01  0.2699E+03
     14.149  0.1159E+02  0.2701E+03
     14.167  0.1613E+02  0.2704E+03
     14.186  0.1617E+02  0.2707E+03
     14.204  0.1785E+02  0.2709E+03
     14.222  0.2698E+02  0.2713E+03
     14.240  0.3515E+02  0.2719E+03
     14.259  0.3192E+02  0.2725E+03
     14.277  0.2804E+02  0.2731E+03
     14.295  0.2311E+02  0.2736E+03
     14.313  0.1878E+02  0.2739E+03
     14.332  0.1491E+02  0.2742E+03
     14.350  0.1257E+02  0.2745E+03
     14.368  0.1342E+02  0.2747E+03
     14.386  0.1601E+02  0.2750E+03
     14.404  0.2026E+02  0.2753E+03
     14.423  0.2375E+02  0.2757E+03
     14.441  0.9762E+01  0.2760E+03
     14.459  0.5136E+01  0.2761E+03
     14.477  0.3998E+01  0.2762E+03
     14.496  0.5023E+01  0.2763E+03
     14.514  0.6654E+01  0.2764E+03
     14.532  0.1011E+02  0.2765E+03
     14.550  0.1296E+02  0.2767E+03
     14.569  0.1471E+02  0.2770E+03
     14.587  0.1671E+02  0.2773E+03
     14.605  0.1912E+02  0.2776E+03
     14.623  0.1823E+02  0.2780E+03
     14.642  0.1528E+02  0.2783E+03
     14.660  0.1345E+02  0.2785E+03
     14.678  0.1222E+02  0.2788E+03
     14.696  0.1386E+02  0.2790E+03
     14.715  0.2084E+02  0.2793E+03
     14.733  0.2392E+02  0.2797E+03
     14.751  0.2253E+02  0.2802E+03
     14.769  0.2049E+02  0.2805E+03
     14.787  0.1813E+02  0.2809E+03
     14.806  0.1610E+02  0.2812E+03
     14.824  0.1581E+02  0.2815E+03
     14.842  0.1876E+02  0.2818E+03
     14.860  0.2092E+02  0.2822E+03
     14.879  0.2201E+02  0.2826E+03
     14.897  0.2210E+02  0.2830E+03
     14.915  0.2179E+02  0.2834E+03
     14.933  0.2106E+02  0.2838E+03
     14.952  0.1904E+02  0.2841E+03
     14.970  0.1535E+02  0.2844E+03
     14.988  0.1410E+02  0.2847E+03
     15.006  0.1872E+02  0.2850E+03
     15.025  0.2491E+02  0.2854E+03
     15.043  0.2182E+02  0.2858E+03
     15.061  0.2502E+02  0.2862E+03
     15.079  0.2632E+02  0.2867E+03
     15.098  0.2235E+02  0.2872E+03
     15.116  0.1613E+02  0.2875E+03
     15.134  0.1709E+02  0.2878E+03
     15.152  0.1831E+02  0.2881E+03
     15.170  0.1981E+02  0.2885E+03
     15.189  0.2160E+02  0.2889E+03
     15.207  0.2339E+02  0.2893E+03
     15.225  0.2410E+02  0.2897E+03
     15.243  0.2015E+02  0.2901E+03
     15.262  0.1946E+02  0.2905E+03
     15.280  0.2124E+02  0.2908E+03
     15.298  0.2293E+02  0.2912E+03
     15.316  0.2443E+02  0.2917E+03
     15.335  0.2174E+02  0.2921E+03
     15.353  0.1589E+02  0.2924E+03
     15.371  0.1675E+02  0.2927E+03
     15.389  0.1784E+02  0.2930E+03
     15.408  0.1854E+02  0.2934E+03
     15.426  0.1871E+02  0.2937E+03
     15.444  0.1815E+02  0.2941E+03
     15.462  0.1679E+02  0.2944E+03
     15.481  0.1552E+02  0.2947E+03
     15.499  0.1435E+02  0.2949E+03
     15.517  0.1330E+02  0.2952E+03
     15.535  0.1104E+02  0.2954E+03
     15.553  0.6987E+01  0.2956E+03
     15.572  0.4408E+01  0.2957E+03
     15.590  0.5020E+01  0.2958E+03
     15.608  0.7549E+01  0.2959E+03
     15.626  0.1127E+02  0.2960E+03
     15.645  0.1613E+02  0.2963E+03
     15.663  0.2274E+02  0.2966E+03
     15.681  0.2619E+02  0.2971E+03
     15.699  0.1188E+02  0.2975E+03
     15.718  0.7636E+01  0.2976E+03
     15.736  0.5727E+01  0.2978E+03
     15.754  0.4110E+01  0.2979E+03
     15.772  0.4733E+01  0.2979E+03
     15.791  0.1393E+02  0.2981E+03
     15.809  0.2749E+02  0.2985E+03
     15.827  0.2028E+02  0.2989E+03
     15.845  0.1546E+02  0.2993E+03
     15.864  0.1165E+02  0.2995E+03
     15.882  0.9714E+01  0.2997E+03
     15.900  0.9506E+01  0.2999E+03
     15.918  0.9542E+01  0.3000E+03
     15.936  0.9696E+01  0.3002E+03
     15.955  0.9913E+01  0.3004E+03
     15.973  0.1019E+02  0.3006E+03
     15.991  0.1062E+02  0.3008E+03
     16.009  0.1221E+02  0.3010E+03
     16.028  0.1458E+02  0.3012E+03
     16.046  0.1652E+02  0.3015E+03
     16.064  0.1798E+02  0.3018E+03
     16.082  0.1870E+02  0.3022E+03
     16.101  0.1502E+02  0.3025E+03
     16.119  0.1348E+02  0.3027E+03
     16.137  0.1474E+02  0.3030E+03
     16.155  0.1848E+02  0.3033E+03
     16.174  0.2179E+02  0.3036E+03
     16.192  0.2083E+02  0.3040E+03
     16.210  0.1957E+02  0.3044E+03
     16.228  0.1922E+02  0.3048E+03
     16.247  0.1998E+02  0.3051E+03
     16.265  0.2082E+02  0.3055E+03
     16.283  0.2103E+02  0.3059E+03
     16.301  0.1920E+02  0.3062E+03
     16.319  0.1694E+02  0.3066E+03
     16.338  0.1436E+02  0.3069E+03
     16.356  0.1272E+02  0.3071E+03
     16.374  0.1324E+02  0.3073E+03
     16.392  0.1386E+02  0.3076E+03
     16.411  0.1412E+02  0.3078E+03
     16.429  0.1409E+02  0.3081E+03
     16.447  0.1369E+02  0.3083E+03
     16.465  0.1320E+02  0.3086E+03
     16.484  0.1262E+02  0.3088E+03
     16.502  0.1196E+02  0.3091E+03
     16.520  0.1120E+02  0.3093E+03
     16.538  0.1019E+02  0.3095E+03
     16.557  0.9859E+01  0.3096E+03
     16.575  0.1108E+02  0.3098E+03
     16.593  0.1356E+02  0.3101E+03
     16.611  0.1467E+02  0.3103E+03
     16.630  0.1606E+02  0.3106E+03
     16.648  0.1829E+02  0.3109E+03
     16.666  0.2082E+02  0.3113E+03
     16.684  0.1951E+02  0.3116E+03
     16.702  0.1092E+02  0.3119E+03
     16.721  0.0000E+00  0.3120E+03
     16.739  0.0000E+00  0.3120E+03
     16.757  0.5691E+01  0.3120E+03
     16.775  0.2215E+02  0.3123E+03
     16.794  0.3397E+02  0.3128E+03
     16.812  0.2298E+02  0.3134E+03
     16.830  0.1576E+02  0.3137E+03
     16.848  0.7823E+01  0.3139E+03
     16.867  0.7305E+00  0.3140E+03
     16.885  0.0000E+00  0.3140E+03
     16.903  0.1838E+01  0.3140E+03
     16.921  0.7094E+01  0.3141E+03
     16.940  0.1165E+02  0.3143E+03
     16.958  0.1539E+02  0.3145E+03
     16.976  0.1810E+02  0.3148E+03
     16.994  0.1980E+02  0.3152E+03
     17.013  0.1656E+02  0.3155E+03
     17.031  0.1026E+02  0.3157E+03
     17.049  0.6937E+01  0.3159E+03
     17.067  0.6063E+01  0.3160E+03
     17.085  0.8454E+01  0.3161E+03
     17.104  0.1092E+02  0.3163E+03
     17.122  0.1072E+02  0.3165E+03
     17.140  0.1071E+02  0.3167E+03
     17.158  0.1087E+02  0.3169E+03
     17.177  0.1121E+02  0.3171E+03
     17.195  0.1172E+02  0.3173E+03
     17.213  0.1215E+02  0.3175E+03
     17.231  0.1173E+02  0.3178E+03
     17.250  0.1041E+02  0.3180E+03
     17.268  0.8830E+01  0.3181E+03
     17.286  0.7544E+01  0.3183E+03
     17.304  0.6905E+01  0.3184E+03
     17.323  0.7098E+01  0.3185E+03
     17.341  0.8063E+01  0.3187E+03
     17.359  0.9247E+01  0.3188E+03
     17.377  0.9677E+01  0.3190E+03
     17.396  0.9063E+01  0.3192E+03
     17.414  0.8915E+01  0.3194E+03
     17.432  0.8276E+01  0.3195E+03
     17.450  0.7575E+01  0.3197E+03
     17.468  0.6869E+01  0.3198E+03
     17.487  0.6158E+01  0.3199E+03
     17.505  0.5443E+01  0.3200E+03
     17.523  0.4723E+01  0.3201E+03
     17.541  0.4033E+01  0.3202E+03
     17.560  0.3590E+01  0.3203E+03
     17.578  0.3436E+01  0.3203E+03
     17.596  0.3643E+01  0.3204E+03
     17.614  0.4429E+01  0.3205E+03
     17.633  0.5617E+01  0.3205E+03
     17.651  0.6860E+01  0.3207E+03
     17.669  0.7848E+01  0.3208E+03
     17.687  0.8580E+01  0.3209E+03
     17.706  0.9058E+01  0.3211E+03
     17.724  0.9280E+01  0.3213E+03
     17.742  0.9356E+01  0.3214E+03
     17.760  0.1146E+02  0.3216E+03
     17.779  0.1112E+02  0.3219E+03
     17.797  0.3314E+01  0.3220E+03
     17.815  0.4772E-01  0.3220E+03
     17.833  0.0000E+00  0.3220E+03
     17.851  0.0000E+00  0.3220E+03
     17.870  0.0000E+00  0.3220E+03
     17.888  0.0000E+00  0.3220E+03
     17.906  0.0000E+00  0.3220E+03
     17.924  0.0000E+00  0.3220E+03
     17.943  0.0000E+00  0.3220E+03
     17.961  0.0000E+00  0.3220E+03
     17.979  0.0000E+00  0.3220E+03
     17.997  0.0000E+00  0.3220E+03
     18.016  0.0000E+00  0.3220E+03
     18.034  0.0000E+00  0.3220E+03
     18.052  0.0000E+00  0.3220E+03
     18.070  0.0000E+00  0.3220E+03
     18.089  0.0000E+00  0.3220E+03
     18.107  0.0000E+00  0.3220E+03
     18.125  0.0000E+00  0.3220E+03
     18.143  0.0000E+00  0.3220E+03
     18.162  0.0000E+00  0.3220E+03
     18.180  0.0000E+00  0.3220E+03
     18.198  0.0000E+00  0.3220E+03
     18.216  0.0000E+00  0.3220E+03
     18.234  0.0000E+00  0.3220E+03
     18.253  0.0000E+00  0.3220E+03
     18.271  0.0000E+00  0.3220E+03
     18.289  0.0000E+00  0.3220E+03
     18.307  0.0000E+00  0.3220E+03
     18.326  0.0000E+00  0.3220E+03
     18.344  0.0000E+00  0.3220E+03
     18.362  0.0000E+00  0.3220E+03
     18.380  0.0000E+00  0.3220E+03
     18.399  0.0000E+00  0.3220E+03
     18.417  0.0000E+00  0.3220E+03
     18.435  0.0000E+00  0.3220E+03
     18.453  0.0000E+00  0.3220E+03
     18.472  0.0000E+00  0.3220E+03
     18.490  0.0000E+00  0.3220E+03
     18.508  0.0000E+00  0.3220E+03
     18.526  0.0000E+00  0.3220E+03
     18.545  0.0000E+00  0.3220E+03
     18.563  0.0000E+00  0.3220E+03
     18.581  0.0000E+00  0.3220E+03
     18.599  0.0000E+00  0.3220E+03
     18.617  0.0000E+00  0.3220E+03
     18.636  0.0000E+00  0.3220E+03
     18.654  0.0000E+00  0.3220E+03
     18.672  0.0000E+00  0.3220E+03
     18.690  0.0000E+00  0.3220E+03
     18.709  0.0000E+00  0.3220E+03
     18.727  0.0000E+00  0.3220E+03
     18.745  0.0000E+00  0.3220E+03
     18.763  0.0000E+00  0.3220E+03
     18.782  0.0000E+00  0.3220E+03
     18.800  0.0000E+00  0.3220E+03
     18.818  0.0000E+00  0.3220E+03
     18.836  0.0000E+00  0.3220E+03
     18.855  0.0000E+00  0.3220E+03
     18.873  0.0000E+00  0.3220E+03
     18.891  0.0000E+00  0.3220E+03
     18.909  0.0000E+00  0.3220E+03
     18.928  0.0000E+00  0.3220E+03
     18.946  0.0000E+00  0.3220E+03
     18.964  0.0000E+00  0.3220E+03
     18.982  0.0000E+00  0.3220E+03
     19.000  0.0000E+00  0.3220E+03
     19.019  0.0000E+00  0.3220E+03
     19.037  0.0000E+00  0.3220E+03
     19.055  0.0000E+00  0.3220E+03
     19.073  0.0000E+00  0.3220E+03
     19.092  0.0000E+00  0.3220E+03
     19.110  0.0000E+00  0.3220E+03
     19.128  0.0000E+00  0.3220E+03
     19.146  0.0000E+00  0.3220E+03
     19.165  0.0000E+00  0.3220E+03
     19.183  0.0000E+00  0.3220E+03
     19.201  0.0000E+00  0.3220E+03
     19.219  0.0000E+00  0.3220E+03
     19.238  0.0000E+00  0.3220E+03
     19.256  0.0000E+00  0.3220E+03
     19.274  0.0000E+00  0.3220E+03
     19.292  0.0000E+00  0.3220E+03
     19.311  0.0000E+00  0.3220E+03
     19.329  0.0000E+00  0.3220E+03
     19.347  0.0000E+00  0.3220E+03
     19.365  0.0000E+00  0.3220E+03
     19.383  0.0000E+00  0.3220E+03
     19.402  0.0000E+00  0.3220E+03
     19.420  0.0000E+00  0.3220E+03
     19.438  0.0000E+00  0.3220E+03
     19.456  0.0000E+00  0.3220E+03
     19.475  0.0000E+00  0.3220E+03


