 X Y Z
  0.0000000000000000  0.0016135117919223  0.0000000000000000
  0.5000000000000000  0.0021635607401496  0.0000000000000000
  0.0000000000000000  0.4983864882080777  0.0000000000000000
  0.5000000000000000  0.4978364392598504  0.0000000000000000
  0.0000000000000000  0.0021635607401496  0.5000000000000000
  0.5000000000000000  0.0202788228438865  0.5000000000000000
  0.0000000000000000  0.4978364392598504  0.5000000000000000
  0.5000000000000000  0.4797211771561134  0.5000000000000000
  0.0000000000000000  0.2500000000000000  0.2483864882080778
  0.5000000000000000  0.2500000000000000  0.2478364392598504
  0.0000000000000000  0.7500000000000000  0.2478364392598504
  0.5000000000000000  0.7500000000000000  0.2297211771561134
  0.0000000000000000  0.2500000000000000  0.7516135117919224
  0.5000000000000000  0.2500000000000000  0.7521635607401496
  0.0000000000000000  0.7500000000000000  0.7521635607401496
  0.5000000000000000  0.7500000000000000  0.7702788228438865
  0.2502372443519448 -0.0002372443519448  0.2502372443519448
  0.7497627556480549 -0.0002372443519448  0.2502372443519448
  0.2502372443519448  0.5002372443519448  0.2502372443519448
  0.7497627556480549  0.5002372443519448  0.2502372443519448
  0.2502372443519448 -0.0002372443519448  0.7497627556480549
  0.7497627556480549 -0.0002372443519448  0.7497627556480549
  0.2502372443519448  0.5002372443519448  0.7497627556480549
  0.7497627556480549  0.5002372443519448  0.7497627556480549
  0.2483864882080778  0.2500000000000000  0.0000000000000000
  0.7516135117919224  0.2500000000000000  0.0000000000000000
  0.2478364392598504  0.7500000000000000  0.0000000000000000
  0.7521635607401496  0.7500000000000000  0.0000000000000000
  0.2478364392598504  0.2500000000000000  0.5000000000000000
  0.7521635607401496  0.2500000000000000  0.5000000000000000
  0.2297211771561134  0.7500000000000000  0.5000000000000000
  0.7702788228438865  0.7500000000000000  0.5000000000000000
  0.2509792756412221 -0.0009792756412220  0.0000000000000000
  0.7490207243587783 -0.0009792756412220  0.0000000000000000
  0.2509792756412221  0.5009792756412217  0.0000000000000000
  0.7490207243587783  0.5009792756412217  0.0000000000000000
  0.2554948672033272 -0.0054948672033274  0.5000000000000000
  0.7445051327966724 -0.0054948672033274  0.5000000000000000
  0.2554948672033272  0.5054948672033276  0.5000000000000000
  0.7445051327966724  0.5054948672033276  0.5000000000000000
  0.2509792756412221  0.2500000000000000  0.2509792756412221
  0.7490207243587783  0.2500000000000000  0.2509792756412221
  0.2554948672033272  0.7500000000000000  0.2554948672033272
  0.7445051327966724  0.7500000000000000  0.2554948672033272
  0.2509792756412221  0.2500000000000000  0.7490207243587783
  0.7490207243587783  0.2500000000000000  0.7490207243587783
  0.2554948672033272  0.7500000000000000  0.7445051327966724
  0.7445051327966724  0.7500000000000000  0.7445051327966724
  0.0000000000000000 -0.0009792756412220  0.2509792756412221
  0.5000000000000000 -0.0054948672033274  0.2554948672033272
  0.0000000000000000  0.5009792756412217  0.2509792756412221
  0.5000000000000000  0.5054948672033276  0.2554948672033272
  0.0000000000000000 -0.0009792756412220  0.7490207243587783
  0.5000000000000000 -0.0054948672033274  0.7445051327966724
  0.0000000000000000  0.5009792756412217  0.7490207243587783
  0.5000000000000000  0.5054948672033276  0.7445051327966724
  0.0000000000000000  0.2500000000000000  0.0000000000000000
  0.5000000000000000  0.2500000000000000  0.0000000000000000
  0.0000000000000000  0.7500000000000000  0.0000000000000000
  0.5000000000000000  0.7500000000000000  0.0000000000000000
  0.0000000000000000  0.2500000000000000  0.5000000000000000
  0.5000000000000000  0.2500000000000000  0.5000000000000000
  0.0000000000000000  0.7500000000000000  0.5000000000000000

 