 X Y Z
 -0.0000000000000000  0.9999247228329902  0.0000000000000000
  0.5000000000000000  0.0004833319823787  0.0000000000000000
  0.0000000000000000  0.5000752771670102 -0.0000000000000000
  0.5000000000000000  0.4995166680176209 -0.0000000000000000
  0.0000000000000000  0.0004833319823787  0.5000000000000000
  0.5000000000000000  1.0007403693985246  0.5000000000000000
 -0.0000000000000000  0.4995166680176209  0.5000000000000000
  0.5000000000000000  0.4992596306014754  0.5000000000000000
  0.0000000000000000  0.2500000000000000  0.2500752771670099
  0.5000000000000000  0.2500000000000000  0.2495166680176215
  0.0000000000000000  0.7500000000000000  0.2495166680176215
  0.5000000000000000  0.7500000000000000  0.2492596306014754
 -0.0000000000000000  0.2500000000000000  0.7499247228329898
  0.5000000000000000  0.2500000000000000  0.7504833319823795
  0.0000000000000000  0.7500000000000000  0.7504833319823795
  0.5000000000000000  0.7500000000000000  0.7507403693985244
  0.2499871751402239  1.0000128248597775  0.2499871751402239
  0.7500128248597777  1.0000128248597775  0.2499871751402239
  0.2499871751402239  0.4999871751402225  0.2499871751402239
  0.7500128248597777  0.4999871751402225  0.2499871751402239
  0.2499871751402239  1.0000128248597775  0.7500128248597777
  0.7500128248597777  1.0000128248597775  0.7500128248597777
  0.2499871751402239  0.4999871751402225  0.7500128248597777
  0.7500128248597777  0.4999871751402225  0.7500128248597777
  0.2500752771670099  0.2500000000000000 -0.0000000000000000
  0.7499247228329898  0.2500000000000000  0.0000000000000000
  0.2495166680176215  0.7500000000000000 -0.0000000000000000
  0.7504833319823795  0.7500000000000000  0.0000000000000000
  0.2495166680176215  0.2500000000000000  0.5000000000000000
  0.7504833319823795  0.2500000000000000  0.5000000000000000
  0.2492596306014754  0.7500000000000000  0.5000000000000000
  0.7507403693985244  0.7500000000000000  0.5000000000000000
  0.2501141797527797  0.9998858202472202 -0.0000000000000000
  0.7498858202472202  0.9998858202472202 -0.0000000000000000
  0.2501141797527797  0.5001141797527798  0.0000000000000000
  0.7498858202472202  0.5001141797527798  0.0000000000000000
  0.2485643964317612  0.0014356035682386  0.5000000000000000
  0.7514356035682382  0.0014356035682386  0.5000000000000000
  0.2485643964317612  0.4985643964317618  0.5000000000000000
  0.7514356035682382  0.4985643964317618  0.5000000000000000
  0.2501141797527797  0.2500000000000000  0.2501141797527797
  0.7498858202472202  0.2500000000000000  0.2501141797527797
  0.2485643964317612  0.7500000000000000  0.2485643964317612
  0.7514356035682382  0.7500000000000000  0.2485643964317612
  0.2501141797527797  0.2500000000000000  0.7498858202472202
  0.7498858202472202  0.2500000000000000  0.7498858202472202
  0.2485643964317612  0.7500000000000000  0.7514356035682382
  0.7514356035682382  0.7500000000000000  0.7514356035682382
  0.0000000000000000  0.9998858202472202  0.2501141797527797
  0.5000000000000000  0.0014356035682386  0.2485643964317612
 -0.0000000000000000  0.5001141797527798  0.2501141797527797
  0.5000000000000000  0.4985643964317618  0.2485643964317612
 -0.0000000000000000  0.9998858202472202  0.7498858202472202
  0.5000000000000000  0.0014356035682386  0.7514356035682382
 -0.0000000000000000  0.5001141797527798  0.7498858202472202
  0.5000000000000000  0.4985643964317618  0.7514356035682382
 -0.0000000000000000  0.2500000000000000  0.0000000000000000
  0.5000000000000000  0.2500000000000000  0.0000000000000000
 -0.0000000000000000  0.7500000000000000  0.0000000000000000
  0.5000000000000000  0.7500000000000000  0.0000000000000000
 -0.0000000000000000  0.2500000000000000  0.5000000000000000
  0.5000000000000000  0.2500000000000000  0.5000000000000000
 -0.0000000000000000  0.7500000000000000  0.5000000000000000

 