 X Y Z
  0.0000000000000000 -0.0004882919215120 -0.0000000000000000
  0.5000000000000000  0.0004920267633793 -0.0000000000000000
  0.0000000000000000  0.5004882919215120  0.0000000000000000
  0.5000000000000000  0.4995079732366205  0.0000000000000000
  0.0000000000000000  0.0004920267633793  0.5000000000000000
  0.5000000000000000 -0.0022955091192805  0.5000000000000000
  0.0000000000000000  0.4995079732366205  0.5000000000000000
  0.5000000000000000  0.5022955091192802  0.5000000000000000
  0.0000000000000000  0.2500000000000000  0.2504882919215121
  0.5000000000000000  0.2500000000000000  0.2495079732366207
  0.0000000000000000  0.7500000000000000  0.2495079732366207
  0.5000000000000000  0.7500000000000000  0.2522955091192804
 -0.0000000000000000  0.2500000000000000  0.7495117080784880
  0.5000000000000000  0.2500000000000000  0.7504920267633794
  0.0000000000000000  0.7500000000000000  0.7504920267633794
  0.5000000000000000  0.7500000000000000  0.7477044908807198
  0.2503348590127760 -0.0003348590127761  0.2503348590127760
  0.7496651409872238 -0.0003348590127761  0.2503348590127760
  0.2503348590127760  0.5003348590127762  0.2503348590127760
  0.7496651409872238  0.5003348590127762  0.2503348590127760
  0.2503348590127760 -0.0003348590127761  0.7496651409872238
  0.7496651409872238 -0.0003348590127761  0.7496651409872238
  0.2503348590127760  0.5003348590127762  0.7496651409872238
  0.7496651409872238  0.5003348590127762  0.7496651409872238
  0.2504882919215121  0.2500000000000000  0.0000000000000000
  0.7495117080784880  0.2500000000000000 -0.0000000000000000
  0.2495079732366207  0.7500000000000000 -0.0000000000000000
  0.7504920267633794  0.7500000000000000  0.0000000000000000
  0.2495079732366207  0.2500000000000000  0.5000000000000000
  0.7504920267633794  0.2500000000000000  0.5000000000000000
  0.2522955091192804  0.7500000000000000  0.5000000000000000
  0.7477044908807198  0.7500000000000000  0.5000000000000000
  0.2493311057896673  0.0006688942103327 -0.0000000000000000
  0.7506688942103328  0.0006688942103327 -0.0000000000000000
  0.2493311057896673  0.4993311057896673  0.0000000000000000
  0.7506688942103328  0.4993311057896673 -0.0000000000000000
  0.2458992660134253  0.0041007339865747  0.5000000000000000
  0.7541007339865748  0.0041007339865747  0.5000000000000000
  0.2458992660134253  0.4958992660134254  0.5000000000000000
  0.7541007339865748  0.4958992660134254  0.5000000000000000
  0.2493311057896673  0.2500000000000000  0.2493311057896673
  0.7506688942103328  0.2500000000000000  0.2493311057896673
  0.2458992660134253  0.7500000000000000  0.2458992660134253
  0.7541007339865748  0.7500000000000000  0.2458992660134253
  0.2493311057896673  0.2500000000000000  0.7506688942103328
  0.7506688942103328  0.2500000000000000  0.7506688942103328
  0.2458992660134253  0.7500000000000000  0.7541007339865748
  0.7541007339865748  0.7500000000000000  0.7541007339865748
  0.0000000000000000  0.0006688942103327  0.2493311057896673
  0.5000000000000000  0.0041007339865747  0.2458992660134253
 -0.0000000000000000  0.4993311057896673  0.2493311057896673
  0.5000000000000000  0.4958992660134254  0.2458992660134253
  0.0000000000000000  0.0006688942103327  0.7506688942103328
  0.5000000000000000  0.0041007339865747  0.7541007339865748
  0.0000000000000000  0.4993311057896673  0.7506688942103328
  0.5000000000000000  0.4958992660134254  0.7541007339865748
  0.0000000000000000  0.2500000000000000  0.0000000000000000
  0.5000000000000000  0.2500000000000000  0.0000000000000000
  0.0000000000000000  0.7500000000000000  0.0000000000000000
  0.5000000000000000  0.7500000000000000  0.0000000000000000
  0.0000000000000000  0.2500000000000000  0.5000000000000000
  0.5000000000000000  0.2500000000000000  0.5000000000000000
  0.0000000000000000  0.7500000000000000  0.5000000000000000

