 X Y Z
 -0.0000000000000000 -0.0000620146205403  0.0000000000000000
  0.5000000000000000  0.0004828613084230  0.0000000000000000
 -0.0000000000000000  0.5000620146205402  0.0000000000000000
  0.5000000000000000  0.4995171386915770  0.0000000000000000
 -0.0000000000000000  0.0004828613084230  0.5000000000000000
  0.5000000000000000  0.0017888663546477  0.5000000000000000
 -0.0000000000000000  0.4995171386915770  0.5000000000000000
  0.5000000000000000  0.4982111336453524  0.5000000000000000
 -0.0000000000000000  0.2500000000000000  0.2500620146205402
  0.5000000000000000  0.2500000000000000  0.2495171386915770
 -0.0000000000000000  0.7500000000000000  0.2495171386915770
  0.5000000000000000  0.7500000000000000  0.2482111336453523
 -0.0000000000000000  0.2500000000000000  0.7499379853794598
  0.5000000000000000  0.2500000000000000  0.7504828613084230
 -0.0000000000000000  0.7500000000000000  0.7504828613084230
  0.5000000000000000  0.7500000000000000  0.7517888663546478
  0.2500405880636041 -0.0000405880636041  0.2500405880636041
  0.7499594119363960 -0.0000405880636041  0.2500405880636041
  0.2500405880636041  0.5000405880636040  0.2500405880636041
  0.7499594119363960  0.5000405880636040  0.2500405880636041
  0.2500405880636041 -0.0000405880636041  0.7499594119363960
  0.7499594119363960 -0.0000405880636041  0.7499594119363960
  0.2500405880636041  0.5000405880636040  0.7499594119363960
  0.7499594119363960  0.5000405880636040  0.7499594119363960
  0.2500620146205402  0.2500000000000000  0.0000000000000000
  0.7499379853794598  0.2500000000000000  0.0000000000000000
  0.2495171386915770  0.7500000000000000  0.0000000000000000
  0.7504828613084230  0.7500000000000000  0.0000000000000000
  0.2495171386915770  0.2500000000000000  0.5000000000000000
  0.7504828613084230  0.2500000000000000  0.5000000000000000
  0.2482111336453523  0.7500000000000000  0.5000000000000000
  0.7517888663546478  0.7500000000000000  0.5000000000000000
  0.2500851565737085 -0.0000851565737085  0.0000000000000000
  0.7499148434262916 -0.0000851565737085  0.0000000000000000
  0.2500851565737085  0.5000851565737084  0.0000000000000000
  0.7499148434262916  0.5000851565737084  0.0000000000000000
  0.2490693287523404  0.0009306712476596  0.5000000000000000
  0.7509306712476596  0.0009306712476596  0.5000000000000000
  0.2490693287523404  0.4990693287523404  0.5000000000000000
  0.7509306712476596  0.4990693287523404  0.5000000000000000
  0.2500851565737085  0.2500000000000000  0.2500851565737085
  0.7499148434262916  0.2500000000000000  0.2500851565737085
  0.2490693287523404  0.7500000000000000  0.2490693287523404
  0.7509306712476596  0.7500000000000000  0.2490693287523404
  0.2500851565737085  0.2500000000000000  0.7499148434262916
  0.7499148434262916  0.2500000000000000  0.7499148434262916
  0.2490693287523404  0.7500000000000000  0.7509306712476596
  0.7509306712476596  0.7500000000000000  0.7509306712476596
 -0.0000000000000000 -0.0000851565737085  0.2500851565737085
  0.5000000000000000  0.0009306712476596  0.2490693287523404
 -0.0000000000000000  0.5000851565737084  0.2500851565737085
  0.5000000000000000  0.4990693287523404  0.2490693287523404
 -0.0000000000000000 -0.0000851565737085  0.7499148434262916
  0.5000000000000000  0.0009306712476596  0.7509306712476596
 -0.0000000000000000  0.5000851565737084  0.7499148434262916
  0.5000000000000000  0.4990693287523404  0.7509306712476596
 -0.0000000000000000  0.2500000000000000  0.0000000000000000
  0.5000000000000000  0.2500000000000000  0.0000000000000000
 -0.0000000000000000  0.7500000000000000  0.0000000000000000
  0.5000000000000000  0.7500000000000000  0.0000000000000000
 -0.0000000000000000  0.2500000000000000  0.5000000000000000
  0.5000000000000000  0.2500000000000000  0.5000000000000000
 -0.0000000000000000  0.7500000000000000  0.5000000000000000

 