 Energy DOS Integrated_DOS
    -23.565  0.0000E+00  0.0000E+00
    -23.543  0.0000E+00  0.0000E+00
    -23.521  0.0000E+00  0.0000E+00
    -23.499  0.0000E+00  0.0000E+00
    -23.477  0.0000E+00  0.0000E+00
    -23.455  0.0000E+00  0.0000E+00
    -23.433  0.0000E+00  0.0000E+00
    -23.411  0.0000E+00  0.0000E+00
    -23.389  0.0000E+00  0.0000E+00
    -23.367  0.0000E+00  0.0000E+00
    -23.345  0.0000E+00  0.0000E+00
    -23.323  0.0000E+00  0.0000E+00
    -23.300  0.0000E+00  0.0000E+00
    -23.278  0.0000E+00  0.0000E+00
    -23.256  0.0000E+00  0.0000E+00
    -23.234  0.0000E+00  0.0000E+00
    -23.212  0.0000E+00  0.0000E+00
    -23.190  0.0000E+00  0.0000E+00
    -23.168  0.0000E+00  0.0000E+00
    -23.146  0.0000E+00  0.0000E+00
    -23.124  0.0000E+00  0.0000E+00
    -23.102  0.0000E+00  0.0000E+00
    -23.080  0.0000E+00  0.0000E+00
    -23.058  0.0000E+00  0.0000E+00
    -23.036  0.0000E+00  0.0000E+00
    -23.014  0.0000E+00  0.0000E+00
    -22.992  0.0000E+00  0.0000E+00
    -22.970  0.0000E+00  0.0000E+00
    -22.948  0.0000E+00  0.0000E+00
    -22.926  0.0000E+00  0.0000E+00
    -22.904  0.0000E+00  0.0000E+00
    -22.881  0.0000E+00  0.0000E+00
    -22.859  0.0000E+00  0.0000E+00
    -22.837  0.0000E+00  0.0000E+00
    -22.815  0.0000E+00  0.0000E+00
    -22.793  0.0000E+00  0.0000E+00
    -22.771  0.0000E+00  0.0000E+00
    -22.749  0.0000E+00  0.0000E+00
    -22.727  0.0000E+00  0.0000E+00
    -22.705  0.0000E+00  0.0000E+00
    -22.683  0.0000E+00  0.0000E+00
    -22.661  0.0000E+00  0.0000E+00
    -22.639  0.0000E+00  0.0000E+00
    -22.617  0.0000E+00  0.0000E+00
    -22.595  0.0000E+00  0.0000E+00
    -22.573  0.0000E+00  0.0000E+00
    -22.551  0.0000E+00  0.0000E+00
    -22.529  0.0000E+00  0.0000E+00
    -22.507  0.0000E+00  0.0000E+00
    -22.485  0.0000E+00  0.0000E+00
    -22.463  0.0000E+00  0.0000E+00
    -22.440  0.0000E+00  0.0000E+00
    -22.418  0.0000E+00  0.0000E+00
    -22.396  0.0000E+00  0.0000E+00
    -22.374  0.0000E+00  0.0000E+00
    -22.352  0.0000E+00  0.0000E+00
    -22.330  0.0000E+00  0.0000E+00
    -22.308  0.0000E+00  0.0000E+00
    -22.286  0.0000E+00  0.0000E+00
    -22.264  0.0000E+00  0.0000E+00
    -22.242  0.0000E+00  0.0000E+00
    -22.220  0.0000E+00  0.0000E+00
    -22.198  0.0000E+00  0.0000E+00
    -22.176  0.0000E+00  0.0000E+00
    -22.154  0.0000E+00  0.0000E+00
    -22.132  0.0000E+00  0.0000E+00
    -22.110  0.0000E+00  0.0000E+00
    -22.088  0.0000E+00  0.0000E+00
    -22.066  0.0000E+00  0.0000E+00
    -22.044  0.0000E+00  0.0000E+00
    -22.021  0.0000E+00  0.0000E+00
    -21.999  0.0000E+00  0.0000E+00
    -21.977  0.0000E+00  0.0000E+00
    -21.955  0.0000E+00  0.0000E+00
    -21.933  0.0000E+00  0.0000E+00
    -21.911  0.0000E+00  0.0000E+00
    -21.889  0.0000E+00  0.0000E+00
    -21.867  0.0000E+00  0.0000E+00
    -21.845  0.0000E+00  0.0000E+00
    -21.823  0.0000E+00  0.0000E+00
    -21.801  0.0000E+00  0.0000E+00
    -21.779  0.0000E+00  0.0000E+00
    -21.757  0.0000E+00  0.0000E+00
    -21.735  0.0000E+00  0.0000E+00
    -21.713  0.0000E+00  0.0000E+00
    -21.691  0.0000E+00  0.0000E+00
    -21.669  0.0000E+00  0.0000E+00
    -21.647  0.0000E+00  0.0000E+00
    -21.625  0.0000E+00  0.0000E+00
    -21.602  0.0000E+00  0.0000E+00
    -21.580  0.0000E+00  0.0000E+00
    -21.558  0.0000E+00  0.2000E+01
    -21.536  0.0000E+00  0.2000E+01
    -21.514  0.0000E+00  0.2000E+01
    -21.492  0.0000E+00  0.2000E+01
    -21.470  0.0000E+00  0.2000E+01
    -21.448  0.0000E+00  0.2000E+01
    -21.426  0.0000E+00  0.2000E+01
    -21.404  0.0000E+00  0.2000E+01
    -21.382  0.0000E+00  0.2000E+01
    -21.360  0.0000E+00  0.2000E+01
    -21.338  0.0000E+00  0.2000E+01
    -21.316  0.0000E+00  0.2000E+01
    -21.294  0.0000E+00  0.2000E+01
    -21.272  0.0000E+00  0.2000E+01
    -21.250  0.0000E+00  0.2000E+01
    -21.228  0.0000E+00  0.2000E+01
    -21.206  0.0000E+00  0.2000E+01
    -21.184  0.0000E+00  0.2000E+01
    -21.161  0.0000E+00  0.2000E+01
    -21.139  0.0000E+00  0.2000E+01
    -21.117  0.0000E+00  0.2000E+01
    -21.095  0.0000E+00  0.2000E+01
    -21.073  0.0000E+00  0.2000E+01
    -21.051  0.0000E+00  0.2000E+01
    -21.029  0.0000E+00  0.2000E+01
    -21.007  0.0000E+00  0.2000E+01
    -20.985  0.0000E+00  0.2000E+01
    -20.963  0.0000E+00  0.2000E+01
    -20.941  0.0000E+00  0.2000E+01
    -20.919  0.0000E+00  0.2000E+01
    -20.897  0.0000E+00  0.2000E+01
    -20.875  0.0000E+00  0.2000E+01
    -20.853  0.0000E+00  0.2000E+01
    -20.831  0.0000E+00  0.2000E+01
    -20.809  0.0000E+00  0.2000E+01
    -20.787  0.0000E+00  0.2000E+01
    -20.765  0.0000E+00  0.2000E+01
    -20.742  0.0000E+00  0.2000E+01
    -20.720  0.0000E+00  0.2000E+01
    -20.698  0.0000E+00  0.2000E+01
    -20.676  0.0000E+00  0.2000E+01
    -20.654  0.0000E+00  0.2000E+01
    -20.632  0.0000E+00  0.2000E+01
    -20.610  0.0000E+00  0.2000E+01
    -20.588  0.0000E+00  0.2000E+01
    -20.566  0.0000E+00  0.2000E+01
    -20.544  0.0000E+00  0.2000E+01
    -20.522  0.0000E+00  0.2000E+01
    -20.500  0.0000E+00  0.2000E+01
    -20.478  0.0000E+00  0.2000E+01
    -20.456  0.0000E+00  0.2000E+01
    -20.434  0.0000E+00  0.2000E+01
    -20.412  0.0000E+00  0.2000E+01
    -20.390  0.0000E+00  0.2000E+01
    -20.368  0.0000E+00  0.2000E+01
    -20.346  0.0000E+00  0.2000E+01
    -20.323  0.0000E+00  0.2000E+01
    -20.301  0.0000E+00  0.2000E+01
    -20.279  0.0000E+00  0.2000E+01
    -20.257  0.0000E+00  0.2000E+01
    -20.235  0.0000E+00  0.2000E+01
    -20.213  0.0000E+00  0.2000E+01
    -20.191  0.0000E+00  0.2000E+01
    -20.169  0.0000E+00  0.2000E+01
    -20.147  0.0000E+00  0.2000E+01
    -20.125  0.0000E+00  0.2000E+01
    -20.103  0.0000E+00  0.2000E+01
    -20.081  0.0000E+00  0.2000E+01
    -20.059  0.0000E+00  0.2000E+01
    -20.037  0.0000E+00  0.2000E+01
    -20.015  0.0000E+00  0.2000E+01
    -19.993  0.0000E+00  0.2000E+01
    -19.971  0.0000E+00  0.2000E+01
    -19.949  0.0000E+00  0.2000E+01
    -19.927  0.0000E+00  0.2000E+01
    -19.904  0.0000E+00  0.2000E+01
    -19.882  0.0000E+00  0.2000E+01
    -19.860  0.0000E+00  0.2000E+01
    -19.838  0.0000E+00  0.2000E+01
    -19.816  0.0000E+00  0.2000E+01
    -19.794  0.0000E+00  0.2000E+01
    -19.772  0.0000E+00  0.2000E+01
    -19.750  0.0000E+00  0.2000E+01
    -19.728  0.0000E+00  0.2000E+01
    -19.706  0.0000E+00  0.2000E+01
    -19.684  0.0000E+00  0.2000E+01
    -19.662  0.0000E+00  0.2000E+01
    -19.640  0.0000E+00  0.2000E+01
    -19.618  0.0000E+00  0.2000E+01
    -19.596  0.0000E+00  0.2000E+01
    -19.574  0.0000E+00  0.2000E+01
    -19.552  0.0000E+00  0.2000E+01
    -19.530  0.0000E+00  0.2000E+01
    -19.508  0.0000E+00  0.2000E+01
    -19.486  0.0000E+00  0.2000E+01
    -19.463  0.0000E+00  0.2000E+01
    -19.441  0.0000E+00  0.2000E+01
    -19.419  0.0000E+00  0.2000E+01
    -19.397  0.0000E+00  0.2000E+01
    -19.375  0.0000E+00  0.2000E+01
    -19.353  0.0000E+00  0.2000E+01
    -19.331  0.0000E+00  0.2000E+01
    -19.309  0.0000E+00  0.2000E+01
    -19.287  0.0000E+00  0.2000E+01
    -19.265  0.0000E+00  0.2000E+01
    -19.243  0.0000E+00  0.2000E+01
    -19.221  0.0000E+00  0.2000E+01
    -19.199  0.0000E+00  0.2000E+01
    -19.177  0.0000E+00  0.2000E+01
    -19.155  0.0000E+00  0.2000E+01
    -19.133  0.0000E+00  0.2000E+01
    -19.111  0.0000E+00  0.2000E+01
    -19.089  0.0000E+00  0.2000E+01
    -19.067  0.0000E+00  0.2000E+01
    -19.044  0.0000E+00  0.2000E+01
    -19.022  0.0000E+00  0.2000E+01
    -19.000  0.0000E+00  0.2000E+01
    -18.978  0.0000E+00  0.2000E+01
    -18.956  0.0000E+00  0.2000E+01
    -18.934  0.0000E+00  0.2000E+01
    -18.912  0.0000E+00  0.2000E+01
    -18.890  0.0000E+00  0.2000E+01
    -18.868  0.0000E+00  0.2000E+01
    -18.846  0.0000E+00  0.2000E+01
    -18.824  0.0000E+00  0.2000E+01
    -18.802  0.0000E+00  0.2000E+01
    -18.780  0.0000E+00  0.2000E+01
    -18.758  0.0000E+00  0.2000E+01
    -18.736  0.0000E+00  0.2000E+01
    -18.714  0.0000E+00  0.2000E+01
    -18.692  0.0000E+00  0.2000E+01
    -18.670  0.0000E+00  0.2000E+01
    -18.648  0.0000E+00  0.2000E+01
    -18.625  0.0000E+00  0.2000E+01
    -18.603  0.0000E+00  0.2000E+01
    -18.581  0.0000E+00  0.2000E+01
    -18.559  0.0000E+00  0.2000E+01
    -18.537  0.0000E+00  0.2000E+01
    -18.515  0.0000E+00  0.2000E+01
    -18.493  0.0000E+00  0.2000E+01
    -18.471  0.0000E+00  0.2000E+01
    -18.449  0.0000E+00  0.2000E+01
    -18.427  0.0000E+00  0.2000E+01
    -18.405  0.0000E+00  0.2000E+01
    -18.383  0.0000E+00  0.2000E+01
    -18.361  0.0000E+00  0.2000E+01
    -18.339  0.0000E+00  0.2000E+01
    -18.317  0.0000E+00  0.2000E+01
    -18.295  0.0000E+00  0.2000E+01
    -18.273  0.0000E+00  0.2000E+01
    -18.251  0.0000E+00  0.2000E+01
    -18.229  0.0000E+00  0.2000E+01
    -18.207  0.0000E+00  0.2000E+01
    -18.184  0.0000E+00  0.2000E+01
    -18.162  0.0000E+00  0.2000E+01
    -18.140  0.0000E+00  0.2000E+01
    -18.118  0.0000E+00  0.2000E+01
    -18.096  0.0000E+00  0.2000E+01
    -18.074  0.0000E+00  0.2000E+01
    -18.052  0.0000E+00  0.2000E+01
    -18.030  0.0000E+00  0.2000E+01
    -18.008  0.0000E+00  0.2000E+01
    -17.986  0.0000E+00  0.2000E+01
    -17.964  0.0000E+00  0.2000E+01
    -17.942  0.0000E+00  0.2000E+01
    -17.920  0.0000E+00  0.2000E+01
    -17.898  0.0000E+00  0.2000E+01
    -17.876  0.0000E+00  0.2000E+01
    -17.854  0.0000E+00  0.2000E+01
    -17.832  0.0000E+00  0.2000E+01
    -17.810  0.0000E+00  0.2000E+01
    -17.788  0.0000E+00  0.2000E+01
    -17.765  0.0000E+00  0.2000E+01
    -17.743  0.0000E+00  0.2000E+01
    -17.721  0.0000E+00  0.2000E+01
    -17.699  0.0000E+00  0.2000E+01
    -17.677  0.0000E+00  0.2000E+01
    -17.655  0.0000E+00  0.2000E+01
    -17.633  0.0000E+00  0.2000E+01
    -17.611  0.0000E+00  0.2000E+01
    -17.589  0.0000E+00  0.2000E+01
    -17.567  0.0000E+00  0.2000E+01
    -17.545  0.0000E+00  0.2000E+01
    -17.523  0.0000E+00  0.2000E+01
    -17.501  0.0000E+00  0.2000E+01
    -17.479  0.0000E+00  0.2000E+01
    -17.457  0.0000E+00  0.2000E+01
    -17.435  0.0000E+00  0.2000E+01
    -17.413  0.0000E+00  0.2000E+01
    -17.391  0.0000E+00  0.2000E+01
    -17.369  0.0000E+00  0.2000E+01
    -17.346  0.0000E+00  0.2000E+01
    -17.324  0.0000E+00  0.2000E+01
    -17.302  0.0000E+00  0.2000E+01
    -17.280  0.0000E+00  0.2000E+01
    -17.258  0.0000E+00  0.2000E+01
    -17.236  0.0000E+00  0.2000E+01
    -17.214  0.0000E+00  0.2000E+01
    -17.192  0.0000E+00  0.2000E+01
    -17.170  0.0000E+00  0.2000E+01
    -17.148  0.0000E+00  0.2000E+01
    -17.126  0.0000E+00  0.2000E+01
    -17.104  0.0000E+00  0.2000E+01
    -17.082  0.0000E+00  0.2000E+01
    -17.060  0.0000E+00  0.2000E+01
    -17.038  0.0000E+00  0.2000E+01
    -17.016  0.0000E+00  0.2000E+01
    -16.994  0.0000E+00  0.2000E+01
    -16.972  0.0000E+00  0.2000E+01
    -16.950  0.0000E+00  0.2000E+01
    -16.927  0.0000E+00  0.2000E+01
    -16.905  0.0000E+00  0.2000E+01
    -16.883  0.0000E+00  0.2000E+01
    -16.861  0.0000E+00  0.2000E+01
    -16.839  0.0000E+00  0.2000E+01
    -16.817  0.0000E+00  0.2000E+01
    -16.795  0.0000E+00  0.2000E+01
    -16.773  0.0000E+00  0.2000E+01
    -16.751  0.0000E+00  0.2000E+01
    -16.729  0.0000E+00  0.2000E+01
    -16.707  0.0000E+00  0.2000E+01
    -16.685  0.0000E+00  0.2000E+01
    -16.663  0.0000E+00  0.2000E+01
    -16.641  0.0000E+00  0.2000E+01
    -16.619  0.0000E+00  0.2000E+01
    -16.597  0.0000E+00  0.2000E+01
    -16.575  0.0000E+00  0.2000E+01
    -16.553  0.0000E+00  0.2000E+01
    -16.531  0.0000E+00  0.2000E+01
    -16.509  0.0000E+00  0.2000E+01
    -16.486  0.0000E+00  0.2000E+01
    -16.464  0.0000E+00  0.2000E+01
    -16.442  0.0000E+00  0.2000E+01
    -16.420  0.0000E+00  0.2000E+01
    -16.398  0.0000E+00  0.2000E+01
    -16.376  0.0000E+00  0.2000E+01
    -16.354  0.0000E+00  0.2000E+01
    -16.332  0.0000E+00  0.2000E+01
    -16.310  0.0000E+00  0.2000E+01
    -16.288  0.0000E+00  0.2000E+01
    -16.266  0.0000E+00  0.2000E+01
    -16.244  0.0000E+00  0.2000E+01
    -16.222  0.0000E+00  0.2000E+01
    -16.200  0.0000E+00  0.2000E+01
    -16.178  0.0000E+00  0.2000E+01
    -16.156  0.0000E+00  0.2000E+01
    -16.134  0.0000E+00  0.2000E+01
    -16.112  0.0000E+00  0.2000E+01
    -16.090  0.0000E+00  0.2000E+01
    -16.067  0.0000E+00  0.2000E+01
    -16.045  0.0000E+00  0.2000E+01
    -16.023  0.0000E+00  0.2000E+01
    -16.001  0.0000E+00  0.2000E+01
    -15.979  0.0000E+00  0.2000E+01
    -15.957  0.0000E+00  0.2000E+01
    -15.935  0.0000E+00  0.2000E+01
    -15.913  0.0000E+00  0.2000E+01
    -15.891  0.0000E+00  0.2000E+01
    -15.869  0.0000E+00  0.2000E+01
    -15.847  0.0000E+00  0.2000E+01
    -15.825  0.0000E+00  0.2000E+01
    -15.803  0.0000E+00  0.2000E+01
    -15.781  0.0000E+00  0.2000E+01
    -15.759  0.0000E+00  0.2000E+01
    -15.737  0.0000E+00  0.2000E+01
    -15.715  0.0000E+00  0.2000E+01
    -15.693  0.0000E+00  0.2000E+01
    -15.671  0.0000E+00  0.2000E+01
    -15.648  0.0000E+00  0.2000E+01
    -15.626  0.0000E+00  0.2000E+01
    -15.604  0.0000E+00  0.2000E+01
    -15.582  0.0000E+00  0.2000E+01
    -15.560  0.0000E+00  0.2000E+01
    -15.538  0.0000E+00  0.2000E+01
    -15.516  0.0000E+00  0.2000E+01
    -15.494  0.0000E+00  0.2000E+01
    -15.472  0.0000E+00  0.2000E+01
    -15.450  0.0000E+00  0.2000E+01
    -15.428  0.0000E+00  0.2000E+01
    -15.406  0.0000E+00  0.2000E+01
    -15.384  0.0000E+00  0.2000E+01
    -15.362  0.0000E+00  0.2000E+01
    -15.340  0.0000E+00  0.2000E+01
    -15.318  0.0000E+00  0.2000E+01
    -15.296  0.0000E+00  0.2000E+01
    -15.274  0.0000E+00  0.2000E+01
    -15.252  0.0000E+00  0.2000E+01
    -15.230  0.0000E+00  0.2000E+01
    -15.207  0.0000E+00  0.2000E+01
    -15.185  0.0000E+00  0.2000E+01
    -15.163  0.0000E+00  0.2000E+01
    -15.141  0.0000E+00  0.2000E+01
    -15.119  0.0000E+00  0.2000E+01
    -15.097  0.0000E+00  0.2000E+01
    -15.075  0.0000E+00  0.2000E+01
    -15.053  0.2575E-01  0.2000E+01
    -15.031  0.2573E+00  0.2003E+01
    -15.009  0.7292E+00  0.2013E+01
    -14.987  0.1442E+01  0.2037E+01
    -14.965  0.2395E+01  0.2079E+01
    -14.943  0.3588E+01  0.2144E+01
    -14.921  0.5022E+01  0.2239E+01
    -14.899  0.6696E+01  0.2367E+01
    -14.877  0.9009E+01  0.2539E+01
    -14.855  0.1130E+02  0.2765E+01
    -14.833  0.1287E+02  0.3030E+01
    -14.811  0.1650E+02  0.3355E+01
    -14.788  0.1826E+02  0.3743E+01
    -14.766  0.1770E+02  0.4145E+01
    -14.744  0.1563E+02  0.4512E+01
    -14.722  0.1372E+02  0.4835E+01
    -14.700  0.1194E+02  0.5118E+01
    -14.678  0.1017E+02  0.5362E+01
    -14.656  0.7506E+01  0.5556E+01
    -14.634  0.5853E+01  0.5699E+01
    -14.612  0.7239E+01  0.5839E+01
    -14.590  0.9002E+01  0.6019E+01
    -14.568  0.1142E+02  0.6237E+01
    -14.546  0.1550E+02  0.6536E+01
    -14.524  0.1829E+02  0.6911E+01
    -14.502  0.1988E+02  0.7334E+01
    -14.480  0.2045E+02  0.7780E+01
    -14.458  0.2025E+02  0.8230E+01
    -14.436  0.1921E+02  0.8667E+01
    -14.414  0.1679E+02  0.9067E+01
    -14.392  0.1310E+02  0.9398E+01
    -14.369  0.1031E+02  0.9653E+01
    -14.347  0.9520E+01  0.9867E+01
    -14.325  0.9458E+01  0.1008E+02
    -14.303  0.9694E+01  0.1029E+02
    -14.281  0.1164E+02  0.1052E+02
    -14.259  0.1613E+02  0.1082E+02
    -14.237  0.2626E+02  0.1125E+02
    -14.215  0.4653E+02  0.1209E+02
    -14.193  0.3762E+02  0.1315E+02
    -14.171  0.3897E+02  0.1399E+02
    -14.149  0.3331E+02  0.1482E+02
    -14.127  0.2441E+02  0.1534E+02
    -14.105  0.3126E+02  0.1606E+02
    -14.083  0.3644E+02  0.1682E+02
    -14.061  0.2890E+02  0.1757E+02
    -14.039  0.3986E+02  0.1814E+02
    -14.017  0.5680E+02  0.1935E+02
    -13.995  0.3704E+02  0.2036E+02
    -13.973  0.2165E+02  0.2100E+02
    -13.950  0.1354E+02  0.2137E+02
    -13.928  0.4162E+02  0.2207E+02
    -13.906  0.2714E+02  0.2283E+02
    -13.884  0.5306E+02  0.2368E+02
    -13.862  0.3820E+02  0.2467E+02
    -13.840  0.3031E+02  0.2541E+02
    -13.818  0.3378E+02  0.2609E+02
    -13.796  0.3187E+02  0.2684E+02
    -13.774  0.2306E+02  0.2751E+02
    -13.752  0.4110E+02  0.2814E+02
    -13.730  0.6148E+02  0.2947E+02
    -13.708  0.6763E+02  0.3080E+02
    -13.686  0.8801E+02  0.3251E+02
    -13.664  0.9271E+02  0.3454E+02
    -13.642  0.8797E+02  0.3656E+02
    -13.620  0.7534E+02  0.3833E+02
    -13.598  0.8931E+02  0.4007E+02
    -13.576  0.8355E+02  0.4208E+02
    -13.554  0.6765E+02  0.4367E+02
    -13.532  0.9395E+02  0.4547E+02
    -13.509  0.2567E+02  0.4666E+02
    -13.487  0.1535E+03  0.4849E+02
    -13.465  0.1068E+03  0.5171E+02
    -13.443  0.5555E+02  0.5341E+02
    -13.421  0.8592E+02  0.5485E+02
    -13.399  0.1009E+03  0.5703E+02
    -13.377  0.1017E+03  0.5917E+02
    -13.355  0.7293E+02  0.6110E+02
    -13.333  0.8607E+02  0.6267E+02
    -13.311  0.1507E+02  0.6389E+02
    -13.289  0.0000E+00  0.6400E+02
    -13.267  0.0000E+00  0.6400E+02
    -13.245  0.0000E+00  0.6400E+02
    -13.223  0.0000E+00  0.6400E+02
    -13.201  0.0000E+00  0.6400E+02
    -13.179  0.0000E+00  0.6400E+02
    -13.157  0.0000E+00  0.6400E+02
    -13.135  0.0000E+00  0.6400E+02
    -13.113  0.0000E+00  0.6400E+02
    -13.090  0.0000E+00  0.6400E+02
    -13.068  0.0000E+00  0.6400E+02
    -13.046  0.0000E+00  0.6400E+02
    -13.024  0.0000E+00  0.6400E+02
    -13.002  0.0000E+00  0.6400E+02
    -12.980  0.0000E+00  0.6400E+02
    -12.958  0.0000E+00  0.6400E+02
    -12.936  0.0000E+00  0.6400E+02
    -12.914  0.0000E+00  0.6400E+02
    -12.892  0.0000E+00  0.6400E+02
    -12.870  0.0000E+00  0.6400E+02
    -12.848  0.0000E+00  0.6400E+02
    -12.826  0.0000E+00  0.6400E+02
    -12.804  0.0000E+00  0.6400E+02
    -12.782  0.0000E+00  0.6400E+02
    -12.760  0.0000E+00  0.6400E+02
    -12.738  0.0000E+00  0.6400E+02
    -12.716  0.0000E+00  0.6400E+02
    -12.694  0.0000E+00  0.6400E+02
    -12.671  0.0000E+00  0.6400E+02
    -12.649  0.0000E+00  0.6400E+02
    -12.627  0.0000E+00  0.6400E+02
    -12.605  0.0000E+00  0.6400E+02
    -12.583  0.0000E+00  0.6400E+02
    -12.561  0.0000E+00  0.6400E+02
    -12.539  0.2114E+01  0.6400E+02
    -12.517  0.0000E+00  0.6600E+02
    -12.495  0.0000E+00  0.6600E+02
    -12.473  0.0000E+00  0.6600E+02
    -12.451  0.0000E+00  0.6600E+02
    -12.429  0.0000E+00  0.6600E+02
    -12.407  0.0000E+00  0.6600E+02
    -12.385  0.0000E+00  0.6600E+02
    -12.363  0.0000E+00  0.6600E+02
    -12.341  0.0000E+00  0.6600E+02
    -12.319  0.0000E+00  0.6600E+02
    -12.297  0.0000E+00  0.6600E+02
    -12.275  0.0000E+00  0.6600E+02
    -12.253  0.0000E+00  0.6600E+02
    -12.230  0.0000E+00  0.6600E+02
    -12.208  0.0000E+00  0.6600E+02
    -12.186  0.0000E+00  0.6600E+02
    -12.164  0.0000E+00  0.6600E+02
    -12.142  0.0000E+00  0.6600E+02
    -12.120  0.0000E+00  0.6600E+02
    -12.098  0.0000E+00  0.6600E+02
    -12.076  0.0000E+00  0.6600E+02
    -12.054  0.0000E+00  0.6600E+02
    -12.032  0.0000E+00  0.6600E+02
    -12.010  0.0000E+00  0.6600E+02
    -11.988  0.0000E+00  0.6600E+02
    -11.966  0.0000E+00  0.6600E+02
    -11.944  0.0000E+00  0.6600E+02
    -11.922  0.0000E+00  0.6600E+02
    -11.900  0.0000E+00  0.6600E+02
    -11.878  0.0000E+00  0.6600E+02
    -11.856  0.0000E+00  0.6600E+02
    -11.834  0.0000E+00  0.6600E+02
    -11.811  0.0000E+00  0.6600E+02
    -11.789  0.0000E+00  0.6600E+02
    -11.767  0.0000E+00  0.6600E+02
    -11.745  0.0000E+00  0.6600E+02
    -11.723  0.0000E+00  0.6600E+02
    -11.701  0.0000E+00  0.6600E+02
    -11.679  0.0000E+00  0.6600E+02
    -11.657  0.0000E+00  0.6600E+02
    -11.635  0.0000E+00  0.6600E+02
    -11.613  0.0000E+00  0.6600E+02
    -11.591  0.0000E+00  0.6600E+02
    -11.569  0.0000E+00  0.6600E+02
    -11.547  0.0000E+00  0.6600E+02
    -11.525  0.0000E+00  0.6600E+02
    -11.503  0.0000E+00  0.6600E+02
    -11.481  0.0000E+00  0.6600E+02
    -11.459  0.0000E+00  0.6600E+02
    -11.437  0.0000E+00  0.6600E+02
    -11.415  0.0000E+00  0.6600E+02
    -11.392  0.0000E+00  0.6600E+02
    -11.370  0.0000E+00  0.6600E+02
    -11.348  0.0000E+00  0.6600E+02
    -11.326  0.0000E+00  0.6600E+02
    -11.304  0.0000E+00  0.6600E+02
    -11.282  0.0000E+00  0.6600E+02
    -11.260  0.0000E+00  0.6600E+02
    -11.238  0.0000E+00  0.6600E+02
    -11.216  0.0000E+00  0.6600E+02
    -11.194  0.0000E+00  0.6600E+02
    -11.172  0.0000E+00  0.6600E+02
    -11.150  0.0000E+00  0.6600E+02
    -11.128  0.0000E+00  0.6600E+02
    -11.106  0.0000E+00  0.6600E+02
    -11.084  0.0000E+00  0.6600E+02
    -11.062  0.0000E+00  0.6600E+02
    -11.040  0.0000E+00  0.6600E+02
    -11.018  0.0000E+00  0.6600E+02
    -10.996  0.0000E+00  0.6600E+02
    -10.973  0.0000E+00  0.6600E+02
    -10.951  0.0000E+00  0.6600E+02
    -10.929  0.0000E+00  0.6600E+02
    -10.907  0.0000E+00  0.6600E+02
    -10.885  0.0000E+00  0.6600E+02
    -10.863  0.0000E+00  0.6600E+02
    -10.841  0.0000E+00  0.6600E+02
    -10.819  0.0000E+00  0.6600E+02
    -10.797  0.0000E+00  0.6600E+02
    -10.775  0.0000E+00  0.6600E+02
    -10.753  0.0000E+00  0.6600E+02
    -10.731  0.0000E+00  0.6600E+02
    -10.709  0.0000E+00  0.6600E+02
    -10.687  0.0000E+00  0.6600E+02
    -10.665  0.0000E+00  0.6600E+02
    -10.643  0.0000E+00  0.6600E+02
    -10.621  0.0000E+00  0.6600E+02
    -10.599  0.0000E+00  0.6600E+02
    -10.577  0.0000E+00  0.6600E+02
    -10.555  0.0000E+00  0.6600E+02
    -10.532  0.0000E+00  0.6600E+02
    -10.510  0.0000E+00  0.6600E+02
    -10.488  0.0000E+00  0.6600E+02
    -10.466  0.0000E+00  0.6600E+02
    -10.444  0.0000E+00  0.6600E+02
    -10.422  0.0000E+00  0.6600E+02
    -10.400  0.0000E+00  0.6600E+02
    -10.378  0.0000E+00  0.6600E+02
    -10.356  0.0000E+00  0.6600E+02
    -10.334  0.0000E+00  0.6600E+02
    -10.312  0.0000E+00  0.6600E+02
    -10.290  0.0000E+00  0.6600E+02
    -10.268  0.0000E+00  0.6600E+02
    -10.246  0.0000E+00  0.6600E+02
    -10.224  0.0000E+00  0.6600E+02
    -10.202  0.0000E+00  0.6600E+02
    -10.180  0.0000E+00  0.6600E+02
    -10.158  0.0000E+00  0.6600E+02
    -10.136  0.0000E+00  0.6600E+02
    -10.113  0.0000E+00  0.6600E+02
    -10.091  0.0000E+00  0.6600E+02
    -10.069  0.0000E+00  0.6600E+02
    -10.047  0.0000E+00  0.6600E+02
    -10.025  0.0000E+00  0.6600E+02
    -10.003  0.0000E+00  0.6600E+02
     -9.981  0.0000E+00  0.6600E+02
     -9.959  0.0000E+00  0.6600E+02
     -9.937  0.0000E+00  0.6600E+02
     -9.915  0.0000E+00  0.6600E+02
     -9.893  0.0000E+00  0.6600E+02
     -9.871  0.0000E+00  0.6600E+02
     -9.849  0.0000E+00  0.6600E+02
     -9.827  0.0000E+00  0.6600E+02
     -9.805  0.0000E+00  0.6600E+02
     -9.783  0.0000E+00  0.6600E+02
     -9.761  0.0000E+00  0.6600E+02
     -9.739  0.0000E+00  0.6600E+02
     -9.717  0.0000E+00  0.6600E+02
     -9.694  0.0000E+00  0.6600E+02
     -9.672  0.0000E+00  0.6600E+02
     -9.650  0.0000E+00  0.6600E+02
     -9.628  0.0000E+00  0.6600E+02
     -9.606  0.0000E+00  0.6600E+02
     -9.584  0.0000E+00  0.6600E+02
     -9.562  0.0000E+00  0.6600E+02
     -9.540  0.0000E+00  0.6600E+02
     -9.518  0.0000E+00  0.6600E+02
     -9.496  0.0000E+00  0.6600E+02
     -9.474  0.0000E+00  0.6600E+02
     -9.452  0.0000E+00  0.6600E+02
     -9.430  0.0000E+00  0.6600E+02
     -9.408  0.0000E+00  0.6600E+02
     -9.386  0.0000E+00  0.6600E+02
     -9.364  0.0000E+00  0.6600E+02
     -9.342  0.0000E+00  0.6600E+02
     -9.320  0.0000E+00  0.6600E+02
     -9.298  0.0000E+00  0.6600E+02
     -9.276  0.0000E+00  0.6600E+02
     -9.253  0.0000E+00  0.6600E+02
     -9.231  0.0000E+00  0.6600E+02
     -9.209  0.0000E+00  0.6600E+02
     -9.187  0.0000E+00  0.6600E+02
     -9.165  0.0000E+00  0.6600E+02
     -9.143  0.0000E+00  0.6600E+02
     -9.121  0.0000E+00  0.6600E+02
     -9.099  0.0000E+00  0.6600E+02
     -9.077  0.0000E+00  0.6600E+02
     -9.055  0.0000E+00  0.6600E+02
     -9.033  0.0000E+00  0.6600E+02
     -9.011  0.0000E+00  0.6600E+02
     -8.989  0.0000E+00  0.6600E+02
     -8.967  0.0000E+00  0.6600E+02
     -8.945  0.0000E+00  0.6600E+02
     -8.923  0.0000E+00  0.6600E+02
     -8.901  0.0000E+00  0.6600E+02
     -8.879  0.0000E+00  0.6600E+02
     -8.857  0.0000E+00  0.6600E+02
     -8.834  0.0000E+00  0.6600E+02
     -8.812  0.0000E+00  0.6600E+02
     -8.790  0.0000E+00  0.6600E+02
     -8.768  0.0000E+00  0.6600E+02
     -8.746  0.0000E+00  0.6600E+02
     -8.724  0.0000E+00  0.6600E+02
     -8.702  0.0000E+00  0.6600E+02
     -8.680  0.0000E+00  0.6600E+02
     -8.658  0.0000E+00  0.6600E+02
     -8.636  0.0000E+00  0.6600E+02
     -8.614  0.0000E+00  0.6600E+02
     -8.592  0.0000E+00  0.6600E+02
     -8.570  0.0000E+00  0.6600E+02
     -8.548  0.0000E+00  0.6600E+02
     -8.526  0.0000E+00  0.6600E+02
     -8.504  0.0000E+00  0.6600E+02
     -8.482  0.0000E+00  0.6600E+02
     -8.460  0.0000E+00  0.6600E+02
     -8.438  0.0000E+00  0.6600E+02
     -8.415  0.0000E+00  0.6600E+02
     -8.393  0.0000E+00  0.6600E+02
     -8.371  0.0000E+00  0.6600E+02
     -8.349  0.0000E+00  0.6600E+02
     -8.327  0.0000E+00  0.6600E+02
     -8.305  0.0000E+00  0.6600E+02
     -8.283  0.0000E+00  0.6600E+02
     -8.261  0.0000E+00  0.6600E+02
     -8.239  0.0000E+00  0.6600E+02
     -8.217  0.0000E+00  0.6600E+02
     -8.195  0.0000E+00  0.6600E+02
     -8.173  0.0000E+00  0.6600E+02
     -8.151  0.0000E+00  0.6600E+02
     -8.129  0.0000E+00  0.6600E+02
     -8.107  0.0000E+00  0.6600E+02
     -8.085  0.0000E+00  0.6600E+02
     -8.063  0.0000E+00  0.6600E+02
     -8.041  0.0000E+00  0.6600E+02
     -8.019  0.0000E+00  0.6600E+02
     -7.996  0.0000E+00  0.6600E+02
     -7.974  0.0000E+00  0.6600E+02
     -7.952  0.0000E+00  0.6600E+02
     -7.930  0.0000E+00  0.6600E+02
     -7.908  0.0000E+00  0.6600E+02
     -7.886  0.0000E+00  0.6600E+02
     -7.864  0.0000E+00  0.6600E+02
     -7.842  0.0000E+00  0.6600E+02
     -7.820  0.0000E+00  0.6600E+02
     -7.798  0.0000E+00  0.6600E+02
     -7.776  0.0000E+00  0.6600E+02
     -7.754  0.0000E+00  0.6600E+02
     -7.732  0.0000E+00  0.6600E+02
     -7.710  0.0000E+00  0.6600E+02
     -7.688  0.0000E+00  0.6600E+02
     -7.666  0.0000E+00  0.6600E+02
     -7.644  0.0000E+00  0.6600E+02
     -7.622  0.0000E+00  0.6600E+02
     -7.600  0.0000E+00  0.6600E+02
     -7.578  0.0000E+00  0.6600E+02
     -7.555  0.0000E+00  0.6600E+02
     -7.533  0.0000E+00  0.6600E+02
     -7.511  0.0000E+00  0.6600E+02
     -7.489  0.0000E+00  0.6600E+02
     -7.467  0.0000E+00  0.6600E+02
     -7.445  0.0000E+00  0.6600E+02
     -7.423  0.0000E+00  0.6600E+02
     -7.401  0.0000E+00  0.6600E+02
     -7.379  0.0000E+00  0.6600E+02
     -7.357  0.0000E+00  0.6600E+02
     -7.335  0.0000E+00  0.6600E+02
     -7.313  0.0000E+00  0.6600E+02
     -7.291  0.0000E+00  0.6600E+02
     -7.269  0.0000E+00  0.6600E+02
     -7.247  0.0000E+00  0.6600E+02
     -7.225  0.0000E+00  0.6600E+02
     -7.203  0.0000E+00  0.6600E+02
     -7.181  0.0000E+00  0.6600E+02
     -7.159  0.0000E+00  0.6600E+02
     -7.136  0.0000E+00  0.6600E+02
     -7.114  0.0000E+00  0.6600E+02
     -7.092  0.0000E+00  0.6600E+02
     -7.070  0.0000E+00  0.6600E+02
     -7.048  0.0000E+00  0.6600E+02
     -7.026  0.0000E+00  0.6600E+02
     -7.004  0.0000E+00  0.6600E+02
     -6.982  0.0000E+00  0.6600E+02
     -6.960  0.0000E+00  0.6600E+02
     -6.938  0.0000E+00  0.6600E+02
     -6.916  0.0000E+00  0.6600E+02
     -6.894  0.0000E+00  0.6600E+02
     -6.872  0.0000E+00  0.6600E+02
     -6.850  0.0000E+00  0.6600E+02
     -6.828  0.0000E+00  0.6600E+02
     -6.806  0.0000E+00  0.6600E+02
     -6.784  0.0000E+00  0.6600E+02
     -6.762  0.0000E+00  0.6600E+02
     -6.740  0.0000E+00  0.6600E+02
     -6.717  0.0000E+00  0.6600E+02
     -6.695  0.0000E+00  0.6600E+02
     -6.673  0.0000E+00  0.6600E+02
     -6.651  0.0000E+00  0.6600E+02
     -6.629  0.0000E+00  0.6600E+02
     -6.607  0.0000E+00  0.6600E+02
     -6.585  0.0000E+00  0.6600E+02
     -6.563  0.0000E+00  0.6600E+02
     -6.541  0.0000E+00  0.6600E+02
     -6.519  0.0000E+00  0.6600E+02
     -6.497  0.0000E+00  0.6600E+02
     -6.475  0.0000E+00  0.6600E+02
     -6.453  0.0000E+00  0.6600E+02
     -6.431  0.0000E+00  0.6600E+02
     -6.409  0.0000E+00  0.6600E+02
     -6.387  0.0000E+00  0.6600E+02
     -6.365  0.0000E+00  0.6600E+02
     -6.343  0.0000E+00  0.6600E+02
     -6.321  0.0000E+00  0.6600E+02
     -6.299  0.0000E+00  0.6600E+02
     -6.276  0.0000E+00  0.6600E+02
     -6.254  0.0000E+00  0.6600E+02
     -6.232  0.0000E+00  0.6600E+02
     -6.210  0.0000E+00  0.6600E+02
     -6.188  0.0000E+00  0.6600E+02
     -6.166  0.0000E+00  0.6600E+02
     -6.144  0.0000E+00  0.6600E+02
     -6.122  0.0000E+00  0.6600E+02
     -6.100  0.0000E+00  0.6600E+02
     -6.078  0.0000E+00  0.6600E+02
     -6.056  0.0000E+00  0.6600E+02
     -6.034  0.0000E+00  0.6600E+02
     -6.012  0.0000E+00  0.6600E+02
     -5.990  0.0000E+00  0.6600E+02
     -5.968  0.0000E+00  0.6600E+02
     -5.946  0.0000E+00  0.6600E+02
     -5.924  0.0000E+00  0.6600E+02
     -5.902  0.0000E+00  0.6600E+02
     -5.880  0.0000E+00  0.6600E+02
     -5.857  0.0000E+00  0.6600E+02
     -5.835  0.0000E+00  0.6600E+02
     -5.813  0.0000E+00  0.6600E+02
     -5.791  0.0000E+00  0.6600E+02
     -5.769  0.0000E+00  0.6600E+02
     -5.747  0.0000E+00  0.6600E+02
     -5.725  0.0000E+00  0.6600E+02
     -5.703  0.0000E+00  0.6600E+02
     -5.681  0.0000E+00  0.6600E+02
     -5.659  0.0000E+00  0.6600E+02
     -5.637  0.0000E+00  0.6600E+02
     -5.615  0.0000E+00  0.6600E+02
     -5.593  0.0000E+00  0.6600E+02
     -5.571  0.0000E+00  0.6600E+02
     -5.549  0.0000E+00  0.6600E+02
     -5.527  0.0000E+00  0.6600E+02
     -5.505  0.0000E+00  0.6600E+02
     -5.483  0.0000E+00  0.6600E+02
     -5.461  0.0000E+00  0.6600E+02
     -5.438  0.0000E+00  0.6600E+02
     -5.416  0.0000E+00  0.6600E+02
     -5.394  0.0000E+00  0.6600E+02
     -5.372  0.0000E+00  0.6600E+02
     -5.350  0.0000E+00  0.6600E+02
     -5.328  0.0000E+00  0.6600E+02
     -5.306  0.0000E+00  0.6600E+02
     -5.284  0.0000E+00  0.6600E+02
     -5.262  0.0000E+00  0.6600E+02
     -5.240  0.0000E+00  0.6600E+02
     -5.218  0.0000E+00  0.6600E+02
     -5.196  0.0000E+00  0.6600E+02
     -5.174  0.0000E+00  0.6600E+02
     -5.152  0.0000E+00  0.6600E+02
     -5.130  0.0000E+00  0.6600E+02
     -5.108  0.0000E+00  0.6600E+02
     -5.086  0.0000E+00  0.6600E+02
     -5.064  0.0000E+00  0.6600E+02
     -5.042  0.0000E+00  0.6600E+02
     -5.019  0.0000E+00  0.6600E+02
     -4.997  0.0000E+00  0.6600E+02
     -4.975  0.0000E+00  0.6600E+02
     -4.953  0.0000E+00  0.6600E+02
     -4.931  0.0000E+00  0.6600E+02
     -4.909  0.0000E+00  0.6600E+02
     -4.887  0.0000E+00  0.6600E+02
     -4.865  0.0000E+00  0.6600E+02
     -4.843  0.0000E+00  0.6600E+02
     -4.821  0.0000E+00  0.6600E+02
     -4.799  0.0000E+00  0.6600E+02
     -4.777  0.0000E+00  0.6600E+02
     -4.755  0.0000E+00  0.6600E+02
     -4.733  0.0000E+00  0.6600E+02
     -4.711  0.0000E+00  0.6600E+02
     -4.689  0.0000E+00  0.6600E+02
     -4.667  0.0000E+00  0.6600E+02
     -4.645  0.0000E+00  0.6600E+02
     -4.623  0.0000E+00  0.6600E+02
     -4.601  0.0000E+00  0.6600E+02
     -4.578  0.0000E+00  0.6600E+02
     -4.556  0.0000E+00  0.6600E+02
     -4.534  0.0000E+00  0.6600E+02
     -4.512  0.0000E+00  0.6600E+02
     -4.490  0.0000E+00  0.6600E+02
     -4.468  0.0000E+00  0.6600E+02
     -4.446  0.0000E+00  0.6600E+02
     -4.424  0.0000E+00  0.6600E+02
     -4.402  0.0000E+00  0.6600E+02
     -4.380  0.0000E+00  0.6600E+02
     -4.358  0.0000E+00  0.6600E+02
     -4.336  0.0000E+00  0.6600E+02
     -4.314  0.0000E+00  0.6600E+02
     -4.292  0.0000E+00  0.6600E+02
     -4.270  0.0000E+00  0.6600E+02
     -4.248  0.0000E+00  0.6600E+02
     -4.226  0.0000E+00  0.6600E+02
     -4.204  0.0000E+00  0.6600E+02
     -4.182  0.0000E+00  0.6600E+02
     -4.159  0.0000E+00  0.6600E+02
     -4.137  0.0000E+00  0.6600E+02
     -4.115  0.0000E+00  0.6600E+02
     -4.093  0.0000E+00  0.6600E+02
     -4.071  0.0000E+00  0.6600E+02
     -4.049  0.0000E+00  0.6600E+02
     -4.027  0.0000E+00  0.6600E+02
     -4.005  0.0000E+00  0.6600E+02
     -3.983  0.0000E+00  0.6600E+02
     -3.961  0.0000E+00  0.6600E+02
     -3.939  0.0000E+00  0.6600E+02
     -3.917  0.0000E+00  0.6600E+02
     -3.895  0.0000E+00  0.6600E+02
     -3.873  0.0000E+00  0.6600E+02
     -3.851  0.0000E+00  0.6600E+02
     -3.829  0.0000E+00  0.6600E+02
     -3.807  0.0000E+00  0.6600E+02
     -3.785  0.0000E+00  0.6600E+02
     -3.763  0.0000E+00  0.6600E+02
     -3.740  0.0000E+00  0.6600E+02
     -3.718  0.0000E+00  0.6800E+02
     -3.696  0.0000E+00  0.6800E+02
     -3.674  0.0000E+00  0.6800E+02
     -3.652  0.0000E+00  0.6800E+02
     -3.630  0.0000E+00  0.6800E+02
     -3.608  0.0000E+00  0.6800E+02
     -3.586  0.0000E+00  0.6800E+02
     -3.564  0.0000E+00  0.6800E+02
     -3.542  0.0000E+00  0.6800E+02
     -3.520  0.0000E+00  0.6800E+02
     -3.498  0.0000E+00  0.6800E+02
     -3.476  0.0000E+00  0.6800E+02
     -3.454  0.0000E+00  0.6800E+02
     -3.432  0.0000E+00  0.6800E+02
     -3.410  0.0000E+00  0.6800E+02
     -3.388  0.0000E+00  0.6800E+02
     -3.366  0.0000E+00  0.6800E+02
     -3.344  0.0000E+00  0.6800E+02
     -3.322  0.0000E+00  0.6800E+02
     -3.299  0.5160E+01  0.6801E+02
     -3.277  0.7906E+02  0.6993E+02
     -3.255  0.2359E+01  0.7000E+02
     -3.233  0.1001E+02  0.7200E+02
     -3.211  0.0000E+00  0.7200E+02
     -3.189  0.0000E+00  0.7200E+02
     -3.167  0.0000E+00  0.7200E+02
     -3.145  0.0000E+00  0.7200E+02
     -3.123  0.0000E+00  0.7200E+02
     -3.101  0.0000E+00  0.7200E+02
     -3.079  0.0000E+00  0.7200E+02
     -3.057  0.0000E+00  0.7200E+02
     -3.035  0.0000E+00  0.7200E+02
     -3.013  0.0000E+00  0.7200E+02
     -2.991  0.0000E+00  0.7200E+02
     -2.969  0.0000E+00  0.7200E+02
     -2.947  0.0000E+00  0.7200E+02
     -2.925  0.0000E+00  0.7200E+02
     -2.903  0.0000E+00  0.7200E+02
     -2.880  0.0000E+00  0.7200E+02
     -2.858  0.0000E+00  0.7200E+02
     -2.836  0.0000E+00  0.7200E+02
     -2.814  0.0000E+00  0.7200E+02
     -2.792  0.0000E+00  0.7200E+02
     -2.770  0.0000E+00  0.7200E+02
     -2.748  0.0000E+00  0.7200E+02
     -2.726  0.0000E+00  0.7200E+02
     -2.704  0.0000E+00  0.7200E+02
     -2.682  0.0000E+00  0.7200E+02
     -2.660  0.0000E+00  0.7200E+02
     -2.638  0.0000E+00  0.7200E+02
     -2.616  0.0000E+00  0.7200E+02
     -2.594  0.0000E+00  0.7200E+02
     -2.572  0.0000E+00  0.7200E+02
     -2.550  0.0000E+00  0.7200E+02
     -2.528  0.0000E+00  0.7200E+02
     -2.506  0.0000E+00  0.7200E+02
     -2.484  0.0000E+00  0.7200E+02
     -2.461  0.0000E+00  0.7200E+02
     -2.439  0.0000E+00  0.7200E+02
     -2.417  0.0000E+00  0.7200E+02
     -2.395  0.0000E+00  0.7200E+02
     -2.373  0.0000E+00  0.7200E+02
     -2.351  0.0000E+00  0.7200E+02
     -2.329  0.0000E+00  0.7200E+02
     -2.307  0.0000E+00  0.7200E+02
     -2.285  0.0000E+00  0.7200E+02
     -2.263  0.0000E+00  0.7200E+02
     -2.241  0.0000E+00  0.7200E+02
     -2.219  0.0000E+00  0.7200E+02
     -2.197  0.0000E+00  0.7200E+02
     -2.175  0.0000E+00  0.7200E+02
     -2.153  0.0000E+00  0.7200E+02
     -2.131  0.0000E+00  0.7200E+02
     -2.109  0.0000E+00  0.7200E+02
     -2.087  0.0000E+00  0.7200E+02
     -2.065  0.0000E+00  0.7200E+02
     -2.042  0.0000E+00  0.7200E+02
     -2.020  0.0000E+00  0.7200E+02
     -1.998  0.0000E+00  0.7200E+02
     -1.976  0.0000E+00  0.7200E+02
     -1.954  0.0000E+00  0.7200E+02
     -1.932  0.0000E+00  0.7200E+02
     -1.910  0.0000E+00  0.7200E+02
     -1.888  0.0000E+00  0.7200E+02
     -1.866  0.0000E+00  0.7200E+02
     -1.844  0.0000E+00  0.7200E+02
     -1.822  0.0000E+00  0.7200E+02
     -1.800  0.0000E+00  0.7200E+02
     -1.778  0.0000E+00  0.7200E+02
     -1.756  0.0000E+00  0.7200E+02
     -1.734  0.0000E+00  0.7200E+02
     -1.712  0.0000E+00  0.7200E+02
     -1.690  0.0000E+00  0.7200E+02
     -1.668  0.0000E+00  0.7200E+02
     -1.646  0.0000E+00  0.7200E+02
     -1.624  0.0000E+00  0.7200E+02
     -1.601  0.0000E+00  0.7200E+02
     -1.579  0.0000E+00  0.7200E+02
     -1.557  0.0000E+00  0.7200E+02
     -1.535  0.0000E+00  0.7200E+02
     -1.513  0.0000E+00  0.7200E+02
     -1.491  0.0000E+00  0.7200E+02
     -1.469  0.0000E+00  0.7200E+02
     -1.447  0.0000E+00  0.7200E+02
     -1.425  0.0000E+00  0.7200E+02
     -1.403  0.0000E+00  0.7200E+02
     -1.381  0.0000E+00  0.7200E+02
     -1.359  0.0000E+00  0.7200E+02
     -1.337  0.0000E+00  0.7200E+02
     -1.315  0.0000E+00  0.7200E+02
     -1.293  0.0000E+00  0.7200E+02
     -1.271  0.0000E+00  0.7200E+02
     -1.249  0.0000E+00  0.7200E+02
     -1.227  0.0000E+00  0.7200E+02
     -1.205  0.0000E+00  0.7200E+02
     -1.182  0.0000E+00  0.7200E+02
     -1.160  0.0000E+00  0.7200E+02
     -1.138  0.0000E+00  0.7200E+02
     -1.116  0.0000E+00  0.7200E+02
     -1.094  0.5929E-02  0.7200E+02
     -1.072  0.7270E-01  0.7200E+02
     -1.050  0.2164E+00  0.7200E+02
     -1.028  0.4447E+00  0.7201E+02
     -1.006  0.8088E+00  0.7202E+02
     -0.984  0.1318E+01  0.7205E+02
     -0.962  0.1972E+01  0.7208E+02
     -0.940  0.2771E+01  0.7214E+02
     -0.918  0.3716E+01  0.7221E+02
     -0.896  0.4805E+01  0.7230E+02
     -0.874  0.6040E+01  0.7242E+02
     -0.852  0.7420E+01  0.7257E+02
     -0.830  0.8944E+01  0.7275E+02
     -0.808  0.1061E+02  0.7296E+02
     -0.786  0.1243E+02  0.7322E+02
     -0.763  0.1439E+02  0.7351E+02
     -0.741  0.1764E+02  0.7385E+02
     -0.719  0.3529E+02  0.7448E+02
     -0.697  0.2655E+02  0.7524E+02
     -0.675  0.2545E+02  0.7581E+02
     -0.653  0.2616E+02  0.7638E+02
     -0.631  0.2891E+02  0.7698E+02
     -0.609  0.3864E+02  0.7772E+02
     -0.587  0.5121E+02  0.7871E+02
     -0.565  0.5870E+02  0.7994E+02
     -0.543  0.5916E+02  0.8124E+02
     -0.521  0.5503E+02  0.8252E+02
     -0.499  0.4924E+02  0.8365E+02
     -0.477  0.4323E+02  0.8468E+02
     -0.455  0.3621E+02  0.8556E+02
     -0.433  0.2522E+02  0.8620E+02
     -0.411  0.2139E+02  0.8671E+02
     -0.389  0.1625E+02  0.8713E+02
     -0.367  0.1026E+02  0.8742E+02
     -0.345  0.6068E+01  0.8760E+02
     -0.322  0.5550E+01  0.8771E+02
     -0.300  0.1784E+02  0.8794E+02
     -0.278  0.4402E+02  0.8863E+02
     -0.256  0.4319E+02  0.8965E+02
     -0.234  0.4182E+02  0.9058E+02
     -0.212  0.4470E+02  0.9153E+02
     -0.190  0.4775E+02  0.9254E+02
     -0.168  0.5251E+02  0.9407E+02
     -0.146  0.5695E+02  0.9524E+02
     -0.124  0.1161E+03  0.9705E+02
     -0.102  0.7458E+02  0.9898E+02
     -0.080  0.6914E+02  0.1006E+03
     -0.058  0.6104E+02  0.1020E+03
     -0.036  0.5759E+02  0.1033E+03
     -0.014  0.5692E+02  0.1046E+03
      0.008  0.5532E+02  0.1058E+03
      0.030  0.4995E+02  0.1070E+03
      0.052  0.4500E+02  0.1080E+03
      0.074  0.4059E+02  0.1090E+03
      0.097  0.3707E+02  0.1098E+03
      0.119  0.3463E+02  0.1106E+03
      0.141  0.3303E+02  0.1114E+03
      0.163  0.3160E+02  0.1121E+03
      0.185  0.2957E+02  0.1128E+03
      0.207  0.2808E+02  0.1134E+03
      0.229  0.2664E+02  0.1140E+03
      0.251  0.2337E+02  0.1146E+03
      0.273  0.2241E+02  0.1151E+03
      0.295  0.2306E+02  0.1156E+03
      0.317  0.2381E+02  0.1161E+03
      0.339  0.2401E+02  0.1166E+03
      0.361  0.2396E+02  0.1171E+03
      0.383  0.2394E+02  0.1177E+03
      0.405  0.2390E+02  0.1182E+03
      0.427  0.2380E+02  0.1187E+03
      0.449  0.2364E+02  0.1192E+03
      0.471  0.2322E+02  0.1198E+03
      0.493  0.2243E+02  0.1203E+03
      0.516  0.2123E+02  0.1207E+03
      0.538  0.2516E+02  0.1213E+03
      0.560  0.2956E+02  0.1219E+03
      0.582  0.4153E+02  0.1226E+03
      0.604  0.4408E+02  0.1238E+03
      0.626  0.1602E+02  0.1244E+03
      0.648  0.1481E+02  0.1247E+03
      0.670  0.2485E+02  0.1252E+03
      0.692  0.2686E+02  0.1258E+03
      0.714  0.2132E+02  0.1263E+03
      0.736  0.1711E+02  0.1267E+03
      0.758  0.1792E+02  0.1271E+03
      0.780  0.2205E+02  0.1275E+03
      0.802  0.2660E+02  0.1281E+03
      0.824  0.3195E+02  0.1287E+03
      0.846  0.3065E+02  0.1294E+03
      0.868  0.2930E+02  0.1301E+03
      0.890  0.2868E+02  0.1307E+03
      0.912  0.2741E+02  0.1313E+03
      0.935  0.2609E+02  0.1319E+03
      0.957  0.2551E+02  0.1325E+03
      0.979  0.2530E+02  0.1330E+03
      1.001  0.2529E+02  0.1336E+03
      1.023  0.2495E+02  0.1341E+03
      1.045  0.2431E+02  0.1347E+03
      1.067  0.2391E+02  0.1352E+03
      1.089  0.2366E+02  0.1357E+03
      1.111  0.2356E+02  0.1363E+03
      1.133  0.2268E+02  0.1368E+03
      1.155  0.2163E+02  0.1373E+03
      1.177  0.2082E+02  0.1377E+03
      1.199  0.1960E+02  0.1382E+03
      1.221  0.1560E+02  0.1386E+03
      1.243  0.1566E+02  0.1389E+03
      1.265  0.1640E+02  0.1393E+03
      1.287  0.1778E+02  0.1397E+03
      1.309  0.1796E+02  0.1401E+03
      1.331  0.1785E+02  0.1405E+03
      1.353  0.1838E+02  0.1408E+03
      1.376  0.1897E+02  0.1413E+03
      1.398  0.1847E+02  0.1417E+03
      1.420  0.1908E+02  0.1421E+03
      1.442  0.2068E+02  0.1425E+03
      1.464  0.2302E+02  0.1430E+03
      1.486  0.2479E+02  0.1435E+03
      1.508  0.2558E+02  0.1441E+03
      1.530  0.2623E+02  0.1447E+03
      1.552  0.2700E+02  0.1452E+03
      1.574  0.2726E+02  0.1458E+03
      1.596  0.2681E+02  0.1464E+03
      1.618  0.2678E+02  0.1470E+03
      1.640  0.2932E+02  0.1476E+03
      1.662  0.3411E+02  0.1483E+03
      1.684  0.3661E+02  0.1491E+03
      1.706  0.3666E+02  0.1499E+03
      1.728  0.3639E+02  0.1507E+03
      1.750  0.3761E+02  0.1516E+03
      1.772  0.5271E+02  0.1525E+03
      1.795  0.3847E+02  0.1539E+03
      1.817  0.5025E+02  0.1549E+03
      1.839  0.4231E+02  0.1565E+03
      1.861  0.5333E+02  0.1575E+03
      1.883  0.6256E+02  0.1588E+03
      1.905  0.6638E+02  0.1602E+03
      1.927  0.6158E+02  0.1617E+03
      1.949  0.5398E+02  0.1629E+03
      1.971  0.5083E+02  0.1641E+03
      1.993  0.4635E+02  0.1652E+03
      2.015  0.4324E+02  0.1661E+03
      2.037  0.3927E+02  0.1670E+03
      2.059  0.3721E+02  0.1679E+03
      2.081  0.3572E+02  0.1687E+03
      2.103  0.3386E+02  0.1695E+03
      2.125  0.3270E+02  0.1702E+03
      2.147  0.3255E+02  0.1709E+03
      2.169  0.3512E+02  0.1717E+03
      2.191  0.3829E+02  0.1725E+03
      2.214  0.4060E+02  0.1733E+03
      2.236  0.4571E+02  0.1743E+03
      2.258  0.4548E+02  0.1753E+03
      2.280  0.4701E+02  0.1763E+03
      2.302  0.4481E+02  0.1773E+03
      2.324  0.4268E+02  0.1783E+03
      2.346  0.4518E+02  0.1793E+03
      2.368  0.5275E+02  0.1803E+03
      2.390  0.5985E+02  0.1816E+03
      2.412  0.6489E+02  0.1830E+03
      2.434  0.7172E+02  0.1845E+03
      2.456  0.7624E+02  0.1861E+03
      2.478  0.4665E+02  0.1875E+03
      2.500  0.1036E+03  0.1886E+03
      2.522  0.9351E+02  0.1908E+03
      2.544  0.1253E+03  0.1935E+03
      2.566  0.7156E+02  0.1956E+03
      2.588  0.6743E+02  0.1970E+03
      2.610  0.8788E+02  0.1987E+03
      2.632  0.1024E+03  0.2008E+03
      2.655  0.9741E+02  0.2031E+03
      2.677  0.8672E+02  0.2051E+03
      2.699  0.8306E+02  0.2069E+03
      2.721  0.8073E+02  0.2087E+03
      2.743  0.7672E+02  0.2104E+03
      2.765  0.6336E+02  0.2120E+03
      2.787  0.5272E+02  0.2133E+03
      2.809  0.5170E+02  0.2144E+03
      2.831  0.5368E+02  0.2156E+03
      2.853  0.6009E+02  0.2168E+03
      2.875  0.7979E+02  0.2184E+03
      2.897  0.5620E+02  0.2199E+03
      2.919  0.6466E+02  0.2213E+03
      2.941  0.5445E+02  0.2227E+03
      2.963  0.4723E+02  0.2238E+03
      2.985  0.5272E+02  0.2248E+03
      3.007  0.6312E+02  0.2261E+03
      3.029  0.7377E+02  0.2276E+03
      3.051  0.7736E+02  0.2293E+03
      3.074  0.6797E+02  0.2309E+03
      3.096  0.8544E+02  0.2325E+03
      3.118  0.1367E+03  0.2349E+03
      3.140  0.1370E+03  0.2381E+03
      3.162  0.8590E+02  0.2406E+03
      3.184  0.8749E+02  0.2430E+03
      3.206  0.7667E+02  0.2449E+03
      3.228  0.5492E+02  0.2463E+03
      3.250  0.4275E+02  0.2474E+03
      3.272  0.3414E+02  0.2482E+03
      3.294  0.2665E+02  0.2489E+03
      3.316  0.2015E+02  0.2494E+03
      3.338  0.1521E+02  0.2498E+03
      3.360  0.1186E+02  0.2501E+03
      3.382  0.1004E+02  0.2503E+03
      3.404  0.9517E+01  0.2505E+03
      3.426  0.1003E+02  0.2507E+03
      3.448  0.4143E+02  0.2513E+03
      3.470  0.3116E+02  0.2520E+03
      3.493  0.3157E+02  0.2527E+03
      3.515  0.4212E+02  0.2535E+03
      3.537  0.4229E+02  0.2545E+03
      3.559  0.4452E+02  0.2554E+03
      3.581  0.4653E+02  0.2565E+03
      3.603  0.2704E+02  0.2572E+03
      3.625  0.2915E+02  0.2578E+03
      3.647  0.2827E+02  0.2585E+03
      3.669  0.2233E+02  0.2590E+03
      3.691  0.1607E+02  0.2595E+03
      3.713  0.9697E+01  0.2597E+03
      3.735  0.5076E+01  0.2599E+03
      3.757  0.1965E+01  0.2600E+03
      3.779  0.3307E+00  0.2600E+03
      3.801  0.0000E+00  0.2600E+03
      3.823  0.0000E+00  0.2600E+03
      3.845  0.0000E+00  0.2600E+03
      3.867  0.3490E+01  0.2600E+03
      3.889  0.7754E+01  0.2602E+03
      3.912  0.1193E+02  0.2604E+03
      3.934  0.1512E+02  0.2607E+03
      3.956  0.1622E+02  0.2610E+03
      3.978  0.1706E+02  0.2614E+03
      4.000  0.1807E+02  0.2618E+03
      4.022  0.0000E+00  0.2620E+03
      4.044  0.0000E+00  0.2620E+03
      4.066  0.0000E+00  0.2620E+03
      4.088  0.0000E+00  0.2620E+03
      4.110  0.0000E+00  0.2620E+03
      4.132  0.0000E+00  0.2620E+03
      4.154  0.0000E+00  0.2620E+03
      4.176  0.0000E+00  0.2620E+03
      4.198  0.0000E+00  0.2620E+03
      4.220  0.0000E+00  0.2620E+03
      4.242  0.0000E+00  0.2620E+03
      4.264  0.0000E+00  0.2620E+03
      4.286  0.0000E+00  0.2620E+03
      4.308  0.0000E+00  0.2620E+03
      4.330  0.0000E+00  0.2620E+03
      4.353  0.0000E+00  0.2620E+03
      4.375  0.0000E+00  0.2620E+03
      4.397  0.0000E+00  0.2620E+03
      4.419  0.0000E+00  0.2620E+03
      4.441  0.0000E+00  0.2620E+03
      4.463  0.0000E+00  0.2620E+03
      4.485  0.0000E+00  0.2620E+03
      4.507  0.0000E+00  0.2620E+03
      4.529  0.0000E+00  0.2620E+03
      4.551  0.0000E+00  0.2620E+03
      4.573  0.0000E+00  0.2620E+03
      4.595  0.0000E+00  0.2620E+03
      4.617  0.0000E+00  0.2620E+03
      4.639  0.0000E+00  0.2620E+03
      4.661  0.0000E+00  0.2620E+03
      4.683  0.0000E+00  0.2620E+03
      4.705  0.0000E+00  0.2620E+03
      4.727  0.0000E+00  0.2620E+03
      4.749  0.0000E+00  0.2620E+03
      4.772  0.0000E+00  0.2620E+03
      4.794  0.0000E+00  0.2620E+03
      4.816  0.0000E+00  0.2620E+03
      4.838  0.0000E+00  0.2620E+03
      4.860  0.0000E+00  0.2620E+03
      4.882  0.0000E+00  0.2620E+03
      4.904  0.0000E+00  0.2620E+03
      4.926  0.0000E+00  0.2620E+03
      4.948  0.0000E+00  0.2620E+03
      4.970  0.0000E+00  0.2620E+03
      4.992  0.0000E+00  0.2620E+03
      5.014  0.0000E+00  0.2620E+03
      5.036  0.0000E+00  0.2620E+03
      5.058  0.0000E+00  0.2620E+03
      5.080  0.0000E+00  0.2620E+03
      5.102  0.0000E+00  0.2620E+03
      5.124  0.0000E+00  0.2620E+03
      5.146  0.0000E+00  0.2620E+03
      5.168  0.0000E+00  0.2620E+03
      5.191  0.0000E+00  0.2620E+03
      5.213  0.0000E+00  0.2620E+03
      5.235  0.0000E+00  0.2620E+03
      5.257  0.0000E+00  0.2620E+03
      5.279  0.0000E+00  0.2620E+03
      5.301  0.0000E+00  0.2620E+03
      5.323  0.0000E+00  0.2620E+03
      5.345  0.0000E+00  0.2620E+03
      5.367  0.0000E+00  0.2620E+03
      5.389  0.0000E+00  0.2620E+03
      5.411  0.0000E+00  0.2620E+03
      5.433  0.0000E+00  0.2620E+03
      5.455  0.0000E+00  0.2620E+03
      5.477  0.0000E+00  0.2620E+03
      5.499  0.0000E+00  0.2620E+03
      5.521  0.0000E+00  0.2620E+03
      5.543  0.0000E+00  0.2620E+03
      5.565  0.0000E+00  0.2620E+03
      5.587  0.0000E+00  0.2620E+03
      5.610  0.0000E+00  0.2620E+03
      5.632  0.0000E+00  0.2620E+03
      5.654  0.0000E+00  0.2620E+03
      5.676  0.0000E+00  0.2620E+03
      5.698  0.0000E+00  0.2620E+03
      5.720  0.0000E+00  0.2620E+03
      5.742  0.0000E+00  0.2620E+03
      5.764  0.0000E+00  0.2620E+03
      5.786  0.0000E+00  0.2620E+03
      5.808  0.0000E+00  0.2620E+03
      5.830  0.0000E+00  0.2620E+03
      5.852  0.0000E+00  0.2620E+03
      5.874  0.0000E+00  0.2620E+03
      5.896  0.0000E+00  0.2620E+03
      5.918  0.0000E+00  0.2620E+03
      5.940  0.0000E+00  0.2620E+03
      5.962  0.0000E+00  0.2620E+03
      5.984  0.0000E+00  0.2620E+03
      6.006  0.0000E+00  0.2620E+03
      6.028  0.0000E+00  0.2620E+03
      6.051  0.0000E+00  0.2620E+03
      6.073  0.0000E+00  0.2620E+03
      6.095  0.0000E+00  0.2620E+03
      6.117  0.0000E+00  0.2620E+03
      6.139  0.0000E+00  0.2620E+03
      6.161  0.0000E+00  0.2620E+03
      6.183  0.0000E+00  0.2620E+03
      6.205  0.0000E+00  0.2620E+03
      6.227  0.0000E+00  0.2620E+03
      6.249  0.0000E+00  0.2620E+03
      6.271  0.0000E+00  0.2620E+03
      6.293  0.0000E+00  0.2620E+03
      6.315  0.0000E+00  0.2620E+03
      6.337  0.0000E+00  0.2620E+03
      6.359  0.0000E+00  0.2620E+03
      6.381  0.0000E+00  0.2620E+03
      6.403  0.0000E+00  0.2620E+03
      6.425  0.0000E+00  0.2620E+03
      6.447  0.0000E+00  0.2620E+03
      6.470  0.0000E+00  0.2620E+03
      6.492  0.0000E+00  0.2620E+03
      6.514  0.0000E+00  0.2620E+03
      6.536  0.0000E+00  0.2620E+03
      6.558  0.0000E+00  0.2620E+03
      6.580  0.0000E+00  0.2620E+03
      6.602  0.0000E+00  0.2620E+03
      6.624  0.0000E+00  0.2620E+03
      6.646  0.0000E+00  0.2620E+03
      6.668  0.0000E+00  0.2620E+03
      6.690  0.0000E+00  0.2620E+03
      6.712  0.0000E+00  0.2620E+03
      6.734  0.0000E+00  0.2620E+03
      6.756  0.0000E+00  0.2620E+03
      6.778  0.0000E+00  0.2620E+03
      6.800  0.0000E+00  0.2620E+03
      6.822  0.0000E+00  0.2620E+03
      6.844  0.0000E+00  0.2620E+03
      6.866  0.0000E+00  0.2620E+03
      6.889  0.0000E+00  0.2620E+03
      6.911  0.0000E+00  0.2620E+03
      6.933  0.0000E+00  0.2620E+03
      6.955  0.0000E+00  0.2620E+03
      6.977  0.0000E+00  0.2620E+03
      6.999  0.0000E+00  0.2620E+03
      7.021  0.0000E+00  0.2620E+03
      7.043  0.0000E+00  0.2620E+03
      7.065  0.0000E+00  0.2620E+03
      7.087  0.0000E+00  0.2620E+03
      7.109  0.0000E+00  0.2620E+03
      7.131  0.0000E+00  0.2620E+03
      7.153  0.0000E+00  0.2620E+03
      7.175  0.0000E+00  0.2620E+03
      7.197  0.0000E+00  0.2620E+03
      7.219  0.0000E+00  0.2620E+03
      7.241  0.0000E+00  0.2620E+03
      7.263  0.0000E+00  0.2620E+03
      7.285  0.0000E+00  0.2620E+03
      7.307  0.0000E+00  0.2620E+03
      7.330  0.0000E+00  0.2620E+03
      7.352  0.0000E+00  0.2620E+03
      7.374  0.0000E+00  0.2620E+03
      7.396  0.0000E+00  0.2620E+03
      7.418  0.0000E+00  0.2620E+03
      7.440  0.0000E+00  0.2620E+03
      7.462  0.0000E+00  0.2620E+03
      7.484  0.0000E+00  0.2620E+03
      7.506  0.0000E+00  0.2620E+03
      7.528  0.0000E+00  0.2620E+03
      7.550  0.0000E+00  0.2620E+03
      7.572  0.0000E+00  0.2620E+03
      7.594  0.0000E+00  0.2620E+03
      7.616  0.0000E+00  0.2620E+03
      7.638  0.0000E+00  0.2620E+03
      7.660  0.0000E+00  0.2620E+03
      7.682  0.0000E+00  0.2620E+03
      7.704  0.0000E+00  0.2620E+03
      7.726  0.0000E+00  0.2620E+03
      7.749  0.0000E+00  0.2620E+03
      7.771  0.0000E+00  0.2620E+03
      7.793  0.0000E+00  0.2620E+03
      7.815  0.0000E+00  0.2620E+03
      7.837  0.0000E+00  0.2620E+03
      7.859  0.0000E+00  0.2620E+03
      7.881  0.0000E+00  0.2620E+03
      7.903  0.0000E+00  0.2620E+03
      7.925  0.0000E+00  0.2620E+03
      7.947  0.0000E+00  0.2620E+03
      7.969  0.0000E+00  0.2620E+03
      7.991  0.0000E+00  0.2620E+03
      8.013  0.0000E+00  0.2620E+03
      8.035  0.0000E+00  0.2620E+03
      8.057  0.0000E+00  0.2620E+03
      8.079  0.0000E+00  0.2620E+03
      8.101  0.0000E+00  0.2620E+03
      8.123  0.0000E+00  0.2620E+03
      8.145  0.0000E+00  0.2620E+03
      8.168  0.0000E+00  0.2620E+03
      8.190  0.0000E+00  0.2620E+03
      8.212  0.0000E+00  0.2620E+03
      8.234  0.0000E+00  0.2620E+03
      8.256  0.0000E+00  0.2620E+03
      8.278  0.0000E+00  0.2620E+03
      8.300  0.0000E+00  0.2620E+03
      8.322  0.0000E+00  0.2620E+03
      8.344  0.0000E+00  0.2620E+03
      8.366  0.0000E+00  0.2620E+03
      8.388  0.0000E+00  0.2620E+03
      8.410  0.0000E+00  0.2620E+03
      8.432  0.0000E+00  0.2620E+03
      8.454  0.0000E+00  0.2620E+03
      8.476  0.0000E+00  0.2620E+03
      8.498  0.0000E+00  0.2620E+03
      8.520  0.0000E+00  0.2620E+03
      8.542  0.0000E+00  0.2620E+03
      8.564  0.0000E+00  0.2620E+03
      8.587  0.0000E+00  0.2620E+03
      8.609  0.0000E+00  0.2620E+03
      8.631  0.0000E+00  0.2620E+03
      8.653  0.0000E+00  0.2620E+03
      8.675  0.0000E+00  0.2620E+03
      8.697  0.0000E+00  0.2620E+03
      8.719  0.0000E+00  0.2620E+03
      8.741  0.0000E+00  0.2620E+03
      8.763  0.0000E+00  0.2620E+03
      8.785  0.0000E+00  0.2620E+03
      8.807  0.0000E+00  0.2620E+03
      8.829  0.0000E+00  0.2620E+03
      8.851  0.0000E+00  0.2620E+03
      8.873  0.0000E+00  0.2620E+03
      8.895  0.0000E+00  0.2620E+03
      8.917  0.0000E+00  0.2620E+03
      8.939  0.0000E+00  0.2620E+03
      8.961  0.0000E+00  0.2620E+03
      8.983  0.0000E+00  0.2620E+03
      9.005  0.0000E+00  0.2620E+03
      9.028  0.0000E+00  0.2620E+03
      9.050  0.0000E+00  0.2620E+03
      9.072  0.0000E+00  0.2620E+03
      9.094  0.0000E+00  0.2620E+03
      9.116  0.0000E+00  0.2620E+03
      9.138  0.0000E+00  0.2620E+03
      9.160  0.0000E+00  0.2620E+03
      9.182  0.0000E+00  0.2620E+03
      9.204  0.0000E+00  0.2620E+03
      9.226  0.0000E+00  0.2620E+03
      9.248  0.0000E+00  0.2620E+03
      9.270  0.0000E+00  0.2620E+03
      9.292  0.0000E+00  0.2620E+03
      9.314  0.0000E+00  0.2620E+03
      9.336  0.0000E+00  0.2620E+03
      9.358  0.0000E+00  0.2620E+03
      9.380  0.0000E+00  0.2620E+03
      9.402  0.0000E+00  0.2620E+03
      9.424  0.0000E+00  0.2620E+03
      9.447  0.0000E+00  0.2620E+03
      9.469  0.0000E+00  0.2620E+03
      9.491  0.0000E+00  0.2620E+03
      9.513  0.0000E+00  0.2620E+03
      9.535  0.0000E+00  0.2620E+03
      9.557  0.0000E+00  0.2620E+03
      9.579  0.0000E+00  0.2620E+03
      9.601  0.0000E+00  0.2620E+03
      9.623  0.0000E+00  0.2620E+03
      9.645  0.0000E+00  0.2620E+03
      9.667  0.0000E+00  0.2620E+03
      9.689  0.0000E+00  0.2620E+03
      9.711  0.0000E+00  0.2620E+03
      9.733  0.0000E+00  0.2620E+03
      9.755  0.0000E+00  0.2620E+03
      9.777  0.0000E+00  0.2620E+03
      9.799  0.0000E+00  0.2620E+03
      9.821  0.0000E+00  0.2620E+03
      9.843  0.0000E+00  0.2620E+03
      9.866  0.0000E+00  0.2620E+03
      9.888  0.0000E+00  0.2620E+03
      9.910  0.0000E+00  0.2620E+03
      9.932  0.0000E+00  0.2620E+03
      9.954  0.0000E+00  0.2620E+03
      9.976  0.0000E+00  0.2620E+03
      9.998  0.0000E+00  0.2620E+03
     10.020  0.0000E+00  0.2620E+03
     10.042  0.0000E+00  0.2620E+03
     10.064  0.0000E+00  0.2620E+03
     10.086  0.0000E+00  0.2620E+03
     10.108  0.0000E+00  0.2620E+03
     10.130  0.0000E+00  0.2620E+03
     10.152  0.0000E+00  0.2620E+03
     10.174  0.0000E+00  0.2620E+03
     10.196  0.0000E+00  0.2620E+03
     10.218  0.0000E+00  0.2620E+03
     10.240  0.0000E+00  0.2620E+03
     10.262  0.0000E+00  0.2620E+03
     10.284  0.0000E+00  0.2620E+03
     10.307  0.0000E+00  0.2620E+03
     10.329  0.0000E+00  0.2620E+03
     10.351  0.0000E+00  0.2620E+03
     10.373  0.0000E+00  0.2620E+03
     10.395  0.0000E+00  0.2620E+03
     10.417  0.0000E+00  0.2620E+03
     10.439  0.0000E+00  0.2620E+03
     10.461  0.0000E+00  0.2620E+03
     10.483  0.0000E+00  0.2620E+03
     10.505  0.0000E+00  0.2620E+03
     10.527  0.0000E+00  0.2620E+03
     10.549  0.0000E+00  0.2620E+03
     10.571  0.3039E-03  0.2620E+03
     10.593  0.1792E-02  0.2620E+03
     10.615  0.4521E-02  0.2620E+03
     10.637  0.8489E-02  0.2620E+03
     10.659  0.1370E-01  0.2620E+03
     10.681  0.2015E-01  0.2620E+03
     10.703  0.2784E-01  0.2620E+03
     10.726  0.3677E-01  0.2620E+03
     10.748  0.4694E-01  0.2620E+03
     10.770  0.5835E-01  0.2620E+03
     10.792  0.7099E-01  0.2620E+03
     10.814  0.8488E-01  0.2620E+03
     10.836  0.1000E+00  0.2620E+03
     10.858  0.1164E+00  0.2620E+03
     10.880  0.1340E+00  0.2620E+03
     10.902  0.1528E+00  0.2620E+03
     10.924  0.1729E+00  0.2620E+03
     10.946  0.1943E+00  0.2620E+03
     10.968  0.2168E+00  0.2620E+03
     10.990  0.2407E+00  0.2620E+03
     11.012  0.2657E+00  0.2620E+03
     11.034  0.2920E+00  0.2620E+03
     11.056  0.3195E+00  0.2621E+03
     11.078  0.3483E+00  0.2621E+03
     11.100  0.3783E+00  0.2621E+03
     11.122  0.4096E+00  0.2621E+03
     11.145  0.4421E+00  0.2621E+03
     11.167  0.4758E+00  0.2621E+03
     11.189  0.5108E+00  0.2621E+03
     11.211  0.5470E+00  0.2621E+03
     11.233  0.5844E+00  0.2621E+03
     11.255  0.6231E+00  0.2621E+03
     11.277  0.6631E+00  0.2622E+03
     11.299  0.7042E+00  0.2622E+03
     11.321  0.7466E+00  0.2622E+03
     11.343  0.7903E+00  0.2622E+03
     11.365  0.8352E+00  0.2622E+03
     11.387  0.8813E+00  0.2622E+03
     11.409  0.9287E+00  0.2623E+03
     11.431  0.9773E+00  0.2623E+03
     11.453  0.1027E+01  0.2623E+03
     11.475  0.1078E+01  0.2623E+03
     11.497  0.1131E+01  0.2624E+03
     11.519  0.1184E+01  0.2624E+03
     11.541  0.1239E+01  0.2624E+03
     11.564  0.1295E+01  0.2624E+03
     11.586  0.1352E+01  0.2625E+03
     11.608  0.1411E+01  0.2625E+03
     11.630  0.1471E+01  0.2625E+03
     11.652  0.1533E+01  0.2626E+03
     11.674  0.1632E+01  0.2626E+03
     11.696  0.1783E+01  0.2626E+03
     11.718  0.2011E+01  0.2627E+03
     11.740  0.2224E+01  0.2627E+03
     11.762  0.2419E+01  0.2628E+03
     11.784  0.2596E+01  0.2628E+03
     11.806  0.2817E+01  0.2629E+03
     11.828  0.3182E+01  0.2630E+03
     11.850  0.3572E+01  0.2630E+03
     11.872  0.3932E+01  0.2631E+03
     11.894  0.4263E+01  0.2632E+03
     11.916  0.4563E+01  0.2633E+03
     11.938  0.4834E+01  0.2634E+03
     11.960  0.5076E+01  0.2635E+03
     11.982  0.5287E+01  0.2636E+03
     12.005  0.5469E+01  0.2637E+03
     12.027  0.5621E+01  0.2639E+03
     12.049  0.5743E+01  0.2640E+03
     12.071  0.5836E+01  0.2641E+03
     12.093  0.5898E+01  0.2642E+03
     12.115  0.5901E+01  0.2644E+03
     12.137  0.5172E+01  0.2645E+03
     12.159  0.4163E+01  0.2646E+03
     12.181  0.3053E+01  0.2647E+03
     12.203  0.3115E+01  0.2648E+03
     12.225  0.3171E+01  0.2648E+03
     12.247  0.3215E+01  0.2649E+03
     12.269  0.3246E+01  0.2650E+03
     12.291  0.3265E+01  0.2650E+03
     12.313  0.3272E+01  0.2651E+03
     12.335  0.3267E+01  0.2652E+03
     12.357  0.3248E+01  0.2653E+03
     12.379  0.3212E+01  0.2653E+03
     12.401  0.3159E+01  0.2654E+03
     12.424  0.3088E+01  0.2655E+03
     12.446  0.3000E+01  0.2655E+03
     12.468  0.2895E+01  0.2656E+03
     12.490  0.4267E+01  0.2657E+03
     12.512  0.7726E+01  0.2658E+03
     12.534  0.1093E+02  0.2660E+03
     12.556  0.1163E+02  0.2663E+03
     12.578  0.9805E+01  0.2665E+03
     12.600  0.7611E+01  0.2667E+03
     12.622  0.6422E+01  0.2668E+03
     12.644  0.5640E+01  0.2670E+03
     12.666  0.4932E+01  0.2671E+03
     12.688  0.4300E+01  0.2672E+03
     12.710  0.3793E+01  0.2673E+03
     12.732  0.3461E+01  0.2674E+03
     12.754  0.3266E+01  0.2674E+03
     12.776  0.3180E+01  0.2675E+03
     12.798  0.3138E+01  0.2676E+03
     12.820  0.3106E+01  0.2676E+03
     12.843  0.3079E+01  0.2677E+03
     12.865  0.3056E+01  0.2678E+03
     12.887  0.3021E+01  0.2678E+03
     12.909  0.3043E+01  0.2679E+03
     12.931  0.3368E+01  0.2680E+03
     12.953  0.3799E+01  0.2681E+03
     12.975  0.3971E+01  0.2682E+03
     12.997  0.3975E+01  0.2682E+03
     13.019  0.3978E+01  0.2683E+03
     13.041  0.3982E+01  0.2684E+03
     13.063  0.3988E+01  0.2685E+03
     13.085  0.3996E+01  0.2686E+03
     13.107  0.4008E+01  0.2687E+03
     13.129  0.4024E+01  0.2688E+03
     13.151  0.4044E+01  0.2689E+03
     13.173  0.4067E+01  0.2689E+03
     13.195  0.4094E+01  0.2690E+03
     13.217  0.4125E+01  0.2691E+03
     13.239  0.4159E+01  0.2692E+03
     13.261  0.4197E+01  0.2693E+03
     13.284  0.4239E+01  0.2694E+03
     13.306  0.4285E+01  0.2695E+03
     13.328  0.4334E+01  0.2696E+03
     13.350  0.4387E+01  0.2697E+03
     13.372  0.4446E+01  0.2698E+03
     13.394  0.4512E+01  0.2699E+03
     13.416  0.4589E+01  0.2700E+03
     13.438  0.4677E+01  0.2701E+03
     13.460  0.4775E+01  0.2702E+03
     13.482  0.4880E+01  0.2703E+03
     13.504  0.4991E+01  0.2704E+03
     13.526  0.5109E+01  0.2705E+03
     13.548  0.5234E+01  0.2706E+03
     13.570  0.5365E+01  0.2707E+03
     13.592  0.5503E+01  0.2709E+03
     13.614  0.5647E+01  0.2710E+03
     13.636  0.5797E+01  0.2711E+03
     13.658  0.5950E+01  0.2712E+03
     13.680  0.6108E+01  0.2714E+03
     13.703  0.6269E+01  0.2715E+03
     13.725  0.6433E+01  0.2717E+03
     13.747  0.6601E+01  0.2718E+03
     13.769  0.6773E+01  0.2719E+03
     13.791  0.6949E+01  0.2721E+03
     13.813  0.7128E+01  0.2723E+03
     13.835  0.7312E+01  0.2724E+03
     13.857  0.7504E+01  0.2726E+03
     13.879  0.7709E+01  0.2727E+03
     13.901  0.7925E+01  0.2729E+03
     13.923  0.8153E+01  0.2731E+03
     13.945  0.8392E+01  0.2733E+03
     13.967  0.8643E+01  0.2735E+03
     13.989  0.8905E+01  0.2737E+03
     14.011  0.9180E+01  0.2739E+03
     14.033  0.9465E+01  0.2741E+03
     14.055  0.9769E+01  0.2743E+03
     14.077  0.1047E+02  0.2745E+03
     14.099  0.1151E+02  0.2747E+03
     14.122  0.1252E+02  0.2750E+03
     14.144  0.1352E+02  0.2753E+03
     14.166  0.1465E+02  0.2756E+03
     14.188  0.1599E+02  0.2759E+03
     14.210  0.1750E+02  0.2763E+03
     14.232  0.1940E+02  0.2767E+03
     14.254  0.2138E+02  0.2772E+03
     14.276  0.2322E+02  0.2777E+03
     14.298  0.2481E+02  0.2782E+03
     14.320  0.2507E+02  0.2787E+03
     14.342  0.2404E+02  0.2793E+03
     14.364  0.2254E+02  0.2798E+03
     14.386  0.2144E+02  0.2803E+03
     14.408  0.2015E+02  0.2807E+03
     14.430  0.1839E+02  0.2812E+03
     14.452  0.1698E+02  0.2816E+03
     14.474  0.1914E+02  0.2819E+03
     14.496  0.1626E+02  0.2823E+03
     14.518  0.9062E+01  0.2826E+03
     14.541  0.2109E+02  0.2829E+03
     14.563  0.2692E+02  0.2835E+03
     14.585  0.1815E+02  0.2840E+03
     14.607  0.1308E+02  0.2843E+03
     14.629  0.1703E+02  0.2847E+03
     14.651  0.1685E+02  0.2850E+03
     14.673  0.1356E+02  0.2854E+03
     14.695  0.1218E+02  0.2856E+03
     14.717  0.1116E+02  0.2859E+03
     14.739  0.1045E+02  0.2861E+03
     14.761  0.1005E+02  0.2864E+03
     14.783  0.9851E+01  0.2866E+03
     14.805  0.9703E+01  0.2868E+03
     14.827  0.9582E+01  0.2870E+03
     14.849  0.9503E+01  0.2872E+03
     14.871  0.9507E+01  0.2874E+03
     14.893  0.9580E+01  0.2876E+03
     14.915  0.9786E+01  0.2879E+03
     14.937  0.1006E+02  0.2881E+03
     14.959  0.1035E+02  0.2883E+03
     14.982  0.1066E+02  0.2885E+03
     15.004  0.1099E+02  0.2888E+03
     15.026  0.1137E+02  0.2890E+03
     15.048  0.1180E+02  0.2893E+03
     15.070  0.1223E+02  0.2895E+03
     15.092  0.1265E+02  0.2898E+03
     15.114  0.1307E+02  0.2901E+03
     15.136  0.1349E+02  0.2904E+03
     15.158  0.1393E+02  0.2907E+03
     15.180  0.1439E+02  0.2910E+03
     15.202  0.1487E+02  0.2913E+03
     15.224  0.1537E+02  0.2917E+03
     15.246  0.1589E+02  0.2920E+03
     15.268  0.1639E+02  0.2924E+03
     15.290  0.1687E+02  0.2927E+03
     15.312  0.1735E+02  0.2931E+03
     15.334  0.1788E+02  0.2935E+03
     15.356  0.1852E+02  0.2939E+03
     15.378  0.1912E+02  0.2943E+03
     15.401  0.1966E+02  0.2947E+03
     15.423  0.2010E+02  0.2952E+03
     15.445  0.2026E+02  0.2956E+03
     15.467  0.2005E+02  0.2961E+03
     15.489  0.1961E+02  0.2965E+03
     15.511  0.1950E+02  0.2969E+03
     15.533  0.1911E+02  0.2974E+03
     15.555  0.1933E+02  0.2978E+03
     15.577  0.2066E+02  0.2982E+03
     15.599  0.2142E+02  0.2987E+03
     15.621  0.2036E+02  0.2991E+03
     15.643  0.1972E+02  0.2996E+03
     15.665  0.1871E+02  0.3000E+03
     15.687  0.1847E+02  0.3004E+03
     15.709  0.1832E+02  0.3008E+03
     15.731  0.1834E+02  0.3012E+03
     15.753  0.2154E+02  0.3017E+03
     15.775  0.2058E+02  0.3021E+03
     15.797  0.1795E+02  0.3026E+03
     15.820  0.1547E+02  0.3029E+03
     15.842  0.1344E+02  0.3033E+03
     15.864  0.1183E+02  0.3035E+03
     15.886  0.1110E+02  0.3038E+03
     15.908  0.1177E+02  0.3040E+03
     15.930  0.1448E+02  0.3043E+03
     15.952  0.1850E+02  0.3047E+03
     15.974  0.2162E+02  0.3051E+03
     15.996  0.2481E+02  0.3056E+03
     16.018  0.2756E+02  0.3062E+03
     16.040  0.2654E+02  0.3068E+03
     16.062  0.1737E+02  0.3073E+03
     16.084  0.1483E+02  0.3076E+03
     16.106  0.1466E+02  0.3080E+03
     16.128  0.1502E+02  0.3083E+03
     16.150  0.1575E+02  0.3086E+03
     16.172  0.1698E+02  0.3090E+03
     16.194  0.1888E+02  0.3094E+03
     16.216  0.2286E+02  0.3098E+03
     16.238  0.2378E+02  0.3104E+03
     16.261  0.1581E+02  0.3108E+03
     16.283  0.1796E+02  0.3112E+03
     16.305  0.2326E+02  0.3116E+03
     16.327  0.1929E+02  0.3121E+03
     16.349  0.1637E+02  0.3125E+03
     16.371  0.1520E+02  0.3128E+03
     16.393  0.1525E+02  0.3132E+03
     16.415  0.1665E+02  0.3135E+03
     16.437  0.1780E+02  0.3139E+03
     16.459  0.1419E+02  0.3143E+03
     16.481  0.1159E+02  0.3146E+03
     16.503  0.9988E+01  0.3148E+03
     16.525  0.1013E+02  0.3150E+03
     16.547  0.1124E+02  0.3152E+03
     16.569  0.1193E+02  0.3155E+03
     16.591  0.1211E+02  0.3158E+03
     16.613  0.1206E+02  0.3160E+03
     16.635  0.1220E+02  0.3163E+03
     16.657  0.1214E+02  0.3166E+03
     16.680  0.1136E+02  0.3168E+03
     16.702  0.1127E+02  0.3171E+03
     16.724  0.1200E+02  0.3173E+03
     16.746  0.1322E+02  0.3176E+03
     16.768  0.1444E+02  0.3179E+03
     16.790  0.1590E+02  0.3182E+03
     16.812  0.1770E+02  0.3186E+03
     16.834  0.1896E+02  0.3190E+03
     16.856  0.1932E+02  0.3195E+03
     16.878  0.1765E+02  0.3199E+03
     16.900  0.1637E+02  0.3202E+03
     16.922  0.1638E+02  0.3206E+03
     16.944  0.1725E+02  0.3210E+03
     16.966  0.1759E+02  0.3213E+03
     16.988  0.1732E+02  0.3217E+03
     17.010  0.1660E+02  0.3221E+03
     17.032  0.1570E+02  0.3225E+03
     17.054  0.1517E+02  0.3228E+03
     17.076  0.1485E+02  0.3231E+03
     17.099  0.1411E+02  0.3235E+03
     17.121  0.1295E+02  0.3238E+03
     17.143  0.1172E+02  0.3240E+03
     17.165  0.1054E+02  0.3243E+03
     17.187  0.9579E+01  0.3245E+03
     17.209  0.9623E+01  0.3247E+03
     17.231  0.1029E+02  0.3249E+03
     17.253  0.1094E+02  0.3252E+03
     17.275  0.1138E+02  0.3254E+03
     17.297  0.1159E+02  0.3257E+03
     17.319  0.1179E+02  0.3259E+03
     17.341  0.1212E+02  0.3262E+03
     17.363  0.1245E+02  0.3264E+03
     17.385  0.1268E+02  0.3267E+03
     17.407  0.1302E+02  0.3270E+03
     17.429  0.1347E+02  0.3273E+03
     17.451  0.1398E+02  0.3276E+03
     17.473  0.1403E+02  0.3279E+03
     17.495  0.1339E+02  0.3282E+03
     17.518  0.1222E+02  0.3285E+03
     17.540  0.1098E+02  0.3288E+03
     17.562  0.9757E+01  0.3290E+03
     17.584  0.8581E+01  0.3292E+03
     17.606  0.7141E+01  0.3294E+03
     17.628  0.7616E+01  0.3295E+03
     17.650  0.1146E+02  0.3297E+03
     17.672  0.1292E+02  0.3300E+03
     17.694  0.1404E+02  0.3303E+03
     17.716  0.1433E+02  0.3306E+03
     17.738  0.1358E+02  0.3309E+03
     17.760  0.1249E+02  0.3312E+03
     17.782  0.1147E+02  0.3315E+03
     17.804  0.1064E+02  0.3317E+03
     17.826  0.1061E+02  0.3320E+03
     17.848  0.1119E+02  0.3322E+03
     17.870  0.1234E+02  0.3324E+03
     17.892  0.1348E+02  0.3327E+03
     17.914  0.1064E+02  0.3330E+03
     17.936  0.8379E+01  0.3332E+03
     17.959  0.7188E+01  0.3334E+03
     17.981  0.6092E+01  0.3335E+03
     18.003  0.5090E+01  0.3337E+03
     18.025  0.4183E+01  0.3338E+03
     18.047  0.4408E+01  0.3338E+03
     18.069  0.7042E+01  0.3340E+03
     18.091  0.1166E+02  0.3342E+03
     18.113  0.1286E+02  0.3344E+03
     18.135  0.1248E+02  0.3347E+03
     18.157  0.1062E+02  0.3350E+03
     18.179  0.8472E+01  0.3352E+03
     18.201  0.6752E+01  0.3354E+03
     18.223  0.5369E+01  0.3355E+03
     18.245  0.4424E+01  0.3356E+03
     18.267  0.3725E+01  0.3357E+03
     18.289  0.3086E+01  0.3358E+03
     18.311  0.2507E+01  0.3358E+03
     18.333  0.1989E+01  0.3359E+03
     18.355  0.1530E+01  0.3359E+03
     18.378  0.1131E+01  0.3359E+03
     18.400  0.7925E+00  0.3360E+03
     18.422  0.5139E+00  0.3360E+03
     18.444  0.2955E+00  0.3360E+03
     18.466  0.1371E+00  0.3360E+03
     18.488  0.3879E-01  0.3360E+03
     18.510  0.5586E-03  0.3360E+03
     18.532  0.0000E+00  0.3360E+03
     18.554  0.0000E+00  0.3360E+03
     18.576  0.0000E+00  0.3360E+03
     18.598  0.0000E+00  0.3360E+03
     18.620  0.0000E+00  0.3360E+03
     18.642  0.0000E+00  0.3360E+03
     18.664  0.0000E+00  0.3360E+03
     18.686  0.0000E+00  0.3360E+03
     18.708  0.0000E+00  0.3360E+03
     18.730  0.0000E+00  0.3360E+03
     18.752  0.0000E+00  0.3360E+03
     18.774  0.0000E+00  0.3360E+03
     18.797  0.0000E+00  0.3360E+03
     18.819  0.0000E+00  0.3360E+03
     18.841  0.0000E+00  0.3360E+03
     18.863  0.0000E+00  0.3360E+03
     18.885  0.0000E+00  0.3360E+03
     18.907  0.0000E+00  0.3360E+03
     18.929  0.0000E+00  0.3360E+03
     18.951  0.0000E+00  0.3360E+03
     18.973  0.0000E+00  0.3360E+03
     18.995  0.0000E+00  0.3360E+03
     19.017  0.0000E+00  0.3360E+03
     19.039  0.0000E+00  0.3360E+03
     19.061  0.0000E+00  0.3360E+03
     19.083  0.0000E+00  0.3360E+03
     19.105  0.0000E+00  0.3360E+03
     19.127  0.0000E+00  0.3360E+03
     19.149  0.0000E+00  0.3360E+03
     19.171  0.0000E+00  0.3360E+03
     19.193  0.0000E+00  0.3360E+03
     19.215  0.0000E+00  0.3360E+03
     19.238  0.0000E+00  0.3360E+03
     19.260  0.0000E+00  0.3360E+03
     19.282  0.0000E+00  0.3360E+03
     19.304  0.0000E+00  0.3360E+03
     19.326  0.0000E+00  0.3360E+03
     19.348  0.0000E+00  0.3360E+03
     19.370  0.0000E+00  0.3360E+03
     19.392  0.0000E+00  0.3360E+03
     19.414  0.0000E+00  0.3360E+03
     19.436  0.0000E+00  0.3360E+03
     19.458  0.0000E+00  0.3360E+03
     19.480  0.0000E+00  0.3360E+03
     19.502  0.0000E+00  0.3360E+03
     19.524  0.0000E+00  0.3360E+03
     19.546  0.0000E+00  0.3360E+03
     19.568  0.0000E+00  0.3360E+03
     19.590  0.0000E+00  0.3360E+03
     19.612  0.0000E+00  0.3360E+03
     19.634  0.0000E+00  0.3360E+03
     19.657  0.0000E+00  0.3360E+03
     19.679  0.0000E+00  0.3360E+03
     19.701  0.0000E+00  0.3360E+03
     19.723  0.0000E+00  0.3360E+03
     19.745  0.0000E+00  0.3360E+03
     19.767  0.0000E+00  0.3360E+03
     19.789  0.0000E+00  0.3360E+03
     19.811  0.0000E+00  0.3360E+03
     19.833  0.0000E+00  0.3360E+03
     19.855  0.0000E+00  0.3360E+03
     19.877  0.0000E+00  0.3360E+03
     19.899  0.0000E+00  0.3360E+03
     19.921  0.0000E+00  0.3360E+03
     19.943  0.0000E+00  0.3360E+03
     19.965  0.0000E+00  0.3360E+03
     19.987  0.0000E+00  0.3360E+03
     20.009  0.0000E+00  0.3360E+03
     20.031  0.0000E+00  0.3360E+03
     20.053  0.0000E+00  0.3360E+03
     20.076  0.0000E+00  0.3360E+03
     20.098  0.0000E+00  0.3360E+03
     20.120  0.0000E+00  0.3360E+03
     20.142  0.0000E+00  0.3360E+03
     20.164  0.0000E+00  0.3360E+03
     20.186  0.0000E+00  0.3360E+03
     20.208  0.0000E+00  0.3360E+03
     20.230  0.0000E+00  0.3360E+03
     20.252  0.0000E+00  0.3360E+03
     20.274  0.0000E+00  0.3360E+03
     20.296  0.0000E+00  0.3360E+03
     20.318  0.0000E+00  0.3360E+03
     20.340  0.0000E+00  0.3360E+03
     20.362  0.0000E+00  0.3360E+03
     20.384  0.0000E+00  0.3360E+03
     20.406  0.0000E+00  0.3360E+03
     20.428  0.0000E+00  0.3360E+03
     20.450  0.0000E+00  0.3360E+03
     20.472  0.0000E+00  0.3360E+03
     20.495  0.0000E+00  0.3360E+03
     20.517  0.0000E+00  0.3360E+03


