 Energy DOS Integrated_DOS
    -25.172  0.0000E+00  0.0000E+00
    -25.149  0.0000E+00  0.0000E+00
    -25.126  0.0000E+00  0.0000E+00
    -25.104  0.0000E+00  0.0000E+00
    -25.081  0.0000E+00  0.0000E+00
    -25.058  0.0000E+00  0.0000E+00
    -25.035  0.0000E+00  0.0000E+00
    -25.013  0.0000E+00  0.0000E+00
    -24.990  0.0000E+00  0.0000E+00
    -24.967  0.0000E+00  0.0000E+00
    -24.944  0.0000E+00  0.0000E+00
    -24.921  0.0000E+00  0.0000E+00
    -24.899  0.0000E+00  0.0000E+00
    -24.876  0.0000E+00  0.0000E+00
    -24.853  0.0000E+00  0.0000E+00
    -24.830  0.0000E+00  0.0000E+00
    -24.808  0.0000E+00  0.0000E+00
    -24.785  0.0000E+00  0.0000E+00
    -24.762  0.0000E+00  0.0000E+00
    -24.739  0.0000E+00  0.0000E+00
    -24.716  0.0000E+00  0.0000E+00
    -24.694  0.0000E+00  0.0000E+00
    -24.671  0.0000E+00  0.0000E+00
    -24.648  0.0000E+00  0.0000E+00
    -24.625  0.0000E+00  0.0000E+00
    -24.603  0.0000E+00  0.0000E+00
    -24.580  0.0000E+00  0.0000E+00
    -24.557  0.0000E+00  0.0000E+00
    -24.534  0.0000E+00  0.0000E+00
    -24.512  0.0000E+00  0.0000E+00
    -24.489  0.0000E+00  0.0000E+00
    -24.466  0.0000E+00  0.0000E+00
    -24.443  0.0000E+00  0.0000E+00
    -24.420  0.0000E+00  0.0000E+00
    -24.398  0.0000E+00  0.0000E+00
    -24.375  0.0000E+00  0.0000E+00
    -24.352  0.0000E+00  0.0000E+00
    -24.329  0.0000E+00  0.0000E+00
    -24.307  0.0000E+00  0.0000E+00
    -24.284  0.0000E+00  0.0000E+00
    -24.261  0.0000E+00  0.0000E+00
    -24.238  0.0000E+00  0.0000E+00
    -24.216  0.0000E+00  0.0000E+00
    -24.193  0.0000E+00  0.0000E+00
    -24.170  0.0000E+00  0.0000E+00
    -24.147  0.0000E+00  0.0000E+00
    -24.124  0.0000E+00  0.0000E+00
    -24.102  0.0000E+00  0.0000E+00
    -24.079  0.0000E+00  0.0000E+00
    -24.056  0.0000E+00  0.0000E+00
    -24.033  0.0000E+00  0.0000E+00
    -24.011  0.0000E+00  0.0000E+00
    -23.988  0.0000E+00  0.0000E+00
    -23.965  0.0000E+00  0.0000E+00
    -23.942  0.0000E+00  0.0000E+00
    -23.920  0.0000E+00  0.0000E+00
    -23.897  0.0000E+00  0.0000E+00
    -23.874  0.0000E+00  0.0000E+00
    -23.851  0.0000E+00  0.0000E+00
    -23.828  0.0000E+00  0.0000E+00
    -23.806  0.0000E+00  0.0000E+00
    -23.783  0.0000E+00  0.0000E+00
    -23.760  0.0000E+00  0.0000E+00
    -23.737  0.0000E+00  0.0000E+00
    -23.715  0.0000E+00  0.0000E+00
    -23.692  0.0000E+00  0.0000E+00
    -23.669  0.0000E+00  0.0000E+00
    -23.646  0.0000E+00  0.0000E+00
    -23.623  0.0000E+00  0.0000E+00
    -23.601  0.0000E+00  0.0000E+00
    -23.578  0.0000E+00  0.0000E+00
    -23.555  0.0000E+00  0.0000E+00
    -23.532  0.0000E+00  0.0000E+00
    -23.510  0.0000E+00  0.0000E+00
    -23.487  0.0000E+00  0.0000E+00
    -23.464  0.0000E+00  0.0000E+00
    -23.441  0.0000E+00  0.0000E+00
    -23.419  0.0000E+00  0.0000E+00
    -23.396  0.0000E+00  0.0000E+00
    -23.373  0.0000E+00  0.0000E+00
    -23.350  0.0000E+00  0.0000E+00
    -23.327  0.0000E+00  0.0000E+00
    -23.305  0.0000E+00  0.0000E+00
    -23.282  0.0000E+00  0.0000E+00
    -23.259  0.0000E+00  0.0000E+00
    -23.236  0.0000E+00  0.0000E+00
    -23.214  0.0000E+00  0.0000E+00
    -23.191  0.0000E+00  0.0000E+00
    -23.168  0.0000E+00  0.0000E+00
    -23.145  0.0000E+00  0.0000E+00
    -23.123  0.0000E+00  0.0000E+00
    -23.100  0.0000E+00  0.2000E+01
    -23.077  0.0000E+00  0.2000E+01
    -23.054  0.0000E+00  0.2000E+01
    -23.031  0.0000E+00  0.2000E+01
    -23.009  0.0000E+00  0.2000E+01
    -22.986  0.0000E+00  0.2000E+01
    -22.963  0.0000E+00  0.2000E+01
    -22.940  0.0000E+00  0.2000E+01
    -22.918  0.0000E+00  0.2000E+01
    -22.895  0.0000E+00  0.2000E+01
    -22.872  0.0000E+00  0.2000E+01
    -22.849  0.0000E+00  0.2000E+01
    -22.827  0.0000E+00  0.2000E+01
    -22.804  0.0000E+00  0.2000E+01
    -22.781  0.0000E+00  0.2000E+01
    -22.758  0.0000E+00  0.2000E+01
    -22.735  0.0000E+00  0.2000E+01
    -22.713  0.0000E+00  0.2000E+01
    -22.690  0.0000E+00  0.2000E+01
    -22.667  0.0000E+00  0.2000E+01
    -22.644  0.0000E+00  0.2000E+01
    -22.622  0.0000E+00  0.2000E+01
    -22.599  0.0000E+00  0.2000E+01
    -22.576  0.0000E+00  0.2000E+01
    -22.553  0.0000E+00  0.2000E+01
    -22.530  0.0000E+00  0.2000E+01
    -22.508  0.0000E+00  0.2000E+01
    -22.485  0.0000E+00  0.2000E+01
    -22.462  0.0000E+00  0.2000E+01
    -22.439  0.0000E+00  0.2000E+01
    -22.417  0.0000E+00  0.2000E+01
    -22.394  0.0000E+00  0.2000E+01
    -22.371  0.0000E+00  0.2000E+01
    -22.348  0.0000E+00  0.2000E+01
    -22.326  0.0000E+00  0.2000E+01
    -22.303  0.0000E+00  0.2000E+01
    -22.280  0.0000E+00  0.2000E+01
    -22.257  0.0000E+00  0.2000E+01
    -22.234  0.0000E+00  0.2000E+01
    -22.212  0.0000E+00  0.2000E+01
    -22.189  0.0000E+00  0.2000E+01
    -22.166  0.0000E+00  0.2000E+01
    -22.143  0.0000E+00  0.2000E+01
    -22.121  0.0000E+00  0.2000E+01
    -22.098  0.0000E+00  0.2000E+01
    -22.075  0.0000E+00  0.2000E+01
    -22.052  0.0000E+00  0.2000E+01
    -22.030  0.0000E+00  0.2000E+01
    -22.007  0.0000E+00  0.2000E+01
    -21.984  0.0000E+00  0.2000E+01
    -21.961  0.0000E+00  0.2000E+01
    -21.938  0.0000E+00  0.2000E+01
    -21.916  0.0000E+00  0.2000E+01
    -21.893  0.0000E+00  0.2000E+01
    -21.870  0.0000E+00  0.2000E+01
    -21.847  0.0000E+00  0.2000E+01
    -21.825  0.0000E+00  0.2000E+01
    -21.802  0.0000E+00  0.2000E+01
    -21.779  0.0000E+00  0.2000E+01
    -21.756  0.0000E+00  0.2000E+01
    -21.734  0.0000E+00  0.2000E+01
    -21.711  0.0000E+00  0.2000E+01
    -21.688  0.0000E+00  0.2000E+01
    -21.665  0.0000E+00  0.2000E+01
    -21.642  0.0000E+00  0.2000E+01
    -21.620  0.0000E+00  0.2000E+01
    -21.597  0.0000E+00  0.2000E+01
    -21.574  0.0000E+00  0.2000E+01
    -21.551  0.0000E+00  0.2000E+01
    -21.529  0.0000E+00  0.2000E+01
    -21.506  0.0000E+00  0.2000E+01
    -21.483  0.0000E+00  0.2000E+01
    -21.460  0.0000E+00  0.2000E+01
    -21.437  0.0000E+00  0.2000E+01
    -21.415  0.0000E+00  0.2000E+01
    -21.392  0.0000E+00  0.2000E+01
    -21.369  0.0000E+00  0.2000E+01
    -21.346  0.0000E+00  0.2000E+01
    -21.324  0.0000E+00  0.2000E+01
    -21.301  0.0000E+00  0.2000E+01
    -21.278  0.0000E+00  0.2000E+01
    -21.255  0.0000E+00  0.2000E+01
    -21.233  0.0000E+00  0.2000E+01
    -21.210  0.0000E+00  0.2000E+01
    -21.187  0.0000E+00  0.2000E+01
    -21.164  0.0000E+00  0.2000E+01
    -21.141  0.0000E+00  0.2000E+01
    -21.119  0.0000E+00  0.2000E+01
    -21.096  0.0000E+00  0.2000E+01
    -21.073  0.0000E+00  0.2000E+01
    -21.050  0.0000E+00  0.2000E+01
    -21.028  0.0000E+00  0.2000E+01
    -21.005  0.0000E+00  0.2000E+01
    -20.982  0.0000E+00  0.2000E+01
    -20.959  0.0000E+00  0.2000E+01
    -20.937  0.0000E+00  0.2000E+01
    -20.914  0.0000E+00  0.2000E+01
    -20.891  0.0000E+00  0.2000E+01
    -20.868  0.0000E+00  0.2000E+01
    -20.845  0.0000E+00  0.2000E+01
    -20.823  0.0000E+00  0.2000E+01
    -20.800  0.0000E+00  0.2000E+01
    -20.777  0.0000E+00  0.2000E+01
    -20.754  0.0000E+00  0.2000E+01
    -20.732  0.0000E+00  0.2000E+01
    -20.709  0.0000E+00  0.2000E+01
    -20.686  0.0000E+00  0.2000E+01
    -20.663  0.0000E+00  0.2000E+01
    -20.641  0.0000E+00  0.2000E+01
    -20.618  0.0000E+00  0.2000E+01
    -20.595  0.0000E+00  0.2000E+01
    -20.572  0.0000E+00  0.2000E+01
    -20.549  0.0000E+00  0.2000E+01
    -20.527  0.0000E+00  0.2000E+01
    -20.504  0.0000E+00  0.2000E+01
    -20.481  0.0000E+00  0.2000E+01
    -20.458  0.0000E+00  0.2000E+01
    -20.436  0.0000E+00  0.2000E+01
    -20.413  0.0000E+00  0.2000E+01
    -20.390  0.0000E+00  0.2000E+01
    -20.367  0.0000E+00  0.2000E+01
    -20.344  0.0000E+00  0.2000E+01
    -20.322  0.0000E+00  0.2000E+01
    -20.299  0.0000E+00  0.2000E+01
    -20.276  0.0000E+00  0.2000E+01
    -20.253  0.0000E+00  0.2000E+01
    -20.231  0.0000E+00  0.2000E+01
    -20.208  0.0000E+00  0.2000E+01
    -20.185  0.0000E+00  0.2000E+01
    -20.162  0.0000E+00  0.2000E+01
    -20.140  0.0000E+00  0.2000E+01
    -20.117  0.0000E+00  0.2000E+01
    -20.094  0.0000E+00  0.2000E+01
    -20.071  0.0000E+00  0.2000E+01
    -20.048  0.0000E+00  0.2000E+01
    -20.026  0.0000E+00  0.2000E+01
    -20.003  0.0000E+00  0.2000E+01
    -19.980  0.0000E+00  0.2000E+01
    -19.957  0.0000E+00  0.2000E+01
    -19.935  0.0000E+00  0.2000E+01
    -19.912  0.0000E+00  0.2000E+01
    -19.889  0.0000E+00  0.2000E+01
    -19.866  0.0000E+00  0.2000E+01
    -19.844  0.0000E+00  0.2000E+01
    -19.821  0.0000E+00  0.2000E+01
    -19.798  0.0000E+00  0.2000E+01
    -19.775  0.0000E+00  0.2000E+01
    -19.752  0.0000E+00  0.2000E+01
    -19.730  0.0000E+00  0.2000E+01
    -19.707  0.0000E+00  0.2000E+01
    -19.684  0.0000E+00  0.2000E+01
    -19.661  0.0000E+00  0.2000E+01
    -19.639  0.0000E+00  0.2000E+01
    -19.616  0.0000E+00  0.2000E+01
    -19.593  0.0000E+00  0.2000E+01
    -19.570  0.0000E+00  0.2000E+01
    -19.548  0.0000E+00  0.2000E+01
    -19.525  0.0000E+00  0.2000E+01
    -19.502  0.0000E+00  0.2000E+01
    -19.479  0.0000E+00  0.2000E+01
    -19.456  0.0000E+00  0.2000E+01
    -19.434  0.0000E+00  0.2000E+01
    -19.411  0.0000E+00  0.2000E+01
    -19.388  0.0000E+00  0.2000E+01
    -19.365  0.0000E+00  0.2000E+01
    -19.343  0.0000E+00  0.2000E+01
    -19.320  0.0000E+00  0.2000E+01
    -19.297  0.0000E+00  0.2000E+01
    -19.274  0.0000E+00  0.2000E+01
    -19.251  0.0000E+00  0.2000E+01
    -19.229  0.0000E+00  0.2000E+01
    -19.206  0.0000E+00  0.2000E+01
    -19.183  0.0000E+00  0.2000E+01
    -19.160  0.0000E+00  0.2000E+01
    -19.138  0.0000E+00  0.2000E+01
    -19.115  0.0000E+00  0.2000E+01
    -19.092  0.0000E+00  0.2000E+01
    -19.069  0.0000E+00  0.2000E+01
    -19.047  0.0000E+00  0.2000E+01
    -19.024  0.0000E+00  0.2000E+01
    -19.001  0.0000E+00  0.2000E+01
    -18.978  0.0000E+00  0.2000E+01
    -18.955  0.0000E+00  0.2000E+01
    -18.933  0.0000E+00  0.2000E+01
    -18.910  0.0000E+00  0.2000E+01
    -18.887  0.0000E+00  0.2000E+01
    -18.864  0.0000E+00  0.2000E+01
    -18.842  0.0000E+00  0.2000E+01
    -18.819  0.0000E+00  0.2000E+01
    -18.796  0.0000E+00  0.2000E+01
    -18.773  0.0000E+00  0.2000E+01
    -18.751  0.0000E+00  0.2000E+01
    -18.728  0.0000E+00  0.2000E+01
    -18.705  0.0000E+00  0.2000E+01
    -18.682  0.0000E+00  0.2000E+01
    -18.659  0.0000E+00  0.2000E+01
    -18.637  0.0000E+00  0.2000E+01
    -18.614  0.0000E+00  0.2000E+01
    -18.591  0.0000E+00  0.2000E+01
    -18.568  0.0000E+00  0.2000E+01
    -18.546  0.0000E+00  0.2000E+01
    -18.523  0.0000E+00  0.2000E+01
    -18.500  0.0000E+00  0.2000E+01
    -18.477  0.0000E+00  0.2000E+01
    -18.455  0.0000E+00  0.2000E+01
    -18.432  0.0000E+00  0.2000E+01
    -18.409  0.0000E+00  0.2000E+01
    -18.386  0.0000E+00  0.2000E+01
    -18.363  0.0000E+00  0.2000E+01
    -18.341  0.0000E+00  0.2000E+01
    -18.318  0.0000E+00  0.2000E+01
    -18.295  0.0000E+00  0.2000E+01
    -18.272  0.0000E+00  0.2000E+01
    -18.250  0.0000E+00  0.2000E+01
    -18.227  0.0000E+00  0.2000E+01
    -18.204  0.0000E+00  0.2000E+01
    -18.181  0.0000E+00  0.2000E+01
    -18.158  0.0000E+00  0.2000E+01
    -18.136  0.0000E+00  0.2000E+01
    -18.113  0.0000E+00  0.2000E+01
    -18.090  0.0000E+00  0.2000E+01
    -18.067  0.0000E+00  0.2000E+01
    -18.045  0.0000E+00  0.2000E+01
    -18.022  0.0000E+00  0.2000E+01
    -17.999  0.0000E+00  0.2000E+01
    -17.976  0.0000E+00  0.2000E+01
    -17.954  0.0000E+00  0.2000E+01
    -17.931  0.0000E+00  0.2000E+01
    -17.908  0.0000E+00  0.2000E+01
    -17.885  0.0000E+00  0.2000E+01
    -17.862  0.0000E+00  0.2000E+01
    -17.840  0.0000E+00  0.2000E+01
    -17.817  0.0000E+00  0.2000E+01
    -17.794  0.0000E+00  0.2000E+01
    -17.771  0.0000E+00  0.2000E+01
    -17.749  0.0000E+00  0.2000E+01
    -17.726  0.0000E+00  0.2000E+01
    -17.703  0.0000E+00  0.2000E+01
    -17.680  0.0000E+00  0.2000E+01
    -17.658  0.0000E+00  0.2000E+01
    -17.635  0.0000E+00  0.2000E+01
    -17.612  0.0000E+00  0.2000E+01
    -17.589  0.0000E+00  0.2000E+01
    -17.566  0.0000E+00  0.2000E+01
    -17.544  0.0000E+00  0.2000E+01
    -17.521  0.0000E+00  0.2000E+01
    -17.498  0.0000E+00  0.2000E+01
    -17.475  0.0000E+00  0.2000E+01
    -17.453  0.0000E+00  0.2000E+01
    -17.430  0.0000E+00  0.2000E+01
    -17.407  0.0000E+00  0.2000E+01
    -17.384  0.0000E+00  0.2000E+01
    -17.362  0.0000E+00  0.2000E+01
    -17.339  0.0000E+00  0.2000E+01
    -17.316  0.0000E+00  0.2000E+01
    -17.293  0.0000E+00  0.2000E+01
    -17.270  0.0000E+00  0.2000E+01
    -17.248  0.0000E+00  0.2000E+01
    -17.225  0.0000E+00  0.2000E+01
    -17.202  0.0000E+00  0.2000E+01
    -17.179  0.0000E+00  0.2000E+01
    -17.157  0.0000E+00  0.2000E+01
    -17.134  0.0000E+00  0.2000E+01
    -17.111  0.0000E+00  0.2000E+01
    -17.088  0.0000E+00  0.2000E+01
    -17.065  0.0000E+00  0.2000E+01
    -17.043  0.0000E+00  0.2000E+01
    -17.020  0.0000E+00  0.2000E+01
    -16.997  0.0000E+00  0.2000E+01
    -16.974  0.0000E+00  0.2000E+01
    -16.952  0.0000E+00  0.2000E+01
    -16.929  0.0000E+00  0.2000E+01
    -16.906  0.0000E+00  0.2000E+01
    -16.883  0.0000E+00  0.2000E+01
    -16.861  0.0000E+00  0.2000E+01
    -16.838  0.0000E+00  0.2000E+01
    -16.815  0.0000E+00  0.2000E+01
    -16.792  0.0000E+00  0.2000E+01
    -16.769  0.0000E+00  0.2000E+01
    -16.747  0.0000E+00  0.2000E+01
    -16.724  0.0000E+00  0.2000E+01
    -16.701  0.0000E+00  0.2000E+01
    -16.678  0.0000E+00  0.2000E+01
    -16.656  0.0000E+00  0.2000E+01
    -16.633  0.0000E+00  0.2000E+01
    -16.610  0.0000E+00  0.2000E+01
    -16.587  0.0000E+00  0.2000E+01
    -16.565  0.0000E+00  0.2000E+01
    -16.542  0.0000E+00  0.2000E+01
    -16.519  0.0000E+00  0.2000E+01
    -16.496  0.0000E+00  0.2000E+01
    -16.473  0.0000E+00  0.2000E+01
    -16.451  0.0000E+00  0.2000E+01
    -16.428  0.0000E+00  0.2000E+01
    -16.405  0.0000E+00  0.2000E+01
    -16.382  0.0000E+00  0.2000E+01
    -16.360  0.0000E+00  0.2000E+01
    -16.337  0.0000E+00  0.2000E+01
    -16.314  0.0000E+00  0.2000E+01
    -16.291  0.0000E+00  0.2000E+01
    -16.269  0.0000E+00  0.2000E+01
    -16.246  0.0000E+00  0.2000E+01
    -16.223  0.0000E+00  0.2000E+01
    -16.200  0.0000E+00  0.2000E+01
    -16.177  0.0000E+00  0.2000E+01
    -16.155  0.0000E+00  0.2000E+01
    -16.132  0.0000E+00  0.2000E+01
    -16.109  0.0000E+00  0.2000E+01
    -16.086  0.0000E+00  0.2000E+01
    -16.064  0.0000E+00  0.2000E+01
    -16.041  0.0000E+00  0.2000E+01
    -16.018  0.0000E+00  0.2000E+01
    -15.995  0.0000E+00  0.2000E+01
    -15.972  0.0000E+00  0.2000E+01
    -15.950  0.0000E+00  0.2000E+01
    -15.927  0.0000E+00  0.2000E+01
    -15.904  0.0000E+00  0.2000E+01
    -15.881  0.0000E+00  0.2000E+01
    -15.859  0.0000E+00  0.2000E+01
    -15.836  0.0000E+00  0.2000E+01
    -15.813  0.0000E+00  0.2000E+01
    -15.790  0.0000E+00  0.2000E+01
    -15.768  0.0000E+00  0.2000E+01
    -15.745  0.0000E+00  0.2000E+01
    -15.722  0.0000E+00  0.2000E+01
    -15.699  0.0000E+00  0.2000E+01
    -15.676  0.0000E+00  0.2000E+01
    -15.654  0.0000E+00  0.2000E+01
    -15.631  0.0000E+00  0.2000E+01
    -15.608  0.0000E+00  0.2000E+01
    -15.585  0.0000E+00  0.2000E+01
    -15.563  0.0000E+00  0.2000E+01
    -15.540  0.0000E+00  0.2000E+01
    -15.517  0.0000E+00  0.2000E+01
    -15.494  0.0000E+00  0.2000E+01
    -15.472  0.0000E+00  0.2000E+01
    -15.449  0.0000E+00  0.2000E+01
    -15.426  0.0000E+00  0.2000E+01
    -15.403  0.0000E+00  0.2000E+01
    -15.380  0.0000E+00  0.2000E+01
    -15.358  0.0000E+00  0.2000E+01
    -15.335  0.0000E+00  0.2000E+01
    -15.312  0.0000E+00  0.2000E+01
    -15.289  0.0000E+00  0.2000E+01
    -15.267  0.0000E+00  0.2000E+01
    -15.244  0.0000E+00  0.2000E+01
    -15.221  0.0000E+00  0.2000E+01
    -15.198  0.0000E+00  0.2000E+01
    -15.176  0.0000E+00  0.2000E+01
    -15.153  0.0000E+00  0.2000E+01
    -15.130  0.0000E+00  0.2000E+01
    -15.107  0.0000E+00  0.2000E+01
    -15.084  0.0000E+00  0.2000E+01
    -15.062  0.2670E-01  0.2000E+01
    -15.039  0.4292E+00  0.2004E+01
    -15.016  0.1315E+01  0.2023E+01
    -14.993  0.2685E+01  0.2068E+01
    -14.971  0.4538E+01  0.2149E+01
    -14.948  0.6875E+01  0.2278E+01
    -14.925  0.9902E+01  0.2466E+01
    -14.902  0.1571E+02  0.2757E+01
    -14.879  0.2095E+02  0.3181E+01
    -14.857  0.1875E+02  0.3651E+01
    -14.834  0.1038E+02  0.3995E+01
    -14.811  0.7327E+01  0.4174E+01
    -14.788  0.9905E+01  0.4372E+01
    -14.766  0.1167E+02  0.4619E+01
    -14.743  0.1263E+02  0.4897E+01
    -14.720  0.1278E+02  0.5188E+01
    -14.697  0.1188E+02  0.5472E+01
    -14.675  0.9321E+01  0.5714E+01
    -14.652  0.8358E+01  0.5913E+01
    -14.629  0.8723E+01  0.6105E+01
    -14.606  0.1005E+02  0.6314E+01
    -14.583  0.1238E+02  0.6573E+01
    -14.561  0.1377E+02  0.6870E+01
    -14.538  0.1742E+02  0.7216E+01
    -14.515  0.2210E+02  0.7670E+01
    -14.492  0.2437E+02  0.8204E+01
    -14.470  0.2409E+02  0.8762E+01
    -14.447  0.1990E+02  0.9270E+01
    -14.424  0.1369E+02  0.9649E+01
    -14.401  0.7799E+01  0.9896E+01
    -14.379  0.3629E+01  0.1002E+02
    -14.356  0.4386E+01  0.1010E+02
    -14.333  0.7907E+01  0.1024E+02
    -14.310  0.1246E+02  0.1047E+02
    -14.287  0.1848E+02  0.1081E+02
    -14.265  0.2774E+02  0.1133E+02
    -14.242  0.2958E+02  0.1202E+02
    -14.219  0.3175E+02  0.1271E+02
    -14.196  0.3624E+02  0.1348E+02
    -14.174  0.5831E+02  0.1454E+02
    -14.151  0.2470E+02  0.1515E+02
    -14.128  0.4428E+02  0.1588E+02
    -14.105  0.4614E+02  0.1687E+02
    -14.083  0.1698E+02  0.1764E+02
    -14.060  0.7988E+02  0.1822E+02
    -14.037  0.3763E+02  0.1955E+02
    -14.014  0.3873E+02  0.2038E+02
    -13.991  0.1987E+02  0.2104E+02
    -13.969  0.2215E+02  0.2147E+02
    -13.946  0.5329E+02  0.2244E+02
    -13.923  0.4558E+02  0.2344E+02
    -13.900  0.4168E+02  0.2448E+02
    -13.878  0.2445E+02  0.2522E+02
    -13.855  0.1323E+02  0.2564E+02
    -13.832  0.5585E+02  0.2672E+02
    -13.809  0.1725E+02  0.2746E+02
    -13.786  0.5779E+02  0.2813E+02
    -13.764  0.5535E+02  0.2940E+02
    -13.741  0.5356E+02  0.3051E+02
    -13.718  0.7687E+02  0.3226E+02
    -13.695  0.1072E+03  0.3428E+02
    -13.673  0.7474E+02  0.3647E+02
    -13.650  0.5114E+02  0.3786E+02
    -13.627  0.8074E+02  0.3906E+02
    -13.604  0.3180E+02  0.4042E+02
    -13.582  0.6140E+02  0.4129E+02
    -13.559  0.6836E+02  0.4305E+02
    -13.536  0.7370E+02  0.4479E+02
    -13.513  0.7836E+02  0.4651E+02
    -13.490  0.1118E+03  0.4848E+02
    -13.468  0.4639E+02  0.5028E+02
    -13.445  0.3817E+02  0.5198E+02
    -13.422  0.4997E+02  0.5352E+02
    -13.399  0.7392E+02  0.5488E+02
    -13.377  0.1021E+03  0.5696E+02
    -13.354  0.1017E+03  0.5926E+02
    -13.331  0.9217E+02  0.6155E+02
    -13.308  0.1302E+03  0.6312E+02
    -13.286  0.0000E+00  0.6400E+02
    -13.263  0.0000E+00  0.6400E+02
    -13.240  0.0000E+00  0.6400E+02
    -13.217  0.0000E+00  0.6400E+02
    -13.194  0.0000E+00  0.6400E+02
    -13.172  0.0000E+00  0.6400E+02
    -13.149  0.0000E+00  0.6400E+02
    -13.126  0.0000E+00  0.6400E+02
    -13.103  0.0000E+00  0.6400E+02
    -13.081  0.0000E+00  0.6400E+02
    -13.058  0.7851E+00  0.6400E+02
    -13.035  0.6693E+02  0.6569E+02
    -13.012  0.0000E+00  0.6600E+02
    -12.990  0.0000E+00  0.6600E+02
    -12.967  0.0000E+00  0.6600E+02
    -12.944  0.0000E+00  0.6600E+02
    -12.921  0.0000E+00  0.6600E+02
    -12.898  0.0000E+00  0.6600E+02
    -12.876  0.0000E+00  0.6600E+02
    -12.853  0.0000E+00  0.6600E+02
    -12.830  0.0000E+00  0.6600E+02
    -12.807  0.0000E+00  0.6600E+02
    -12.785  0.0000E+00  0.6600E+02
    -12.762  0.0000E+00  0.6600E+02
    -12.739  0.0000E+00  0.6600E+02
    -12.716  0.0000E+00  0.6600E+02
    -12.693  0.0000E+00  0.6600E+02
    -12.671  0.0000E+00  0.6600E+02
    -12.648  0.0000E+00  0.6600E+02
    -12.625  0.0000E+00  0.6600E+02
    -12.602  0.0000E+00  0.6600E+02
    -12.580  0.0000E+00  0.6600E+02
    -12.557  0.0000E+00  0.6600E+02
    -12.534  0.0000E+00  0.6600E+02
    -12.511  0.0000E+00  0.6600E+02
    -12.489  0.0000E+00  0.6600E+02
    -12.466  0.0000E+00  0.6600E+02
    -12.443  0.0000E+00  0.6600E+02
    -12.420  0.0000E+00  0.6600E+02
    -12.397  0.0000E+00  0.6600E+02
    -12.375  0.0000E+00  0.6600E+02
    -12.352  0.0000E+00  0.6600E+02
    -12.329  0.0000E+00  0.6600E+02
    -12.306  0.0000E+00  0.6600E+02
    -12.284  0.0000E+00  0.6600E+02
    -12.261  0.0000E+00  0.6600E+02
    -12.238  0.0000E+00  0.6600E+02
    -12.215  0.0000E+00  0.6600E+02
    -12.193  0.0000E+00  0.6600E+02
    -12.170  0.0000E+00  0.6600E+02
    -12.147  0.0000E+00  0.6600E+02
    -12.124  0.0000E+00  0.6600E+02
    -12.101  0.0000E+00  0.6600E+02
    -12.079  0.0000E+00  0.6600E+02
    -12.056  0.0000E+00  0.6600E+02
    -12.033  0.0000E+00  0.6600E+02
    -12.010  0.0000E+00  0.6600E+02
    -11.988  0.0000E+00  0.6600E+02
    -11.965  0.0000E+00  0.6600E+02
    -11.942  0.0000E+00  0.6600E+02
    -11.919  0.0000E+00  0.6600E+02
    -11.897  0.0000E+00  0.6600E+02
    -11.874  0.0000E+00  0.6600E+02
    -11.851  0.0000E+00  0.6600E+02
    -11.828  0.0000E+00  0.6600E+02
    -11.805  0.0000E+00  0.6600E+02
    -11.783  0.0000E+00  0.6600E+02
    -11.760  0.0000E+00  0.6600E+02
    -11.737  0.0000E+00  0.6600E+02
    -11.714  0.0000E+00  0.6600E+02
    -11.692  0.0000E+00  0.6600E+02
    -11.669  0.0000E+00  0.6600E+02
    -11.646  0.0000E+00  0.6600E+02
    -11.623  0.0000E+00  0.6600E+02
    -11.600  0.0000E+00  0.6600E+02
    -11.578  0.0000E+00  0.6600E+02
    -11.555  0.0000E+00  0.6600E+02
    -11.532  0.0000E+00  0.6600E+02
    -11.509  0.0000E+00  0.6600E+02
    -11.487  0.0000E+00  0.6600E+02
    -11.464  0.0000E+00  0.6600E+02
    -11.441  0.0000E+00  0.6600E+02
    -11.418  0.0000E+00  0.6600E+02
    -11.396  0.0000E+00  0.6600E+02
    -11.373  0.0000E+00  0.6600E+02
    -11.350  0.0000E+00  0.6600E+02
    -11.327  0.0000E+00  0.6600E+02
    -11.304  0.0000E+00  0.6600E+02
    -11.282  0.0000E+00  0.6600E+02
    -11.259  0.0000E+00  0.6600E+02
    -11.236  0.0000E+00  0.6600E+02
    -11.213  0.0000E+00  0.6600E+02
    -11.191  0.0000E+00  0.6600E+02
    -11.168  0.0000E+00  0.6600E+02
    -11.145  0.0000E+00  0.6600E+02
    -11.122  0.0000E+00  0.6600E+02
    -11.100  0.0000E+00  0.6600E+02
    -11.077  0.0000E+00  0.6600E+02
    -11.054  0.0000E+00  0.6600E+02
    -11.031  0.0000E+00  0.6600E+02
    -11.008  0.0000E+00  0.6600E+02
    -10.986  0.0000E+00  0.6600E+02
    -10.963  0.0000E+00  0.6600E+02
    -10.940  0.0000E+00  0.6600E+02
    -10.917  0.0000E+00  0.6600E+02
    -10.895  0.0000E+00  0.6600E+02
    -10.872  0.0000E+00  0.6600E+02
    -10.849  0.0000E+00  0.6600E+02
    -10.826  0.0000E+00  0.6600E+02
    -10.804  0.0000E+00  0.6600E+02
    -10.781  0.0000E+00  0.6600E+02
    -10.758  0.0000E+00  0.6600E+02
    -10.735  0.0000E+00  0.6600E+02
    -10.712  0.0000E+00  0.6600E+02
    -10.690  0.0000E+00  0.6600E+02
    -10.667  0.0000E+00  0.6600E+02
    -10.644  0.0000E+00  0.6600E+02
    -10.621  0.0000E+00  0.6600E+02
    -10.599  0.0000E+00  0.6600E+02
    -10.576  0.0000E+00  0.6600E+02
    -10.553  0.0000E+00  0.6600E+02
    -10.530  0.0000E+00  0.6600E+02
    -10.507  0.0000E+00  0.6600E+02
    -10.485  0.0000E+00  0.6600E+02
    -10.462  0.0000E+00  0.6600E+02
    -10.439  0.0000E+00  0.6600E+02
    -10.416  0.0000E+00  0.6600E+02
    -10.394  0.0000E+00  0.6600E+02
    -10.371  0.0000E+00  0.6600E+02
    -10.348  0.0000E+00  0.6600E+02
    -10.325  0.0000E+00  0.6600E+02
    -10.303  0.0000E+00  0.6600E+02
    -10.280  0.0000E+00  0.6600E+02
    -10.257  0.0000E+00  0.6600E+02
    -10.234  0.0000E+00  0.6600E+02
    -10.211  0.0000E+00  0.6600E+02
    -10.189  0.0000E+00  0.6600E+02
    -10.166  0.0000E+00  0.6600E+02
    -10.143  0.0000E+00  0.6600E+02
    -10.120  0.0000E+00  0.6600E+02
    -10.098  0.0000E+00  0.6600E+02
    -10.075  0.0000E+00  0.6600E+02
    -10.052  0.0000E+00  0.6600E+02
    -10.029  0.0000E+00  0.6600E+02
    -10.007  0.0000E+00  0.6600E+02
     -9.984  0.0000E+00  0.6600E+02
     -9.961  0.0000E+00  0.6600E+02
     -9.938  0.0000E+00  0.6600E+02
     -9.915  0.0000E+00  0.6600E+02
     -9.893  0.0000E+00  0.6600E+02
     -9.870  0.0000E+00  0.6600E+02
     -9.847  0.0000E+00  0.6600E+02
     -9.824  0.0000E+00  0.6600E+02
     -9.802  0.0000E+00  0.6600E+02
     -9.779  0.0000E+00  0.6600E+02
     -9.756  0.0000E+00  0.6600E+02
     -9.733  0.0000E+00  0.6600E+02
     -9.711  0.0000E+00  0.6600E+02
     -9.688  0.0000E+00  0.6600E+02
     -9.665  0.0000E+00  0.6600E+02
     -9.642  0.0000E+00  0.6600E+02
     -9.619  0.0000E+00  0.6600E+02
     -9.597  0.0000E+00  0.6600E+02
     -9.574  0.0000E+00  0.6600E+02
     -9.551  0.0000E+00  0.6600E+02
     -9.528  0.0000E+00  0.6600E+02
     -9.506  0.0000E+00  0.6600E+02
     -9.483  0.0000E+00  0.6600E+02
     -9.460  0.0000E+00  0.6600E+02
     -9.437  0.0000E+00  0.6600E+02
     -9.414  0.0000E+00  0.6600E+02
     -9.392  0.0000E+00  0.6600E+02
     -9.369  0.0000E+00  0.6600E+02
     -9.346  0.0000E+00  0.6600E+02
     -9.323  0.0000E+00  0.6600E+02
     -9.301  0.0000E+00  0.6600E+02
     -9.278  0.0000E+00  0.6600E+02
     -9.255  0.0000E+00  0.6600E+02
     -9.232  0.0000E+00  0.6600E+02
     -9.210  0.0000E+00  0.6600E+02
     -9.187  0.0000E+00  0.6600E+02
     -9.164  0.0000E+00  0.6600E+02
     -9.141  0.0000E+00  0.6600E+02
     -9.118  0.0000E+00  0.6600E+02
     -9.096  0.0000E+00  0.6600E+02
     -9.073  0.0000E+00  0.6600E+02
     -9.050  0.0000E+00  0.6600E+02
     -9.027  0.0000E+00  0.6600E+02
     -9.005  0.0000E+00  0.6600E+02
     -8.982  0.0000E+00  0.6600E+02
     -8.959  0.0000E+00  0.6600E+02
     -8.936  0.0000E+00  0.6600E+02
     -8.914  0.0000E+00  0.6600E+02
     -8.891  0.0000E+00  0.6600E+02
     -8.868  0.0000E+00  0.6600E+02
     -8.845  0.0000E+00  0.6600E+02
     -8.822  0.0000E+00  0.6600E+02
     -8.800  0.0000E+00  0.6600E+02
     -8.777  0.0000E+00  0.6600E+02
     -8.754  0.0000E+00  0.6600E+02
     -8.731  0.0000E+00  0.6600E+02
     -8.709  0.0000E+00  0.6600E+02
     -8.686  0.0000E+00  0.6600E+02
     -8.663  0.0000E+00  0.6600E+02
     -8.640  0.0000E+00  0.6600E+02
     -8.618  0.0000E+00  0.6600E+02
     -8.595  0.0000E+00  0.6600E+02
     -8.572  0.0000E+00  0.6600E+02
     -8.549  0.0000E+00  0.6600E+02
     -8.526  0.0000E+00  0.6600E+02
     -8.504  0.0000E+00  0.6600E+02
     -8.481  0.0000E+00  0.6600E+02
     -8.458  0.0000E+00  0.6600E+02
     -8.435  0.0000E+00  0.6600E+02
     -8.413  0.0000E+00  0.6600E+02
     -8.390  0.0000E+00  0.6600E+02
     -8.367  0.0000E+00  0.6600E+02
     -8.344  0.0000E+00  0.6600E+02
     -8.321  0.0000E+00  0.6600E+02
     -8.299  0.0000E+00  0.6600E+02
     -8.276  0.0000E+00  0.6600E+02
     -8.253  0.0000E+00  0.6600E+02
     -8.230  0.0000E+00  0.6600E+02
     -8.208  0.0000E+00  0.6600E+02
     -8.185  0.0000E+00  0.6600E+02
     -8.162  0.0000E+00  0.6600E+02
     -8.139  0.0000E+00  0.6600E+02
     -8.117  0.0000E+00  0.6600E+02
     -8.094  0.0000E+00  0.6600E+02
     -8.071  0.0000E+00  0.6600E+02
     -8.048  0.0000E+00  0.6600E+02
     -8.025  0.0000E+00  0.6600E+02
     -8.003  0.0000E+00  0.6600E+02
     -7.980  0.0000E+00  0.6600E+02
     -7.957  0.0000E+00  0.6600E+02
     -7.934  0.0000E+00  0.6600E+02
     -7.912  0.0000E+00  0.6600E+02
     -7.889  0.0000E+00  0.6600E+02
     -7.866  0.0000E+00  0.6600E+02
     -7.843  0.0000E+00  0.6600E+02
     -7.821  0.0000E+00  0.6600E+02
     -7.798  0.0000E+00  0.6600E+02
     -7.775  0.0000E+00  0.6600E+02
     -7.752  0.0000E+00  0.6600E+02
     -7.729  0.0000E+00  0.6600E+02
     -7.707  0.0000E+00  0.6600E+02
     -7.684  0.0000E+00  0.6600E+02
     -7.661  0.0000E+00  0.6600E+02
     -7.638  0.0000E+00  0.6600E+02
     -7.616  0.0000E+00  0.6600E+02
     -7.593  0.0000E+00  0.6600E+02
     -7.570  0.0000E+00  0.6600E+02
     -7.547  0.0000E+00  0.6600E+02
     -7.525  0.0000E+00  0.6600E+02
     -7.502  0.0000E+00  0.6600E+02
     -7.479  0.0000E+00  0.6600E+02
     -7.456  0.0000E+00  0.6600E+02
     -7.433  0.0000E+00  0.6600E+02
     -7.411  0.0000E+00  0.6600E+02
     -7.388  0.0000E+00  0.6600E+02
     -7.365  0.0000E+00  0.6600E+02
     -7.342  0.0000E+00  0.6600E+02
     -7.320  0.0000E+00  0.6600E+02
     -7.297  0.0000E+00  0.6600E+02
     -7.274  0.0000E+00  0.6600E+02
     -7.251  0.0000E+00  0.6600E+02
     -7.228  0.0000E+00  0.6600E+02
     -7.206  0.0000E+00  0.6600E+02
     -7.183  0.0000E+00  0.6600E+02
     -7.160  0.0000E+00  0.6600E+02
     -7.137  0.0000E+00  0.6600E+02
     -7.115  0.0000E+00  0.6600E+02
     -7.092  0.0000E+00  0.6600E+02
     -7.069  0.0000E+00  0.6600E+02
     -7.046  0.0000E+00  0.6600E+02
     -7.024  0.0000E+00  0.6600E+02
     -7.001  0.0000E+00  0.6600E+02
     -6.978  0.0000E+00  0.6600E+02
     -6.955  0.0000E+00  0.6600E+02
     -6.932  0.0000E+00  0.6600E+02
     -6.910  0.0000E+00  0.6600E+02
     -6.887  0.0000E+00  0.6600E+02
     -6.864  0.0000E+00  0.6600E+02
     -6.841  0.0000E+00  0.6600E+02
     -6.819  0.0000E+00  0.6600E+02
     -6.796  0.0000E+00  0.6600E+02
     -6.773  0.0000E+00  0.6600E+02
     -6.750  0.0000E+00  0.6600E+02
     -6.728  0.0000E+00  0.6600E+02
     -6.705  0.0000E+00  0.6600E+02
     -6.682  0.0000E+00  0.6600E+02
     -6.659  0.0000E+00  0.6600E+02
     -6.636  0.0000E+00  0.6600E+02
     -6.614  0.0000E+00  0.6600E+02
     -6.591  0.0000E+00  0.6600E+02
     -6.568  0.0000E+00  0.6600E+02
     -6.545  0.0000E+00  0.6600E+02
     -6.523  0.0000E+00  0.6600E+02
     -6.500  0.0000E+00  0.6600E+02
     -6.477  0.0000E+00  0.6600E+02
     -6.454  0.0000E+00  0.6600E+02
     -6.432  0.0000E+00  0.6600E+02
     -6.409  0.0000E+00  0.6600E+02
     -6.386  0.0000E+00  0.6600E+02
     -6.363  0.0000E+00  0.6600E+02
     -6.340  0.0000E+00  0.6600E+02
     -6.318  0.0000E+00  0.6600E+02
     -6.295  0.0000E+00  0.6600E+02
     -6.272  0.0000E+00  0.6600E+02
     -6.249  0.0000E+00  0.6600E+02
     -6.227  0.0000E+00  0.6600E+02
     -6.204  0.0000E+00  0.6600E+02
     -6.181  0.0000E+00  0.6600E+02
     -6.158  0.0000E+00  0.6600E+02
     -6.135  0.0000E+00  0.6600E+02
     -6.113  0.0000E+00  0.6600E+02
     -6.090  0.0000E+00  0.6600E+02
     -6.067  0.0000E+00  0.6600E+02
     -6.044  0.0000E+00  0.6600E+02
     -6.022  0.0000E+00  0.6600E+02
     -5.999  0.0000E+00  0.6600E+02
     -5.976  0.0000E+00  0.6600E+02
     -5.953  0.0000E+00  0.6600E+02
     -5.931  0.0000E+00  0.6600E+02
     -5.908  0.0000E+00  0.6600E+02
     -5.885  0.0000E+00  0.6600E+02
     -5.862  0.0000E+00  0.6600E+02
     -5.839  0.0000E+00  0.6600E+02
     -5.817  0.0000E+00  0.6600E+02
     -5.794  0.0000E+00  0.6600E+02
     -5.771  0.0000E+00  0.6600E+02
     -5.748  0.0000E+00  0.6600E+02
     -5.726  0.0000E+00  0.6600E+02
     -5.703  0.0000E+00  0.6600E+02
     -5.680  0.0000E+00  0.6600E+02
     -5.657  0.0000E+00  0.6600E+02
     -5.635  0.0000E+00  0.6600E+02
     -5.612  0.0000E+00  0.6600E+02
     -5.589  0.0000E+00  0.6600E+02
     -5.566  0.0000E+00  0.6600E+02
     -5.543  0.0000E+00  0.6600E+02
     -5.521  0.0000E+00  0.6600E+02
     -5.498  0.0000E+00  0.6600E+02
     -5.475  0.0000E+00  0.6600E+02
     -5.452  0.0000E+00  0.6600E+02
     -5.430  0.0000E+00  0.6600E+02
     -5.407  0.0000E+00  0.6600E+02
     -5.384  0.0000E+00  0.6600E+02
     -5.361  0.0000E+00  0.6600E+02
     -5.339  0.0000E+00  0.6600E+02
     -5.316  0.0000E+00  0.6600E+02
     -5.293  0.0000E+00  0.6600E+02
     -5.270  0.0000E+00  0.6600E+02
     -5.247  0.0000E+00  0.6600E+02
     -5.225  0.0000E+00  0.6600E+02
     -5.202  0.0000E+00  0.6600E+02
     -5.179  0.0000E+00  0.6600E+02
     -5.156  0.0000E+00  0.6600E+02
     -5.134  0.0000E+00  0.6600E+02
     -5.111  0.0000E+00  0.6600E+02
     -5.088  0.0000E+00  0.6600E+02
     -5.065  0.0000E+00  0.6600E+02
     -5.042  0.0000E+00  0.6600E+02
     -5.020  0.0000E+00  0.6600E+02
     -4.997  0.0000E+00  0.6600E+02
     -4.974  0.0000E+00  0.6600E+02
     -4.951  0.0000E+00  0.6600E+02
     -4.929  0.0000E+00  0.6600E+02
     -4.906  0.0000E+00  0.6600E+02
     -4.883  0.0000E+00  0.6600E+02
     -4.860  0.0000E+00  0.6600E+02
     -4.838  0.0000E+00  0.6600E+02
     -4.815  0.0000E+00  0.6600E+02
     -4.792  0.0000E+00  0.6600E+02
     -4.769  0.0000E+00  0.6600E+02
     -4.746  0.0000E+00  0.6600E+02
     -4.724  0.0000E+00  0.6600E+02
     -4.701  0.1532E+03  0.6788E+02
     -4.678  0.0000E+00  0.6800E+02
     -4.655  0.0000E+00  0.6800E+02
     -4.633  0.0000E+00  0.6800E+02
     -4.610  0.0000E+00  0.6800E+02
     -4.587  0.0000E+00  0.6800E+02
     -4.564  0.0000E+00  0.6800E+02
     -4.542  0.0000E+00  0.6800E+02
     -4.519  0.0000E+00  0.6800E+02
     -4.496  0.0000E+00  0.6800E+02
     -4.473  0.0000E+00  0.6800E+02
     -4.450  0.0000E+00  0.6800E+02
     -4.428  0.0000E+00  0.6800E+02
     -4.405  0.0000E+00  0.6800E+02
     -4.382  0.0000E+00  0.6800E+02
     -4.359  0.0000E+00  0.6800E+02
     -4.337  0.0000E+00  0.6800E+02
     -4.314  0.0000E+00  0.6800E+02
     -4.291  0.0000E+00  0.6800E+02
     -4.268  0.1338E+02  0.6801E+02
     -4.246  0.0000E+00  0.7000E+02
     -4.223  0.0000E+00  0.7000E+02
     -4.200  0.0000E+00  0.7000E+02
     -4.177  0.1760E+02  0.7001E+02
     -4.154  0.0000E+00  0.7200E+02
     -4.132  0.0000E+00  0.7200E+02
     -4.109  0.0000E+00  0.7200E+02
     -4.086  0.0000E+00  0.7200E+02
     -4.063  0.0000E+00  0.7200E+02
     -4.041  0.0000E+00  0.7200E+02
     -4.018  0.0000E+00  0.7200E+02
     -3.995  0.0000E+00  0.7200E+02
     -3.972  0.0000E+00  0.7200E+02
     -3.949  0.0000E+00  0.7200E+02
     -3.927  0.0000E+00  0.7200E+02
     -3.904  0.0000E+00  0.7200E+02
     -3.881  0.0000E+00  0.7200E+02
     -3.858  0.0000E+00  0.7200E+02
     -3.836  0.0000E+00  0.7200E+02
     -3.813  0.0000E+00  0.7200E+02
     -3.790  0.0000E+00  0.7200E+02
     -3.767  0.0000E+00  0.7200E+02
     -3.745  0.0000E+00  0.7200E+02
     -3.722  0.0000E+00  0.7200E+02
     -3.699  0.0000E+00  0.7200E+02
     -3.676  0.0000E+00  0.7200E+02
     -3.653  0.0000E+00  0.7200E+02
     -3.631  0.0000E+00  0.7200E+02
     -3.608  0.0000E+00  0.7200E+02
     -3.585  0.0000E+00  0.7200E+02
     -3.562  0.0000E+00  0.7200E+02
     -3.540  0.0000E+00  0.7200E+02
     -3.517  0.0000E+00  0.7200E+02
     -3.494  0.0000E+00  0.7200E+02
     -3.471  0.0000E+00  0.7200E+02
     -3.449  0.0000E+00  0.7200E+02
     -3.426  0.0000E+00  0.7200E+02
     -3.403  0.0000E+00  0.7200E+02
     -3.380  0.0000E+00  0.7200E+02
     -3.357  0.0000E+00  0.7200E+02
     -3.335  0.0000E+00  0.7200E+02
     -3.312  0.0000E+00  0.7200E+02
     -3.289  0.0000E+00  0.7200E+02
     -3.266  0.0000E+00  0.7200E+02
     -3.244  0.0000E+00  0.7200E+02
     -3.221  0.0000E+00  0.7200E+02
     -3.198  0.0000E+00  0.7200E+02
     -3.175  0.0000E+00  0.7200E+02
     -3.152  0.0000E+00  0.7200E+02
     -3.130  0.0000E+00  0.7200E+02
     -3.107  0.0000E+00  0.7200E+02
     -3.084  0.0000E+00  0.7200E+02
     -3.061  0.0000E+00  0.7200E+02
     -3.039  0.0000E+00  0.7200E+02
     -3.016  0.0000E+00  0.7200E+02
     -2.993  0.0000E+00  0.7200E+02
     -2.970  0.0000E+00  0.7200E+02
     -2.948  0.0000E+00  0.7200E+02
     -2.925  0.0000E+00  0.7200E+02
     -2.902  0.0000E+00  0.7200E+02
     -2.879  0.0000E+00  0.7200E+02
     -2.856  0.0000E+00  0.7200E+02
     -2.834  0.0000E+00  0.7200E+02
     -2.811  0.0000E+00  0.7200E+02
     -2.788  0.0000E+00  0.7200E+02
     -2.765  0.0000E+00  0.7200E+02
     -2.743  0.0000E+00  0.7200E+02
     -2.720  0.0000E+00  0.7200E+02
     -2.697  0.0000E+00  0.7200E+02
     -2.674  0.0000E+00  0.7200E+02
     -2.652  0.0000E+00  0.7200E+02
     -2.629  0.0000E+00  0.7200E+02
     -2.606  0.0000E+00  0.7200E+02
     -2.583  0.0000E+00  0.7200E+02
     -2.560  0.0000E+00  0.7200E+02
     -2.538  0.0000E+00  0.7200E+02
     -2.515  0.0000E+00  0.7200E+02
     -2.492  0.0000E+00  0.7200E+02
     -2.469  0.0000E+00  0.7200E+02
     -2.447  0.0000E+00  0.7200E+02
     -2.424  0.0000E+00  0.7200E+02
     -2.401  0.0000E+00  0.7200E+02
     -2.378  0.0000E+00  0.7200E+02
     -2.356  0.0000E+00  0.7200E+02
     -2.333  0.0000E+00  0.7200E+02
     -2.310  0.0000E+00  0.7200E+02
     -2.287  0.0000E+00  0.7200E+02
     -2.264  0.0000E+00  0.7200E+02
     -2.242  0.0000E+00  0.7200E+02
     -2.219  0.0000E+00  0.7200E+02
     -2.196  0.0000E+00  0.7200E+02
     -2.173  0.0000E+00  0.7200E+02
     -2.151  0.0000E+00  0.7200E+02
     -2.128  0.0000E+00  0.7200E+02
     -2.105  0.0000E+00  0.7200E+02
     -2.082  0.0000E+00  0.7200E+02
     -2.059  0.0000E+00  0.7200E+02
     -2.037  0.0000E+00  0.7200E+02
     -2.014  0.0000E+00  0.7200E+02
     -1.991  0.0000E+00  0.7200E+02
     -1.968  0.0000E+00  0.7200E+02
     -1.946  0.0000E+00  0.7200E+02
     -1.923  0.0000E+00  0.7200E+02
     -1.900  0.0000E+00  0.7200E+02
     -1.877  0.0000E+00  0.7200E+02
     -1.855  0.0000E+00  0.7200E+02
     -1.832  0.0000E+00  0.7200E+02
     -1.809  0.0000E+00  0.7200E+02
     -1.786  0.0000E+00  0.7200E+02
     -1.763  0.0000E+00  0.7200E+02
     -1.741  0.0000E+00  0.7200E+02
     -1.718  0.0000E+00  0.7200E+02
     -1.695  0.0000E+00  0.7200E+02
     -1.672  0.0000E+00  0.7200E+02
     -1.650  0.0000E+00  0.7200E+02
     -1.627  0.0000E+00  0.7200E+02
     -1.604  0.0000E+00  0.7200E+02
     -1.581  0.0000E+00  0.7200E+02
     -1.559  0.0000E+00  0.7200E+02
     -1.536  0.0000E+00  0.7200E+02
     -1.513  0.0000E+00  0.7200E+02
     -1.490  0.0000E+00  0.7200E+02
     -1.467  0.0000E+00  0.7200E+02
     -1.445  0.0000E+00  0.7200E+02
     -1.422  0.0000E+00  0.7200E+02
     -1.399  0.0000E+00  0.7200E+02
     -1.376  0.0000E+00  0.7200E+02
     -1.354  0.0000E+00  0.7200E+02
     -1.331  0.0000E+00  0.7200E+02
     -1.308  0.0000E+00  0.7200E+02
     -1.285  0.0000E+00  0.7200E+02
     -1.263  0.0000E+00  0.7200E+02
     -1.240  0.0000E+00  0.7200E+02
     -1.217  0.0000E+00  0.7200E+02
     -1.194  0.0000E+00  0.7200E+02
     -1.171  0.0000E+00  0.7200E+02
     -1.149  0.0000E+00  0.7200E+02
     -1.126  0.0000E+00  0.7200E+02
     -1.103  0.0000E+00  0.7200E+02
     -1.080  0.7498E-02  0.7200E+02
     -1.058  0.7997E-01  0.7200E+02
     -1.035  0.2536E+00  0.7200E+02
     -1.012  0.5711E+00  0.7201E+02
     -0.989  0.1051E+01  0.7203E+02
     -0.966  0.1694E+01  0.7206E+02
     -0.944  0.2499E+01  0.7211E+02
     -0.921  0.3466E+01  0.7218E+02
     -0.898  0.4596E+01  0.7227E+02
     -0.875  0.5888E+01  0.7239E+02
     -0.853  0.7343E+01  0.7254E+02
     -0.830  0.8961E+01  0.7272E+02
     -0.807  0.1074E+02  0.7295E+02
     -0.784  0.1268E+02  0.7321E+02
     -0.762  0.1723E+02  0.7354E+02
     -0.739  0.3347E+02  0.7412E+02
     -0.716  0.3005E+02  0.7496E+02
     -0.693  0.1761E+02  0.7545E+02
     -0.670  0.1607E+02  0.7581E+02
     -0.648  0.2052E+02  0.7622E+02
     -0.625  0.3278E+02  0.7682E+02
     -0.602  0.4432E+02  0.7770E+02
     -0.579  0.5555E+02  0.7884E+02
     -0.557  0.5813E+02  0.8015E+02
     -0.534  0.5561E+02  0.8144E+02
     -0.511  0.5206E+02  0.8268E+02
     -0.488  0.4866E+02  0.8382E+02
     -0.466  0.4139E+02  0.8485E+02
     -0.443  0.3408E+02  0.8572E+02
     -0.420  0.2450E+02  0.8634E+02
     -0.397  0.1998E+02  0.8685E+02
     -0.374  0.1465E+02  0.8724E+02
     -0.352  0.9447E+01  0.8752E+02
     -0.329  0.6018E+01  0.8769E+02
     -0.306  0.5310E+01  0.8780E+02
     -0.283  0.3446E+02  0.8848E+02
     -0.261  0.2747E+02  0.8915E+02
     -0.238  0.3405E+02  0.8985E+02
     -0.215  0.4056E+02  0.9070E+02
     -0.192  0.4223E+02  0.9165E+02
     -0.170  0.4430E+02  0.9260E+02
     -0.147  0.6548E+02  0.9427E+02
     -0.124  0.6787E+02  0.9562E+02
     -0.101  0.9543E+02  0.9769E+02
     -0.078  0.8378E+02  0.9971E+02
     -0.056  0.6876E+02  0.1014E+03
     -0.033  0.6078E+02  0.1029E+03
     -0.010  0.5475E+02  0.1042E+03
      0.013  0.5389E+02  0.1054E+03
      0.035  0.4842E+02  0.1066E+03
      0.058  0.4384E+02  0.1077E+03
      0.081  0.4033E+02  0.1086E+03
      0.104  0.3752E+02  0.1095E+03
      0.127  0.3531E+02  0.1103E+03
      0.149  0.3361E+02  0.1111E+03
      0.172  0.3265E+02  0.1119E+03
      0.195  0.3075E+02  0.1126E+03
      0.218  0.2848E+02  0.1133E+03
      0.240  0.2540E+02  0.1139E+03
      0.263  0.2373E+02  0.1144E+03
      0.286  0.2433E+02  0.1150E+03
      0.309  0.2547E+02  0.1155E+03
      0.331  0.2606E+02  0.1161E+03
      0.354  0.2572E+02  0.1167E+03
      0.377  0.2526E+02  0.1173E+03
      0.400  0.2489E+02  0.1179E+03
      0.423  0.2459E+02  0.1184E+03
      0.445  0.2426E+02  0.1190E+03
      0.468  0.2379E+02  0.1195E+03
      0.491  0.2301E+02  0.1201E+03
      0.514  0.2162E+02  0.1206E+03
      0.536  0.2343E+02  0.1211E+03
      0.559  0.2890E+02  0.1217E+03
      0.582  0.3752E+02  0.1224E+03
      0.605  0.4792E+02  0.1235E+03
      0.627  0.3503E+02  0.1244E+03
      0.650  0.2718E+02  0.1250E+03
      0.673  0.2704E+02  0.1257E+03
      0.696  0.2447E+02  0.1263E+03
      0.719  0.2312E+02  0.1268E+03
      0.741  0.2184E+02  0.1273E+03
      0.764  0.1992E+02  0.1278E+03
      0.787  0.2069E+02  0.1282E+03
      0.810  0.2635E+02  0.1288E+03
      0.832  0.3157E+02  0.1294E+03
      0.855  0.3028E+02  0.1301E+03
      0.878  0.2926E+02  0.1308E+03
      0.901  0.2798E+02  0.1314E+03
      0.923  0.2616E+02  0.1321E+03
      0.946  0.2438E+02  0.1326E+03
      0.969  0.2286E+02  0.1332E+03
      0.992  0.2436E+02  0.1337E+03
      1.015  0.2689E+02  0.1343E+03
      1.037  0.2879E+02  0.1349E+03
      1.060  0.3006E+02  0.1356E+03
      1.083  0.3105E+02  0.1363E+03
      1.106  0.3150E+02  0.1370E+03
      1.128  0.2867E+02  0.1377E+03
      1.151  0.2534E+02  0.1383E+03
      1.174  0.2155E+02  0.1388E+03
      1.197  0.2105E+02  0.1393E+03
      1.220  0.1793E+02  0.1398E+03
      1.242  0.1618E+02  0.1402E+03
      1.265  0.1385E+02  0.1405E+03
      1.288  0.1276E+02  0.1408E+03
      1.311  0.1305E+02  0.1411E+03
      1.333  0.1473E+02  0.1414E+03
      1.356  0.1627E+02  0.1418E+03
      1.379  0.1865E+02  0.1422E+03
      1.402  0.2159E+02  0.1426E+03
      1.424  0.2387E+02  0.1431E+03
      1.447  0.2542E+02  0.1437E+03
      1.470  0.2628E+02  0.1443E+03
      1.493  0.2685E+02  0.1449E+03
      1.516  0.2714E+02  0.1455E+03
      1.538  0.2715E+02  0.1461E+03
      1.561  0.2677E+02  0.1467E+03
      1.584  0.2562E+02  0.1473E+03
      1.607  0.2386E+02  0.1479E+03
      1.629  0.2323E+02  0.1484E+03
      1.652  0.2831E+02  0.1490E+03
      1.675  0.3570E+02  0.1497E+03
      1.698  0.4027E+02  0.1506E+03
      1.720  0.4153E+02  0.1515E+03
      1.743  0.4054E+02  0.1525E+03
      1.766  0.3806E+02  0.1534E+03
      1.789  0.5895E+02  0.1544E+03
      1.812  0.4053E+02  0.1556E+03
      1.834  0.4837E+02  0.1566E+03
      1.857  0.6006E+02  0.1578E+03
      1.880  0.6780E+02  0.1593E+03
      1.903  0.6274E+02  0.1608E+03
      1.925  0.5415E+02  0.1621E+03
      1.948  0.5552E+02  0.1634E+03
      1.971  0.4607E+02  0.1645E+03
      1.994  0.4459E+02  0.1656E+03
      2.016  0.4333E+02  0.1666E+03
      2.039  0.4073E+02  0.1675E+03
      2.062  0.4032E+02  0.1684E+03
      2.085  0.3781E+02  0.1693E+03
      2.108  0.3524E+02  0.1702E+03
      2.130  0.3250E+02  0.1709E+03
      2.153  0.3414E+02  0.1717E+03
      2.176  0.4032E+02  0.1725E+03
      2.199  0.4380E+02  0.1735E+03
      2.221  0.4312E+02  0.1745E+03
      2.244  0.4356E+02  0.1755E+03
      2.267  0.4477E+02  0.1765E+03
      2.290  0.4478E+02  0.1775E+03
      2.313  0.4434E+02  0.1785E+03
      2.335  0.4629E+02  0.1795E+03
      2.358  0.5055E+02  0.1806E+03
      2.381  0.5675E+02  0.1819E+03
      2.404  0.6100E+02  0.1832E+03
      2.426  0.6229E+02  0.1846E+03
      2.449  0.6364E+02  0.1861E+03
      2.472  0.6048E+02  0.1875E+03
      2.495  0.8968E+02  0.1892E+03
      2.517  0.7950E+02  0.1913E+03
      2.540  0.1454E+03  0.1924E+03
      2.563  0.6830E+02  0.1958E+03
      2.586  0.3316E+02  0.1970E+03
      2.609  0.6805E+02  0.1981E+03
      2.631  0.1021E+03  0.2001E+03
      2.654  0.1024E+03  0.2024E+03
      2.677  0.8946E+02  0.2046E+03
      2.700  0.8495E+02  0.2066E+03
      2.722  0.7638E+02  0.2085E+03
      2.745  0.7867E+02  0.2102E+03
      2.768  0.7033E+02  0.2119E+03
      2.791  0.6684E+02  0.2135E+03
      2.813  0.6668E+02  0.2150E+03
      2.836  0.7347E+02  0.2166E+03
      2.859  0.7195E+02  0.2183E+03
      2.882  0.6801E+02  0.2199E+03
      2.905  0.6408E+02  0.2216E+03
      2.927  0.5033E+02  0.2228E+03
      2.950  0.4014E+02  0.2238E+03
      2.973  0.3959E+02  0.2247E+03
      2.996  0.4906E+02  0.2257E+03
      3.018  0.6116E+02  0.2270E+03
      3.041  0.6890E+02  0.2285E+03
      3.064  0.6804E+02  0.2301E+03
      3.087  0.7333E+02  0.2316E+03
      3.109  0.1117E+03  0.2336E+03
      3.132  0.1430E+03  0.2366E+03
      3.155  0.1361E+03  0.2400E+03
      3.178  0.1098E+03  0.2427E+03
      3.201  0.7006E+02  0.2450E+03
      3.223  0.5524E+02  0.2464E+03
      3.246  0.4901E+02  0.2476E+03
      3.269  0.4295E+02  0.2486E+03
      3.292  0.3678E+02  0.2495E+03
      3.314  0.3139E+02  0.2503E+03
      3.337  0.2774E+02  0.2510E+03
      3.360  0.1682E+02  0.2514E+03
      3.383  0.1354E+02  0.2518E+03
      3.406  0.1216E+02  0.2521E+03
      3.428  0.1260E+02  0.2524E+03
      3.451  0.1444E+02  0.2527E+03
      3.474  0.1857E+02  0.2530E+03
      3.497  0.2773E+02  0.2535E+03
      3.519  0.2998E+02  0.2542E+03
      3.542  0.2821E+02  0.2549E+03
      3.565  0.5134E+02  0.2557E+03
      3.588  0.4472E+02  0.2569E+03
      3.610  0.4010E+02  0.2577E+03
      3.633  0.2180E+02  0.2588E+03
      3.656  0.1598E+02  0.2593E+03
      3.679  0.1106E+02  0.2596E+03
      3.702  0.7047E+01  0.2598E+03
      3.724  0.3943E+01  0.2599E+03
      3.747  0.1745E+01  0.2600E+03
      3.770  0.4536E+00  0.2600E+03
      3.793  0.1416E-01  0.2600E+03
      3.815  0.0000E+00  0.2600E+03
      3.838  0.0000E+00  0.2600E+03
      3.861  0.0000E+00  0.2600E+03
      3.884  0.1615E+01  0.2600E+03
      3.906  0.7344E+01  0.2601E+03
      3.929  0.1415E+02  0.2604E+03
      3.952  0.2089E+02  0.2608E+03
      3.975  0.2528E+02  0.2613E+03
      3.998  0.2728E+02  0.2619E+03
      4.020  0.0000E+00  0.2620E+03
      4.043  0.0000E+00  0.2620E+03
      4.066  0.0000E+00  0.2620E+03
      4.089  0.0000E+00  0.2620E+03
      4.111  0.0000E+00  0.2620E+03
      4.134  0.0000E+00  0.2620E+03
      4.157  0.0000E+00  0.2620E+03
      4.180  0.0000E+00  0.2620E+03
      4.202  0.0000E+00  0.2620E+03
      4.225  0.0000E+00  0.2620E+03
      4.248  0.0000E+00  0.2620E+03
      4.271  0.0000E+00  0.2620E+03
      4.294  0.0000E+00  0.2620E+03
      4.316  0.0000E+00  0.2620E+03
      4.339  0.0000E+00  0.2620E+03
      4.362  0.0000E+00  0.2620E+03
      4.385  0.0000E+00  0.2620E+03
      4.407  0.0000E+00  0.2620E+03
      4.430  0.0000E+00  0.2620E+03
      4.453  0.0000E+00  0.2620E+03
      4.476  0.0000E+00  0.2620E+03
      4.499  0.0000E+00  0.2620E+03
      4.521  0.0000E+00  0.2620E+03
      4.544  0.0000E+00  0.2620E+03
      4.567  0.0000E+00  0.2620E+03
      4.590  0.0000E+00  0.2620E+03
      4.612  0.0000E+00  0.2620E+03
      4.635  0.0000E+00  0.2620E+03
      4.658  0.0000E+00  0.2620E+03
      4.681  0.0000E+00  0.2620E+03
      4.703  0.0000E+00  0.2620E+03
      4.726  0.0000E+00  0.2620E+03
      4.749  0.0000E+00  0.2620E+03
      4.772  0.0000E+00  0.2620E+03
      4.795  0.0000E+00  0.2620E+03
      4.817  0.0000E+00  0.2620E+03
      4.840  0.0000E+00  0.2620E+03
      4.863  0.0000E+00  0.2620E+03
      4.886  0.0000E+00  0.2620E+03
      4.908  0.0000E+00  0.2620E+03
      4.931  0.0000E+00  0.2620E+03
      4.954  0.0000E+00  0.2620E+03
      4.977  0.0000E+00  0.2620E+03
      4.999  0.0000E+00  0.2620E+03
      5.022  0.0000E+00  0.2620E+03
      5.045  0.0000E+00  0.2620E+03
      5.068  0.0000E+00  0.2620E+03
      5.091  0.0000E+00  0.2620E+03
      5.113  0.0000E+00  0.2620E+03
      5.136  0.0000E+00  0.2620E+03
      5.159  0.0000E+00  0.2620E+03
      5.182  0.0000E+00  0.2620E+03
      5.204  0.0000E+00  0.2620E+03
      5.227  0.0000E+00  0.2620E+03
      5.250  0.0000E+00  0.2620E+03
      5.273  0.0000E+00  0.2620E+03
      5.295  0.0000E+00  0.2620E+03
      5.318  0.0000E+00  0.2620E+03
      5.341  0.0000E+00  0.2620E+03
      5.364  0.0000E+00  0.2620E+03
      5.387  0.0000E+00  0.2620E+03
      5.409  0.0000E+00  0.2620E+03
      5.432  0.0000E+00  0.2620E+03
      5.455  0.0000E+00  0.2620E+03
      5.478  0.0000E+00  0.2620E+03
      5.500  0.0000E+00  0.2620E+03
      5.523  0.0000E+00  0.2620E+03
      5.546  0.0000E+00  0.2620E+03
      5.569  0.0000E+00  0.2620E+03
      5.592  0.0000E+00  0.2620E+03
      5.614  0.0000E+00  0.2620E+03
      5.637  0.0000E+00  0.2620E+03
      5.660  0.0000E+00  0.2620E+03
      5.683  0.0000E+00  0.2620E+03
      5.705  0.0000E+00  0.2620E+03
      5.728  0.0000E+00  0.2620E+03
      5.751  0.0000E+00  0.2620E+03
      5.774  0.0000E+00  0.2620E+03
      5.796  0.0000E+00  0.2620E+03
      5.819  0.0000E+00  0.2620E+03
      5.842  0.0000E+00  0.2620E+03
      5.865  0.0000E+00  0.2620E+03
      5.888  0.0000E+00  0.2620E+03
      5.910  0.0000E+00  0.2620E+03
      5.933  0.0000E+00  0.2620E+03
      5.956  0.0000E+00  0.2620E+03
      5.979  0.0000E+00  0.2620E+03
      6.001  0.0000E+00  0.2620E+03
      6.024  0.0000E+00  0.2620E+03
      6.047  0.0000E+00  0.2620E+03
      6.070  0.0000E+00  0.2620E+03
      6.092  0.0000E+00  0.2620E+03
      6.115  0.0000E+00  0.2620E+03
      6.138  0.0000E+00  0.2620E+03
      6.161  0.0000E+00  0.2620E+03
      6.184  0.0000E+00  0.2620E+03
      6.206  0.0000E+00  0.2620E+03
      6.229  0.0000E+00  0.2620E+03
      6.252  0.0000E+00  0.2620E+03
      6.275  0.0000E+00  0.2620E+03
      6.297  0.0000E+00  0.2620E+03
      6.320  0.0000E+00  0.2620E+03
      6.343  0.0000E+00  0.2620E+03
      6.366  0.0000E+00  0.2620E+03
      6.388  0.0000E+00  0.2620E+03
      6.411  0.0000E+00  0.2620E+03
      6.434  0.0000E+00  0.2620E+03
      6.457  0.0000E+00  0.2620E+03
      6.480  0.0000E+00  0.2620E+03
      6.502  0.0000E+00  0.2620E+03
      6.525  0.0000E+00  0.2620E+03
      6.548  0.0000E+00  0.2620E+03
      6.571  0.0000E+00  0.2620E+03
      6.593  0.0000E+00  0.2620E+03
      6.616  0.0000E+00  0.2620E+03
      6.639  0.0000E+00  0.2620E+03
      6.662  0.0000E+00  0.2620E+03
      6.685  0.0000E+00  0.2620E+03
      6.707  0.0000E+00  0.2620E+03
      6.730  0.0000E+00  0.2620E+03
      6.753  0.0000E+00  0.2620E+03
      6.776  0.0000E+00  0.2620E+03
      6.798  0.0000E+00  0.2620E+03
      6.821  0.0000E+00  0.2620E+03
      6.844  0.0000E+00  0.2620E+03
      6.867  0.0000E+00  0.2620E+03
      6.889  0.0000E+00  0.2620E+03
      6.912  0.0000E+00  0.2620E+03
      6.935  0.0000E+00  0.2620E+03
      6.958  0.0000E+00  0.2620E+03
      6.981  0.0000E+00  0.2620E+03
      7.003  0.0000E+00  0.2620E+03
      7.026  0.0000E+00  0.2620E+03
      7.049  0.0000E+00  0.2620E+03
      7.072  0.0000E+00  0.2620E+03
      7.094  0.0000E+00  0.2620E+03
      7.117  0.0000E+00  0.2620E+03
      7.140  0.0000E+00  0.2620E+03
      7.163  0.0000E+00  0.2620E+03
      7.185  0.0000E+00  0.2620E+03
      7.208  0.0000E+00  0.2620E+03
      7.231  0.0000E+00  0.2620E+03
      7.254  0.0000E+00  0.2620E+03
      7.277  0.0000E+00  0.2620E+03
      7.299  0.0000E+00  0.2620E+03
      7.322  0.0000E+00  0.2620E+03
      7.345  0.0000E+00  0.2620E+03
      7.368  0.0000E+00  0.2620E+03
      7.390  0.0000E+00  0.2620E+03
      7.413  0.0000E+00  0.2620E+03
      7.436  0.0000E+00  0.2620E+03
      7.459  0.0000E+00  0.2620E+03
      7.481  0.0000E+00  0.2620E+03
      7.504  0.0000E+00  0.2620E+03
      7.527  0.0000E+00  0.2620E+03
      7.550  0.0000E+00  0.2620E+03
      7.573  0.0000E+00  0.2620E+03
      7.595  0.0000E+00  0.2620E+03
      7.618  0.0000E+00  0.2620E+03
      7.641  0.0000E+00  0.2620E+03
      7.664  0.0000E+00  0.2620E+03
      7.686  0.0000E+00  0.2620E+03
      7.709  0.0000E+00  0.2620E+03
      7.732  0.0000E+00  0.2620E+03
      7.755  0.0000E+00  0.2620E+03
      7.778  0.0000E+00  0.2620E+03
      7.800  0.0000E+00  0.2620E+03
      7.823  0.0000E+00  0.2620E+03
      7.846  0.0000E+00  0.2620E+03
      7.869  0.0000E+00  0.2620E+03
      7.891  0.0000E+00  0.2620E+03
      7.914  0.0000E+00  0.2620E+03
      7.937  0.0000E+00  0.2620E+03
      7.960  0.0000E+00  0.2620E+03
      7.982  0.0000E+00  0.2620E+03
      8.005  0.0000E+00  0.2620E+03
      8.028  0.0000E+00  0.2620E+03
      8.051  0.0000E+00  0.2620E+03
      8.074  0.0000E+00  0.2620E+03
      8.096  0.0000E+00  0.2620E+03
      8.119  0.0000E+00  0.2620E+03
      8.142  0.0000E+00  0.2620E+03
      8.165  0.0000E+00  0.2620E+03
      8.187  0.0000E+00  0.2620E+03
      8.210  0.0000E+00  0.2620E+03
      8.233  0.0000E+00  0.2620E+03
      8.256  0.0000E+00  0.2620E+03
      8.278  0.0000E+00  0.2620E+03
      8.301  0.0000E+00  0.2620E+03
      8.324  0.0000E+00  0.2620E+03
      8.347  0.0000E+00  0.2620E+03
      8.370  0.0000E+00  0.2620E+03
      8.392  0.0000E+00  0.2620E+03
      8.415  0.0000E+00  0.2620E+03
      8.438  0.0000E+00  0.2620E+03
      8.461  0.0000E+00  0.2620E+03
      8.483  0.0000E+00  0.2620E+03
      8.506  0.0000E+00  0.2620E+03
      8.529  0.0000E+00  0.2620E+03
      8.552  0.0000E+00  0.2620E+03
      8.574  0.0000E+00  0.2620E+03
      8.597  0.0000E+00  0.2620E+03
      8.620  0.0000E+00  0.2620E+03
      8.643  0.0000E+00  0.2620E+03
      8.666  0.0000E+00  0.2620E+03
      8.688  0.0000E+00  0.2620E+03
      8.711  0.0000E+00  0.2620E+03
      8.734  0.0000E+00  0.2620E+03
      8.757  0.0000E+00  0.2620E+03
      8.779  0.0000E+00  0.2620E+03
      8.802  0.0000E+00  0.2620E+03
      8.825  0.0000E+00  0.2620E+03
      8.848  0.0000E+00  0.2620E+03
      8.871  0.0000E+00  0.2620E+03
      8.893  0.0000E+00  0.2620E+03
      8.916  0.0000E+00  0.2620E+03
      8.939  0.0000E+00  0.2620E+03
      8.962  0.0000E+00  0.2620E+03
      8.984  0.0000E+00  0.2620E+03
      9.007  0.0000E+00  0.2620E+03
      9.030  0.0000E+00  0.2620E+03
      9.053  0.0000E+00  0.2620E+03
      9.075  0.0000E+00  0.2620E+03
      9.098  0.0000E+00  0.2620E+03
      9.121  0.0000E+00  0.2620E+03
      9.144  0.0000E+00  0.2620E+03
      9.167  0.0000E+00  0.2620E+03
      9.189  0.0000E+00  0.2620E+03
      9.212  0.0000E+00  0.2620E+03
      9.235  0.0000E+00  0.2620E+03
      9.258  0.0000E+00  0.2620E+03
      9.280  0.0000E+00  0.2620E+03
      9.303  0.0000E+00  0.2620E+03
      9.326  0.0000E+00  0.2620E+03
      9.349  0.0000E+00  0.2620E+03
      9.371  0.0000E+00  0.2620E+03
      9.394  0.0000E+00  0.2620E+03
      9.417  0.0000E+00  0.2620E+03
      9.440  0.0000E+00  0.2620E+03
      9.463  0.0000E+00  0.2620E+03
      9.485  0.0000E+00  0.2620E+03
      9.508  0.0000E+00  0.2620E+03
      9.531  0.0000E+00  0.2620E+03
      9.554  0.0000E+00  0.2620E+03
      9.576  0.0000E+00  0.2620E+03
      9.599  0.0000E+00  0.2620E+03
      9.622  0.0000E+00  0.2620E+03
      9.645  0.0000E+00  0.2620E+03
      9.667  0.0000E+00  0.2620E+03
      9.690  0.0000E+00  0.2620E+03
      9.713  0.0000E+00  0.2620E+03
      9.736  0.0000E+00  0.2620E+03
      9.759  0.0000E+00  0.2620E+03
      9.781  0.0000E+00  0.2620E+03
      9.804  0.0000E+00  0.2620E+03
      9.827  0.0000E+00  0.2620E+03
      9.850  0.0000E+00  0.2620E+03
      9.872  0.0000E+00  0.2620E+03
      9.895  0.0000E+00  0.2620E+03
      9.918  0.0000E+00  0.2620E+03
      9.941  0.0000E+00  0.2620E+03
      9.964  0.0000E+00  0.2620E+03
      9.986  0.0000E+00  0.2620E+03
     10.009  0.0000E+00  0.2620E+03
     10.032  0.0000E+00  0.2620E+03
     10.055  0.0000E+00  0.2620E+03
     10.077  0.0000E+00  0.2620E+03
     10.100  0.0000E+00  0.2620E+03
     10.123  0.0000E+00  0.2620E+03
     10.146  0.0000E+00  0.2620E+03
     10.168  0.0000E+00  0.2620E+03
     10.191  0.0000E+00  0.2620E+03
     10.214  0.0000E+00  0.2620E+03
     10.237  0.0000E+00  0.2620E+03
     10.260  0.0000E+00  0.2620E+03
     10.282  0.0000E+00  0.2620E+03
     10.305  0.0000E+00  0.2620E+03
     10.328  0.0000E+00  0.2620E+03
     10.351  0.0000E+00  0.2620E+03
     10.373  0.0000E+00  0.2620E+03
     10.396  0.0000E+00  0.2620E+03
     10.419  0.0000E+00  0.2620E+03
     10.442  0.0000E+00  0.2620E+03
     10.464  0.0000E+00  0.2620E+03
     10.487  0.0000E+00  0.2620E+03
     10.510  0.0000E+00  0.2620E+03
     10.533  0.0000E+00  0.2620E+03
     10.556  0.0000E+00  0.2620E+03
     10.578  0.1302E-03  0.2620E+03
     10.601  0.1362E-02  0.2620E+03
     10.624  0.3893E-02  0.2620E+03
     10.647  0.7725E-02  0.2620E+03
     10.669  0.1286E-01  0.2620E+03
     10.692  0.1929E-01  0.2620E+03
     10.715  0.2702E-01  0.2620E+03
     10.738  0.3605E-01  0.2620E+03
     10.760  0.4638E-01  0.2620E+03
     10.783  0.5801E-01  0.2620E+03
     10.806  0.7094E-01  0.2620E+03
     10.829  0.8517E-01  0.2620E+03
     10.852  0.1007E+00  0.2620E+03
     10.874  0.1175E+00  0.2620E+03
     10.897  0.1357E+00  0.2620E+03
     10.920  0.1551E+00  0.2620E+03
     10.943  0.1758E+00  0.2620E+03
     10.965  0.1978E+00  0.2620E+03
     10.988  0.2212E+00  0.2620E+03
     11.011  0.2458E+00  0.2620E+03
     11.034  0.2717E+00  0.2620E+03
     11.057  0.2989E+00  0.2620E+03
     11.079  0.3275E+00  0.2621E+03
     11.102  0.3573E+00  0.2621E+03
     11.125  0.3884E+00  0.2621E+03
     11.148  0.4208E+00  0.2621E+03
     11.170  0.4546E+00  0.2621E+03
     11.193  0.4896E+00  0.2621E+03
     11.216  0.5259E+00  0.2621E+03
     11.239  0.5635E+00  0.2621E+03
     11.261  0.6025E+00  0.2621E+03
     11.284  0.6427E+00  0.2622E+03
     11.307  0.6842E+00  0.2622E+03
     11.330  0.7270E+00  0.2622E+03
     11.353  0.7712E+00  0.2622E+03
     11.375  0.8166E+00  0.2622E+03
     11.398  0.8633E+00  0.2622E+03
     11.421  0.9113E+00  0.2623E+03
     11.444  0.9607E+00  0.2623E+03
     11.466  0.1011E+01  0.2623E+03
     11.489  0.1063E+01  0.2623E+03
     11.512  0.1116E+01  0.2624E+03
     11.535  0.1171E+01  0.2624E+03
     11.557  0.1227E+01  0.2624E+03
     11.580  0.1284E+01  0.2624E+03
     11.603  0.1342E+01  0.2625E+03
     11.626  0.1402E+01  0.2625E+03
     11.649  0.1463E+01  0.2625E+03
     11.671  0.1549E+01  0.2626E+03
     11.694  0.1686E+01  0.2626E+03
     11.717  0.1866E+01  0.2626E+03
     11.740  0.2047E+01  0.2627E+03
     11.762  0.2213E+01  0.2627E+03
     11.785  0.2365E+01  0.2628E+03
     11.808  0.2624E+01  0.2628E+03
     11.831  0.3010E+01  0.2629E+03
     11.853  0.3371E+01  0.2630E+03
     11.876  0.3707E+01  0.2631E+03
     11.899  0.4018E+01  0.2631E+03
     11.922  0.4303E+01  0.2632E+03
     11.945  0.4562E+01  0.2633E+03
     11.967  0.4796E+01  0.2634E+03
     11.990  0.5005E+01  0.2636E+03
     12.013  0.5189E+01  0.2637E+03
     12.036  0.5347E+01  0.2638E+03
     12.058  0.5479E+01  0.2639E+03
     12.081  0.5587E+01  0.2640E+03
     12.104  0.5669E+01  0.2642E+03
     12.127  0.5725E+01  0.2643E+03
     12.150  0.5747E+01  0.2644E+03
     12.172  0.5472E+01  0.2646E+03
     12.195  0.4832E+01  0.2647E+03
     12.218  0.3952E+01  0.2648E+03
     12.241  0.3165E+01  0.2649E+03
     12.263  0.3212E+01  0.2649E+03
     12.286  0.3248E+01  0.2650E+03
     12.309  0.3272E+01  0.2651E+03
     12.332  0.3284E+01  0.2652E+03
     12.354  0.3286E+01  0.2652E+03
     12.377  0.3276E+01  0.2653E+03
     12.400  0.3254E+01  0.2654E+03
     12.423  0.3208E+01  0.2655E+03
     12.446  0.3134E+01  0.2655E+03
     12.468  0.3032E+01  0.2656E+03
     12.491  0.2902E+01  0.2657E+03
     12.514  0.3115E+01  0.2657E+03
     12.537  0.6154E+01  0.2658E+03
     12.559  0.1212E+02  0.2660E+03
     12.582  0.1646E+02  0.2664E+03
     12.605  0.7456E+01  0.2666E+03
     12.628  0.6530E+01  0.2668E+03
     12.650  0.5697E+01  0.2669E+03
     12.673  0.4975E+01  0.2671E+03
     12.696  0.4476E+01  0.2672E+03
     12.719  0.4176E+01  0.2673E+03
     12.742  0.3944E+01  0.2674E+03
     12.764  0.3779E+01  0.2675E+03
     12.787  0.3664E+01  0.2675E+03
     12.810  0.3562E+01  0.2676E+03
     12.833  0.3473E+01  0.2677E+03
     12.855  0.3398E+01  0.2678E+03
     12.878  0.3327E+01  0.2679E+03
     12.901  0.3239E+01  0.2679E+03
     12.924  0.3154E+01  0.2680E+03
     12.946  0.3909E+01  0.2681E+03
     12.969  0.4135E+01  0.2682E+03
     12.992  0.4115E+01  0.2683E+03
     13.015  0.4098E+01  0.2684E+03
     13.038  0.4085E+01  0.2685E+03
     13.060  0.4076E+01  0.2686E+03
     13.083  0.4072E+01  0.2686E+03
     13.106  0.4073E+01  0.2687E+03
     13.129  0.4081E+01  0.2688E+03
     13.151  0.4093E+01  0.2689E+03
     13.174  0.4111E+01  0.2690E+03
     13.197  0.4134E+01  0.2691E+03
     13.220  0.4163E+01  0.2692E+03
     13.243  0.4197E+01  0.2693E+03
     13.265  0.4237E+01  0.2694E+03
     13.288  0.4282E+01  0.2695E+03
     13.311  0.4336E+01  0.2696E+03
     13.334  0.4400E+01  0.2697E+03
     13.356  0.4476E+01  0.2698E+03
     13.379  0.4565E+01  0.2699E+03
     13.402  0.4667E+01  0.2700E+03
     13.425  0.4781E+01  0.2701E+03
     13.447  0.4903E+01  0.2702E+03
     13.470  0.5032E+01  0.2703E+03
     13.493  0.5167E+01  0.2704E+03
     13.516  0.5308E+01  0.2706E+03
     13.539  0.5456E+01  0.2707E+03
     13.561  0.5609E+01  0.2708E+03
     13.584  0.5770E+01  0.2709E+03
     13.607  0.5936E+01  0.2711E+03
     13.630  0.6109E+01  0.2712E+03
     13.652  0.6286E+01  0.2714E+03
     13.675  0.6463E+01  0.2715E+03
     13.698  0.6638E+01  0.2716E+03
     13.721  0.6813E+01  0.2718E+03
     13.743  0.6986E+01  0.2720E+03
     13.766  0.7157E+01  0.2721E+03
     13.789  0.7327E+01  0.2723E+03
     13.812  0.7496E+01  0.2725E+03
     13.835  0.7668E+01  0.2726E+03
     13.857  0.7851E+01  0.2728E+03
     13.880  0.8044E+01  0.2730E+03
     13.903  0.8246E+01  0.2732E+03
     13.926  0.8460E+01  0.2734E+03
     13.948  0.8726E+01  0.2736E+03
     13.971  0.9037E+01  0.2738E+03
     13.994  0.9434E+01  0.2740E+03
     14.017  0.9932E+01  0.2742E+03
     14.039  0.1044E+02  0.2744E+03
     14.062  0.1095E+02  0.2747E+03
     14.085  0.1150E+02  0.2749E+03
     14.108  0.1211E+02  0.2752E+03
     14.131  0.1286E+02  0.2755E+03
     14.153  0.1377E+02  0.2758E+03
     14.176  0.1505E+02  0.2761E+03
     14.199  0.1694E+02  0.2765E+03
     14.222  0.1933E+02  0.2769E+03
     14.244  0.2179E+02  0.2773E+03
     14.267  0.2381E+02  0.2779E+03
     14.290  0.2506E+02  0.2784E+03
     14.313  0.2612E+02  0.2790E+03
     14.336  0.2740E+02  0.2796E+03
     14.358  0.2788E+02  0.2802E+03
     14.381  0.2622E+02  0.2809E+03
     14.404  0.2312E+02  0.2814E+03
     14.427  0.2133E+02  0.2819E+03
     14.449  0.2305E+02  0.2824E+03
     14.472  0.2609E+02  0.2830E+03
     14.495  0.2769E+02  0.2836E+03
     14.518  0.1026E+02  0.2840E+03
     14.540  0.1897E+02  0.2843E+03
     14.563  0.2069E+02  0.2848E+03
     14.586  0.1252E+02  0.2852E+03
     14.609  0.1113E+02  0.2855E+03
     14.632  0.1065E+02  0.2857E+03
     14.654  0.1035E+02  0.2859E+03
     14.677  0.1015E+02  0.2862E+03
     14.700  0.9965E+01  0.2864E+03
     14.723  0.9892E+01  0.2866E+03
     14.745  0.9918E+01  0.2869E+03
     14.768  0.9961E+01  0.2871E+03
     14.791  0.1003E+02  0.2873E+03
     14.814  0.1018E+02  0.2875E+03
     14.836  0.1040E+02  0.2878E+03
     14.859  0.1069E+02  0.2880E+03
     14.882  0.1101E+02  0.2883E+03
     14.905  0.1133E+02  0.2885E+03
     14.928  0.1165E+02  0.2888E+03
     14.950  0.1197E+02  0.2890E+03
     14.973  0.1235E+02  0.2893E+03
     14.996  0.1281E+02  0.2896E+03
     15.019  0.1330E+02  0.2899E+03
     15.041  0.1381E+02  0.2902E+03
     15.064  0.1435E+02  0.2905E+03
     15.087  0.1490E+02  0.2909E+03
     15.110  0.1546E+02  0.2912E+03
     15.132  0.1598E+02  0.2916E+03
     15.155  0.1646E+02  0.2919E+03
     15.178  0.1689E+02  0.2923E+03
     15.201  0.1728E+02  0.2927E+03
     15.224  0.1762E+02  0.2931E+03
     15.246  0.1792E+02  0.2935E+03
     15.269  0.1818E+02  0.2939E+03
     15.292  0.1839E+02  0.2943E+03
     15.315  0.1856E+02  0.2948E+03
     15.337  0.1869E+02  0.2952E+03
     15.360  0.1875E+02  0.2956E+03
     15.383  0.1869E+02  0.2960E+03
     15.406  0.1848E+02  0.2965E+03
     15.429  0.1809E+02  0.2969E+03
     15.451  0.1740E+02  0.2973E+03
     15.474  0.1672E+02  0.2977E+03
     15.497  0.1584E+02  0.2980E+03
     15.520  0.1486E+02  0.2984E+03
     15.542  0.1627E+02  0.2987E+03
     15.565  0.1793E+02  0.2991E+03
     15.588  0.1834E+02  0.2995E+03
     15.611  0.1863E+02  0.3000E+03
     15.633  0.1871E+02  0.3004E+03
     15.656  0.2070E+02  0.3008E+03
     15.679  0.2197E+02  0.3013E+03
     15.702  0.2113E+02  0.3018E+03
     15.725  0.1963E+02  0.3023E+03
     15.747  0.1860E+02  0.3027E+03
     15.770  0.1761E+02  0.3031E+03
     15.793  0.1649E+02  0.3035E+03
     15.816  0.1542E+02  0.3039E+03
     15.838  0.1569E+02  0.3042E+03
     15.861  0.1682E+02  0.3046E+03
     15.884  0.1843E+02  0.3050E+03
     15.907  0.2220E+02  0.3055E+03
     15.929  0.2541E+02  0.3060E+03
     15.952  0.2360E+02  0.3066E+03
     15.975  0.2012E+02  0.3071E+03
     15.998  0.1915E+02  0.3075E+03
     16.021  0.2086E+02  0.3080E+03
     16.043  0.1961E+02  0.3084E+03
     16.066  0.1880E+02  0.3089E+03
     16.089  0.1922E+02  0.3093E+03
     16.112  0.1869E+02  0.3097E+03
     16.134  0.1723E+02  0.3101E+03
     16.157  0.1688E+02  0.3105E+03
     16.180  0.1727E+02  0.3109E+03
     16.203  0.1845E+02  0.3113E+03
     16.225  0.2070E+02  0.3118E+03
     16.248  0.2498E+02  0.3123E+03
     16.271  0.2389E+02  0.3129E+03
     16.294  0.2073E+02  0.3134E+03
     16.317  0.1760E+02  0.3138E+03
     16.339  0.1895E+02  0.3142E+03
     16.362  0.1783E+02  0.3146E+03
     16.385  0.1542E+02  0.3150E+03
     16.408  0.1275E+02  0.3153E+03
     16.430  0.1043E+02  0.3156E+03
     16.453  0.1016E+02  0.3158E+03
     16.476  0.1022E+02  0.3161E+03
     16.499  0.1046E+02  0.3163E+03
     16.522  0.1063E+02  0.3165E+03
     16.544  0.1074E+02  0.3168E+03
     16.567  0.1078E+02  0.3170E+03
     16.590  0.1080E+02  0.3173E+03
     16.613  0.1121E+02  0.3175E+03
     16.635  0.1221E+02  0.3178E+03
     16.658  0.1411E+02  0.3181E+03
     16.681  0.1639E+02  0.3184E+03
     16.704  0.1808E+02  0.3188E+03
     16.726  0.1909E+02  0.3192E+03
     16.749  0.1952E+02  0.3197E+03
     16.772  0.1955E+02  0.3201E+03
     16.795  0.1923E+02  0.3206E+03
     16.818  0.1878E+02  0.3210E+03
     16.840  0.1852E+02  0.3214E+03
     16.863  0.1827E+02  0.3219E+03
     16.886  0.1777E+02  0.3223E+03
     16.909  0.1723E+02  0.3227E+03
     16.931  0.1660E+02  0.3230E+03
     16.954  0.1588E+02  0.3234E+03
     16.977  0.1516E+02  0.3238E+03
     17.000  0.1394E+02  0.3241E+03
     17.022  0.1273E+02  0.3244E+03
     17.045  0.1198E+02  0.3247E+03
     17.068  0.1233E+02  0.3250E+03
     17.091  0.1240E+02  0.3252E+03
     17.114  0.1224E+02  0.3255E+03
     17.136  0.1187E+02  0.3258E+03
     17.159  0.1145E+02  0.3261E+03
     17.182  0.1114E+02  0.3263E+03
     17.205  0.1112E+02  0.3266E+03
     17.227  0.1136E+02  0.3268E+03
     17.250  0.1145E+02  0.3271E+03
     17.273  0.1146E+02  0.3273E+03
     17.296  0.1144E+02  0.3276E+03
     17.318  0.1129E+02  0.3279E+03
     17.341  0.1101E+02  0.3281E+03
     17.364  0.1057E+02  0.3284E+03
     17.387  0.1001E+02  0.3286E+03
     17.410  0.9330E+01  0.3288E+03
     17.432  0.8451E+01  0.3290E+03
     17.455  0.8015E+01  0.3292E+03
     17.478  0.8354E+01  0.3294E+03
     17.501  0.1026E+02  0.3296E+03
     17.523  0.1244E+02  0.3299E+03
     17.546  0.1343E+02  0.3302E+03
     17.569  0.1329E+02  0.3305E+03
     17.592  0.1226E+02  0.3308E+03
     17.615  0.1091E+02  0.3310E+03
     17.637  0.8640E+01  0.3312E+03
     17.660  0.6618E+01  0.3314E+03
     17.683  0.5773E+01  0.3316E+03
     17.706  0.9529E+01  0.3317E+03
     17.728  0.1246E+02  0.3320E+03
     17.751  0.1473E+02  0.3323E+03
     17.774  0.1494E+02  0.3326E+03
     17.797  0.1074E+02  0.3329E+03
     17.819  0.8235E+01  0.3331E+03
     17.842  0.7270E+01  0.3333E+03
     17.865  0.8754E+01  0.3335E+03
     17.888  0.1240E+02  0.3337E+03
     17.911  0.1656E+02  0.3341E+03
     17.933  0.1549E+02  0.3344E+03
     17.956  0.1296E+02  0.3348E+03
     17.979  0.1074E+02  0.3350E+03
     18.002  0.8871E+01  0.3352E+03
     18.024  0.7257E+01  0.3354E+03
     18.047  0.5847E+01  0.3356E+03
     18.070  0.4640E+01  0.3357E+03
     18.093  0.3605E+01  0.3358E+03
     18.115  0.2705E+01  0.3359E+03
     18.138  0.1941E+01  0.3359E+03
     18.161  0.1312E+01  0.3360E+03
     18.184  0.8183E+00  0.3360E+03
     18.207  0.4599E+00  0.3360E+03
     18.229  0.2134E+00  0.3360E+03
     18.252  0.6038E-01  0.3360E+03
     18.275  0.8694E-03  0.3360E+03
     18.298  0.0000E+00  0.3360E+03
     18.320  0.0000E+00  0.3360E+03
     18.343  0.0000E+00  0.3360E+03
     18.366  0.0000E+00  0.3360E+03
     18.389  0.0000E+00  0.3360E+03
     18.411  0.0000E+00  0.3360E+03
     18.434  0.0000E+00  0.3360E+03
     18.457  0.0000E+00  0.3360E+03
     18.480  0.0000E+00  0.3360E+03
     18.503  0.0000E+00  0.3360E+03
     18.525  0.0000E+00  0.3360E+03
     18.548  0.0000E+00  0.3360E+03
     18.571  0.0000E+00  0.3360E+03
     18.594  0.0000E+00  0.3360E+03
     18.616  0.0000E+00  0.3360E+03
     18.639  0.0000E+00  0.3360E+03
     18.662  0.0000E+00  0.3360E+03
     18.685  0.0000E+00  0.3360E+03
     18.708  0.0000E+00  0.3360E+03
     18.730  0.0000E+00  0.3360E+03
     18.753  0.0000E+00  0.3360E+03
     18.776  0.0000E+00  0.3360E+03
     18.799  0.0000E+00  0.3360E+03
     18.821  0.0000E+00  0.3360E+03
     18.844  0.0000E+00  0.3360E+03
     18.867  0.0000E+00  0.3360E+03
     18.890  0.0000E+00  0.3360E+03
     18.912  0.0000E+00  0.3360E+03
     18.935  0.0000E+00  0.3360E+03
     18.958  0.0000E+00  0.3360E+03
     18.981  0.0000E+00  0.3360E+03
     19.004  0.0000E+00  0.3360E+03
     19.026  0.0000E+00  0.3360E+03
     19.049  0.0000E+00  0.3360E+03
     19.072  0.0000E+00  0.3360E+03
     19.095  0.0000E+00  0.3360E+03
     19.117  0.0000E+00  0.3360E+03
     19.140  0.0000E+00  0.3360E+03
     19.163  0.0000E+00  0.3360E+03
     19.186  0.0000E+00  0.3360E+03
     19.208  0.0000E+00  0.3360E+03
     19.231  0.0000E+00  0.3360E+03
     19.254  0.0000E+00  0.3360E+03
     19.277  0.0000E+00  0.3360E+03
     19.300  0.0000E+00  0.3360E+03
     19.322  0.0000E+00  0.3360E+03
     19.345  0.0000E+00  0.3360E+03
     19.368  0.0000E+00  0.3360E+03
     19.391  0.0000E+00  0.3360E+03
     19.413  0.0000E+00  0.3360E+03
     19.436  0.0000E+00  0.3360E+03
     19.459  0.0000E+00  0.3360E+03
     19.482  0.0000E+00  0.3360E+03
     19.504  0.0000E+00  0.3360E+03
     19.527  0.0000E+00  0.3360E+03
     19.550  0.0000E+00  0.3360E+03
     19.573  0.0000E+00  0.3360E+03
     19.596  0.0000E+00  0.3360E+03
     19.618  0.0000E+00  0.3360E+03
     19.641  0.0000E+00  0.3360E+03
     19.664  0.0000E+00  0.3360E+03
     19.687  0.0000E+00  0.3360E+03
     19.709  0.0000E+00  0.3360E+03
     19.732  0.0000E+00  0.3360E+03
     19.755  0.0000E+00  0.3360E+03
     19.778  0.0000E+00  0.3360E+03
     19.801  0.0000E+00  0.3360E+03
     19.823  0.0000E+00  0.3360E+03
     19.846  0.0000E+00  0.3360E+03
     19.869  0.0000E+00  0.3360E+03
     19.892  0.0000E+00  0.3360E+03
     19.914  0.0000E+00  0.3360E+03
     19.937  0.0000E+00  0.3360E+03
     19.960  0.0000E+00  0.3360E+03
     19.983  0.0000E+00  0.3360E+03
     20.005  0.0000E+00  0.3360E+03
     20.028  0.0000E+00  0.3360E+03
     20.051  0.0000E+00  0.3360E+03
     20.074  0.0000E+00  0.3360E+03
     20.097  0.0000E+00  0.3360E+03
     20.119  0.0000E+00  0.3360E+03
     20.142  0.0000E+00  0.3360E+03
     20.165  0.0000E+00  0.3360E+03
     20.188  0.0000E+00  0.3360E+03
     20.210  0.0000E+00  0.3360E+03
     20.233  0.0000E+00  0.3360E+03
     20.256  0.0000E+00  0.3360E+03
     20.279  0.0000E+00  0.3360E+03
     20.301  0.0000E+00  0.3360E+03
     20.324  0.0000E+00  0.3360E+03
     20.347  0.0000E+00  0.3360E+03


