 Energy DOS Integrated_DOS
    -25.148  0.0000E+00  0.0000E+00
    -25.125  0.0000E+00  0.0000E+00
    -25.103  0.0000E+00  0.0000E+00
    -25.080  0.0000E+00  0.0000E+00
    -25.058  0.0000E+00  0.0000E+00
    -25.035  0.0000E+00  0.0000E+00
    -25.013  0.0000E+00  0.0000E+00
    -24.990  0.0000E+00  0.0000E+00
    -24.968  0.0000E+00  0.0000E+00
    -24.945  0.0000E+00  0.0000E+00
    -24.922  0.0000E+00  0.0000E+00
    -24.900  0.0000E+00  0.0000E+00
    -24.877  0.0000E+00  0.0000E+00
    -24.855  0.0000E+00  0.0000E+00
    -24.832  0.0000E+00  0.0000E+00
    -24.810  0.0000E+00  0.0000E+00
    -24.787  0.0000E+00  0.0000E+00
    -24.764  0.0000E+00  0.0000E+00
    -24.742  0.0000E+00  0.0000E+00
    -24.719  0.0000E+00  0.0000E+00
    -24.697  0.0000E+00  0.0000E+00
    -24.674  0.0000E+00  0.0000E+00
    -24.652  0.0000E+00  0.0000E+00
    -24.629  0.0000E+00  0.0000E+00
    -24.607  0.0000E+00  0.0000E+00
    -24.584  0.0000E+00  0.0000E+00
    -24.561  0.0000E+00  0.0000E+00
    -24.539  0.0000E+00  0.0000E+00
    -24.516  0.0000E+00  0.0000E+00
    -24.494  0.0000E+00  0.0000E+00
    -24.471  0.0000E+00  0.0000E+00
    -24.449  0.0000E+00  0.0000E+00
    -24.426  0.0000E+00  0.0000E+00
    -24.404  0.0000E+00  0.0000E+00
    -24.381  0.0000E+00  0.0000E+00
    -24.358  0.0000E+00  0.0000E+00
    -24.336  0.0000E+00  0.0000E+00
    -24.313  0.0000E+00  0.0000E+00
    -24.291  0.0000E+00  0.0000E+00
    -24.268  0.0000E+00  0.0000E+00
    -24.246  0.0000E+00  0.0000E+00
    -24.223  0.0000E+00  0.0000E+00
    -24.201  0.0000E+00  0.0000E+00
    -24.178  0.0000E+00  0.0000E+00
    -24.155  0.0000E+00  0.0000E+00
    -24.133  0.0000E+00  0.0000E+00
    -24.110  0.0000E+00  0.0000E+00
    -24.088  0.0000E+00  0.0000E+00
    -24.065  0.0000E+00  0.0000E+00
    -24.043  0.0000E+00  0.0000E+00
    -24.020  0.0000E+00  0.0000E+00
    -23.998  0.0000E+00  0.0000E+00
    -23.975  0.0000E+00  0.0000E+00
    -23.952  0.0000E+00  0.0000E+00
    -23.930  0.0000E+00  0.0000E+00
    -23.907  0.0000E+00  0.0000E+00
    -23.885  0.0000E+00  0.0000E+00
    -23.862  0.0000E+00  0.0000E+00
    -23.840  0.0000E+00  0.0000E+00
    -23.817  0.0000E+00  0.0000E+00
    -23.795  0.0000E+00  0.0000E+00
    -23.772  0.0000E+00  0.0000E+00
    -23.749  0.0000E+00  0.0000E+00
    -23.727  0.0000E+00  0.0000E+00
    -23.704  0.0000E+00  0.0000E+00
    -23.682  0.0000E+00  0.0000E+00
    -23.659  0.0000E+00  0.0000E+00
    -23.637  0.0000E+00  0.0000E+00
    -23.614  0.0000E+00  0.0000E+00
    -23.591  0.0000E+00  0.0000E+00
    -23.569  0.0000E+00  0.0000E+00
    -23.546  0.0000E+00  0.0000E+00
    -23.524  0.0000E+00  0.0000E+00
    -23.501  0.0000E+00  0.0000E+00
    -23.479  0.0000E+00  0.0000E+00
    -23.456  0.0000E+00  0.0000E+00
    -23.434  0.0000E+00  0.0000E+00
    -23.411  0.0000E+00  0.0000E+00
    -23.388  0.0000E+00  0.0000E+00
    -23.366  0.0000E+00  0.0000E+00
    -23.343  0.0000E+00  0.0000E+00
    -23.321  0.0000E+00  0.0000E+00
    -23.298  0.0000E+00  0.0000E+00
    -23.276  0.0000E+00  0.0000E+00
    -23.253  0.0000E+00  0.0000E+00
    -23.231  0.0000E+00  0.0000E+00
    -23.208  0.0000E+00  0.0000E+00
    -23.185  0.0000E+00  0.0000E+00
    -23.163  0.0000E+00  0.0000E+00
    -23.140  0.0000E+00  0.0000E+00
    -23.118  0.0000E+00  0.0000E+00
    -23.095  0.0000E+00  0.2000E+01
    -23.073  0.0000E+00  0.2000E+01
    -23.050  0.0000E+00  0.2000E+01
    -23.028  0.0000E+00  0.2000E+01
    -23.005  0.0000E+00  0.2000E+01
    -22.982  0.0000E+00  0.2000E+01
    -22.960  0.0000E+00  0.2000E+01
    -22.937  0.0000E+00  0.2000E+01
    -22.915  0.0000E+00  0.2000E+01
    -22.892  0.0000E+00  0.2000E+01
    -22.870  0.0000E+00  0.2000E+01
    -22.847  0.0000E+00  0.2000E+01
    -22.825  0.0000E+00  0.2000E+01
    -22.802  0.0000E+00  0.2000E+01
    -22.779  0.0000E+00  0.2000E+01
    -22.757  0.0000E+00  0.2000E+01
    -22.734  0.0000E+00  0.2000E+01
    -22.712  0.0000E+00  0.2000E+01
    -22.689  0.0000E+00  0.2000E+01
    -22.667  0.0000E+00  0.2000E+01
    -22.644  0.0000E+00  0.2000E+01
    -22.621  0.0000E+00  0.2000E+01
    -22.599  0.0000E+00  0.2000E+01
    -22.576  0.0000E+00  0.2000E+01
    -22.554  0.0000E+00  0.2000E+01
    -22.531  0.0000E+00  0.2000E+01
    -22.509  0.0000E+00  0.2000E+01
    -22.486  0.0000E+00  0.2000E+01
    -22.464  0.0000E+00  0.2000E+01
    -22.441  0.0000E+00  0.2000E+01
    -22.418  0.0000E+00  0.2000E+01
    -22.396  0.0000E+00  0.2000E+01
    -22.373  0.0000E+00  0.2000E+01
    -22.351  0.0000E+00  0.2000E+01
    -22.328  0.0000E+00  0.2000E+01
    -22.306  0.0000E+00  0.2000E+01
    -22.283  0.0000E+00  0.2000E+01
    -22.261  0.0000E+00  0.2000E+01
    -22.238  0.0000E+00  0.2000E+01
    -22.215  0.0000E+00  0.2000E+01
    -22.193  0.0000E+00  0.2000E+01
    -22.170  0.0000E+00  0.2000E+01
    -22.148  0.0000E+00  0.2000E+01
    -22.125  0.0000E+00  0.2000E+01
    -22.103  0.0000E+00  0.2000E+01
    -22.080  0.0000E+00  0.2000E+01
    -22.058  0.0000E+00  0.2000E+01
    -22.035  0.0000E+00  0.2000E+01
    -22.012  0.0000E+00  0.2000E+01
    -21.990  0.0000E+00  0.2000E+01
    -21.967  0.0000E+00  0.2000E+01
    -21.945  0.0000E+00  0.2000E+01
    -21.922  0.0000E+00  0.2000E+01
    -21.900  0.0000E+00  0.2000E+01
    -21.877  0.0000E+00  0.2000E+01
    -21.855  0.0000E+00  0.2000E+01
    -21.832  0.0000E+00  0.2000E+01
    -21.809  0.0000E+00  0.2000E+01
    -21.787  0.0000E+00  0.2000E+01
    -21.764  0.0000E+00  0.2000E+01
    -21.742  0.0000E+00  0.2000E+01
    -21.719  0.0000E+00  0.2000E+01
    -21.697  0.0000E+00  0.2000E+01
    -21.674  0.0000E+00  0.2000E+01
    -21.652  0.0000E+00  0.2000E+01
    -21.629  0.0000E+00  0.2000E+01
    -21.606  0.0000E+00  0.2000E+01
    -21.584  0.0000E+00  0.2000E+01
    -21.561  0.0000E+00  0.2000E+01
    -21.539  0.0000E+00  0.2000E+01
    -21.516  0.0000E+00  0.2000E+01
    -21.494  0.0000E+00  0.2000E+01
    -21.471  0.0000E+00  0.2000E+01
    -21.448  0.0000E+00  0.2000E+01
    -21.426  0.0000E+00  0.2000E+01
    -21.403  0.0000E+00  0.2000E+01
    -21.381  0.0000E+00  0.2000E+01
    -21.358  0.0000E+00  0.2000E+01
    -21.336  0.0000E+00  0.2000E+01
    -21.313  0.0000E+00  0.2000E+01
    -21.291  0.0000E+00  0.2000E+01
    -21.268  0.0000E+00  0.2000E+01
    -21.245  0.0000E+00  0.2000E+01
    -21.223  0.0000E+00  0.2000E+01
    -21.200  0.0000E+00  0.2000E+01
    -21.178  0.0000E+00  0.2000E+01
    -21.155  0.0000E+00  0.2000E+01
    -21.133  0.0000E+00  0.2000E+01
    -21.110  0.0000E+00  0.2000E+01
    -21.088  0.0000E+00  0.2000E+01
    -21.065  0.0000E+00  0.2000E+01
    -21.042  0.0000E+00  0.2000E+01
    -21.020  0.0000E+00  0.2000E+01
    -20.997  0.0000E+00  0.2000E+01
    -20.975  0.0000E+00  0.2000E+01
    -20.952  0.0000E+00  0.2000E+01
    -20.930  0.0000E+00  0.2000E+01
    -20.907  0.0000E+00  0.2000E+01
    -20.885  0.0000E+00  0.2000E+01
    -20.862  0.0000E+00  0.2000E+01
    -20.839  0.0000E+00  0.2000E+01
    -20.817  0.0000E+00  0.2000E+01
    -20.794  0.0000E+00  0.2000E+01
    -20.772  0.0000E+00  0.2000E+01
    -20.749  0.0000E+00  0.2000E+01
    -20.727  0.0000E+00  0.2000E+01
    -20.704  0.0000E+00  0.2000E+01
    -20.682  0.0000E+00  0.2000E+01
    -20.659  0.0000E+00  0.2000E+01
    -20.636  0.0000E+00  0.2000E+01
    -20.614  0.0000E+00  0.2000E+01
    -20.591  0.0000E+00  0.2000E+01
    -20.569  0.0000E+00  0.2000E+01
    -20.546  0.0000E+00  0.2000E+01
    -20.524  0.0000E+00  0.2000E+01
    -20.501  0.0000E+00  0.2000E+01
    -20.478  0.0000E+00  0.2000E+01
    -20.456  0.0000E+00  0.2000E+01
    -20.433  0.0000E+00  0.2000E+01
    -20.411  0.0000E+00  0.2000E+01
    -20.388  0.0000E+00  0.2000E+01
    -20.366  0.0000E+00  0.2000E+01
    -20.343  0.0000E+00  0.2000E+01
    -20.321  0.0000E+00  0.2000E+01
    -20.298  0.0000E+00  0.2000E+01
    -20.275  0.0000E+00  0.2000E+01
    -20.253  0.0000E+00  0.2000E+01
    -20.230  0.0000E+00  0.2000E+01
    -20.208  0.0000E+00  0.2000E+01
    -20.185  0.0000E+00  0.2000E+01
    -20.163  0.0000E+00  0.2000E+01
    -20.140  0.0000E+00  0.2000E+01
    -20.118  0.0000E+00  0.2000E+01
    -20.095  0.0000E+00  0.2000E+01
    -20.072  0.0000E+00  0.2000E+01
    -20.050  0.0000E+00  0.2000E+01
    -20.027  0.0000E+00  0.2000E+01
    -20.005  0.0000E+00  0.2000E+01
    -19.982  0.0000E+00  0.2000E+01
    -19.960  0.0000E+00  0.2000E+01
    -19.937  0.0000E+00  0.2000E+01
    -19.915  0.0000E+00  0.2000E+01
    -19.892  0.0000E+00  0.2000E+01
    -19.869  0.0000E+00  0.2000E+01
    -19.847  0.0000E+00  0.2000E+01
    -19.824  0.0000E+00  0.2000E+01
    -19.802  0.0000E+00  0.2000E+01
    -19.779  0.0000E+00  0.2000E+01
    -19.757  0.0000E+00  0.2000E+01
    -19.734  0.0000E+00  0.2000E+01
    -19.712  0.0000E+00  0.2000E+01
    -19.689  0.0000E+00  0.2000E+01
    -19.666  0.0000E+00  0.2000E+01
    -19.644  0.0000E+00  0.2000E+01
    -19.621  0.0000E+00  0.2000E+01
    -19.599  0.0000E+00  0.2000E+01
    -19.576  0.0000E+00  0.2000E+01
    -19.554  0.0000E+00  0.2000E+01
    -19.531  0.0000E+00  0.2000E+01
    -19.509  0.0000E+00  0.2000E+01
    -19.486  0.0000E+00  0.2000E+01
    -19.463  0.0000E+00  0.2000E+01
    -19.441  0.0000E+00  0.2000E+01
    -19.418  0.0000E+00  0.2000E+01
    -19.396  0.0000E+00  0.2000E+01
    -19.373  0.0000E+00  0.2000E+01
    -19.351  0.0000E+00  0.2000E+01
    -19.328  0.0000E+00  0.2000E+01
    -19.305  0.0000E+00  0.2000E+01
    -19.283  0.0000E+00  0.2000E+01
    -19.260  0.0000E+00  0.2000E+01
    -19.238  0.0000E+00  0.2000E+01
    -19.215  0.0000E+00  0.2000E+01
    -19.193  0.0000E+00  0.2000E+01
    -19.170  0.0000E+00  0.2000E+01
    -19.148  0.0000E+00  0.2000E+01
    -19.125  0.0000E+00  0.2000E+01
    -19.102  0.0000E+00  0.2000E+01
    -19.080  0.0000E+00  0.2000E+01
    -19.057  0.0000E+00  0.2000E+01
    -19.035  0.0000E+00  0.2000E+01
    -19.012  0.0000E+00  0.2000E+01
    -18.990  0.0000E+00  0.2000E+01
    -18.967  0.0000E+00  0.2000E+01
    -18.945  0.0000E+00  0.2000E+01
    -18.922  0.0000E+00  0.2000E+01
    -18.899  0.0000E+00  0.2000E+01
    -18.877  0.0000E+00  0.2000E+01
    -18.854  0.0000E+00  0.2000E+01
    -18.832  0.0000E+00  0.2000E+01
    -18.809  0.0000E+00  0.2000E+01
    -18.787  0.0000E+00  0.2000E+01
    -18.764  0.0000E+00  0.2000E+01
    -18.742  0.0000E+00  0.2000E+01
    -18.719  0.0000E+00  0.2000E+01
    -18.696  0.0000E+00  0.2000E+01
    -18.674  0.0000E+00  0.2000E+01
    -18.651  0.0000E+00  0.2000E+01
    -18.629  0.0000E+00  0.2000E+01
    -18.606  0.0000E+00  0.2000E+01
    -18.584  0.0000E+00  0.2000E+01
    -18.561  0.0000E+00  0.2000E+01
    -18.539  0.0000E+00  0.2000E+01
    -18.516  0.0000E+00  0.2000E+01
    -18.493  0.0000E+00  0.2000E+01
    -18.471  0.0000E+00  0.2000E+01
    -18.448  0.0000E+00  0.2000E+01
    -18.426  0.0000E+00  0.2000E+01
    -18.403  0.0000E+00  0.2000E+01
    -18.381  0.0000E+00  0.2000E+01
    -18.358  0.0000E+00  0.2000E+01
    -18.335  0.0000E+00  0.2000E+01
    -18.313  0.0000E+00  0.2000E+01
    -18.290  0.0000E+00  0.2000E+01
    -18.268  0.0000E+00  0.2000E+01
    -18.245  0.0000E+00  0.2000E+01
    -18.223  0.0000E+00  0.2000E+01
    -18.200  0.0000E+00  0.2000E+01
    -18.178  0.0000E+00  0.2000E+01
    -18.155  0.0000E+00  0.2000E+01
    -18.132  0.0000E+00  0.2000E+01
    -18.110  0.0000E+00  0.2000E+01
    -18.087  0.0000E+00  0.2000E+01
    -18.065  0.0000E+00  0.2000E+01
    -18.042  0.0000E+00  0.2000E+01
    -18.020  0.0000E+00  0.2000E+01
    -17.997  0.0000E+00  0.2000E+01
    -17.975  0.0000E+00  0.2000E+01
    -17.952  0.0000E+00  0.2000E+01
    -17.929  0.0000E+00  0.2000E+01
    -17.907  0.0000E+00  0.2000E+01
    -17.884  0.0000E+00  0.2000E+01
    -17.862  0.0000E+00  0.2000E+01
    -17.839  0.0000E+00  0.2000E+01
    -17.817  0.0000E+00  0.2000E+01
    -17.794  0.0000E+00  0.2000E+01
    -17.772  0.0000E+00  0.2000E+01
    -17.749  0.0000E+00  0.2000E+01
    -17.726  0.0000E+00  0.2000E+01
    -17.704  0.0000E+00  0.2000E+01
    -17.681  0.0000E+00  0.2000E+01
    -17.659  0.0000E+00  0.2000E+01
    -17.636  0.0000E+00  0.4000E+01
    -17.614  0.0000E+00  0.4000E+01
    -17.591  0.0000E+00  0.4000E+01
    -17.569  0.0000E+00  0.4000E+01
    -17.546  0.0000E+00  0.4000E+01
    -17.523  0.0000E+00  0.4000E+01
    -17.501  0.0000E+00  0.4000E+01
    -17.478  0.0000E+00  0.4000E+01
    -17.456  0.0000E+00  0.4000E+01
    -17.433  0.0000E+00  0.4000E+01
    -17.411  0.0000E+00  0.4000E+01
    -17.388  0.0000E+00  0.4000E+01
    -17.366  0.0000E+00  0.4000E+01
    -17.343  0.0000E+00  0.4000E+01
    -17.320  0.0000E+00  0.4000E+01
    -17.298  0.0000E+00  0.4000E+01
    -17.275  0.0000E+00  0.4000E+01
    -17.253  0.0000E+00  0.4000E+01
    -17.230  0.0000E+00  0.4000E+01
    -17.208  0.0000E+00  0.4000E+01
    -17.185  0.0000E+00  0.4000E+01
    -17.162  0.0000E+00  0.4000E+01
    -17.140  0.0000E+00  0.4000E+01
    -17.117  0.0000E+00  0.4000E+01
    -17.095  0.0000E+00  0.4000E+01
    -17.072  0.0000E+00  0.4000E+01
    -17.050  0.0000E+00  0.4000E+01
    -17.027  0.0000E+00  0.4000E+01
    -17.005  0.0000E+00  0.4000E+01
    -16.982  0.0000E+00  0.4000E+01
    -16.959  0.0000E+00  0.4000E+01
    -16.937  0.0000E+00  0.4000E+01
    -16.914  0.0000E+00  0.4000E+01
    -16.892  0.0000E+00  0.4000E+01
    -16.869  0.0000E+00  0.4000E+01
    -16.847  0.0000E+00  0.4000E+01
    -16.824  0.0000E+00  0.4000E+01
    -16.802  0.0000E+00  0.4000E+01
    -16.779  0.0000E+00  0.4000E+01
    -16.756  0.0000E+00  0.4000E+01
    -16.734  0.0000E+00  0.4000E+01
    -16.711  0.0000E+00  0.4000E+01
    -16.689  0.0000E+00  0.4000E+01
    -16.666  0.0000E+00  0.4000E+01
    -16.644  0.0000E+00  0.4000E+01
    -16.621  0.0000E+00  0.4000E+01
    -16.599  0.0000E+00  0.4000E+01
    -16.576  0.0000E+00  0.4000E+01
    -16.553  0.0000E+00  0.4000E+01
    -16.531  0.0000E+00  0.4000E+01
    -16.508  0.0000E+00  0.4000E+01
    -16.486  0.0000E+00  0.4000E+01
    -16.463  0.0000E+00  0.4000E+01
    -16.441  0.0000E+00  0.4000E+01
    -16.418  0.0000E+00  0.4000E+01
    -16.396  0.0000E+00  0.4000E+01
    -16.373  0.0000E+00  0.4000E+01
    -16.350  0.0000E+00  0.4000E+01
    -16.328  0.0000E+00  0.4000E+01
    -16.305  0.0000E+00  0.4000E+01
    -16.283  0.0000E+00  0.4000E+01
    -16.260  0.0000E+00  0.4000E+01
    -16.238  0.0000E+00  0.4000E+01
    -16.215  0.0000E+00  0.4000E+01
    -16.192  0.0000E+00  0.4000E+01
    -16.170  0.0000E+00  0.4000E+01
    -16.147  0.0000E+00  0.4000E+01
    -16.125  0.0000E+00  0.4000E+01
    -16.102  0.0000E+00  0.4000E+01
    -16.080  0.0000E+00  0.4000E+01
    -16.057  0.0000E+00  0.4000E+01
    -16.035  0.0000E+00  0.4000E+01
    -16.012  0.0000E+00  0.4000E+01
    -15.989  0.0000E+00  0.4000E+01
    -15.967  0.0000E+00  0.4000E+01
    -15.944  0.0000E+00  0.4000E+01
    -15.922  0.0000E+00  0.4000E+01
    -15.899  0.0000E+00  0.4000E+01
    -15.877  0.0000E+00  0.4000E+01
    -15.854  0.0000E+00  0.4000E+01
    -15.832  0.0000E+00  0.4000E+01
    -15.809  0.0000E+00  0.4000E+01
    -15.786  0.0000E+00  0.4000E+01
    -15.764  0.0000E+00  0.4000E+01
    -15.741  0.0000E+00  0.4000E+01
    -15.719  0.0000E+00  0.4000E+01
    -15.696  0.0000E+00  0.4000E+01
    -15.674  0.0000E+00  0.4000E+01
    -15.651  0.0000E+00  0.4000E+01
    -15.629  0.0000E+00  0.4000E+01
    -15.606  0.0000E+00  0.4000E+01
    -15.583  0.0000E+00  0.4000E+01
    -15.561  0.0000E+00  0.4000E+01
    -15.538  0.0000E+00  0.4000E+01
    -15.516  0.0000E+00  0.4000E+01
    -15.493  0.0000E+00  0.4000E+01
    -15.471  0.0000E+00  0.4000E+01
    -15.448  0.0000E+00  0.4000E+01
    -15.426  0.0000E+00  0.4000E+01
    -15.403  0.0000E+00  0.4000E+01
    -15.380  0.0000E+00  0.4000E+01
    -15.358  0.0000E+00  0.4000E+01
    -15.335  0.0000E+00  0.4000E+01
    -15.313  0.0000E+00  0.4000E+01
    -15.290  0.0000E+00  0.4000E+01
    -15.268  0.0000E+00  0.4000E+01
    -15.245  0.0000E+00  0.4000E+01
    -15.223  0.0000E+00  0.4000E+01
    -15.200  0.0000E+00  0.4000E+01
    -15.177  0.0000E+00  0.4000E+01
    -15.155  0.0000E+00  0.4000E+01
    -15.132  0.0000E+00  0.4000E+01
    -15.110  0.0000E+00  0.4000E+01
    -15.087  0.0000E+00  0.4000E+01
    -15.065  0.0000E+00  0.4000E+01
    -15.042  0.0000E+00  0.4000E+01
    -15.019  0.0000E+00  0.4000E+01
    -14.997  0.0000E+00  0.4000E+01
    -14.974  0.5426E-01  0.4000E+01
    -14.952  0.3418E+00  0.4004E+01
    -14.929  0.8768E+00  0.4018E+01
    -14.907  0.1659E+01  0.4046E+01
    -14.884  0.2689E+01  0.4094E+01
    -14.862  0.3966E+01  0.4169E+01
    -14.839  0.5491E+01  0.4275E+01
    -14.816  0.7305E+01  0.4419E+01
    -14.794  0.9878E+01  0.4613E+01
    -14.771  0.1156E+02  0.4857E+01
    -14.749  0.1386E+02  0.5139E+01
    -14.726  0.1740E+02  0.5493E+01
    -14.704  0.1905E+02  0.5909E+01
    -14.681  0.1785E+02  0.6330E+01
    -14.659  0.1456E+02  0.6697E+01
    -14.636  0.1171E+02  0.6992E+01
    -14.613  0.1006E+02  0.7235E+01
    -14.591  0.8570E+01  0.7446E+01
    -14.568  0.7199E+01  0.7621E+01
    -14.546  0.7661E+01  0.7785E+01
    -14.523  0.9161E+01  0.7975E+01
    -14.501  0.1208E+02  0.8211E+01
    -14.478  0.1649E+02  0.8531E+01
    -14.456  0.1987E+02  0.8945E+01
    -14.433  0.2135E+02  0.9413E+01
    -14.410  0.2189E+02  0.9902E+01
    -14.388  0.2151E+02  0.1039E+02
    -14.365  0.2007E+02  0.1086E+02
    -14.343  0.1699E+02  0.1129E+02
    -14.320  0.1215E+02  0.1161E+02
    -14.298  0.9696E+01  0.1185E+02
    -14.275  0.8322E+01  0.1206E+02
    -14.253  0.8407E+01  0.1224E+02
    -14.230  0.1064E+02  0.1245E+02
    -14.207  0.1448E+02  0.1273E+02
    -14.185  0.2180E+02  0.1313E+02
    -14.162  0.3788E+02  0.1375E+02
    -14.140  0.4067E+02  0.1474E+02
    -14.117  0.2238E+02  0.1538E+02
    -14.095  0.4128E+02  0.1606E+02
    -14.072  0.5017E+02  0.1713E+02
    -14.050  0.3905E+02  0.1813E+02
    -14.027  0.4643E+02  0.1914E+02
    -14.004  0.1414E+02  0.1983E+02
    -13.982  0.1671E+02  0.2011E+02
    -13.959  0.2833E+02  0.2063E+02
    -13.937  0.4692E+02  0.2148E+02
    -13.914  0.4367E+02  0.2261E+02
    -13.892  0.1657E+02  0.2326E+02
    -13.869  0.6056E+02  0.2408E+02
    -13.846  0.5507E+02  0.2542E+02
    -13.824  0.4253E+02  0.2648E+02
    -13.801  0.3286E+02  0.2733E+02
    -13.779  0.2492E+02  0.2797E+02
    -13.756  0.2681E+02  0.2852E+02
    -13.734  0.2510E+02  0.2924E+02
    -13.711  0.6045E+02  0.3016E+02
    -13.689  0.4513E+02  0.3127E+02
    -13.666  0.4965E+02  0.3246E+02
    -13.643  0.5360E+02  0.3359E+02
    -13.621  0.7846E+02  0.3505E+02
    -13.598  0.9359E+02  0.3705E+02
    -13.576  0.8448E+02  0.3907E+02
    -13.553  0.7639E+02  0.4088E+02
    -13.531  0.6058E+02  0.4244E+02
    -13.508  0.1137E+03  0.4396E+02
    -13.486  0.1101E+03  0.4650E+02
    -13.463  0.7876E+02  0.4877E+02
    -13.440  0.5532E+02  0.5072E+02
    -13.418  0.1088E+03  0.5249E+02
    -13.395  0.8887E+02  0.5485E+02
    -13.373  0.1075E+03  0.5691E+02
    -13.350  0.7750E+02  0.5897E+02
    -13.328  0.6964E+02  0.6085E+02
    -13.305  0.5693E+02  0.6223E+02
    -13.283  0.3770E+02  0.6344E+02
    -13.260  0.9635E+01  0.6392E+02
    -13.237  0.1481E+00  0.6400E+02
    -13.215  0.0000E+00  0.6400E+02
    -13.192  0.0000E+00  0.6400E+02
    -13.170  0.0000E+00  0.6400E+02
    -13.147  0.0000E+00  0.6400E+02
    -13.125  0.0000E+00  0.6400E+02
    -13.102  0.0000E+00  0.6400E+02
    -13.080  0.0000E+00  0.6400E+02
    -13.057  0.0000E+00  0.6400E+02
    -13.034  0.0000E+00  0.6400E+02
    -13.012  0.0000E+00  0.6400E+02
    -12.989  0.0000E+00  0.6400E+02
    -12.967  0.0000E+00  0.6400E+02
    -12.944  0.0000E+00  0.6400E+02
    -12.922  0.0000E+00  0.6400E+02
    -12.899  0.0000E+00  0.6400E+02
    -12.876  0.0000E+00  0.6400E+02
    -12.854  0.0000E+00  0.6400E+02
    -12.831  0.0000E+00  0.6400E+02
    -12.809  0.9377E+02  0.6425E+02
    -12.786  0.0000E+00  0.6600E+02
    -12.764  0.0000E+00  0.6600E+02
    -12.741  0.0000E+00  0.6600E+02
    -12.719  0.0000E+00  0.6600E+02
    -12.696  0.0000E+00  0.6600E+02
    -12.673  0.0000E+00  0.6600E+02
    -12.651  0.0000E+00  0.6600E+02
    -12.628  0.0000E+00  0.6600E+02
    -12.606  0.0000E+00  0.6600E+02
    -12.583  0.0000E+00  0.6600E+02
    -12.561  0.0000E+00  0.6600E+02
    -12.538  0.0000E+00  0.6600E+02
    -12.516  0.0000E+00  0.6600E+02
    -12.493  0.0000E+00  0.6600E+02
    -12.470  0.0000E+00  0.6600E+02
    -12.448  0.0000E+00  0.6600E+02
    -12.425  0.0000E+00  0.6600E+02
    -12.403  0.0000E+00  0.6600E+02
    -12.380  0.0000E+00  0.6600E+02
    -12.358  0.0000E+00  0.6600E+02
    -12.335  0.0000E+00  0.6600E+02
    -12.313  0.0000E+00  0.6600E+02
    -12.290  0.0000E+00  0.6600E+02
    -12.267  0.0000E+00  0.6600E+02
    -12.245  0.0000E+00  0.6600E+02
    -12.222  0.0000E+00  0.6600E+02
    -12.200  0.0000E+00  0.6600E+02
    -12.177  0.0000E+00  0.6600E+02
    -12.155  0.0000E+00  0.6600E+02
    -12.132  0.0000E+00  0.6600E+02
    -12.110  0.0000E+00  0.6600E+02
    -12.087  0.0000E+00  0.6600E+02
    -12.064  0.0000E+00  0.6600E+02
    -12.042  0.0000E+00  0.6600E+02
    -12.019  0.0000E+00  0.6600E+02
    -11.997  0.0000E+00  0.6600E+02
    -11.974  0.0000E+00  0.6600E+02
    -11.952  0.0000E+00  0.6600E+02
    -11.929  0.0000E+00  0.6600E+02
    -11.907  0.0000E+00  0.6600E+02
    -11.884  0.0000E+00  0.6600E+02
    -11.861  0.0000E+00  0.6600E+02
    -11.839  0.0000E+00  0.6600E+02
    -11.816  0.0000E+00  0.6600E+02
    -11.794  0.0000E+00  0.6600E+02
    -11.771  0.0000E+00  0.6600E+02
    -11.749  0.0000E+00  0.6600E+02
    -11.726  0.0000E+00  0.6600E+02
    -11.703  0.0000E+00  0.6600E+02
    -11.681  0.0000E+00  0.6600E+02
    -11.658  0.0000E+00  0.6600E+02
    -11.636  0.0000E+00  0.6600E+02
    -11.613  0.0000E+00  0.6600E+02
    -11.591  0.0000E+00  0.6600E+02
    -11.568  0.0000E+00  0.6600E+02
    -11.546  0.0000E+00  0.6600E+02
    -11.523  0.0000E+00  0.6600E+02
    -11.500  0.0000E+00  0.6600E+02
    -11.478  0.0000E+00  0.6600E+02
    -11.455  0.0000E+00  0.6600E+02
    -11.433  0.0000E+00  0.6600E+02
    -11.410  0.0000E+00  0.6600E+02
    -11.388  0.0000E+00  0.6600E+02
    -11.365  0.0000E+00  0.6600E+02
    -11.343  0.0000E+00  0.6600E+02
    -11.320  0.0000E+00  0.6600E+02
    -11.297  0.0000E+00  0.6600E+02
    -11.275  0.0000E+00  0.6600E+02
    -11.252  0.0000E+00  0.6600E+02
    -11.230  0.0000E+00  0.6600E+02
    -11.207  0.0000E+00  0.6600E+02
    -11.185  0.0000E+00  0.6600E+02
    -11.162  0.0000E+00  0.6600E+02
    -11.140  0.0000E+00  0.6600E+02
    -11.117  0.0000E+00  0.6600E+02
    -11.094  0.0000E+00  0.6600E+02
    -11.072  0.0000E+00  0.6600E+02
    -11.049  0.0000E+00  0.6600E+02
    -11.027  0.0000E+00  0.6600E+02
    -11.004  0.0000E+00  0.6600E+02
    -10.982  0.0000E+00  0.6600E+02
    -10.959  0.0000E+00  0.6600E+02
    -10.937  0.0000E+00  0.6600E+02
    -10.914  0.0000E+00  0.6600E+02
    -10.891  0.0000E+00  0.6600E+02
    -10.869  0.0000E+00  0.6600E+02
    -10.846  0.0000E+00  0.6600E+02
    -10.824  0.0000E+00  0.6600E+02
    -10.801  0.0000E+00  0.6600E+02
    -10.779  0.0000E+00  0.6600E+02
    -10.756  0.0000E+00  0.6600E+02
    -10.733  0.0000E+00  0.6600E+02
    -10.711  0.0000E+00  0.6600E+02
    -10.688  0.0000E+00  0.6600E+02
    -10.666  0.0000E+00  0.6600E+02
    -10.643  0.0000E+00  0.6600E+02
    -10.621  0.0000E+00  0.6600E+02
    -10.598  0.0000E+00  0.6600E+02
    -10.576  0.0000E+00  0.6600E+02
    -10.553  0.0000E+00  0.6600E+02
    -10.530  0.0000E+00  0.6600E+02
    -10.508  0.0000E+00  0.6600E+02
    -10.485  0.0000E+00  0.6600E+02
    -10.463  0.0000E+00  0.6600E+02
    -10.440  0.0000E+00  0.6600E+02
    -10.418  0.0000E+00  0.6600E+02
    -10.395  0.0000E+00  0.6600E+02
    -10.373  0.0000E+00  0.6600E+02
    -10.350  0.0000E+00  0.6600E+02
    -10.327  0.0000E+00  0.6600E+02
    -10.305  0.0000E+00  0.6600E+02
    -10.282  0.0000E+00  0.6600E+02
    -10.260  0.0000E+00  0.6600E+02
    -10.237  0.0000E+00  0.6600E+02
    -10.215  0.0000E+00  0.6600E+02
    -10.192  0.0000E+00  0.6600E+02
    -10.170  0.0000E+00  0.6600E+02
    -10.147  0.0000E+00  0.6600E+02
    -10.124  0.0000E+00  0.6600E+02
    -10.102  0.0000E+00  0.6600E+02
    -10.079  0.0000E+00  0.6600E+02
    -10.057  0.0000E+00  0.6600E+02
    -10.034  0.0000E+00  0.6600E+02
    -10.012  0.0000E+00  0.6600E+02
     -9.989  0.0000E+00  0.6600E+02
     -9.967  0.0000E+00  0.6600E+02
     -9.944  0.0000E+00  0.6600E+02
     -9.921  0.0000E+00  0.6600E+02
     -9.899  0.0000E+00  0.6600E+02
     -9.876  0.0000E+00  0.6600E+02
     -9.854  0.0000E+00  0.6600E+02
     -9.831  0.0000E+00  0.6600E+02
     -9.809  0.0000E+00  0.6600E+02
     -9.786  0.0000E+00  0.6600E+02
     -9.764  0.0000E+00  0.6600E+02
     -9.741  0.0000E+00  0.6600E+02
     -9.718  0.0000E+00  0.6600E+02
     -9.696  0.0000E+00  0.6600E+02
     -9.673  0.0000E+00  0.6600E+02
     -9.651  0.0000E+00  0.6600E+02
     -9.628  0.0000E+00  0.6600E+02
     -9.606  0.0000E+00  0.6600E+02
     -9.583  0.0000E+00  0.6600E+02
     -9.560  0.0000E+00  0.6600E+02
     -9.538  0.0000E+00  0.6600E+02
     -9.515  0.0000E+00  0.6600E+02
     -9.493  0.0000E+00  0.6600E+02
     -9.470  0.0000E+00  0.6600E+02
     -9.448  0.0000E+00  0.6600E+02
     -9.425  0.0000E+00  0.6600E+02
     -9.403  0.0000E+00  0.6600E+02
     -9.380  0.0000E+00  0.6600E+02
     -9.357  0.0000E+00  0.6600E+02
     -9.335  0.0000E+00  0.6600E+02
     -9.312  0.0000E+00  0.6600E+02
     -9.290  0.0000E+00  0.6600E+02
     -9.267  0.0000E+00  0.6600E+02
     -9.245  0.0000E+00  0.6600E+02
     -9.222  0.0000E+00  0.6600E+02
     -9.200  0.0000E+00  0.6600E+02
     -9.177  0.0000E+00  0.6600E+02
     -9.154  0.0000E+00  0.6600E+02
     -9.132  0.0000E+00  0.6600E+02
     -9.109  0.0000E+00  0.6600E+02
     -9.087  0.0000E+00  0.6600E+02
     -9.064  0.0000E+00  0.6600E+02
     -9.042  0.0000E+00  0.6600E+02
     -9.019  0.0000E+00  0.6600E+02
     -8.997  0.0000E+00  0.6600E+02
     -8.974  0.0000E+00  0.6600E+02
     -8.951  0.0000E+00  0.6600E+02
     -8.929  0.0000E+00  0.6600E+02
     -8.906  0.0000E+00  0.6600E+02
     -8.884  0.0000E+00  0.6600E+02
     -8.861  0.0000E+00  0.6600E+02
     -8.839  0.0000E+00  0.6600E+02
     -8.816  0.0000E+00  0.6600E+02
     -8.794  0.0000E+00  0.6600E+02
     -8.771  0.0000E+00  0.6600E+02
     -8.748  0.0000E+00  0.6600E+02
     -8.726  0.0000E+00  0.6600E+02
     -8.703  0.0000E+00  0.6600E+02
     -8.681  0.0000E+00  0.6600E+02
     -8.658  0.0000E+00  0.6600E+02
     -8.636  0.0000E+00  0.6600E+02
     -8.613  0.0000E+00  0.6600E+02
     -8.590  0.0000E+00  0.6600E+02
     -8.568  0.0000E+00  0.6600E+02
     -8.545  0.0000E+00  0.6600E+02
     -8.523  0.0000E+00  0.6600E+02
     -8.500  0.0000E+00  0.6600E+02
     -8.478  0.0000E+00  0.6600E+02
     -8.455  0.0000E+00  0.6600E+02
     -8.433  0.0000E+00  0.6600E+02
     -8.410  0.0000E+00  0.6600E+02
     -8.387  0.0000E+00  0.6600E+02
     -8.365  0.0000E+00  0.6600E+02
     -8.342  0.0000E+00  0.6600E+02
     -8.320  0.0000E+00  0.6600E+02
     -8.297  0.0000E+00  0.6600E+02
     -8.275  0.0000E+00  0.6600E+02
     -8.252  0.0000E+00  0.6600E+02
     -8.230  0.0000E+00  0.6600E+02
     -8.207  0.0000E+00  0.6600E+02
     -8.184  0.0000E+00  0.6600E+02
     -8.162  0.0000E+00  0.6600E+02
     -8.139  0.0000E+00  0.6600E+02
     -8.117  0.0000E+00  0.6600E+02
     -8.094  0.0000E+00  0.6600E+02
     -8.072  0.0000E+00  0.6600E+02
     -8.049  0.0000E+00  0.6600E+02
     -8.027  0.0000E+00  0.6600E+02
     -8.004  0.0000E+00  0.6600E+02
     -7.981  0.0000E+00  0.6600E+02
     -7.959  0.0000E+00  0.6600E+02
     -7.936  0.0000E+00  0.6600E+02
     -7.914  0.0000E+00  0.6600E+02
     -7.891  0.0000E+00  0.6600E+02
     -7.869  0.0000E+00  0.6600E+02
     -7.846  0.0000E+00  0.6600E+02
     -7.824  0.0000E+00  0.6600E+02
     -7.801  0.0000E+00  0.6600E+02
     -7.778  0.0000E+00  0.6600E+02
     -7.756  0.0000E+00  0.6600E+02
     -7.733  0.0000E+00  0.6600E+02
     -7.711  0.0000E+00  0.6600E+02
     -7.688  0.0000E+00  0.6600E+02
     -7.666  0.0000E+00  0.6600E+02
     -7.643  0.0000E+00  0.6600E+02
     -7.621  0.0000E+00  0.6600E+02
     -7.598  0.0000E+00  0.6600E+02
     -7.575  0.0000E+00  0.6600E+02
     -7.553  0.0000E+00  0.6600E+02
     -7.530  0.0000E+00  0.6600E+02
     -7.508  0.0000E+00  0.6600E+02
     -7.485  0.0000E+00  0.6600E+02
     -7.463  0.0000E+00  0.6600E+02
     -7.440  0.0000E+00  0.6600E+02
     -7.417  0.0000E+00  0.6600E+02
     -7.395  0.0000E+00  0.6600E+02
     -7.372  0.0000E+00  0.6600E+02
     -7.350  0.0000E+00  0.6600E+02
     -7.327  0.0000E+00  0.6600E+02
     -7.305  0.0000E+00  0.6600E+02
     -7.282  0.0000E+00  0.6600E+02
     -7.260  0.0000E+00  0.6600E+02
     -7.237  0.0000E+00  0.6600E+02
     -7.214  0.0000E+00  0.6600E+02
     -7.192  0.0000E+00  0.6600E+02
     -7.169  0.0000E+00  0.6600E+02
     -7.147  0.0000E+00  0.6600E+02
     -7.124  0.0000E+00  0.6600E+02
     -7.102  0.0000E+00  0.6600E+02
     -7.079  0.0000E+00  0.6600E+02
     -7.057  0.0000E+00  0.6600E+02
     -7.034  0.0000E+00  0.6600E+02
     -7.011  0.0000E+00  0.6600E+02
     -6.989  0.0000E+00  0.6600E+02
     -6.966  0.0000E+00  0.6600E+02
     -6.944  0.0000E+00  0.6600E+02
     -6.921  0.0000E+00  0.6600E+02
     -6.899  0.0000E+00  0.6600E+02
     -6.876  0.0000E+00  0.6600E+02
     -6.854  0.0000E+00  0.6600E+02
     -6.831  0.0000E+00  0.6600E+02
     -6.808  0.0000E+00  0.6600E+02
     -6.786  0.0000E+00  0.6600E+02
     -6.763  0.0000E+00  0.6600E+02
     -6.741  0.0000E+00  0.6600E+02
     -6.718  0.0000E+00  0.6600E+02
     -6.696  0.0000E+00  0.6600E+02
     -6.673  0.0000E+00  0.6600E+02
     -6.651  0.0000E+00  0.6600E+02
     -6.628  0.0000E+00  0.6600E+02
     -6.605  0.0000E+00  0.6600E+02
     -6.583  0.0000E+00  0.6600E+02
     -6.560  0.0000E+00  0.6600E+02
     -6.538  0.0000E+00  0.6600E+02
     -6.515  0.0000E+00  0.6600E+02
     -6.493  0.0000E+00  0.6600E+02
     -6.470  0.0000E+00  0.6600E+02
     -6.447  0.0000E+00  0.6600E+02
     -6.425  0.0000E+00  0.6600E+02
     -6.402  0.0000E+00  0.6600E+02
     -6.380  0.0000E+00  0.6600E+02
     -6.357  0.0000E+00  0.6600E+02
     -6.335  0.0000E+00  0.6600E+02
     -6.312  0.0000E+00  0.6600E+02
     -6.290  0.0000E+00  0.6600E+02
     -6.267  0.0000E+00  0.6600E+02
     -6.244  0.0000E+00  0.6600E+02
     -6.222  0.0000E+00  0.6600E+02
     -6.199  0.0000E+00  0.6600E+02
     -6.177  0.0000E+00  0.6600E+02
     -6.154  0.0000E+00  0.6600E+02
     -6.132  0.0000E+00  0.6600E+02
     -6.109  0.0000E+00  0.6600E+02
     -6.087  0.0000E+00  0.6600E+02
     -6.064  0.0000E+00  0.6600E+02
     -6.041  0.0000E+00  0.6600E+02
     -6.019  0.0000E+00  0.6600E+02
     -5.996  0.0000E+00  0.6600E+02
     -5.974  0.0000E+00  0.6600E+02
     -5.951  0.0000E+00  0.6600E+02
     -5.929  0.0000E+00  0.6600E+02
     -5.906  0.0000E+00  0.6600E+02
     -5.884  0.0000E+00  0.6600E+02
     -5.861  0.0000E+00  0.6600E+02
     -5.838  0.0000E+00  0.6600E+02
     -5.816  0.0000E+00  0.6600E+02
     -5.793  0.0000E+00  0.6600E+02
     -5.771  0.0000E+00  0.6600E+02
     -5.748  0.0000E+00  0.6600E+02
     -5.726  0.0000E+00  0.6600E+02
     -5.703  0.0000E+00  0.6600E+02
     -5.681  0.0000E+00  0.6600E+02
     -5.658  0.0000E+00  0.6600E+02
     -5.635  0.0000E+00  0.6600E+02
     -5.613  0.0000E+00  0.6600E+02
     -5.590  0.0000E+00  0.6600E+02
     -5.568  0.0000E+00  0.6600E+02
     -5.545  0.0000E+00  0.6600E+02
     -5.523  0.0000E+00  0.6600E+02
     -5.500  0.0000E+00  0.6600E+02
     -5.478  0.0000E+00  0.6600E+02
     -5.455  0.0000E+00  0.6600E+02
     -5.432  0.0000E+00  0.6600E+02
     -5.410  0.0000E+00  0.6600E+02
     -5.387  0.0000E+00  0.6600E+02
     -5.365  0.0000E+00  0.6600E+02
     -5.342  0.0000E+00  0.6600E+02
     -5.320  0.0000E+00  0.6600E+02
     -5.297  0.0000E+00  0.6600E+02
     -5.274  0.0000E+00  0.6600E+02
     -5.252  0.0000E+00  0.6800E+02
     -5.229  0.0000E+00  0.6800E+02
     -5.207  0.0000E+00  0.6800E+02
     -5.184  0.0000E+00  0.6800E+02
     -5.162  0.0000E+00  0.6800E+02
     -5.139  0.0000E+00  0.6800E+02
     -5.117  0.0000E+00  0.6800E+02
     -5.094  0.0000E+00  0.6800E+02
     -5.071  0.0000E+00  0.6800E+02
     -5.049  0.0000E+00  0.6800E+02
     -5.026  0.0000E+00  0.6800E+02
     -5.004  0.0000E+00  0.6800E+02
     -4.981  0.0000E+00  0.6800E+02
     -4.959  0.0000E+00  0.6800E+02
     -4.936  0.0000E+00  0.6800E+02
     -4.914  0.0000E+00  0.6800E+02
     -4.891  0.0000E+00  0.6800E+02
     -4.868  0.0000E+00  0.6800E+02
     -4.846  0.0000E+00  0.6800E+02
     -4.823  0.0000E+00  0.6800E+02
     -4.801  0.0000E+00  0.6800E+02
     -4.778  0.0000E+00  0.6800E+02
     -4.756  0.0000E+00  0.6800E+02
     -4.733  0.0000E+00  0.6800E+02
     -4.711  0.0000E+00  0.6800E+02
     -4.688  0.0000E+00  0.6800E+02
     -4.665  0.4655E+03  0.6890E+02
     -4.643  0.0000E+00  0.7000E+02
     -4.620  0.0000E+00  0.7000E+02
     -4.598  0.0000E+00  0.7000E+02
     -4.575  0.0000E+00  0.7000E+02
     -4.553  0.0000E+00  0.7200E+02
     -4.530  0.0000E+00  0.7200E+02
     -4.508  0.0000E+00  0.7200E+02
     -4.485  0.0000E+00  0.7200E+02
     -4.462  0.0000E+00  0.7200E+02
     -4.440  0.0000E+00  0.7200E+02
     -4.417  0.0000E+00  0.7200E+02
     -4.395  0.0000E+00  0.7200E+02
     -4.372  0.0000E+00  0.7200E+02
     -4.350  0.0000E+00  0.7200E+02
     -4.327  0.0000E+00  0.7200E+02
     -4.305  0.0000E+00  0.7200E+02
     -4.282  0.0000E+00  0.7200E+02
     -4.259  0.0000E+00  0.7200E+02
     -4.237  0.0000E+00  0.7200E+02
     -4.214  0.0000E+00  0.7200E+02
     -4.192  0.0000E+00  0.7200E+02
     -4.169  0.0000E+00  0.7200E+02
     -4.147  0.0000E+00  0.7200E+02
     -4.124  0.0000E+00  0.7200E+02
     -4.101  0.0000E+00  0.7200E+02
     -4.079  0.0000E+00  0.7200E+02
     -4.056  0.0000E+00  0.7200E+02
     -4.034  0.0000E+00  0.7200E+02
     -4.011  0.0000E+00  0.7200E+02
     -3.989  0.0000E+00  0.7200E+02
     -3.966  0.0000E+00  0.7200E+02
     -3.944  0.0000E+00  0.7200E+02
     -3.921  0.0000E+00  0.7200E+02
     -3.898  0.0000E+00  0.7200E+02
     -3.876  0.0000E+00  0.7200E+02
     -3.853  0.0000E+00  0.7200E+02
     -3.831  0.0000E+00  0.7200E+02
     -3.808  0.0000E+00  0.7200E+02
     -3.786  0.0000E+00  0.7200E+02
     -3.763  0.0000E+00  0.7200E+02
     -3.741  0.0000E+00  0.7200E+02
     -3.718  0.0000E+00  0.7200E+02
     -3.695  0.0000E+00  0.7200E+02
     -3.673  0.0000E+00  0.7200E+02
     -3.650  0.0000E+00  0.7200E+02
     -3.628  0.0000E+00  0.7200E+02
     -3.605  0.0000E+00  0.7200E+02
     -3.583  0.0000E+00  0.7200E+02
     -3.560  0.0000E+00  0.7200E+02
     -3.538  0.0000E+00  0.7200E+02
     -3.515  0.0000E+00  0.7200E+02
     -3.492  0.0000E+00  0.7200E+02
     -3.470  0.0000E+00  0.7200E+02
     -3.447  0.0000E+00  0.7200E+02
     -3.425  0.0000E+00  0.7200E+02
     -3.402  0.0000E+00  0.7200E+02
     -3.380  0.0000E+00  0.7200E+02
     -3.357  0.0000E+00  0.7200E+02
     -3.335  0.0000E+00  0.7200E+02
     -3.312  0.0000E+00  0.7200E+02
     -3.289  0.0000E+00  0.7200E+02
     -3.267  0.0000E+00  0.7200E+02
     -3.244  0.0000E+00  0.7200E+02
     -3.222  0.0000E+00  0.7200E+02
     -3.199  0.0000E+00  0.7200E+02
     -3.177  0.0000E+00  0.7200E+02
     -3.154  0.0000E+00  0.7200E+02
     -3.131  0.0000E+00  0.7200E+02
     -3.109  0.0000E+00  0.7200E+02
     -3.086  0.0000E+00  0.7200E+02
     -3.064  0.0000E+00  0.7200E+02
     -3.041  0.0000E+00  0.7200E+02
     -3.019  0.0000E+00  0.7200E+02
     -2.996  0.0000E+00  0.7200E+02
     -2.974  0.0000E+00  0.7200E+02
     -2.951  0.0000E+00  0.7200E+02
     -2.928  0.0000E+00  0.7200E+02
     -2.906  0.0000E+00  0.7200E+02
     -2.883  0.0000E+00  0.7200E+02
     -2.861  0.0000E+00  0.7200E+02
     -2.838  0.0000E+00  0.7200E+02
     -2.816  0.0000E+00  0.7200E+02
     -2.793  0.0000E+00  0.7200E+02
     -2.771  0.0000E+00  0.7200E+02
     -2.748  0.0000E+00  0.7200E+02
     -2.725  0.0000E+00  0.7200E+02
     -2.703  0.0000E+00  0.7200E+02
     -2.680  0.0000E+00  0.7200E+02
     -2.658  0.0000E+00  0.7200E+02
     -2.635  0.0000E+00  0.7200E+02
     -2.613  0.0000E+00  0.7200E+02
     -2.590  0.0000E+00  0.7200E+02
     -2.568  0.0000E+00  0.7200E+02
     -2.545  0.0000E+00  0.7200E+02
     -2.522  0.0000E+00  0.7200E+02
     -2.500  0.0000E+00  0.7200E+02
     -2.477  0.0000E+00  0.7200E+02
     -2.455  0.0000E+00  0.7200E+02
     -2.432  0.0000E+00  0.7200E+02
     -2.410  0.0000E+00  0.7200E+02
     -2.387  0.0000E+00  0.7200E+02
     -2.365  0.0000E+00  0.7200E+02
     -2.342  0.0000E+00  0.7200E+02
     -2.319  0.0000E+00  0.7200E+02
     -2.297  0.0000E+00  0.7200E+02
     -2.274  0.0000E+00  0.7200E+02
     -2.252  0.0000E+00  0.7200E+02
     -2.229  0.0000E+00  0.7200E+02
     -2.207  0.0000E+00  0.7200E+02
     -2.184  0.0000E+00  0.7200E+02
     -2.162  0.0000E+00  0.7200E+02
     -2.139  0.0000E+00  0.7200E+02
     -2.116  0.0000E+00  0.7200E+02
     -2.094  0.0000E+00  0.7200E+02
     -2.071  0.0000E+00  0.7200E+02
     -2.049  0.0000E+00  0.7200E+02
     -2.026  0.0000E+00  0.7200E+02
     -2.004  0.0000E+00  0.7200E+02
     -1.981  0.0000E+00  0.7200E+02
     -1.958  0.0000E+00  0.7200E+02
     -1.936  0.0000E+00  0.7200E+02
     -1.913  0.0000E+00  0.7200E+02
     -1.891  0.0000E+00  0.7200E+02
     -1.868  0.0000E+00  0.7200E+02
     -1.846  0.0000E+00  0.7200E+02
     -1.823  0.0000E+00  0.7200E+02
     -1.801  0.0000E+00  0.7200E+02
     -1.778  0.0000E+00  0.7200E+02
     -1.755  0.0000E+00  0.7200E+02
     -1.733  0.0000E+00  0.7200E+02
     -1.710  0.0000E+00  0.7200E+02
     -1.688  0.0000E+00  0.7200E+02
     -1.665  0.0000E+00  0.7200E+02
     -1.643  0.0000E+00  0.7200E+02
     -1.620  0.0000E+00  0.7200E+02
     -1.598  0.0000E+00  0.7200E+02
     -1.575  0.0000E+00  0.7200E+02
     -1.552  0.0000E+00  0.7200E+02
     -1.530  0.0000E+00  0.7200E+02
     -1.507  0.0000E+00  0.7200E+02
     -1.485  0.0000E+00  0.7200E+02
     -1.462  0.0000E+00  0.7200E+02
     -1.440  0.0000E+00  0.7200E+02
     -1.417  0.0000E+00  0.7200E+02
     -1.395  0.0000E+00  0.7200E+02
     -1.372  0.0000E+00  0.7200E+02
     -1.349  0.0000E+00  0.7200E+02
     -1.327  0.0000E+00  0.7200E+02
     -1.304  0.0000E+00  0.7200E+02
     -1.282  0.0000E+00  0.7200E+02
     -1.259  0.2759E+02  0.7228E+02
     -1.237  0.3809E+02  0.7310E+02
     -1.214  0.2032E+02  0.7374E+02
     -1.192  0.1886E+01  0.7400E+02
     -1.169  0.0000E+00  0.7400E+02
     -1.146  0.1023E-01  0.7400E+02
     -1.124  0.2147E+00  0.7400E+02
     -1.101  0.6817E+00  0.7401E+02
     -1.079  0.1411E+01  0.7403E+02
     -1.056  0.2425E+01  0.7408E+02
     -1.034  0.3769E+01  0.7415E+02
     -1.011  0.5446E+01  0.7425E+02
     -0.988  0.7463E+01  0.7439E+02
     -0.966  0.1035E+02  0.7459E+02
     -0.943  0.1476E+02  0.7487E+02
     -0.921  0.2100E+02  0.7528E+02
     -0.898  0.2161E+02  0.7577E+02
     -0.876  0.1011E+02  0.7617E+02
     -0.853  0.4252E+01  0.7628E+02
     -0.831  0.5390E+01  0.7639E+02
     -0.808  0.6746E+01  0.7653E+02
     -0.785  0.8343E+01  0.7670E+02
     -0.763  0.1144E+02  0.7692E+02
     -0.740  0.1800E+02  0.7724E+02
     -0.718  0.2067E+02  0.7769E+02
     -0.695  0.1874E+02  0.7814E+02
     -0.673  0.1693E+02  0.7854E+02
     -0.650  0.1501E+02  0.7890E+02
     -0.628  0.1397E+02  0.7922E+02
     -0.605  0.1744E+02  0.7958E+02
     -0.582  0.2352E+02  0.8001E+02
     -0.560  0.3216E+02  0.8069E+02
     -0.537  0.4184E+02  0.8151E+02
     -0.515  0.4373E+02  0.8247E+02
     -0.492  0.4508E+02  0.8347E+02
     -0.470  0.4531E+02  0.8450E+02
     -0.447  0.4137E+02  0.8548E+02
     -0.425  0.3562E+02  0.8634E+02
     -0.402  0.3478E+02  0.8714E+02
     -0.379  0.3312E+02  0.8791E+02
     -0.357  0.3123E+02  0.8863E+02
     -0.334  0.3064E+02  0.8933E+02
     -0.312  0.3287E+02  0.9005E+02
     -0.289  0.2857E+02  0.9074E+02
     -0.267  0.3557E+02  0.9144E+02
     -0.244  0.3789E+02  0.9227E+02
     -0.222  0.2999E+02  0.9307E+02
     -0.199  0.1180E+02  0.9348E+02
     -0.176  0.1896E+02  0.9381E+02
     -0.154  0.3655E+02  0.9441E+02
     -0.131  0.6721E+02  0.9562E+02
     -0.109  0.5881E+02  0.9685E+02
     -0.086  0.6053E+02  0.9825E+02
     -0.064  0.6795E+02  0.9961E+02
     -0.041  0.6700E+02  0.1011E+03
     -0.019  0.6508E+02  0.1027E+03
      0.004  0.5878E+02  0.1041E+03
      0.027  0.5387E+02  0.1053E+03
      0.049  0.5291E+02  0.1065E+03
      0.072  0.4970E+02  0.1077E+03
      0.094  0.4742E+02  0.1088E+03
      0.117  0.4493E+02  0.1098E+03
      0.139  0.4193E+02  0.1108E+03
      0.162  0.3835E+02  0.1117E+03
      0.185  0.3521E+02  0.1125E+03
      0.207  0.3352E+02  0.1133E+03
      0.230  0.3188E+02  0.1140E+03
      0.252  0.3079E+02  0.1147E+03
      0.275  0.3008E+02  0.1154E+03
      0.297  0.2896E+02  0.1161E+03
      0.320  0.2753E+02  0.1167E+03
      0.342  0.2689E+02  0.1173E+03
      0.365  0.2626E+02  0.1179E+03
      0.388  0.2650E+02  0.1185E+03
      0.410  0.2649E+02  0.1191E+03
      0.433  0.2649E+02  0.1197E+03
      0.455  0.2629E+02  0.1203E+03
      0.478  0.2549E+02  0.1209E+03
      0.500  0.2619E+02  0.1215E+03
      0.523  0.2752E+02  0.1221E+03
      0.545  0.2884E+02  0.1227E+03
      0.568  0.2972E+02  0.1234E+03
      0.591  0.2836E+02  0.1241E+03
      0.613  0.2846E+02  0.1247E+03
      0.636  0.2884E+02  0.1253E+03
      0.658  0.2599E+02  0.1260E+03
      0.681  0.2393E+02  0.1265E+03
      0.703  0.3424E+02  0.1272E+03
      0.726  0.2807E+02  0.1279E+03
      0.748  0.2591E+02  0.1285E+03
      0.771  0.2802E+02  0.1291E+03
      0.794  0.3007E+02  0.1298E+03
      0.816  0.2890E+02  0.1305E+03
      0.839  0.2772E+02  0.1311E+03
      0.861  0.2577E+02  0.1317E+03
      0.884  0.2223E+02  0.1323E+03
      0.906  0.1818E+02  0.1327E+03
      0.929  0.2107E+02  0.1331E+03
      0.951  0.2109E+02  0.1336E+03
      0.974  0.2425E+02  0.1341E+03
      0.997  0.2451E+02  0.1347E+03
      1.019  0.2643E+02  0.1353E+03
      1.042  0.2804E+02  0.1359E+03
      1.064  0.3005E+02  0.1365E+03
      1.087  0.3162E+02  0.1372E+03
      1.109  0.3272E+02  0.1380E+03
      1.132  0.3281E+02  0.1387E+03
      1.155  0.3185E+02  0.1394E+03
      1.177  0.2773E+02  0.1401E+03
      1.200  0.2401E+02  0.1407E+03
      1.222  0.1987E+02  0.1412E+03
      1.245  0.1866E+02  0.1416E+03
      1.267  0.1769E+02  0.1420E+03
      1.290  0.1676E+02  0.1424E+03
      1.312  0.1674E+02  0.1428E+03
      1.335  0.1870E+02  0.1432E+03
      1.358  0.1975E+02  0.1436E+03
      1.380  0.1960E+02  0.1441E+03
      1.403  0.1858E+02  0.1445E+03
      1.425  0.1957E+02  0.1449E+03
      1.448  0.2048E+02  0.1454E+03
      1.470  0.2114E+02  0.1458E+03
      1.493  0.2173E+02  0.1463E+03
      1.515  0.2224E+02  0.1468E+03
      1.538  0.2310E+02  0.1473E+03
      1.561  0.2449E+02  0.1479E+03
      1.583  0.2562E+02  0.1484E+03
      1.606  0.2648E+02  0.1490E+03
      1.628  0.2726E+02  0.1496E+03
      1.651  0.2840E+02  0.1503E+03
      1.673  0.3000E+02  0.1509E+03
      1.696  0.3045E+02  0.1516E+03
      1.718  0.3116E+02  0.1523E+03
      1.741  0.3421E+02  0.1530E+03
      1.764  0.3663E+02  0.1538E+03
      1.786  0.3712E+02  0.1547E+03
      1.809  0.3696E+02  0.1555E+03
      1.831  0.3843E+02  0.1564E+03
      1.854  0.2952E+02  0.1571E+03
      1.876  0.3538E+02  0.1578E+03
      1.899  0.5016E+02  0.1588E+03
      1.921  0.5075E+02  0.1601E+03
      1.944  0.5336E+02  0.1612E+03
      1.967  0.5894E+02  0.1625E+03
      1.989  0.5930E+02  0.1638E+03
      2.012  0.5284E+02  0.1651E+03
      2.034  0.5021E+02  0.1662E+03
      2.057  0.5162E+02  0.1674E+03
      2.079  0.5270E+02  0.1686E+03
      2.102  0.5085E+02  0.1697E+03
      2.124  0.4912E+02  0.1708E+03
      2.147  0.4692E+02  0.1719E+03
      2.170  0.4210E+02  0.1729E+03
      2.192  0.3879E+02  0.1739E+03
      2.215  0.3677E+02  0.1747E+03
      2.237  0.3609E+02  0.1755E+03
      2.260  0.3583E+02  0.1763E+03
      2.282  0.3596E+02  0.1771E+03
      2.305  0.3786E+02  0.1780E+03
      2.328  0.4054E+02  0.1789E+03
      2.350  0.4254E+02  0.1798E+03
      2.373  0.4423E+02  0.1808E+03
      2.395  0.4833E+02  0.1818E+03
      2.418  0.5185E+02  0.1829E+03
      2.440  0.5293E+02  0.1841E+03
      2.463  0.5303E+02  0.1853E+03
      2.485  0.5895E+02  0.1866E+03
      2.508  0.7606E+02  0.1881E+03
      2.531  0.9975E+02  0.1901E+03
      2.553  0.1037E+03  0.1922E+03
      2.576  0.7676E+01  0.1940E+03
      2.598  0.1072E+03  0.1955E+03
      2.621  0.9358E+02  0.1978E+03
      2.643  0.7918E+02  0.1997E+03
      2.666  0.7687E+02  0.2014E+03
      2.688  0.7378E+02  0.2031E+03
      2.711  0.7616E+02  0.2048E+03
      2.734  0.7773E+02  0.2066E+03
      2.756  0.7490E+02  0.2083E+03
      2.779  0.7785E+02  0.2100E+03
      2.801  0.7757E+02  0.2118E+03
      2.824  0.7185E+02  0.2135E+03
      2.846  0.7354E+02  0.2151E+03
      2.869  0.7189E+02  0.2168E+03
      2.891  0.6429E+02  0.2184E+03
      2.914  0.4850E+02  0.2197E+03
      2.937  0.5010E+02  0.2207E+03
      2.959  0.5344E+02  0.2219E+03
      2.982  0.5641E+02  0.2231E+03
      3.004  0.6776E+02  0.2246E+03
      3.027  0.5921E+02  0.2260E+03
      3.049  0.5589E+02  0.2273E+03
      3.072  0.6258E+02  0.2286E+03
      3.094  0.7563E+02  0.2302E+03
      3.117  0.8835E+02  0.2320E+03
      3.140  0.9655E+02  0.2341E+03
      3.162  0.9537E+02  0.2363E+03
      3.185  0.1084E+03  0.2385E+03
      3.207  0.8642E+02  0.2408E+03
      3.230  0.7902E+02  0.2424E+03
      3.252  0.1161E+03  0.2446E+03
      3.275  0.5143E+02  0.2461E+03
      3.298  0.4319E+02  0.2472E+03
      3.320  0.3712E+02  0.2481E+03
      3.343  0.3328E+02  0.2488E+03
      3.365  0.2977E+02  0.2496E+03
      3.388  0.2685E+02  0.2502E+03
      3.410  0.2624E+02  0.2508E+03
      3.433  0.2206E+02  0.2513E+03
      3.455  0.2392E+02  0.2518E+03
      3.478  0.2281E+02  0.2524E+03
      3.501  0.1974E+02  0.2529E+03
      3.523  0.1961E+02  0.2533E+03
      3.546  0.2888E+02  0.2538E+03
      3.568  0.3420E+02  0.2546E+03
      3.591  0.2360E+02  0.2552E+03
      3.613  0.2437E+02  0.2557E+03
      3.636  0.3442E+02  0.2564E+03
      3.658  0.2591E+02  0.2571E+03
      3.681  0.2078E+02  0.2576E+03
      3.704  0.2556E+02  0.2582E+03
      3.726  0.1956E+02  0.2587E+03
      3.749  0.1470E+02  0.2591E+03
      3.771  0.1066E+02  0.2594E+03
      3.794  0.7562E+01  0.2596E+03
      3.816  0.5410E+01  0.2598E+03
      3.839  0.3727E+01  0.2599E+03
      3.861  0.2367E+01  0.2599E+03
      3.884  0.1315E+01  0.2600E+03
      3.907  0.5695E+00  0.2600E+03
      3.929  0.1316E+00  0.2600E+03
      3.952  0.0000E+00  0.2600E+03
      3.974  0.0000E+00  0.2600E+03
      3.997  0.0000E+00  0.2600E+03
      4.019  0.0000E+00  0.2600E+03
      4.042  0.0000E+00  0.2600E+03
      4.064  0.0000E+00  0.2600E+03
      4.087  0.0000E+00  0.2600E+03
      4.110  0.0000E+00  0.2600E+03
      4.132  0.0000E+00  0.2600E+03
      4.155  0.0000E+00  0.2600E+03
      4.177  0.0000E+00  0.2600E+03
      4.200  0.0000E+00  0.2600E+03
      4.222  0.0000E+00  0.2600E+03
      4.245  0.0000E+00  0.2600E+03
      4.267  0.0000E+00  0.2600E+03
      4.290  0.0000E+00  0.2600E+03
      4.313  0.0000E+00  0.2600E+03
      4.335  0.0000E+00  0.2600E+03
      4.358  0.0000E+00  0.2600E+03
      4.380  0.0000E+00  0.2600E+03
      4.403  0.0000E+00  0.2600E+03
      4.425  0.0000E+00  0.2600E+03
      4.448  0.0000E+00  0.2600E+03
      4.471  0.0000E+00  0.2600E+03
      4.493  0.0000E+00  0.2600E+03
      4.516  0.0000E+00  0.2600E+03
      4.538  0.0000E+00  0.2600E+03
      4.561  0.0000E+00  0.2600E+03
      4.583  0.0000E+00  0.2600E+03
      4.606  0.0000E+00  0.2600E+03
      4.628  0.0000E+00  0.2600E+03
      4.651  0.0000E+00  0.2600E+03
      4.674  0.0000E+00  0.2600E+03
      4.696  0.0000E+00  0.2600E+03
      4.719  0.0000E+00  0.2600E+03
      4.741  0.0000E+00  0.2600E+03
      4.764  0.0000E+00  0.2600E+03
      4.786  0.0000E+00  0.2600E+03
      4.809  0.0000E+00  0.2600E+03
      4.831  0.0000E+00  0.2600E+03
      4.854  0.0000E+00  0.2600E+03
      4.877  0.0000E+00  0.2600E+03
      4.899  0.0000E+00  0.2600E+03
      4.922  0.0000E+00  0.2600E+03
      4.944  0.0000E+00  0.2600E+03
      4.967  0.0000E+00  0.2600E+03
      4.989  0.0000E+00  0.2600E+03
      5.012  0.0000E+00  0.2600E+03
      5.034  0.0000E+00  0.2600E+03
      5.057  0.0000E+00  0.2600E+03
      5.080  0.0000E+00  0.2600E+03
      5.102  0.0000E+00  0.2600E+03
      5.125  0.0000E+00  0.2600E+03
      5.147  0.0000E+00  0.2600E+03
      5.170  0.0000E+00  0.2600E+03
      5.192  0.0000E+00  0.2600E+03
      5.215  0.0000E+00  0.2600E+03
      5.237  0.0000E+00  0.2600E+03
      5.260  0.0000E+00  0.2600E+03
      5.283  0.0000E+00  0.2600E+03
      5.305  0.0000E+00  0.2600E+03
      5.328  0.0000E+00  0.2600E+03
      5.350  0.0000E+00  0.2600E+03
      5.373  0.0000E+00  0.2600E+03
      5.395  0.0000E+00  0.2600E+03
      5.418  0.0000E+00  0.2600E+03
      5.441  0.0000E+00  0.2600E+03
      5.463  0.0000E+00  0.2600E+03
      5.486  0.0000E+00  0.2600E+03
      5.508  0.0000E+00  0.2600E+03
      5.531  0.0000E+00  0.2600E+03
      5.553  0.0000E+00  0.2600E+03
      5.576  0.0000E+00  0.2600E+03
      5.598  0.0000E+00  0.2600E+03
      5.621  0.0000E+00  0.2600E+03
      5.644  0.0000E+00  0.2600E+03
      5.666  0.0000E+00  0.2600E+03
      5.689  0.0000E+00  0.2600E+03
      5.711  0.0000E+00  0.2600E+03
      5.734  0.0000E+00  0.2600E+03
      5.756  0.0000E+00  0.2600E+03
      5.779  0.0000E+00  0.2600E+03
      5.801  0.0000E+00  0.2600E+03
      5.824  0.0000E+00  0.2600E+03
      5.847  0.0000E+00  0.2600E+03
      5.869  0.0000E+00  0.2600E+03
      5.892  0.0000E+00  0.2600E+03
      5.914  0.0000E+00  0.2600E+03
      5.937  0.0000E+00  0.2600E+03
      5.959  0.0000E+00  0.2600E+03
      5.982  0.0000E+00  0.2600E+03
      6.004  0.0000E+00  0.2600E+03
      6.027  0.0000E+00  0.2600E+03
      6.050  0.0000E+00  0.2600E+03
      6.072  0.0000E+00  0.2600E+03
      6.095  0.0000E+00  0.2600E+03
      6.117  0.0000E+00  0.2600E+03
      6.140  0.0000E+00  0.2600E+03
      6.162  0.0000E+00  0.2600E+03
      6.185  0.0000E+00  0.2600E+03
      6.207  0.0000E+00  0.2600E+03
      6.230  0.0000E+00  0.2600E+03
      6.253  0.0000E+00  0.2600E+03
      6.275  0.0000E+00  0.2600E+03
      6.298  0.0000E+00  0.2600E+03
      6.320  0.0000E+00  0.2600E+03
      6.343  0.0000E+00  0.2600E+03
      6.365  0.0000E+00  0.2600E+03
      6.388  0.0000E+00  0.2600E+03
      6.410  0.0000E+00  0.2600E+03
      6.433  0.0000E+00  0.2600E+03
      6.456  0.0000E+00  0.2600E+03
      6.478  0.0000E+00  0.2600E+03
      6.501  0.0000E+00  0.2600E+03
      6.523  0.0000E+00  0.2600E+03
      6.546  0.0000E+00  0.2600E+03
      6.568  0.0000E+00  0.2600E+03
      6.591  0.0000E+00  0.2600E+03
      6.614  0.0000E+00  0.2600E+03
      6.636  0.0000E+00  0.2600E+03
      6.659  0.7004E+02  0.2608E+03
      6.681  0.0000E+00  0.2620E+03
      6.704  0.0000E+00  0.2620E+03
      6.726  0.0000E+00  0.2620E+03
      6.749  0.0000E+00  0.2620E+03
      6.771  0.0000E+00  0.2620E+03
      6.794  0.0000E+00  0.2620E+03
      6.817  0.0000E+00  0.2620E+03
      6.839  0.0000E+00  0.2620E+03
      6.862  0.0000E+00  0.2620E+03
      6.884  0.0000E+00  0.2620E+03
      6.907  0.0000E+00  0.2620E+03
      6.929  0.0000E+00  0.2620E+03
      6.952  0.0000E+00  0.2620E+03
      6.974  0.0000E+00  0.2620E+03
      6.997  0.0000E+00  0.2620E+03
      7.020  0.0000E+00  0.2620E+03
      7.042  0.0000E+00  0.2620E+03
      7.065  0.0000E+00  0.2620E+03
      7.087  0.0000E+00  0.2620E+03
      7.110  0.0000E+00  0.2620E+03
      7.132  0.0000E+00  0.2620E+03
      7.155  0.0000E+00  0.2620E+03
      7.177  0.0000E+00  0.2620E+03
      7.200  0.0000E+00  0.2620E+03
      7.223  0.0000E+00  0.2620E+03
      7.245  0.0000E+00  0.2620E+03
      7.268  0.0000E+00  0.2620E+03
      7.290  0.0000E+00  0.2620E+03
      7.313  0.0000E+00  0.2620E+03
      7.335  0.0000E+00  0.2620E+03
      7.358  0.0000E+00  0.2620E+03
      7.380  0.0000E+00  0.2620E+03
      7.403  0.0000E+00  0.2620E+03
      7.426  0.0000E+00  0.2620E+03
      7.448  0.0000E+00  0.2620E+03
      7.471  0.0000E+00  0.2620E+03
      7.493  0.0000E+00  0.2620E+03
      7.516  0.0000E+00  0.2620E+03
      7.538  0.0000E+00  0.2620E+03
      7.561  0.0000E+00  0.2620E+03
      7.583  0.0000E+00  0.2620E+03
      7.606  0.0000E+00  0.2620E+03
      7.629  0.0000E+00  0.2620E+03
      7.651  0.0000E+00  0.2620E+03
      7.674  0.0000E+00  0.2620E+03
      7.696  0.0000E+00  0.2620E+03
      7.719  0.0000E+00  0.2620E+03
      7.741  0.0000E+00  0.2620E+03
      7.764  0.0000E+00  0.2620E+03
      7.787  0.0000E+00  0.2620E+03
      7.809  0.0000E+00  0.2620E+03
      7.832  0.0000E+00  0.2620E+03
      7.854  0.0000E+00  0.2620E+03
      7.877  0.0000E+00  0.2620E+03
      7.899  0.0000E+00  0.2620E+03
      7.922  0.0000E+00  0.2620E+03
      7.944  0.0000E+00  0.2620E+03
      7.967  0.0000E+00  0.2620E+03
      7.990  0.0000E+00  0.2620E+03
      8.012  0.0000E+00  0.2620E+03
      8.035  0.0000E+00  0.2620E+03
      8.057  0.0000E+00  0.2620E+03
      8.080  0.0000E+00  0.2620E+03
      8.102  0.0000E+00  0.2620E+03
      8.125  0.0000E+00  0.2620E+03
      8.147  0.0000E+00  0.2620E+03
      8.170  0.0000E+00  0.2620E+03
      8.193  0.0000E+00  0.2620E+03
      8.215  0.0000E+00  0.2620E+03
      8.238  0.0000E+00  0.2620E+03
      8.260  0.0000E+00  0.2620E+03
      8.283  0.0000E+00  0.2620E+03
      8.305  0.0000E+00  0.2620E+03
      8.328  0.0000E+00  0.2620E+03
      8.350  0.0000E+00  0.2620E+03
      8.373  0.0000E+00  0.2620E+03
      8.396  0.0000E+00  0.2620E+03
      8.418  0.0000E+00  0.2620E+03
      8.441  0.0000E+00  0.2620E+03
      8.463  0.0000E+00  0.2620E+03
      8.486  0.0000E+00  0.2620E+03
      8.508  0.0000E+00  0.2620E+03
      8.531  0.0000E+00  0.2620E+03
      8.553  0.0000E+00  0.2620E+03
      8.576  0.0000E+00  0.2620E+03
      8.599  0.0000E+00  0.2620E+03
      8.621  0.0000E+00  0.2620E+03
      8.644  0.0000E+00  0.2620E+03
      8.666  0.0000E+00  0.2620E+03
      8.689  0.0000E+00  0.2620E+03
      8.711  0.0000E+00  0.2620E+03
      8.734  0.0000E+00  0.2620E+03
      8.757  0.0000E+00  0.2620E+03
      8.779  0.0000E+00  0.2620E+03
      8.802  0.0000E+00  0.2620E+03
      8.824  0.0000E+00  0.2620E+03
      8.847  0.0000E+00  0.2620E+03
      8.869  0.0000E+00  0.2620E+03
      8.892  0.0000E+00  0.2620E+03
      8.914  0.0000E+00  0.2620E+03
      8.937  0.0000E+00  0.2620E+03
      8.960  0.0000E+00  0.2620E+03
      8.982  0.0000E+00  0.2620E+03
      9.005  0.0000E+00  0.2620E+03
      9.027  0.0000E+00  0.2620E+03
      9.050  0.0000E+00  0.2620E+03
      9.072  0.0000E+00  0.2620E+03
      9.095  0.0000E+00  0.2620E+03
      9.117  0.0000E+00  0.2620E+03
      9.140  0.0000E+00  0.2620E+03
      9.163  0.0000E+00  0.2620E+03
      9.185  0.0000E+00  0.2620E+03
      9.208  0.0000E+00  0.2620E+03
      9.230  0.0000E+00  0.2620E+03
      9.253  0.0000E+00  0.2620E+03
      9.275  0.0000E+00  0.2620E+03
      9.298  0.0000E+00  0.2620E+03
      9.320  0.0000E+00  0.2620E+03
      9.343  0.0000E+00  0.2620E+03
      9.366  0.0000E+00  0.2620E+03
      9.388  0.0000E+00  0.2620E+03
      9.411  0.0000E+00  0.2620E+03
      9.433  0.0000E+00  0.2620E+03
      9.456  0.0000E+00  0.2620E+03
      9.478  0.0000E+00  0.2620E+03
      9.501  0.0000E+00  0.2620E+03
      9.523  0.0000E+00  0.2620E+03
      9.546  0.0000E+00  0.2620E+03
      9.569  0.0000E+00  0.2620E+03
      9.591  0.0000E+00  0.2620E+03
      9.614  0.0000E+00  0.2620E+03
      9.636  0.0000E+00  0.2620E+03
      9.659  0.0000E+00  0.2620E+03
      9.681  0.0000E+00  0.2620E+03
      9.704  0.0000E+00  0.2620E+03
      9.726  0.0000E+00  0.2620E+03
      9.749  0.0000E+00  0.2620E+03
      9.772  0.0000E+00  0.2620E+03
      9.794  0.0000E+00  0.2620E+03
      9.817  0.0000E+00  0.2620E+03
      9.839  0.0000E+00  0.2620E+03
      9.862  0.0000E+00  0.2620E+03
      9.884  0.0000E+00  0.2620E+03
      9.907  0.0000E+00  0.2620E+03
      9.930  0.0000E+00  0.2620E+03
      9.952  0.0000E+00  0.2620E+03
      9.975  0.0000E+00  0.2620E+03
      9.997  0.0000E+00  0.2620E+03
     10.020  0.0000E+00  0.2620E+03
     10.042  0.0000E+00  0.2620E+03
     10.065  0.0000E+00  0.2620E+03
     10.087  0.0000E+00  0.2620E+03
     10.110  0.0000E+00  0.2620E+03
     10.133  0.0000E+00  0.2620E+03
     10.155  0.0000E+00  0.2620E+03
     10.178  0.0000E+00  0.2620E+03
     10.200  0.0000E+00  0.2620E+03
     10.223  0.0000E+00  0.2620E+03
     10.245  0.0000E+00  0.2620E+03
     10.268  0.0000E+00  0.2620E+03
     10.290  0.0000E+00  0.2620E+03
     10.313  0.0000E+00  0.2620E+03
     10.336  0.0000E+00  0.2620E+03
     10.358  0.0000E+00  0.2620E+03
     10.381  0.0000E+00  0.2620E+03
     10.403  0.0000E+00  0.2620E+03
     10.426  0.0000E+00  0.2620E+03
     10.448  0.0000E+00  0.2620E+03
     10.471  0.0000E+00  0.2620E+03
     10.493  0.0000E+00  0.2620E+03
     10.516  0.9736E-02  0.2620E+03
     10.539  0.5718E-01  0.2620E+03
     10.561  0.1441E+00  0.2620E+03
     10.584  0.2704E+00  0.2620E+03
     10.606  0.4363E+00  0.2620E+03
     10.629  0.6415E+00  0.2620E+03
     10.651  0.8863E+00  0.2620E+03
     10.674  0.1170E+01  0.2621E+03
     10.696  0.1494E+01  0.2621E+03
     10.719  0.1857E+01  0.2621E+03
     10.742  0.2260E+01  0.2622E+03
     10.764  0.2702E+01  0.2622E+03
     10.787  0.3183E+01  0.2623E+03
     10.809  0.3704E+01  0.2624E+03
     10.832  0.4264E+01  0.2625E+03
     10.854  0.4864E+01  0.2626E+03
     10.877  0.6398E+01  0.2627E+03
     10.900  0.1072E+02  0.2629E+03
     10.922  0.2086E+02  0.2632E+03
     10.945  0.1614E+02  0.2637E+03
     10.967  0.4735E+01  0.2640E+03
     10.990  0.1876E+00  0.2640E+03
     11.012  0.2799E-03  0.2640E+03
     11.035  0.4159E-02  0.2640E+03
     11.057  0.1260E-01  0.2640E+03
     11.080  0.2560E-01  0.2640E+03
     11.103  0.4317E-01  0.2640E+03
     11.125  0.6530E-01  0.2640E+03
     11.148  0.9199E-01  0.2640E+03
     11.170  0.1232E+00  0.2640E+03
     11.193  0.1591E+00  0.2640E+03
     11.215  0.1994E+00  0.2640E+03
     11.238  0.2444E+00  0.2640E+03
     11.260  0.2939E+00  0.2640E+03
     11.283  0.3479E+00  0.2640E+03
     11.306  0.4066E+00  0.2640E+03
     11.328  0.4698E+00  0.2641E+03
     11.351  0.5375E+00  0.2641E+03
     11.373  0.6098E+00  0.2641E+03
     11.396  0.6867E+00  0.2641E+03
     11.418  0.7681E+00  0.2641E+03
     11.441  0.8541E+00  0.2641E+03
     11.463  0.9447E+00  0.2641E+03
     11.486  0.1040E+01  0.2642E+03
     11.509  0.1140E+01  0.2642E+03
     11.531  0.1244E+01  0.2642E+03
     11.554  0.1353E+01  0.2642E+03
     11.576  0.1466E+01  0.2643E+03
     11.599  0.1582E+01  0.2643E+03
     11.621  0.1697E+01  0.2644E+03
     11.644  0.1814E+01  0.2644E+03
     11.666  0.1931E+01  0.2644E+03
     11.689  0.2049E+01  0.2645E+03
     11.712  0.2157E+01  0.2645E+03
     11.734  0.2257E+01  0.2646E+03
     11.757  0.2349E+01  0.2646E+03
     11.779  0.2444E+01  0.2647E+03
     11.802  0.2633E+01  0.2647E+03
     11.824  0.2875E+01  0.2648E+03
     11.847  0.3146E+01  0.2649E+03
     11.869  0.3401E+01  0.2649E+03
     11.892  0.3639E+01  0.2650E+03
     11.915  0.3859E+01  0.2651E+03
     11.937  0.4062E+01  0.2652E+03
     11.960  0.4247E+01  0.2653E+03
     11.982  0.4415E+01  0.2654E+03
     12.005  0.4565E+01  0.2655E+03
     12.027  0.4698E+01  0.2656E+03
     12.050  0.4814E+01  0.2657E+03
     12.073  0.4912E+01  0.2658E+03
     12.095  0.4993E+01  0.2659E+03
     12.118  0.5057E+01  0.2660E+03
     12.140  0.5103E+01  0.2661E+03
     12.163  0.5132E+01  0.2663E+03
     12.185  0.5143E+01  0.2664E+03
     12.208  0.5137E+01  0.2665E+03
     12.230  0.5042E+01  0.2666E+03
     12.253  0.4799E+01  0.2667E+03
     12.276  0.4325E+01  0.2668E+03
     12.298  0.3905E+01  0.2669E+03
     12.321  0.3574E+01  0.2670E+03
     12.343  0.3333E+01  0.2671E+03
     12.366  0.3182E+01  0.2672E+03
     12.388  0.3121E+01  0.2672E+03
     12.411  0.3119E+01  0.2673E+03
     12.433  0.3111E+01  0.2674E+03
     12.456  0.3018E+01  0.2674E+03
     12.479  0.2772E+01  0.2675E+03
     12.501  0.2487E+01  0.2676E+03
     12.524  0.2223E+01  0.2676E+03
     12.546  0.1982E+01  0.2677E+03
     12.569  0.1762E+01  0.2677E+03
     12.591  0.1704E+01  0.2677E+03
     12.614  0.1941E+01  0.2678E+03
     12.636  0.2176E+01  0.2678E+03
     12.659  0.2405E+01  0.2679E+03
     12.682  0.2714E+01  0.2679E+03
     12.704  0.3072E+01  0.2680E+03
     12.727  0.3461E+01  0.2681E+03
     12.749  0.3812E+01  0.2682E+03
     12.772  0.4102E+01  0.2682E+03
     12.794  0.4329E+01  0.2683E+03
     12.817  0.4499E+01  0.2684E+03
     12.839  0.4635E+01  0.2685E+03
     12.862  0.4741E+01  0.2687E+03
     12.885  0.4817E+01  0.2688E+03
     12.907  0.4864E+01  0.2689E+03
     12.930  0.4899E+01  0.2690E+03
     12.952  0.4930E+01  0.2691E+03
     12.975  0.4956E+01  0.2692E+03
     12.997  0.4983E+01  0.2693E+03
     13.020  0.5011E+01  0.2694E+03
     13.043  0.5039E+01  0.2695E+03
     13.065  0.5069E+01  0.2697E+03
     13.088  0.5101E+01  0.2698E+03
     13.110  0.5140E+01  0.2699E+03
     13.133  0.5186E+01  0.2700E+03
     13.155  0.5235E+01  0.2701E+03
     13.178  0.5287E+01  0.2702E+03
     13.200  0.5340E+01  0.2704E+03
     13.223  0.5396E+01  0.2705E+03
     13.246  0.5456E+01  0.2706E+03
     13.268  0.5522E+01  0.2707E+03
     13.291  0.5593E+01  0.2708E+03
     13.313  0.5669E+01  0.2710E+03
     13.336  0.5751E+01  0.2711E+03
     13.358  0.5838E+01  0.2712E+03
     13.381  0.5930E+01  0.2714E+03
     13.403  0.5941E+01  0.2715E+03
     13.426  0.5093E+01  0.2716E+03
     13.449  0.4602E+01  0.2717E+03
     13.471  0.4859E+01  0.2718E+03
     13.494  0.5131E+01  0.2720E+03
     13.516  0.5414E+01  0.2721E+03
     13.539  0.5709E+01  0.2722E+03
     13.561  0.6014E+01  0.2723E+03
     13.584  0.6331E+01  0.2725E+03
     13.606  0.6659E+01  0.2726E+03
     13.629  0.6996E+01  0.2728E+03
     13.652  0.7343E+01  0.2729E+03
     13.674  0.7699E+01  0.2731E+03
     13.697  0.8064E+01  0.2733E+03
     13.719  0.8408E+01  0.2735E+03
     13.742  0.8742E+01  0.2737E+03
     13.764  0.9048E+01  0.2739E+03
     13.787  0.9251E+01  0.2741E+03
     13.809  0.9343E+01  0.2743E+03
     13.832  0.9383E+01  0.2745E+03
     13.855  0.9478E+01  0.2747E+03
     13.877  0.9650E+01  0.2749E+03
     13.900  0.9916E+01  0.2751E+03
     13.922  0.1022E+02  0.2754E+03
     13.945  0.1057E+02  0.2756E+03
     13.967  0.1102E+02  0.2758E+03
     13.990  0.1132E+02  0.2761E+03
     14.012  0.1148E+02  0.2764E+03
     14.035  0.1161E+02  0.2766E+03
     14.058  0.1179E+02  0.2769E+03
     14.080  0.1204E+02  0.2771E+03
     14.103  0.1237E+02  0.2774E+03
     14.125  0.1278E+02  0.2777E+03
     14.148  0.1335E+02  0.2780E+03
     14.170  0.1389E+02  0.2783E+03
     14.193  0.1472E+02  0.2786E+03
     14.216  0.1589E+02  0.2790E+03
     14.238  0.1729E+02  0.2793E+03
     14.261  0.1936E+02  0.2798E+03
     14.283  0.2247E+02  0.2802E+03
     14.306  0.2534E+02  0.2808E+03
     14.328  0.2749E+02  0.2814E+03
     14.351  0.2902E+02  0.2820E+03
     14.373  0.3003E+02  0.2827E+03
     14.396  0.2814E+02  0.2833E+03
     14.419  0.2546E+02  0.2839E+03
     14.441  0.2196E+02  0.2845E+03
     14.464  0.1846E+02  0.2849E+03
     14.486  0.1646E+02  0.2853E+03
     14.509  0.1643E+02  0.2857E+03
     14.531  0.1250E+02  0.2860E+03
     14.554  0.1059E+02  0.2863E+03
     14.576  0.9904E+01  0.2865E+03
     14.599  0.9707E+01  0.2867E+03
     14.622  0.9738E+01  0.2869E+03
     14.644  0.9839E+01  0.2872E+03
     14.667  0.1001E+02  0.2874E+03
     14.689  0.1025E+02  0.2876E+03
     14.712  0.1056E+02  0.2879E+03
     14.734  0.1104E+02  0.2881E+03
     14.757  0.1163E+02  0.2884E+03
     14.779  0.1226E+02  0.2886E+03
     14.802  0.1293E+02  0.2889E+03
     14.825  0.1359E+02  0.2892E+03
     14.847  0.1425E+02  0.2895E+03
     14.870  0.1483E+02  0.2898E+03
     14.892  0.1531E+02  0.2902E+03
     14.915  0.1571E+02  0.2905E+03
     14.937  0.1604E+02  0.2909E+03
     14.960  0.1634E+02  0.2913E+03
     14.982  0.1680E+02  0.2916E+03
     15.005  0.1723E+02  0.2920E+03
     15.028  0.1758E+02  0.2924E+03
     15.050  0.1780E+02  0.2928E+03
     15.073  0.1791E+02  0.2932E+03
     15.095  0.1793E+02  0.2936E+03
     15.118  0.1786E+02  0.2940E+03
     15.140  0.1770E+02  0.2944E+03
     15.163  0.1743E+02  0.2948E+03
     15.186  0.1709E+02  0.2952E+03
     15.208  0.1669E+02  0.2956E+03
     15.231  0.1624E+02  0.2960E+03
     15.253  0.1574E+02  0.2963E+03
     15.276  0.1518E+02  0.2967E+03
     15.298  0.1457E+02  0.2970E+03
     15.321  0.1395E+02  0.2973E+03
     15.343  0.1336E+02  0.2976E+03
     15.366  0.1277E+02  0.2979E+03
     15.389  0.1223E+02  0.2982E+03
     15.411  0.1193E+02  0.2985E+03
     15.434  0.1166E+02  0.2988E+03
     15.456  0.1149E+02  0.2990E+03
     15.479  0.1213E+02  0.2993E+03
     15.501  0.1340E+02  0.2996E+03
     15.524  0.1521E+02  0.2999E+03
     15.546  0.1716E+02  0.3003E+03
     15.569  0.1884E+02  0.3007E+03
     15.592  0.1927E+02  0.3011E+03
     15.614  0.2015E+02  0.3015E+03
     15.637  0.2119E+02  0.3020E+03
     15.659  0.2193E+02  0.3025E+03
     15.682  0.2349E+02  0.3030E+03
     15.704  0.2420E+02  0.3035E+03
     15.727  0.2344E+02  0.3041E+03
     15.749  0.2262E+02  0.3046E+03
     15.772  0.2300E+02  0.3051E+03
     15.795  0.2258E+02  0.3056E+03
     15.817  0.2202E+02  0.3061E+03
     15.840  0.2176E+02  0.3066E+03
     15.862  0.2565E+02  0.3072E+03
     15.885  0.2636E+02  0.3077E+03
     15.907  0.2606E+02  0.3083E+03
     15.930  0.2514E+02  0.3089E+03
     15.952  0.2264E+02  0.3095E+03
     15.975  0.1854E+02  0.3099E+03
     15.998  0.1536E+02  0.3103E+03
     16.020  0.1313E+02  0.3106E+03
     16.043  0.1381E+02  0.3109E+03
     16.065  0.1698E+02  0.3113E+03
     16.088  0.2777E+02  0.3118E+03
     16.110  0.1986E+02  0.3123E+03
     16.133  0.1274E+02  0.3127E+03
     16.155  0.1212E+02  0.3129E+03
     16.178  0.1455E+02  0.3132E+03
     16.201  0.1813E+02  0.3137E+03
     16.223  0.1521E+02  0.3141E+03
     16.246  0.1392E+02  0.3144E+03
     16.268  0.1359E+02  0.3147E+03
     16.291  0.1398E+02  0.3150E+03
     16.313  0.1531E+02  0.3153E+03
     16.336  0.1720E+02  0.3157E+03
     16.359  0.1953E+02  0.3161E+03
     16.381  0.2073E+02  0.3166E+03
     16.404  0.1993E+02  0.3170E+03
     16.426  0.1801E+02  0.3175E+03
     16.449  0.1654E+02  0.3179E+03
     16.471  0.1551E+02  0.3182E+03
     16.494  0.1568E+02  0.3186E+03
     16.516  0.1614E+02  0.3189E+03
     16.539  0.1762E+02  0.3193E+03
     16.562  0.1872E+02  0.3197E+03
     16.584  0.1890E+02  0.3201E+03
     16.607  0.1781E+02  0.3206E+03
     16.629  0.1625E+02  0.3209E+03
     16.652  0.1540E+02  0.3213E+03
     16.674  0.1425E+02  0.3216E+03
     16.697  0.1322E+02  0.3219E+03
     16.719  0.1434E+02  0.3223E+03
     16.742  0.1549E+02  0.3226E+03
     16.765  0.1663E+02  0.3230E+03
     16.787  0.1710E+02  0.3233E+03
     16.810  0.1726E+02  0.3237E+03
     16.832  0.1719E+02  0.3241E+03
     16.855  0.1685E+02  0.3245E+03
     16.877  0.1630E+02  0.3249E+03
     16.900  0.1627E+02  0.3252E+03
     16.922  0.1621E+02  0.3256E+03
     16.945  0.1547E+02  0.3260E+03
     16.968  0.1421E+02  0.3263E+03
     16.990  0.1322E+02  0.3266E+03
     17.013  0.1250E+02  0.3269E+03
     17.035  0.1209E+02  0.3272E+03
     17.058  0.1176E+02  0.3274E+03
     17.080  0.1131E+02  0.3277E+03
     17.103  0.1083E+02  0.3280E+03
     17.125  0.1046E+02  0.3282E+03
     17.148  0.1021E+02  0.3284E+03
     17.171  0.1011E+02  0.3287E+03
     17.193  0.1017E+02  0.3289E+03
     17.216  0.1081E+02  0.3291E+03
     17.238  0.1156E+02  0.3294E+03
     17.261  0.1207E+02  0.3296E+03
     17.283  0.1245E+02  0.3299E+03
     17.306  0.1276E+02  0.3302E+03
     17.328  0.1300E+02  0.3305E+03
     17.351  0.1298E+02  0.3308E+03
     17.374  0.1187E+02  0.3311E+03
     17.396  0.1061E+02  0.3313E+03
     17.419  0.1095E+02  0.3316E+03
     17.441  0.1153E+02  0.3318E+03
     17.464  0.1206E+02  0.3321E+03
     17.486  0.1226E+02  0.3324E+03
     17.509  0.1140E+02  0.3326E+03
     17.532  0.1032E+02  0.3329E+03
     17.554  0.9301E+01  0.3331E+03
     17.577  0.8076E+01  0.3333E+03
     17.599  0.6777E+01  0.3335E+03
     17.622  0.5588E+01  0.3336E+03
     17.644  0.4508E+01  0.3337E+03
     17.667  0.3537E+01  0.3338E+03
     17.689  0.2676E+01  0.3339E+03
     17.712  0.1924E+01  0.3339E+03
     17.735  0.3276E+01  0.3340E+03
     17.757  0.9103E+01  0.3341E+03
     17.780  0.1842E+02  0.3344E+03
     17.802  0.2120E+02  0.3349E+03
     17.825  0.1865E+02  0.3353E+03
     17.847  0.1374E+02  0.3357E+03
     17.870  0.6810E+01  0.3359E+03
     17.892  0.1346E+00  0.3360E+03
     17.915  0.0000E+00  0.3360E+03
     17.938  0.0000E+00  0.3360E+03
     17.960  0.0000E+00  0.3360E+03
     17.983  0.0000E+00  0.3360E+03
     18.005  0.0000E+00  0.3360E+03
     18.028  0.0000E+00  0.3360E+03
     18.050  0.0000E+00  0.3360E+03
     18.073  0.0000E+00  0.3360E+03
     18.095  0.0000E+00  0.3360E+03
     18.118  0.0000E+00  0.3360E+03
     18.141  0.0000E+00  0.3360E+03
     18.163  0.0000E+00  0.3360E+03
     18.186  0.0000E+00  0.3360E+03
     18.208  0.0000E+00  0.3360E+03
     18.231  0.0000E+00  0.3360E+03
     18.253  0.0000E+00  0.3360E+03
     18.276  0.0000E+00  0.3360E+03
     18.298  0.0000E+00  0.3360E+03
     18.321  0.0000E+00  0.3360E+03
     18.344  0.0000E+00  0.3360E+03
     18.366  0.0000E+00  0.3360E+03
     18.389  0.0000E+00  0.3360E+03
     18.411  0.0000E+00  0.3360E+03
     18.434  0.0000E+00  0.3360E+03
     18.456  0.0000E+00  0.3360E+03
     18.479  0.0000E+00  0.3360E+03
     18.502  0.0000E+00  0.3360E+03
     18.524  0.0000E+00  0.3360E+03
     18.547  0.0000E+00  0.3360E+03
     18.569  0.0000E+00  0.3360E+03
     18.592  0.0000E+00  0.3360E+03
     18.614  0.0000E+00  0.3360E+03
     18.637  0.0000E+00  0.3360E+03
     18.659  0.0000E+00  0.3360E+03
     18.682  0.0000E+00  0.3360E+03
     18.705  0.0000E+00  0.3360E+03
     18.727  0.0000E+00  0.3360E+03
     18.750  0.0000E+00  0.3360E+03
     18.772  0.0000E+00  0.3360E+03
     18.795  0.0000E+00  0.3360E+03
     18.817  0.0000E+00  0.3360E+03
     18.840  0.0000E+00  0.3360E+03
     18.862  0.0000E+00  0.3360E+03
     18.885  0.0000E+00  0.3360E+03
     18.908  0.0000E+00  0.3360E+03
     18.930  0.0000E+00  0.3360E+03
     18.953  0.0000E+00  0.3360E+03
     18.975  0.0000E+00  0.3360E+03
     18.998  0.0000E+00  0.3360E+03
     19.020  0.0000E+00  0.3360E+03
     19.043  0.0000E+00  0.3360E+03
     19.065  0.0000E+00  0.3360E+03
     19.088  0.0000E+00  0.3360E+03
     19.111  0.0000E+00  0.3360E+03
     19.133  0.0000E+00  0.3360E+03
     19.156  0.0000E+00  0.3360E+03
     19.178  0.0000E+00  0.3360E+03
     19.201  0.0000E+00  0.3360E+03
     19.223  0.0000E+00  0.3360E+03
     19.246  0.0000E+00  0.3360E+03
     19.268  0.0000E+00  0.3360E+03
     19.291  0.0000E+00  0.3360E+03
     19.314  0.0000E+00  0.3360E+03
     19.336  0.0000E+00  0.3360E+03
     19.359  0.0000E+00  0.3360E+03
     19.381  0.0000E+00  0.3360E+03
     19.404  0.0000E+00  0.3360E+03
     19.426  0.0000E+00  0.3360E+03
     19.449  0.0000E+00  0.3360E+03
     19.471  0.0000E+00  0.3360E+03
     19.494  0.0000E+00  0.3360E+03
     19.517  0.0000E+00  0.3360E+03
     19.539  0.0000E+00  0.3360E+03
     19.562  0.0000E+00  0.3360E+03
     19.584  0.0000E+00  0.3360E+03
     19.607  0.0000E+00  0.3360E+03
     19.629  0.0000E+00  0.3360E+03
     19.652  0.0000E+00  0.3360E+03
     19.675  0.0000E+00  0.3360E+03
     19.697  0.0000E+00  0.3360E+03
     19.720  0.0000E+00  0.3360E+03
     19.742  0.0000E+00  0.3360E+03
     19.765  0.0000E+00  0.3360E+03
     19.787  0.0000E+00  0.3360E+03
     19.810  0.0000E+00  0.3360E+03
     19.832  0.0000E+00  0.3360E+03
     19.855  0.0000E+00  0.3360E+03
     19.878  0.0000E+00  0.3360E+03
     19.900  0.0000E+00  0.3360E+03
     19.923  0.0000E+00  0.3360E+03
     19.945  0.0000E+00  0.3360E+03


