 Energy DOS Integrated_DOS
    -25.119  0.0000E+00  0.0000E+00
    -25.097  0.0000E+00  0.0000E+00
    -25.075  0.0000E+00  0.0000E+00
    -25.052  0.0000E+00  0.0000E+00
    -25.030  0.0000E+00  0.0000E+00
    -25.008  0.0000E+00  0.0000E+00
    -24.986  0.0000E+00  0.0000E+00
    -24.963  0.0000E+00  0.0000E+00
    -24.941  0.0000E+00  0.0000E+00
    -24.919  0.0000E+00  0.0000E+00
    -24.896  0.0000E+00  0.0000E+00
    -24.874  0.0000E+00  0.0000E+00
    -24.852  0.0000E+00  0.0000E+00
    -24.829  0.0000E+00  0.0000E+00
    -24.807  0.0000E+00  0.0000E+00
    -24.785  0.0000E+00  0.0000E+00
    -24.763  0.0000E+00  0.0000E+00
    -24.740  0.0000E+00  0.0000E+00
    -24.718  0.0000E+00  0.0000E+00
    -24.696  0.0000E+00  0.0000E+00
    -24.673  0.0000E+00  0.0000E+00
    -24.651  0.0000E+00  0.0000E+00
    -24.629  0.0000E+00  0.0000E+00
    -24.606  0.0000E+00  0.0000E+00
    -24.584  0.0000E+00  0.0000E+00
    -24.562  0.0000E+00  0.0000E+00
    -24.540  0.0000E+00  0.0000E+00
    -24.517  0.0000E+00  0.0000E+00
    -24.495  0.0000E+00  0.0000E+00
    -24.473  0.0000E+00  0.0000E+00
    -24.450  0.0000E+00  0.0000E+00
    -24.428  0.0000E+00  0.0000E+00
    -24.406  0.0000E+00  0.0000E+00
    -24.383  0.0000E+00  0.0000E+00
    -24.361  0.0000E+00  0.0000E+00
    -24.339  0.0000E+00  0.0000E+00
    -24.317  0.0000E+00  0.0000E+00
    -24.294  0.0000E+00  0.0000E+00
    -24.272  0.0000E+00  0.0000E+00
    -24.250  0.0000E+00  0.0000E+00
    -24.227  0.0000E+00  0.0000E+00
    -24.205  0.0000E+00  0.0000E+00
    -24.183  0.0000E+00  0.0000E+00
    -24.160  0.0000E+00  0.0000E+00
    -24.138  0.0000E+00  0.0000E+00
    -24.116  0.0000E+00  0.0000E+00
    -24.094  0.0000E+00  0.0000E+00
    -24.071  0.0000E+00  0.0000E+00
    -24.049  0.0000E+00  0.0000E+00
    -24.027  0.0000E+00  0.0000E+00
    -24.004  0.0000E+00  0.0000E+00
    -23.982  0.0000E+00  0.0000E+00
    -23.960  0.0000E+00  0.0000E+00
    -23.937  0.0000E+00  0.0000E+00
    -23.915  0.0000E+00  0.0000E+00
    -23.893  0.0000E+00  0.0000E+00
    -23.871  0.0000E+00  0.0000E+00
    -23.848  0.0000E+00  0.0000E+00
    -23.826  0.0000E+00  0.0000E+00
    -23.804  0.0000E+00  0.0000E+00
    -23.781  0.0000E+00  0.0000E+00
    -23.759  0.0000E+00  0.0000E+00
    -23.737  0.0000E+00  0.0000E+00
    -23.714  0.0000E+00  0.0000E+00
    -23.692  0.0000E+00  0.0000E+00
    -23.670  0.0000E+00  0.0000E+00
    -23.648  0.0000E+00  0.0000E+00
    -23.625  0.0000E+00  0.0000E+00
    -23.603  0.0000E+00  0.0000E+00
    -23.581  0.0000E+00  0.0000E+00
    -23.558  0.0000E+00  0.0000E+00
    -23.536  0.0000E+00  0.0000E+00
    -23.514  0.0000E+00  0.0000E+00
    -23.491  0.0000E+00  0.0000E+00
    -23.469  0.0000E+00  0.0000E+00
    -23.447  0.0000E+00  0.0000E+00
    -23.425  0.0000E+00  0.0000E+00
    -23.402  0.0000E+00  0.0000E+00
    -23.380  0.0000E+00  0.0000E+00
    -23.358  0.0000E+00  0.0000E+00
    -23.335  0.0000E+00  0.0000E+00
    -23.313  0.0000E+00  0.0000E+00
    -23.291  0.0000E+00  0.0000E+00
    -23.268  0.0000E+00  0.0000E+00
    -23.246  0.0000E+00  0.0000E+00
    -23.224  0.0000E+00  0.0000E+00
    -23.202  0.0000E+00  0.0000E+00
    -23.179  0.0000E+00  0.0000E+00
    -23.157  0.0000E+00  0.0000E+00
    -23.135  0.0000E+00  0.0000E+00
    -23.112  0.0000E+00  0.0000E+00
    -23.090  0.0000E+00  0.2000E+01
    -23.068  0.0000E+00  0.2000E+01
    -23.046  0.0000E+00  0.2000E+01
    -23.023  0.0000E+00  0.2000E+01
    -23.001  0.0000E+00  0.2000E+01
    -22.979  0.0000E+00  0.2000E+01
    -22.956  0.0000E+00  0.2000E+01
    -22.934  0.0000E+00  0.2000E+01
    -22.912  0.0000E+00  0.2000E+01
    -22.889  0.0000E+00  0.2000E+01
    -22.867  0.0000E+00  0.2000E+01
    -22.845  0.0000E+00  0.2000E+01
    -22.823  0.0000E+00  0.2000E+01
    -22.800  0.0000E+00  0.2000E+01
    -22.778  0.0000E+00  0.2000E+01
    -22.756  0.0000E+00  0.2000E+01
    -22.733  0.0000E+00  0.2000E+01
    -22.711  0.0000E+00  0.2000E+01
    -22.689  0.0000E+00  0.2000E+01
    -22.666  0.0000E+00  0.2000E+01
    -22.644  0.0000E+00  0.2000E+01
    -22.622  0.0000E+00  0.2000E+01
    -22.600  0.0000E+00  0.2000E+01
    -22.577  0.0000E+00  0.2000E+01
    -22.555  0.0000E+00  0.2000E+01
    -22.533  0.0000E+00  0.2000E+01
    -22.510  0.0000E+00  0.2000E+01
    -22.488  0.0000E+00  0.2000E+01
    -22.466  0.0000E+00  0.2000E+01
    -22.443  0.0000E+00  0.2000E+01
    -22.421  0.0000E+00  0.2000E+01
    -22.399  0.0000E+00  0.2000E+01
    -22.377  0.0000E+00  0.2000E+01
    -22.354  0.0000E+00  0.2000E+01
    -22.332  0.0000E+00  0.2000E+01
    -22.310  0.0000E+00  0.2000E+01
    -22.287  0.0000E+00  0.2000E+01
    -22.265  0.0000E+00  0.2000E+01
    -22.243  0.0000E+00  0.2000E+01
    -22.220  0.0000E+00  0.2000E+01
    -22.198  0.0000E+00  0.2000E+01
    -22.176  0.0000E+00  0.2000E+01
    -22.154  0.0000E+00  0.2000E+01
    -22.131  0.0000E+00  0.2000E+01
    -22.109  0.0000E+00  0.2000E+01
    -22.087  0.0000E+00  0.2000E+01
    -22.064  0.0000E+00  0.2000E+01
    -22.042  0.0000E+00  0.2000E+01
    -22.020  0.0000E+00  0.2000E+01
    -21.997  0.0000E+00  0.2000E+01
    -21.975  0.0000E+00  0.2000E+01
    -21.953  0.0000E+00  0.2000E+01
    -21.931  0.0000E+00  0.2000E+01
    -21.908  0.0000E+00  0.2000E+01
    -21.886  0.0000E+00  0.2000E+01
    -21.864  0.0000E+00  0.2000E+01
    -21.841  0.0000E+00  0.2000E+01
    -21.819  0.0000E+00  0.2000E+01
    -21.797  0.0000E+00  0.2000E+01
    -21.774  0.0000E+00  0.2000E+01
    -21.752  0.0000E+00  0.2000E+01
    -21.730  0.0000E+00  0.2000E+01
    -21.708  0.0000E+00  0.2000E+01
    -21.685  0.0000E+00  0.2000E+01
    -21.663  0.0000E+00  0.2000E+01
    -21.641  0.0000E+00  0.2000E+01
    -21.618  0.0000E+00  0.2000E+01
    -21.596  0.0000E+00  0.2000E+01
    -21.574  0.0000E+00  0.2000E+01
    -21.551  0.0000E+00  0.2000E+01
    -21.529  0.0000E+00  0.2000E+01
    -21.507  0.0000E+00  0.2000E+01
    -21.485  0.0000E+00  0.2000E+01
    -21.462  0.0000E+00  0.2000E+01
    -21.440  0.0000E+00  0.2000E+01
    -21.418  0.0000E+00  0.2000E+01
    -21.395  0.0000E+00  0.2000E+01
    -21.373  0.0000E+00  0.2000E+01
    -21.351  0.0000E+00  0.2000E+01
    -21.328  0.0000E+00  0.2000E+01
    -21.306  0.0000E+00  0.2000E+01
    -21.284  0.0000E+00  0.2000E+01
    -21.262  0.0000E+00  0.2000E+01
    -21.239  0.0000E+00  0.2000E+01
    -21.217  0.0000E+00  0.2000E+01
    -21.195  0.0000E+00  0.2000E+01
    -21.172  0.0000E+00  0.2000E+01
    -21.150  0.0000E+00  0.2000E+01
    -21.128  0.0000E+00  0.2000E+01
    -21.105  0.0000E+00  0.2000E+01
    -21.083  0.0000E+00  0.2000E+01
    -21.061  0.0000E+00  0.2000E+01
    -21.039  0.0000E+00  0.2000E+01
    -21.016  0.0000E+00  0.2000E+01
    -20.994  0.0000E+00  0.2000E+01
    -20.972  0.0000E+00  0.2000E+01
    -20.949  0.0000E+00  0.2000E+01
    -20.927  0.0000E+00  0.2000E+01
    -20.905  0.0000E+00  0.2000E+01
    -20.882  0.0000E+00  0.2000E+01
    -20.860  0.0000E+00  0.2000E+01
    -20.838  0.0000E+00  0.2000E+01
    -20.816  0.0000E+00  0.2000E+01
    -20.793  0.0000E+00  0.2000E+01
    -20.771  0.0000E+00  0.2000E+01
    -20.749  0.0000E+00  0.2000E+01
    -20.726  0.0000E+00  0.2000E+01
    -20.704  0.0000E+00  0.2000E+01
    -20.682  0.0000E+00  0.2000E+01
    -20.660  0.0000E+00  0.2000E+01
    -20.637  0.0000E+00  0.2000E+01
    -20.615  0.0000E+00  0.2000E+01
    -20.593  0.0000E+00  0.2000E+01
    -20.570  0.0000E+00  0.2000E+01
    -20.548  0.0000E+00  0.2000E+01
    -20.526  0.0000E+00  0.2000E+01
    -20.503  0.0000E+00  0.2000E+01
    -20.481  0.0000E+00  0.2000E+01
    -20.459  0.0000E+00  0.2000E+01
    -20.437  0.0000E+00  0.2000E+01
    -20.414  0.0000E+00  0.2000E+01
    -20.392  0.0000E+00  0.2000E+01
    -20.370  0.0000E+00  0.2000E+01
    -20.347  0.0000E+00  0.2000E+01
    -20.325  0.0000E+00  0.2000E+01
    -20.303  0.0000E+00  0.2000E+01
    -20.280  0.0000E+00  0.2000E+01
    -20.258  0.0000E+00  0.2000E+01
    -20.236  0.0000E+00  0.2000E+01
    -20.214  0.0000E+00  0.2000E+01
    -20.191  0.0000E+00  0.2000E+01
    -20.169  0.0000E+00  0.2000E+01
    -20.147  0.0000E+00  0.2000E+01
    -20.124  0.0000E+00  0.2000E+01
    -20.102  0.0000E+00  0.2000E+01
    -20.080  0.0000E+00  0.2000E+01
    -20.057  0.0000E+00  0.2000E+01
    -20.035  0.0000E+00  0.2000E+01
    -20.013  0.0000E+00  0.2000E+01
    -19.991  0.0000E+00  0.2000E+01
    -19.968  0.0000E+00  0.2000E+01
    -19.946  0.0000E+00  0.2000E+01
    -19.924  0.0000E+00  0.2000E+01
    -19.901  0.0000E+00  0.2000E+01
    -19.879  0.0000E+00  0.2000E+01
    -19.857  0.0000E+00  0.2000E+01
    -19.834  0.0000E+00  0.2000E+01
    -19.812  0.0000E+00  0.2000E+01
    -19.790  0.0000E+00  0.2000E+01
    -19.768  0.0000E+00  0.2000E+01
    -19.745  0.0000E+00  0.2000E+01
    -19.723  0.0000E+00  0.2000E+01
    -19.701  0.0000E+00  0.2000E+01
    -19.678  0.0000E+00  0.2000E+01
    -19.656  0.0000E+00  0.2000E+01
    -19.634  0.0000E+00  0.2000E+01
    -19.611  0.0000E+00  0.2000E+01
    -19.589  0.0000E+00  0.2000E+01
    -19.567  0.0000E+00  0.2000E+01
    -19.545  0.0000E+00  0.2000E+01
    -19.522  0.0000E+00  0.2000E+01
    -19.500  0.0000E+00  0.2000E+01
    -19.478  0.0000E+00  0.2000E+01
    -19.455  0.0000E+00  0.2000E+01
    -19.433  0.0000E+00  0.2000E+01
    -19.411  0.0000E+00  0.2000E+01
    -19.388  0.0000E+00  0.2000E+01
    -19.366  0.0000E+00  0.2000E+01
    -19.344  0.0000E+00  0.2000E+01
    -19.322  0.0000E+00  0.2000E+01
    -19.299  0.0000E+00  0.2000E+01
    -19.277  0.0000E+00  0.2000E+01
    -19.255  0.0000E+00  0.2000E+01
    -19.232  0.0000E+00  0.2000E+01
    -19.210  0.0000E+00  0.2000E+01
    -19.188  0.0000E+00  0.2000E+01
    -19.165  0.0000E+00  0.2000E+01
    -19.143  0.0000E+00  0.2000E+01
    -19.121  0.0000E+00  0.2000E+01
    -19.099  0.0000E+00  0.2000E+01
    -19.076  0.0000E+00  0.2000E+01
    -19.054  0.0000E+00  0.2000E+01
    -19.032  0.0000E+00  0.2000E+01
    -19.009  0.0000E+00  0.2000E+01
    -18.987  0.0000E+00  0.2000E+01
    -18.965  0.0000E+00  0.2000E+01
    -18.942  0.0000E+00  0.2000E+01
    -18.920  0.0000E+00  0.2000E+01
    -18.898  0.0000E+00  0.2000E+01
    -18.876  0.0000E+00  0.2000E+01
    -18.853  0.0000E+00  0.2000E+01
    -18.831  0.0000E+00  0.2000E+01
    -18.809  0.0000E+00  0.2000E+01
    -18.786  0.0000E+00  0.2000E+01
    -18.764  0.0000E+00  0.2000E+01
    -18.742  0.0000E+00  0.2000E+01
    -18.719  0.0000E+00  0.2000E+01
    -18.697  0.0000E+00  0.2000E+01
    -18.675  0.0000E+00  0.2000E+01
    -18.653  0.0000E+00  0.2000E+01
    -18.630  0.0000E+00  0.2000E+01
    -18.608  0.0000E+00  0.2000E+01
    -18.586  0.0000E+00  0.2000E+01
    -18.563  0.0000E+00  0.2000E+01
    -18.541  0.0000E+00  0.2000E+01
    -18.519  0.0000E+00  0.2000E+01
    -18.496  0.0000E+00  0.2000E+01
    -18.474  0.0000E+00  0.2000E+01
    -18.452  0.0000E+00  0.2000E+01
    -18.430  0.0000E+00  0.2000E+01
    -18.407  0.0000E+00  0.2000E+01
    -18.385  0.0000E+00  0.2000E+01
    -18.363  0.0000E+00  0.2000E+01
    -18.340  0.0000E+00  0.2000E+01
    -18.318  0.0000E+00  0.2000E+01
    -18.296  0.0000E+00  0.2000E+01
    -18.273  0.0000E+00  0.2000E+01
    -18.251  0.0000E+00  0.2000E+01
    -18.229  0.0000E+00  0.2000E+01
    -18.207  0.0000E+00  0.2000E+01
    -18.184  0.0000E+00  0.2000E+01
    -18.162  0.0000E+00  0.2000E+01
    -18.140  0.0000E+00  0.2000E+01
    -18.117  0.0000E+00  0.2000E+01
    -18.095  0.0000E+00  0.2000E+01
    -18.073  0.0000E+00  0.2000E+01
    -18.051  0.0000E+00  0.2000E+01
    -18.028  0.0000E+00  0.2000E+01
    -18.006  0.0000E+00  0.2000E+01
    -17.984  0.0000E+00  0.2000E+01
    -17.961  0.0000E+00  0.2000E+01
    -17.939  0.0000E+00  0.2000E+01
    -17.917  0.0000E+00  0.2000E+01
    -17.894  0.0000E+00  0.2000E+01
    -17.872  0.0000E+00  0.2000E+01
    -17.850  0.0000E+00  0.2000E+01
    -17.828  0.0000E+00  0.2000E+01
    -17.805  0.0000E+00  0.2000E+01
    -17.783  0.0000E+00  0.2000E+01
    -17.761  0.0000E+00  0.2000E+01
    -17.738  0.0000E+00  0.4000E+01
    -17.716  0.0000E+00  0.4000E+01
    -17.694  0.0000E+00  0.4000E+01
    -17.671  0.0000E+00  0.4000E+01
    -17.649  0.0000E+00  0.4000E+01
    -17.627  0.0000E+00  0.4000E+01
    -17.605  0.0000E+00  0.4000E+01
    -17.582  0.0000E+00  0.4000E+01
    -17.560  0.0000E+00  0.4000E+01
    -17.538  0.0000E+00  0.4000E+01
    -17.515  0.0000E+00  0.4000E+01
    -17.493  0.0000E+00  0.4000E+01
    -17.471  0.0000E+00  0.4000E+01
    -17.448  0.0000E+00  0.4000E+01
    -17.426  0.0000E+00  0.4000E+01
    -17.404  0.0000E+00  0.4000E+01
    -17.382  0.0000E+00  0.4000E+01
    -17.359  0.0000E+00  0.4000E+01
    -17.337  0.0000E+00  0.4000E+01
    -17.315  0.0000E+00  0.4000E+01
    -17.292  0.0000E+00  0.4000E+01
    -17.270  0.0000E+00  0.4000E+01
    -17.248  0.0000E+00  0.4000E+01
    -17.225  0.0000E+00  0.4000E+01
    -17.203  0.0000E+00  0.4000E+01
    -17.181  0.0000E+00  0.4000E+01
    -17.159  0.0000E+00  0.4000E+01
    -17.136  0.0000E+00  0.4000E+01
    -17.114  0.0000E+00  0.4000E+01
    -17.092  0.0000E+00  0.4000E+01
    -17.069  0.0000E+00  0.4000E+01
    -17.047  0.0000E+00  0.4000E+01
    -17.025  0.0000E+00  0.4000E+01
    -17.002  0.0000E+00  0.4000E+01
    -16.980  0.0000E+00  0.4000E+01
    -16.958  0.0000E+00  0.4000E+01
    -16.936  0.0000E+00  0.4000E+01
    -16.913  0.0000E+00  0.4000E+01
    -16.891  0.0000E+00  0.4000E+01
    -16.869  0.0000E+00  0.4000E+01
    -16.846  0.0000E+00  0.4000E+01
    -16.824  0.0000E+00  0.4000E+01
    -16.802  0.0000E+00  0.4000E+01
    -16.779  0.0000E+00  0.4000E+01
    -16.757  0.0000E+00  0.4000E+01
    -16.735  0.0000E+00  0.4000E+01
    -16.713  0.0000E+00  0.4000E+01
    -16.690  0.0000E+00  0.4000E+01
    -16.668  0.0000E+00  0.4000E+01
    -16.646  0.0000E+00  0.4000E+01
    -16.623  0.0000E+00  0.4000E+01
    -16.601  0.0000E+00  0.4000E+01
    -16.579  0.0000E+00  0.4000E+01
    -16.556  0.0000E+00  0.4000E+01
    -16.534  0.0000E+00  0.4000E+01
    -16.512  0.0000E+00  0.4000E+01
    -16.490  0.0000E+00  0.4000E+01
    -16.467  0.0000E+00  0.4000E+01
    -16.445  0.0000E+00  0.4000E+01
    -16.423  0.0000E+00  0.4000E+01
    -16.400  0.0000E+00  0.4000E+01
    -16.378  0.0000E+00  0.4000E+01
    -16.356  0.0000E+00  0.4000E+01
    -16.333  0.0000E+00  0.4000E+01
    -16.311  0.0000E+00  0.4000E+01
    -16.289  0.0000E+00  0.4000E+01
    -16.267  0.0000E+00  0.4000E+01
    -16.244  0.0000E+00  0.4000E+01
    -16.222  0.0000E+00  0.4000E+01
    -16.200  0.0000E+00  0.4000E+01
    -16.177  0.0000E+00  0.4000E+01
    -16.155  0.0000E+00  0.4000E+01
    -16.133  0.0000E+00  0.4000E+01
    -16.110  0.0000E+00  0.4000E+01
    -16.088  0.0000E+00  0.4000E+01
    -16.066  0.0000E+00  0.4000E+01
    -16.044  0.0000E+00  0.4000E+01
    -16.021  0.0000E+00  0.4000E+01
    -15.999  0.0000E+00  0.4000E+01
    -15.977  0.0000E+00  0.4000E+01
    -15.954  0.0000E+00  0.4000E+01
    -15.932  0.0000E+00  0.4000E+01
    -15.910  0.0000E+00  0.4000E+01
    -15.887  0.0000E+00  0.4000E+01
    -15.865  0.0000E+00  0.4000E+01
    -15.843  0.0000E+00  0.4000E+01
    -15.821  0.0000E+00  0.4000E+01
    -15.798  0.0000E+00  0.4000E+01
    -15.776  0.0000E+00  0.4000E+01
    -15.754  0.0000E+00  0.4000E+01
    -15.731  0.0000E+00  0.4000E+01
    -15.709  0.0000E+00  0.4000E+01
    -15.687  0.0000E+00  0.4000E+01
    -15.664  0.0000E+00  0.4000E+01
    -15.642  0.0000E+00  0.4000E+01
    -15.620  0.0000E+00  0.4000E+01
    -15.598  0.0000E+00  0.4000E+01
    -15.575  0.0000E+00  0.4000E+01
    -15.553  0.0000E+00  0.4000E+01
    -15.531  0.0000E+00  0.4000E+01
    -15.508  0.0000E+00  0.4000E+01
    -15.486  0.0000E+00  0.4000E+01
    -15.464  0.0000E+00  0.4000E+01
    -15.442  0.0000E+00  0.4000E+01
    -15.419  0.0000E+00  0.4000E+01
    -15.397  0.0000E+00  0.4000E+01
    -15.375  0.0000E+00  0.4000E+01
    -15.352  0.0000E+00  0.4000E+01
    -15.330  0.0000E+00  0.4000E+01
    -15.308  0.0000E+00  0.4000E+01
    -15.285  0.0000E+00  0.4000E+01
    -15.263  0.0000E+00  0.4000E+01
    -15.241  0.0000E+00  0.4000E+01
    -15.219  0.0000E+00  0.4000E+01
    -15.196  0.0000E+00  0.4000E+01
    -15.174  0.0000E+00  0.4000E+01
    -15.152  0.0000E+00  0.4000E+01
    -15.129  0.0000E+00  0.4000E+01
    -15.107  0.0000E+00  0.4000E+01
    -15.085  0.0000E+00  0.4000E+01
    -15.062  0.0000E+00  0.4000E+01
    -15.040  0.0000E+00  0.4000E+01
    -15.018  0.1971E-01  0.4000E+01
    -14.996  0.2427E+00  0.4003E+01
    -14.973  0.7139E+00  0.4013E+01
    -14.951  0.1433E+01  0.4036E+01
    -14.929  0.2401E+01  0.4078E+01
    -14.906  0.3617E+01  0.4145E+01
    -14.884  0.5080E+01  0.4242E+01
    -14.862  0.6828E+01  0.4374E+01
    -14.839  0.8797E+01  0.4548E+01
    -14.817  0.1016E+02  0.4761E+01
    -14.795  0.1111E+02  0.4998E+01
    -14.773  0.1277E+02  0.5262E+01
    -14.750  0.1596E+02  0.5579E+01
    -14.728  0.1832E+02  0.5966E+01
    -14.706  0.1807E+02  0.6376E+01
    -14.683  0.1537E+02  0.6752E+01
    -14.661  0.1222E+02  0.7059E+01
    -14.639  0.9560E+01  0.7300E+01
    -14.616  0.7614E+01  0.7491E+01
    -14.594  0.6676E+01  0.7646E+01
    -14.572  0.7865E+01  0.7808E+01
    -14.550  0.9364E+01  0.7998E+01
    -14.527  0.1183E+02  0.8233E+01
    -14.505  0.1492E+02  0.8530E+01
    -14.483  0.1844E+02  0.8903E+01
    -14.460  0.2024E+02  0.9338E+01
    -14.438  0.2087E+02  0.9798E+01
    -14.416  0.2080E+02  0.1026E+02
    -14.393  0.2005E+02  0.1072E+02
    -14.371  0.1852E+02  0.1115E+02
    -14.349  0.1627E+02  0.1154E+02
    -14.327  0.1336E+02  0.1187E+02
    -14.304  0.1154E+02  0.1215E+02
    -14.282  0.1055E+02  0.1239E+02
    -14.260  0.1233E+02  0.1264E+02
    -14.237  0.1736E+02  0.1297E+02
    -14.215  0.2815E+02  0.1346E+02
    -14.193  0.3695E+02  0.1423E+02
    -14.170  0.3233E+02  0.1499E+02
    -14.148  0.3442E+02  0.1574E+02
    -14.126  0.4020E+02  0.1655E+02
    -14.104  0.3887E+02  0.1747E+02
    -14.081  0.3310E+02  0.1820E+02
    -14.059  0.4265E+02  0.1917E+02
    -14.037  0.2275E+02  0.1984E+02
    -14.014  0.3257E+02  0.2050E+02
    -13.992  0.2857E+02  0.2115E+02
    -13.970  0.4231E+02  0.2194E+02
    -13.947  0.3169E+02  0.2281E+02
    -13.925  0.3367E+02  0.2347E+02
    -13.903  0.3663E+02  0.2436E+02
    -13.881  0.4582E+02  0.2520E+02
    -13.858  0.6193E+02  0.2647E+02
    -13.836  0.3041E+02  0.2745E+02
    -13.814  0.3095E+02  0.2810E+02
    -13.791  0.3844E+02  0.2900E+02
    -13.769  0.3202E+02  0.2966E+02
    -13.747  0.4783E+02  0.3061E+02
    -13.724  0.5835E+02  0.3192E+02
    -13.702  0.6238E+02  0.3326E+02
    -13.680  0.7784E+02  0.3479E+02
    -13.658  0.9439E+02  0.3677E+02
    -13.635  0.8932E+02  0.3881E+02
    -13.613  0.8579E+02  0.4079E+02
    -13.591  0.6672E+02  0.4253E+02
    -13.568  0.7706E+02  0.4434E+02
    -13.546  0.1103E+03  0.4622E+02
    -13.524  0.9479E+02  0.4809E+02
    -13.501  0.5889E+02  0.5010E+02
    -13.479  0.7239E+02  0.5146E+02
    -13.457  0.1034E+03  0.5350E+02
    -13.435  0.8804E+02  0.5568E+02
    -13.412  0.9246E+02  0.5776E+02
    -13.390  0.1257E+03  0.6010E+02
    -13.368  0.5494E+02  0.6175E+02
    -13.345  0.5034E+02  0.6293E+02
    -13.323  0.2032E+02  0.6376E+02
    -13.301  0.2596E+01  0.6399E+02
    -13.278  0.0000E+00  0.6400E+02
    -13.256  0.0000E+00  0.6400E+02
    -13.234  0.0000E+00  0.6400E+02
    -13.212  0.0000E+00  0.6400E+02
    -13.189  0.0000E+00  0.6400E+02
    -13.167  0.0000E+00  0.6400E+02
    -13.145  0.0000E+00  0.6400E+02
    -13.122  0.0000E+00  0.6400E+02
    -13.100  0.0000E+00  0.6400E+02
    -13.078  0.0000E+00  0.6400E+02
    -13.055  0.0000E+00  0.6400E+02
    -13.033  0.0000E+00  0.6400E+02
    -13.011  0.0000E+00  0.6400E+02
    -12.989  0.0000E+00  0.6400E+02
    -12.966  0.0000E+00  0.6400E+02
    -12.944  0.0000E+00  0.6400E+02
    -12.922  0.0000E+00  0.6400E+02
    -12.899  0.0000E+00  0.6400E+02
    -12.877  0.0000E+00  0.6400E+02
    -12.855  0.0000E+00  0.6400E+02
    -12.833  0.0000E+00  0.6400E+02
    -12.810  0.0000E+00  0.6400E+02
    -12.788  0.0000E+00  0.6400E+02
    -12.766  0.1975E+03  0.6544E+02
    -12.743  0.0000E+00  0.6600E+02
    -12.721  0.0000E+00  0.6600E+02
    -12.699  0.0000E+00  0.6600E+02
    -12.676  0.0000E+00  0.6600E+02
    -12.654  0.0000E+00  0.6600E+02
    -12.632  0.0000E+00  0.6600E+02
    -12.610  0.0000E+00  0.6600E+02
    -12.587  0.0000E+00  0.6600E+02
    -12.565  0.0000E+00  0.6600E+02
    -12.543  0.0000E+00  0.6600E+02
    -12.520  0.0000E+00  0.6600E+02
    -12.498  0.0000E+00  0.6600E+02
    -12.476  0.0000E+00  0.6600E+02
    -12.453  0.0000E+00  0.6600E+02
    -12.431  0.0000E+00  0.6600E+02
    -12.409  0.0000E+00  0.6600E+02
    -12.387  0.0000E+00  0.6600E+02
    -12.364  0.0000E+00  0.6600E+02
    -12.342  0.0000E+00  0.6600E+02
    -12.320  0.0000E+00  0.6600E+02
    -12.297  0.0000E+00  0.6600E+02
    -12.275  0.0000E+00  0.6600E+02
    -12.253  0.0000E+00  0.6600E+02
    -12.230  0.0000E+00  0.6600E+02
    -12.208  0.0000E+00  0.6600E+02
    -12.186  0.0000E+00  0.6600E+02
    -12.164  0.0000E+00  0.6600E+02
    -12.141  0.0000E+00  0.6600E+02
    -12.119  0.0000E+00  0.6600E+02
    -12.097  0.0000E+00  0.6600E+02
    -12.074  0.0000E+00  0.6600E+02
    -12.052  0.0000E+00  0.6600E+02
    -12.030  0.0000E+00  0.6600E+02
    -12.007  0.0000E+00  0.6600E+02
    -11.985  0.0000E+00  0.6600E+02
    -11.963  0.0000E+00  0.6600E+02
    -11.941  0.0000E+00  0.6600E+02
    -11.918  0.0000E+00  0.6600E+02
    -11.896  0.0000E+00  0.6600E+02
    -11.874  0.0000E+00  0.6600E+02
    -11.851  0.0000E+00  0.6600E+02
    -11.829  0.0000E+00  0.6600E+02
    -11.807  0.0000E+00  0.6600E+02
    -11.784  0.0000E+00  0.6600E+02
    -11.762  0.0000E+00  0.6600E+02
    -11.740  0.0000E+00  0.6600E+02
    -11.718  0.0000E+00  0.6600E+02
    -11.695  0.0000E+00  0.6600E+02
    -11.673  0.0000E+00  0.6600E+02
    -11.651  0.0000E+00  0.6600E+02
    -11.628  0.0000E+00  0.6600E+02
    -11.606  0.0000E+00  0.6600E+02
    -11.584  0.0000E+00  0.6600E+02
    -11.561  0.0000E+00  0.6600E+02
    -11.539  0.0000E+00  0.6600E+02
    -11.517  0.0000E+00  0.6600E+02
    -11.495  0.0000E+00  0.6600E+02
    -11.472  0.0000E+00  0.6600E+02
    -11.450  0.0000E+00  0.6600E+02
    -11.428  0.0000E+00  0.6600E+02
    -11.405  0.0000E+00  0.6600E+02
    -11.383  0.0000E+00  0.6600E+02
    -11.361  0.0000E+00  0.6600E+02
    -11.338  0.0000E+00  0.6600E+02
    -11.316  0.0000E+00  0.6600E+02
    -11.294  0.0000E+00  0.6600E+02
    -11.272  0.0000E+00  0.6600E+02
    -11.249  0.0000E+00  0.6600E+02
    -11.227  0.0000E+00  0.6600E+02
    -11.205  0.0000E+00  0.6600E+02
    -11.182  0.0000E+00  0.6600E+02
    -11.160  0.0000E+00  0.6600E+02
    -11.138  0.0000E+00  0.6600E+02
    -11.115  0.0000E+00  0.6600E+02
    -11.093  0.0000E+00  0.6600E+02
    -11.071  0.0000E+00  0.6600E+02
    -11.049  0.0000E+00  0.6600E+02
    -11.026  0.0000E+00  0.6600E+02
    -11.004  0.0000E+00  0.6600E+02
    -10.982  0.0000E+00  0.6600E+02
    -10.959  0.0000E+00  0.6600E+02
    -10.937  0.0000E+00  0.6600E+02
    -10.915  0.0000E+00  0.6600E+02
    -10.892  0.0000E+00  0.6600E+02
    -10.870  0.0000E+00  0.6600E+02
    -10.848  0.0000E+00  0.6600E+02
    -10.826  0.0000E+00  0.6600E+02
    -10.803  0.0000E+00  0.6600E+02
    -10.781  0.0000E+00  0.6600E+02
    -10.759  0.0000E+00  0.6600E+02
    -10.736  0.0000E+00  0.6600E+02
    -10.714  0.0000E+00  0.6600E+02
    -10.692  0.0000E+00  0.6600E+02
    -10.669  0.0000E+00  0.6600E+02
    -10.647  0.0000E+00  0.6600E+02
    -10.625  0.0000E+00  0.6600E+02
    -10.603  0.0000E+00  0.6600E+02
    -10.580  0.0000E+00  0.6600E+02
    -10.558  0.0000E+00  0.6600E+02
    -10.536  0.0000E+00  0.6600E+02
    -10.513  0.0000E+00  0.6600E+02
    -10.491  0.0000E+00  0.6600E+02
    -10.469  0.0000E+00  0.6600E+02
    -10.446  0.0000E+00  0.6600E+02
    -10.424  0.0000E+00  0.6600E+02
    -10.402  0.0000E+00  0.6600E+02
    -10.380  0.0000E+00  0.6600E+02
    -10.357  0.0000E+00  0.6600E+02
    -10.335  0.0000E+00  0.6600E+02
    -10.313  0.0000E+00  0.6600E+02
    -10.290  0.0000E+00  0.6600E+02
    -10.268  0.0000E+00  0.6600E+02
    -10.246  0.0000E+00  0.6600E+02
    -10.224  0.0000E+00  0.6600E+02
    -10.201  0.0000E+00  0.6600E+02
    -10.179  0.0000E+00  0.6600E+02
    -10.157  0.0000E+00  0.6600E+02
    -10.134  0.0000E+00  0.6600E+02
    -10.112  0.0000E+00  0.6600E+02
    -10.090  0.0000E+00  0.6600E+02
    -10.067  0.0000E+00  0.6600E+02
    -10.045  0.0000E+00  0.6600E+02
    -10.023  0.0000E+00  0.6600E+02
    -10.001  0.0000E+00  0.6600E+02
     -9.978  0.0000E+00  0.6600E+02
     -9.956  0.0000E+00  0.6600E+02
     -9.934  0.0000E+00  0.6600E+02
     -9.911  0.0000E+00  0.6600E+02
     -9.889  0.0000E+00  0.6600E+02
     -9.867  0.0000E+00  0.6600E+02
     -9.844  0.0000E+00  0.6600E+02
     -9.822  0.0000E+00  0.6600E+02
     -9.800  0.0000E+00  0.6600E+02
     -9.778  0.0000E+00  0.6600E+02
     -9.755  0.0000E+00  0.6600E+02
     -9.733  0.0000E+00  0.6600E+02
     -9.711  0.0000E+00  0.6600E+02
     -9.688  0.0000E+00  0.6600E+02
     -9.666  0.0000E+00  0.6600E+02
     -9.644  0.0000E+00  0.6600E+02
     -9.621  0.0000E+00  0.6600E+02
     -9.599  0.0000E+00  0.6600E+02
     -9.577  0.0000E+00  0.6600E+02
     -9.555  0.0000E+00  0.6600E+02
     -9.532  0.0000E+00  0.6600E+02
     -9.510  0.0000E+00  0.6600E+02
     -9.488  0.0000E+00  0.6600E+02
     -9.465  0.0000E+00  0.6600E+02
     -9.443  0.0000E+00  0.6600E+02
     -9.421  0.0000E+00  0.6600E+02
     -9.398  0.0000E+00  0.6600E+02
     -9.376  0.0000E+00  0.6600E+02
     -9.354  0.0000E+00  0.6600E+02
     -9.332  0.0000E+00  0.6600E+02
     -9.309  0.0000E+00  0.6600E+02
     -9.287  0.0000E+00  0.6600E+02
     -9.265  0.0000E+00  0.6600E+02
     -9.242  0.0000E+00  0.6600E+02
     -9.220  0.0000E+00  0.6600E+02
     -9.198  0.0000E+00  0.6600E+02
     -9.175  0.0000E+00  0.6600E+02
     -9.153  0.0000E+00  0.6600E+02
     -9.131  0.0000E+00  0.6600E+02
     -9.109  0.0000E+00  0.6600E+02
     -9.086  0.0000E+00  0.6600E+02
     -9.064  0.0000E+00  0.6600E+02
     -9.042  0.0000E+00  0.6600E+02
     -9.019  0.0000E+00  0.6600E+02
     -8.997  0.0000E+00  0.6600E+02
     -8.975  0.0000E+00  0.6600E+02
     -8.952  0.0000E+00  0.6600E+02
     -8.930  0.0000E+00  0.6600E+02
     -8.908  0.0000E+00  0.6600E+02
     -8.886  0.0000E+00  0.6600E+02
     -8.863  0.0000E+00  0.6600E+02
     -8.841  0.0000E+00  0.6600E+02
     -8.819  0.0000E+00  0.6600E+02
     -8.796  0.0000E+00  0.6600E+02
     -8.774  0.0000E+00  0.6600E+02
     -8.752  0.0000E+00  0.6600E+02
     -8.729  0.0000E+00  0.6600E+02
     -8.707  0.0000E+00  0.6600E+02
     -8.685  0.0000E+00  0.6600E+02
     -8.663  0.0000E+00  0.6600E+02
     -8.640  0.0000E+00  0.6600E+02
     -8.618  0.0000E+00  0.6600E+02
     -8.596  0.0000E+00  0.6600E+02
     -8.573  0.0000E+00  0.6600E+02
     -8.551  0.0000E+00  0.6600E+02
     -8.529  0.0000E+00  0.6600E+02
     -8.506  0.0000E+00  0.6600E+02
     -8.484  0.0000E+00  0.6600E+02
     -8.462  0.0000E+00  0.6600E+02
     -8.440  0.0000E+00  0.6600E+02
     -8.417  0.0000E+00  0.6600E+02
     -8.395  0.0000E+00  0.6600E+02
     -8.373  0.0000E+00  0.6600E+02
     -8.350  0.0000E+00  0.6600E+02
     -8.328  0.0000E+00  0.6600E+02
     -8.306  0.0000E+00  0.6600E+02
     -8.283  0.0000E+00  0.6600E+02
     -8.261  0.0000E+00  0.6600E+02
     -8.239  0.0000E+00  0.6600E+02
     -8.217  0.0000E+00  0.6600E+02
     -8.194  0.0000E+00  0.6600E+02
     -8.172  0.0000E+00  0.6600E+02
     -8.150  0.0000E+00  0.6600E+02
     -8.127  0.0000E+00  0.6600E+02
     -8.105  0.0000E+00  0.6600E+02
     -8.083  0.0000E+00  0.6600E+02
     -8.060  0.0000E+00  0.6600E+02
     -8.038  0.0000E+00  0.6600E+02
     -8.016  0.0000E+00  0.6600E+02
     -7.994  0.0000E+00  0.6600E+02
     -7.971  0.0000E+00  0.6600E+02
     -7.949  0.0000E+00  0.6600E+02
     -7.927  0.0000E+00  0.6600E+02
     -7.904  0.0000E+00  0.6600E+02
     -7.882  0.0000E+00  0.6600E+02
     -7.860  0.0000E+00  0.6600E+02
     -7.838  0.0000E+00  0.6600E+02
     -7.815  0.0000E+00  0.6600E+02
     -7.793  0.0000E+00  0.6600E+02
     -7.771  0.0000E+00  0.6600E+02
     -7.748  0.0000E+00  0.6600E+02
     -7.726  0.0000E+00  0.6600E+02
     -7.704  0.0000E+00  0.6600E+02
     -7.681  0.0000E+00  0.6600E+02
     -7.659  0.0000E+00  0.6600E+02
     -7.637  0.0000E+00  0.6600E+02
     -7.615  0.0000E+00  0.6600E+02
     -7.592  0.0000E+00  0.6600E+02
     -7.570  0.0000E+00  0.6600E+02
     -7.548  0.0000E+00  0.6600E+02
     -7.525  0.0000E+00  0.6600E+02
     -7.503  0.0000E+00  0.6600E+02
     -7.481  0.0000E+00  0.6600E+02
     -7.458  0.0000E+00  0.6600E+02
     -7.436  0.0000E+00  0.6600E+02
     -7.414  0.0000E+00  0.6600E+02
     -7.392  0.0000E+00  0.6600E+02
     -7.369  0.0000E+00  0.6600E+02
     -7.347  0.0000E+00  0.6600E+02
     -7.325  0.0000E+00  0.6600E+02
     -7.302  0.0000E+00  0.6600E+02
     -7.280  0.0000E+00  0.6600E+02
     -7.258  0.0000E+00  0.6600E+02
     -7.235  0.0000E+00  0.6600E+02
     -7.213  0.0000E+00  0.6600E+02
     -7.191  0.0000E+00  0.6600E+02
     -7.169  0.0000E+00  0.6600E+02
     -7.146  0.0000E+00  0.6600E+02
     -7.124  0.0000E+00  0.6600E+02
     -7.102  0.0000E+00  0.6600E+02
     -7.079  0.0000E+00  0.6600E+02
     -7.057  0.0000E+00  0.6600E+02
     -7.035  0.0000E+00  0.6600E+02
     -7.012  0.0000E+00  0.6600E+02
     -6.990  0.0000E+00  0.6600E+02
     -6.968  0.0000E+00  0.6600E+02
     -6.946  0.0000E+00  0.6600E+02
     -6.923  0.0000E+00  0.6600E+02
     -6.901  0.0000E+00  0.6600E+02
     -6.879  0.0000E+00  0.6600E+02
     -6.856  0.0000E+00  0.6600E+02
     -6.834  0.0000E+00  0.6600E+02
     -6.812  0.0000E+00  0.6600E+02
     -6.789  0.0000E+00  0.6600E+02
     -6.767  0.0000E+00  0.6600E+02
     -6.745  0.0000E+00  0.6600E+02
     -6.723  0.0000E+00  0.6600E+02
     -6.700  0.0000E+00  0.6600E+02
     -6.678  0.0000E+00  0.6600E+02
     -6.656  0.0000E+00  0.6600E+02
     -6.633  0.0000E+00  0.6600E+02
     -6.611  0.0000E+00  0.6600E+02
     -6.589  0.0000E+00  0.6600E+02
     -6.566  0.0000E+00  0.6600E+02
     -6.544  0.0000E+00  0.6600E+02
     -6.522  0.0000E+00  0.6600E+02
     -6.500  0.0000E+00  0.6600E+02
     -6.477  0.0000E+00  0.6600E+02
     -6.455  0.0000E+00  0.6600E+02
     -6.433  0.0000E+00  0.6600E+02
     -6.410  0.0000E+00  0.6600E+02
     -6.388  0.0000E+00  0.6600E+02
     -6.366  0.0000E+00  0.6600E+02
     -6.343  0.0000E+00  0.6600E+02
     -6.321  0.0000E+00  0.6600E+02
     -6.299  0.0000E+00  0.6600E+02
     -6.277  0.0000E+00  0.6600E+02
     -6.254  0.0000E+00  0.6600E+02
     -6.232  0.0000E+00  0.6600E+02
     -6.210  0.0000E+00  0.6600E+02
     -6.187  0.0000E+00  0.6600E+02
     -6.165  0.0000E+00  0.6600E+02
     -6.143  0.0000E+00  0.6600E+02
     -6.120  0.0000E+00  0.6600E+02
     -6.098  0.0000E+00  0.6600E+02
     -6.076  0.0000E+00  0.6600E+02
     -6.054  0.0000E+00  0.6600E+02
     -6.031  0.0000E+00  0.6600E+02
     -6.009  0.0000E+00  0.6600E+02
     -5.987  0.0000E+00  0.6600E+02
     -5.964  0.0000E+00  0.6600E+02
     -5.942  0.0000E+00  0.6600E+02
     -5.920  0.0000E+00  0.6600E+02
     -5.897  0.0000E+00  0.6600E+02
     -5.875  0.0000E+00  0.6600E+02
     -5.853  0.0000E+00  0.6600E+02
     -5.831  0.0000E+00  0.6600E+02
     -5.808  0.0000E+00  0.6600E+02
     -5.786  0.0000E+00  0.6600E+02
     -5.764  0.0000E+00  0.6600E+02
     -5.741  0.0000E+00  0.6600E+02
     -5.719  0.0000E+00  0.6600E+02
     -5.697  0.0000E+00  0.6600E+02
     -5.674  0.0000E+00  0.6600E+02
     -5.652  0.0000E+00  0.6600E+02
     -5.630  0.0000E+00  0.6600E+02
     -5.608  0.0000E+00  0.6600E+02
     -5.585  0.0000E+00  0.6600E+02
     -5.563  0.0000E+00  0.6600E+02
     -5.541  0.0000E+00  0.6600E+02
     -5.518  0.0000E+00  0.6600E+02
     -5.496  0.0000E+00  0.6600E+02
     -5.474  0.0000E+00  0.6600E+02
     -5.451  0.0000E+00  0.6600E+02
     -5.429  0.0000E+00  0.6600E+02
     -5.407  0.0000E+00  0.6600E+02
     -5.385  0.0000E+00  0.6600E+02
     -5.362  0.0000E+00  0.6600E+02
     -5.340  0.0000E+00  0.6600E+02
     -5.318  0.0000E+00  0.6600E+02
     -5.295  0.0000E+00  0.6600E+02
     -5.273  0.0000E+00  0.6600E+02
     -5.251  0.0000E+00  0.6800E+02
     -5.229  0.0000E+00  0.6800E+02
     -5.206  0.0000E+00  0.6800E+02
     -5.184  0.0000E+00  0.6800E+02
     -5.162  0.0000E+00  0.6800E+02
     -5.139  0.0000E+00  0.6800E+02
     -5.117  0.0000E+00  0.6800E+02
     -5.095  0.0000E+00  0.6800E+02
     -5.072  0.0000E+00  0.6800E+02
     -5.050  0.0000E+00  0.6800E+02
     -5.028  0.0000E+00  0.6800E+02
     -5.006  0.0000E+00  0.6800E+02
     -4.983  0.0000E+00  0.6800E+02
     -4.961  0.0000E+00  0.6800E+02
     -4.939  0.0000E+00  0.6800E+02
     -4.916  0.0000E+00  0.6800E+02
     -4.894  0.0000E+00  0.6800E+02
     -4.872  0.0000E+00  0.6800E+02
     -4.849  0.0000E+00  0.6800E+02
     -4.827  0.0000E+00  0.6800E+02
     -4.805  0.0000E+00  0.6800E+02
     -4.783  0.0000E+00  0.6800E+02
     -4.760  0.0000E+00  0.6800E+02
     -4.738  0.0000E+00  0.6800E+02
     -4.716  0.0000E+00  0.6800E+02
     -4.693  0.0000E+00  0.6800E+02
     -4.671  0.0000E+00  0.7000E+02
     -4.649  0.0000E+00  0.7000E+02
     -4.626  0.0000E+00  0.7000E+02
     -4.604  0.0000E+00  0.7000E+02
     -4.582  0.0000E+00  0.7000E+02
     -4.560  0.0000E+00  0.7200E+02
     -4.537  0.0000E+00  0.7200E+02
     -4.515  0.0000E+00  0.7200E+02
     -4.493  0.0000E+00  0.7200E+02
     -4.470  0.0000E+00  0.7200E+02
     -4.448  0.0000E+00  0.7200E+02
     -4.426  0.0000E+00  0.7200E+02
     -4.403  0.0000E+00  0.7200E+02
     -4.381  0.0000E+00  0.7200E+02
     -4.359  0.0000E+00  0.7200E+02
     -4.337  0.0000E+00  0.7200E+02
     -4.314  0.0000E+00  0.7200E+02
     -4.292  0.0000E+00  0.7200E+02
     -4.270  0.0000E+00  0.7200E+02
     -4.247  0.0000E+00  0.7200E+02
     -4.225  0.0000E+00  0.7200E+02
     -4.203  0.0000E+00  0.7200E+02
     -4.180  0.0000E+00  0.7200E+02
     -4.158  0.0000E+00  0.7200E+02
     -4.136  0.0000E+00  0.7200E+02
     -4.114  0.0000E+00  0.7200E+02
     -4.091  0.0000E+00  0.7200E+02
     -4.069  0.0000E+00  0.7200E+02
     -4.047  0.0000E+00  0.7200E+02
     -4.024  0.0000E+00  0.7200E+02
     -4.002  0.0000E+00  0.7200E+02
     -3.980  0.0000E+00  0.7200E+02
     -3.957  0.0000E+00  0.7200E+02
     -3.935  0.0000E+00  0.7200E+02
     -3.913  0.0000E+00  0.7200E+02
     -3.891  0.0000E+00  0.7200E+02
     -3.868  0.0000E+00  0.7200E+02
     -3.846  0.0000E+00  0.7200E+02
     -3.824  0.0000E+00  0.7200E+02
     -3.801  0.0000E+00  0.7200E+02
     -3.779  0.0000E+00  0.7200E+02
     -3.757  0.0000E+00  0.7200E+02
     -3.734  0.0000E+00  0.7200E+02
     -3.712  0.0000E+00  0.7200E+02
     -3.690  0.0000E+00  0.7200E+02
     -3.668  0.0000E+00  0.7200E+02
     -3.645  0.0000E+00  0.7200E+02
     -3.623  0.0000E+00  0.7200E+02
     -3.601  0.0000E+00  0.7200E+02
     -3.578  0.0000E+00  0.7200E+02
     -3.556  0.0000E+00  0.7200E+02
     -3.534  0.0000E+00  0.7200E+02
     -3.511  0.0000E+00  0.7200E+02
     -3.489  0.0000E+00  0.7200E+02
     -3.467  0.0000E+00  0.7200E+02
     -3.445  0.0000E+00  0.7200E+02
     -3.422  0.0000E+00  0.7200E+02
     -3.400  0.0000E+00  0.7200E+02
     -3.378  0.0000E+00  0.7200E+02
     -3.355  0.0000E+00  0.7200E+02
     -3.333  0.0000E+00  0.7200E+02
     -3.311  0.0000E+00  0.7200E+02
     -3.288  0.0000E+00  0.7200E+02
     -3.266  0.0000E+00  0.7200E+02
     -3.244  0.0000E+00  0.7200E+02
     -3.222  0.0000E+00  0.7200E+02
     -3.199  0.0000E+00  0.7200E+02
     -3.177  0.0000E+00  0.7200E+02
     -3.155  0.0000E+00  0.7200E+02
     -3.132  0.0000E+00  0.7200E+02
     -3.110  0.0000E+00  0.7200E+02
     -3.088  0.0000E+00  0.7200E+02
     -3.065  0.0000E+00  0.7200E+02
     -3.043  0.0000E+00  0.7200E+02
     -3.021  0.0000E+00  0.7200E+02
     -2.999  0.0000E+00  0.7200E+02
     -2.976  0.0000E+00  0.7200E+02
     -2.954  0.0000E+00  0.7200E+02
     -2.932  0.0000E+00  0.7200E+02
     -2.909  0.0000E+00  0.7200E+02
     -2.887  0.0000E+00  0.7200E+02
     -2.865  0.0000E+00  0.7200E+02
     -2.842  0.0000E+00  0.7200E+02
     -2.820  0.0000E+00  0.7200E+02
     -2.798  0.0000E+00  0.7200E+02
     -2.776  0.0000E+00  0.7200E+02
     -2.753  0.0000E+00  0.7200E+02
     -2.731  0.0000E+00  0.7200E+02
     -2.709  0.0000E+00  0.7200E+02
     -2.686  0.0000E+00  0.7200E+02
     -2.664  0.0000E+00  0.7200E+02
     -2.642  0.0000E+00  0.7200E+02
     -2.620  0.0000E+00  0.7200E+02
     -2.597  0.0000E+00  0.7200E+02
     -2.575  0.0000E+00  0.7200E+02
     -2.553  0.0000E+00  0.7200E+02
     -2.530  0.0000E+00  0.7200E+02
     -2.508  0.0000E+00  0.7200E+02
     -2.486  0.0000E+00  0.7200E+02
     -2.463  0.0000E+00  0.7200E+02
     -2.441  0.0000E+00  0.7200E+02
     -2.419  0.0000E+00  0.7200E+02
     -2.397  0.0000E+00  0.7200E+02
     -2.374  0.0000E+00  0.7200E+02
     -2.352  0.0000E+00  0.7200E+02
     -2.330  0.0000E+00  0.7200E+02
     -2.307  0.0000E+00  0.7200E+02
     -2.285  0.0000E+00  0.7200E+02
     -2.263  0.0000E+00  0.7200E+02
     -2.240  0.0000E+00  0.7200E+02
     -2.218  0.0000E+00  0.7200E+02
     -2.196  0.0000E+00  0.7200E+02
     -2.174  0.0000E+00  0.7200E+02
     -2.151  0.0000E+00  0.7200E+02
     -2.129  0.0000E+00  0.7200E+02
     -2.107  0.0000E+00  0.7200E+02
     -2.084  0.0000E+00  0.7200E+02
     -2.062  0.0000E+00  0.7200E+02
     -2.040  0.0000E+00  0.7200E+02
     -2.017  0.0000E+00  0.7200E+02
     -1.995  0.0000E+00  0.7200E+02
     -1.973  0.0000E+00  0.7200E+02
     -1.951  0.0000E+00  0.7200E+02
     -1.928  0.0000E+00  0.7200E+02
     -1.906  0.0000E+00  0.7200E+02
     -1.884  0.0000E+00  0.7200E+02
     -1.861  0.0000E+00  0.7200E+02
     -1.839  0.0000E+00  0.7200E+02
     -1.817  0.0000E+00  0.7200E+02
     -1.794  0.0000E+00  0.7200E+02
     -1.772  0.0000E+00  0.7200E+02
     -1.750  0.0000E+00  0.7200E+02
     -1.728  0.0000E+00  0.7200E+02
     -1.705  0.0000E+00  0.7200E+02
     -1.683  0.0000E+00  0.7200E+02
     -1.661  0.0000E+00  0.7200E+02
     -1.638  0.0000E+00  0.7200E+02
     -1.616  0.0000E+00  0.7200E+02
     -1.594  0.0000E+00  0.7200E+02
     -1.571  0.0000E+00  0.7200E+02
     -1.549  0.0000E+00  0.7200E+02
     -1.527  0.0000E+00  0.7200E+02
     -1.505  0.0000E+00  0.7200E+02
     -1.482  0.0000E+00  0.7200E+02
     -1.460  0.0000E+00  0.7200E+02
     -1.438  0.0000E+00  0.7200E+02
     -1.415  0.0000E+00  0.7200E+02
     -1.393  0.0000E+00  0.7200E+02
     -1.371  0.0000E+00  0.7200E+02
     -1.348  0.0000E+00  0.7200E+02
     -1.326  0.0000E+00  0.7200E+02
     -1.304  0.0000E+00  0.7200E+02
     -1.282  0.0000E+00  0.7200E+02
     -1.259  0.0000E+00  0.7200E+02
     -1.237  0.1467E+02  0.7211E+02
     -1.215  0.3641E+02  0.7270E+02
     -1.192  0.2717E+02  0.7348E+02
     -1.170  0.1172E+02  0.7392E+02
     -1.148  0.0000E+00  0.7400E+02
     -1.125  0.0000E+00  0.7400E+02
     -1.103  0.8684E-01  0.7400E+02
     -1.081  0.4082E+00  0.7401E+02
     -1.059  0.1000E+01  0.7402E+02
     -1.036  0.1894E+01  0.7405E+02
     -1.014  0.3090E+01  0.7411E+02
     -0.992  0.4587E+01  0.7419E+02
     -0.969  0.6396E+01  0.7431E+02
     -0.947  0.8634E+01  0.7448E+02
     -0.925  0.1176E+02  0.7471E+02
     -0.902  0.1636E+02  0.7502E+02
     -0.880  0.2103E+02  0.7544E+02
     -0.858  0.2138E+02  0.7592E+02
     -0.836  0.1359E+02  0.7634E+02
     -0.813  0.6585E+01  0.7651E+02
     -0.791  0.8114E+01  0.7668E+02
     -0.769  0.1075E+02  0.7688E+02
     -0.746  0.1609E+02  0.7718E+02
     -0.724  0.2011E+02  0.7759E+02
     -0.702  0.1994E+02  0.7804E+02
     -0.679  0.1802E+02  0.7847E+02
     -0.657  0.1581E+02  0.7884E+02
     -0.635  0.1360E+02  0.7917E+02
     -0.613  0.1725E+02  0.7950E+02
     -0.590  0.2899E+02  0.8000E+02
     -0.568  0.3246E+02  0.8068E+02
     -0.546  0.4132E+02  0.8152E+02
     -0.523  0.4387E+02  0.8247E+02
     -0.501  0.4321E+02  0.8345E+02
     -0.479  0.4408E+02  0.8443E+02
     -0.456  0.4150E+02  0.8539E+02
     -0.434  0.3657E+02  0.8625E+02
     -0.412  0.3691E+02  0.8707E+02
     -0.390  0.3498E+02  0.8787E+02
     -0.367  0.3259E+02  0.8862E+02
     -0.345  0.3383E+02  0.8936E+02
     -0.323  0.3653E+02  0.9014E+02
     -0.300  0.3579E+02  0.9095E+02
     -0.278  0.3857E+02  0.9181E+02
     -0.256  0.2871E+02  0.9243E+02
     -0.233  0.2284E+02  0.9322E+02
     -0.211  0.1514E+02  0.9354E+02
     -0.189  0.2605E+02  0.9399E+02
     -0.167  0.4748E+02  0.9478E+02
     -0.144  0.5687E+02  0.9603E+02
     -0.122  0.5706E+02  0.9736E+02
     -0.100  0.4746E+02  0.9848E+02
     -0.077  0.6906E+02  0.9974E+02
     -0.055  0.6866E+02  0.1013E+03
     -0.033  0.6114E+02  0.1028E+03
     -0.011  0.5722E+02  0.1041E+03
      0.012  0.5426E+02  0.1053E+03
      0.034  0.5275E+02  0.1066E+03
      0.056  0.5070E+02  0.1077E+03
      0.079  0.4904E+02  0.1088E+03
      0.101  0.4618E+02  0.1099E+03
      0.123  0.4289E+02  0.1109E+03
      0.146  0.4028E+02  0.1118E+03
      0.168  0.3765E+02  0.1127E+03
      0.190  0.3544E+02  0.1135E+03
      0.212  0.3319E+02  0.1142E+03
      0.235  0.3138E+02  0.1150E+03
      0.257  0.3025E+02  0.1156E+03
      0.279  0.2833E+02  0.1163E+03
      0.302  0.2685E+02  0.1169E+03
      0.324  0.2598E+02  0.1175E+03
      0.346  0.2560E+02  0.1181E+03
      0.369  0.2546E+02  0.1186E+03
      0.391  0.2496E+02  0.1192E+03
      0.413  0.2491E+02  0.1198E+03
      0.435  0.2466E+02  0.1203E+03
      0.458  0.2429E+02  0.1209E+03
      0.480  0.2529E+02  0.1214E+03
      0.502  0.2664E+02  0.1220E+03
      0.525  0.2811E+02  0.1226E+03
      0.547  0.2916E+02  0.1232E+03
      0.569  0.2994E+02  0.1239E+03
      0.592  0.2762E+02  0.1245E+03
      0.614  0.2972E+02  0.1252E+03
      0.636  0.2806E+02  0.1258E+03
      0.658  0.2515E+02  0.1264E+03
      0.681  0.2642E+02  0.1270E+03
      0.703  0.2965E+02  0.1276E+03
      0.725  0.2714E+02  0.1283E+03
      0.748  0.2587E+02  0.1288E+03
      0.770  0.2894E+02  0.1295E+03
      0.792  0.2995E+02  0.1301E+03
      0.815  0.2834E+02  0.1308E+03
      0.837  0.2710E+02  0.1314E+03
      0.859  0.2421E+02  0.1320E+03
      0.881  0.2018E+02  0.1325E+03
      0.904  0.2083E+02  0.1329E+03
      0.926  0.2238E+02  0.1334E+03
      0.948  0.2640E+02  0.1339E+03
      0.971  0.2527E+02  0.1345E+03
      0.993  0.2615E+02  0.1351E+03
      1.015  0.2734E+02  0.1357E+03
      1.038  0.2882E+02  0.1363E+03
      1.060  0.3017E+02  0.1370E+03
      1.082  0.3115E+02  0.1376E+03
      1.104  0.3161E+02  0.1383E+03
      1.127  0.3123E+02  0.1390E+03
      1.149  0.2984E+02  0.1397E+03
      1.171  0.2624E+02  0.1404E+03
      1.194  0.2288E+02  0.1409E+03
      1.216  0.1944E+02  0.1414E+03
      1.238  0.1817E+02  0.1418E+03
      1.261  0.1688E+02  0.1422E+03
      1.283  0.1619E+02  0.1425E+03
      1.305  0.1714E+02  0.1429E+03
      1.327  0.1872E+02  0.1433E+03
      1.350  0.1938E+02  0.1437E+03
      1.372  0.1880E+02  0.1442E+03
      1.394  0.1865E+02  0.1446E+03
      1.417  0.1943E+02  0.1450E+03
      1.439  0.2027E+02  0.1454E+03
      1.461  0.2102E+02  0.1459E+03
      1.484  0.2205E+02  0.1464E+03
      1.506  0.2275E+02  0.1469E+03
      1.528  0.2356E+02  0.1474E+03
      1.550  0.2488E+02  0.1479E+03
      1.573  0.2610E+02  0.1485E+03
      1.595  0.2728E+02  0.1491E+03
      1.617  0.2798E+02  0.1497E+03
      1.640  0.2895E+02  0.1504E+03
      1.662  0.3049E+02  0.1510E+03
      1.684  0.3192E+02  0.1517E+03
      1.707  0.3427E+02  0.1524E+03
      1.729  0.3976E+02  0.1533E+03
      1.751  0.4139E+02  0.1542E+03
      1.773  0.3911E+02  0.1551E+03
      1.796  0.3602E+02  0.1559E+03
      1.818  0.4034E+02  0.1568E+03
      1.840  0.3124E+02  0.1576E+03
      1.863  0.4038E+02  0.1584E+03
      1.885  0.5746E+02  0.1595E+03
      1.907  0.4971E+02  0.1607E+03
      1.930  0.5879E+02  0.1618E+03
      1.952  0.6127E+02  0.1632E+03
      1.974  0.5668E+02  0.1645E+03
      1.996  0.5307E+02  0.1658E+03
      2.019  0.5127E+02  0.1669E+03
      2.041  0.5140E+02  0.1681E+03
      2.063  0.5035E+02  0.1692E+03
      2.086  0.4908E+02  0.1703E+03
      2.108  0.4705E+02  0.1714E+03
      2.130  0.4297E+02  0.1724E+03
      2.153  0.3859E+02  0.1733E+03
      2.175  0.3627E+02  0.1741E+03
      2.197  0.3492E+02  0.1749E+03
      2.219  0.3420E+02  0.1757E+03
      2.242  0.3471E+02  0.1765E+03
      2.264  0.3629E+02  0.1772E+03
      2.286  0.3881E+02  0.1781E+03
      2.309  0.4215E+02  0.1790E+03
      2.331  0.4483E+02  0.1800E+03
      2.353  0.4688E+02  0.1810E+03
      2.376  0.4971E+02  0.1820E+03
      2.398  0.5648E+02  0.1832E+03
      2.420  0.6009E+02  0.1845E+03
      2.442  0.5620E+02  0.1859E+03
      2.465  0.6537E+02  0.1871E+03
      2.487  0.8538E+02  0.1889E+03
      2.509  0.9534E+02  0.1911E+03
      2.532  0.8465E+02  0.1931E+03
      2.554  0.5329E+02  0.1943E+03
      2.576  0.9550E+02  0.1963E+03
      2.598  0.9367E+02  0.1984E+03
      2.621  0.7950E+02  0.2003E+03
      2.643  0.7261E+02  0.2020E+03
      2.665  0.7440E+02  0.2036E+03
      2.688  0.7578E+02  0.2053E+03
      2.710  0.9139E+02  0.2072E+03
      2.732  0.8538E+02  0.2091E+03
      2.755  0.8626E+02  0.2110E+03
      2.777  0.7261E+02  0.2128E+03
      2.799  0.6612E+02  0.2144E+03
      2.821  0.7316E+02  0.2159E+03
      2.844  0.6580E+02  0.2174E+03
      2.866  0.6517E+02  0.2189E+03
      2.888  0.5217E+02  0.2202E+03
      2.911  0.5574E+02  0.2214E+03
      2.933  0.4793E+02  0.2225E+03
      2.955  0.5227E+02  0.2236E+03
      2.978  0.6865E+02  0.2249E+03
      3.000  0.6550E+02  0.2264E+03
      3.022  0.6211E+02  0.2278E+03
      3.044  0.6781E+02  0.2293E+03
      3.067  0.7974E+02  0.2309E+03
      3.089  0.9156E+02  0.2328E+03
      3.111  0.9584E+02  0.2349E+03
      3.134  0.1028E+03  0.2371E+03
      3.156  0.1007E+03  0.2393E+03
      3.178  0.7783E+02  0.2411E+03
      3.201  0.9214E+02  0.2426E+03
      3.223  0.1010E+03  0.2446E+03
      3.245  0.5337E+02  0.2461E+03
      3.267  0.4305E+02  0.2472E+03
      3.290  0.3736E+02  0.2481E+03
      3.312  0.3345E+02  0.2489E+03
      3.334  0.2992E+02  0.2496E+03
      3.357  0.2648E+02  0.2502E+03
      3.379  0.2551E+02  0.2508E+03
      3.401  0.1974E+02  0.2513E+03
      3.424  0.2408E+02  0.2518E+03
      3.446  0.2643E+02  0.2523E+03
      3.468  0.2433E+02  0.2529E+03
      3.490  0.2405E+02  0.2534E+03
      3.513  0.1728E+02  0.2540E+03
      3.535  0.2483E+02  0.2544E+03
      3.557  0.2843E+02  0.2551E+03
      3.580  0.2755E+02  0.2557E+03
      3.602  0.3399E+02  0.2563E+03
      3.624  0.3138E+02  0.2572E+03
      3.647  0.1333E+02  0.2576E+03
      3.669  0.7130E+01  0.2578E+03
      3.691  0.3414E+01  0.2579E+03
      3.713  0.1100E+01  0.2580E+03
      3.736  0.1632E+02  0.2581E+03
      3.758  0.1930E+02  0.2586E+03
      3.780  0.1656E+02  0.2590E+03
      3.803  0.1343E+02  0.2593E+03
      3.825  0.9621E+01  0.2595E+03
      3.847  0.6634E+01  0.2597E+03
      3.870  0.4451E+01  0.2598E+03
      3.892  0.2736E+01  0.2599E+03
      3.914  0.1436E+01  0.2600E+03
      3.936  0.5517E+00  0.2600E+03
      3.959  0.8243E-01  0.2600E+03
      3.981  0.0000E+00  0.2600E+03
      4.003  0.0000E+00  0.2600E+03
      4.026  0.0000E+00  0.2600E+03
      4.048  0.0000E+00  0.2600E+03
      4.070  0.0000E+00  0.2600E+03
      4.093  0.0000E+00  0.2600E+03
      4.115  0.0000E+00  0.2600E+03
      4.137  0.0000E+00  0.2600E+03
      4.159  0.0000E+00  0.2600E+03
      4.182  0.0000E+00  0.2600E+03
      4.204  0.0000E+00  0.2600E+03
      4.226  0.0000E+00  0.2600E+03
      4.249  0.0000E+00  0.2600E+03
      4.271  0.0000E+00  0.2600E+03
      4.293  0.0000E+00  0.2600E+03
      4.316  0.0000E+00  0.2600E+03
      4.338  0.0000E+00  0.2600E+03
      4.360  0.0000E+00  0.2600E+03
      4.382  0.0000E+00  0.2600E+03
      4.405  0.0000E+00  0.2600E+03
      4.427  0.0000E+00  0.2600E+03
      4.449  0.0000E+00  0.2600E+03
      4.472  0.0000E+00  0.2600E+03
      4.494  0.0000E+00  0.2600E+03
      4.516  0.0000E+00  0.2600E+03
      4.539  0.0000E+00  0.2600E+03
      4.561  0.0000E+00  0.2600E+03
      4.583  0.0000E+00  0.2600E+03
      4.605  0.0000E+00  0.2600E+03
      4.628  0.0000E+00  0.2600E+03
      4.650  0.0000E+00  0.2600E+03
      4.672  0.0000E+00  0.2600E+03
      4.695  0.0000E+00  0.2600E+03
      4.717  0.0000E+00  0.2600E+03
      4.739  0.0000E+00  0.2600E+03
      4.762  0.0000E+00  0.2600E+03
      4.784  0.0000E+00  0.2600E+03
      4.806  0.0000E+00  0.2600E+03
      4.828  0.0000E+00  0.2600E+03
      4.851  0.0000E+00  0.2600E+03
      4.873  0.0000E+00  0.2600E+03
      4.895  0.0000E+00  0.2600E+03
      4.918  0.0000E+00  0.2600E+03
      4.940  0.0000E+00  0.2600E+03
      4.962  0.0000E+00  0.2600E+03
      4.984  0.0000E+00  0.2600E+03
      5.007  0.0000E+00  0.2600E+03
      5.029  0.0000E+00  0.2600E+03
      5.051  0.0000E+00  0.2600E+03
      5.074  0.0000E+00  0.2600E+03
      5.096  0.0000E+00  0.2600E+03
      5.118  0.0000E+00  0.2600E+03
      5.141  0.0000E+00  0.2600E+03
      5.163  0.0000E+00  0.2600E+03
      5.185  0.0000E+00  0.2600E+03
      5.207  0.0000E+00  0.2600E+03
      5.230  0.0000E+00  0.2600E+03
      5.252  0.0000E+00  0.2600E+03
      5.274  0.0000E+00  0.2600E+03
      5.297  0.0000E+00  0.2600E+03
      5.319  0.0000E+00  0.2600E+03
      5.341  0.0000E+00  0.2600E+03
      5.364  0.0000E+00  0.2600E+03
      5.386  0.0000E+00  0.2600E+03
      5.408  0.0000E+00  0.2600E+03
      5.430  0.0000E+00  0.2600E+03
      5.453  0.0000E+00  0.2600E+03
      5.475  0.0000E+00  0.2600E+03
      5.497  0.0000E+00  0.2600E+03
      5.520  0.0000E+00  0.2600E+03
      5.542  0.0000E+00  0.2600E+03
      5.564  0.0000E+00  0.2600E+03
      5.587  0.0000E+00  0.2600E+03
      5.609  0.0000E+00  0.2600E+03
      5.631  0.0000E+00  0.2600E+03
      5.653  0.0000E+00  0.2600E+03
      5.676  0.0000E+00  0.2600E+03
      5.698  0.0000E+00  0.2600E+03
      5.720  0.0000E+00  0.2600E+03
      5.743  0.0000E+00  0.2600E+03
      5.765  0.0000E+00  0.2600E+03
      5.787  0.0000E+00  0.2600E+03
      5.810  0.0000E+00  0.2600E+03
      5.832  0.0000E+00  0.2600E+03
      5.854  0.0000E+00  0.2600E+03
      5.876  0.0000E+00  0.2600E+03
      5.899  0.0000E+00  0.2600E+03
      5.921  0.0000E+00  0.2600E+03
      5.943  0.0000E+00  0.2600E+03
      5.966  0.0000E+00  0.2600E+03
      5.988  0.0000E+00  0.2600E+03
      6.010  0.0000E+00  0.2600E+03
      6.033  0.0000E+00  0.2600E+03
      6.055  0.0000E+00  0.2600E+03
      6.077  0.0000E+00  0.2600E+03
      6.099  0.0000E+00  0.2600E+03
      6.122  0.0000E+00  0.2600E+03
      6.144  0.0000E+00  0.2600E+03
      6.166  0.0000E+00  0.2600E+03
      6.189  0.0000E+00  0.2600E+03
      6.211  0.0000E+00  0.2600E+03
      6.233  0.0000E+00  0.2600E+03
      6.256  0.0000E+00  0.2600E+03
      6.278  0.0000E+00  0.2600E+03
      6.300  0.0000E+00  0.2600E+03
      6.322  0.0000E+00  0.2600E+03
      6.345  0.0000E+00  0.2600E+03
      6.367  0.0000E+00  0.2600E+03
      6.389  0.0000E+00  0.2600E+03
      6.412  0.0000E+00  0.2600E+03
      6.434  0.0000E+00  0.2600E+03
      6.456  0.0000E+00  0.2600E+03
      6.479  0.0000E+00  0.2600E+03
      6.501  0.0000E+00  0.2600E+03
      6.523  0.0000E+00  0.2600E+03
      6.545  0.0000E+00  0.2600E+03
      6.568  0.0000E+00  0.2600E+03
      6.590  0.0000E+00  0.2600E+03
      6.612  0.0000E+00  0.2600E+03
      6.635  0.0000E+00  0.2600E+03
      6.657  0.0000E+00  0.2600E+03
      6.679  0.0000E+00  0.2600E+03
      6.702  0.0000E+00  0.2600E+03
      6.724  0.0000E+00  0.2600E+03
      6.746  0.0000E+00  0.2600E+03
      6.768  0.0000E+00  0.2600E+03
      6.791  0.0000E+00  0.2600E+03
      6.813  0.0000E+00  0.2600E+03
      6.835  0.0000E+00  0.2600E+03
      6.858  0.0000E+00  0.2600E+03
      6.880  0.0000E+00  0.2600E+03
      6.902  0.0000E+00  0.2600E+03
      6.925  0.0000E+00  0.2600E+03
      6.947  0.0000E+00  0.2600E+03
      6.969  0.0000E+00  0.2600E+03
      6.991  0.0000E+00  0.2600E+03
      7.014  0.0000E+00  0.2600E+03
      7.036  0.0000E+00  0.2600E+03
      7.058  0.6936E+02  0.2606E+03
      7.081  0.0000E+00  0.2620E+03
      7.103  0.0000E+00  0.2620E+03
      7.125  0.0000E+00  0.2620E+03
      7.148  0.0000E+00  0.2620E+03
      7.170  0.0000E+00  0.2620E+03
      7.192  0.0000E+00  0.2620E+03
      7.214  0.0000E+00  0.2620E+03
      7.237  0.0000E+00  0.2620E+03
      7.259  0.0000E+00  0.2620E+03
      7.281  0.0000E+00  0.2620E+03
      7.304  0.0000E+00  0.2620E+03
      7.326  0.0000E+00  0.2620E+03
      7.348  0.0000E+00  0.2620E+03
      7.371  0.0000E+00  0.2620E+03
      7.393  0.0000E+00  0.2620E+03
      7.415  0.0000E+00  0.2620E+03
      7.437  0.0000E+00  0.2620E+03
      7.460  0.0000E+00  0.2620E+03
      7.482  0.0000E+00  0.2620E+03
      7.504  0.0000E+00  0.2620E+03
      7.527  0.0000E+00  0.2620E+03
      7.549  0.0000E+00  0.2620E+03
      7.571  0.0000E+00  0.2620E+03
      7.593  0.0000E+00  0.2620E+03
      7.616  0.0000E+00  0.2620E+03
      7.638  0.0000E+00  0.2620E+03
      7.660  0.0000E+00  0.2620E+03
      7.683  0.0000E+00  0.2620E+03
      7.705  0.0000E+00  0.2620E+03
      7.727  0.0000E+00  0.2620E+03
      7.750  0.0000E+00  0.2620E+03
      7.772  0.0000E+00  0.2620E+03
      7.794  0.0000E+00  0.2620E+03
      7.816  0.0000E+00  0.2620E+03
      7.839  0.0000E+00  0.2620E+03
      7.861  0.0000E+00  0.2620E+03
      7.883  0.0000E+00  0.2620E+03
      7.906  0.0000E+00  0.2620E+03
      7.928  0.0000E+00  0.2620E+03
      7.950  0.0000E+00  0.2620E+03
      7.973  0.0000E+00  0.2620E+03
      7.995  0.0000E+00  0.2620E+03
      8.017  0.0000E+00  0.2620E+03
      8.039  0.0000E+00  0.2620E+03
      8.062  0.0000E+00  0.2620E+03
      8.084  0.0000E+00  0.2620E+03
      8.106  0.0000E+00  0.2620E+03
      8.129  0.0000E+00  0.2620E+03
      8.151  0.0000E+00  0.2620E+03
      8.173  0.0000E+00  0.2620E+03
      8.196  0.0000E+00  0.2620E+03
      8.218  0.0000E+00  0.2620E+03
      8.240  0.0000E+00  0.2620E+03
      8.262  0.0000E+00  0.2620E+03
      8.285  0.0000E+00  0.2620E+03
      8.307  0.0000E+00  0.2620E+03
      8.329  0.0000E+00  0.2620E+03
      8.352  0.0000E+00  0.2620E+03
      8.374  0.0000E+00  0.2620E+03
      8.396  0.0000E+00  0.2620E+03
      8.419  0.0000E+00  0.2620E+03
      8.441  0.0000E+00  0.2620E+03
      8.463  0.0000E+00  0.2620E+03
      8.485  0.0000E+00  0.2620E+03
      8.508  0.0000E+00  0.2620E+03
      8.530  0.0000E+00  0.2620E+03
      8.552  0.0000E+00  0.2620E+03
      8.575  0.0000E+00  0.2620E+03
      8.597  0.0000E+00  0.2620E+03
      8.619  0.0000E+00  0.2620E+03
      8.642  0.0000E+00  0.2620E+03
      8.664  0.0000E+00  0.2620E+03
      8.686  0.0000E+00  0.2620E+03
      8.708  0.0000E+00  0.2620E+03
      8.731  0.0000E+00  0.2620E+03
      8.753  0.0000E+00  0.2620E+03
      8.775  0.0000E+00  0.2620E+03
      8.798  0.0000E+00  0.2620E+03
      8.820  0.0000E+00  0.2620E+03
      8.842  0.0000E+00  0.2620E+03
      8.865  0.0000E+00  0.2620E+03
      8.887  0.0000E+00  0.2620E+03
      8.909  0.0000E+00  0.2620E+03
      8.931  0.0000E+00  0.2620E+03
      8.954  0.0000E+00  0.2620E+03
      8.976  0.0000E+00  0.2620E+03
      8.998  0.0000E+00  0.2620E+03
      9.021  0.0000E+00  0.2620E+03
      9.043  0.0000E+00  0.2620E+03
      9.065  0.0000E+00  0.2620E+03
      9.088  0.0000E+00  0.2620E+03
      9.110  0.0000E+00  0.2620E+03
      9.132  0.0000E+00  0.2620E+03
      9.154  0.0000E+00  0.2620E+03
      9.177  0.0000E+00  0.2620E+03
      9.199  0.0000E+00  0.2620E+03
      9.221  0.0000E+00  0.2620E+03
      9.244  0.0000E+00  0.2620E+03
      9.266  0.0000E+00  0.2620E+03
      9.288  0.0000E+00  0.2620E+03
      9.311  0.0000E+00  0.2620E+03
      9.333  0.0000E+00  0.2620E+03
      9.355  0.0000E+00  0.2620E+03
      9.377  0.0000E+00  0.2620E+03
      9.400  0.0000E+00  0.2620E+03
      9.422  0.0000E+00  0.2620E+03
      9.444  0.0000E+00  0.2620E+03
      9.467  0.0000E+00  0.2620E+03
      9.489  0.0000E+00  0.2620E+03
      9.511  0.0000E+00  0.2620E+03
      9.534  0.0000E+00  0.2620E+03
      9.556  0.0000E+00  0.2620E+03
      9.578  0.0000E+00  0.2620E+03
      9.600  0.0000E+00  0.2620E+03
      9.623  0.0000E+00  0.2620E+03
      9.645  0.0000E+00  0.2620E+03
      9.667  0.0000E+00  0.2620E+03
      9.690  0.0000E+00  0.2620E+03
      9.712  0.0000E+00  0.2620E+03
      9.734  0.0000E+00  0.2620E+03
      9.757  0.0000E+00  0.2620E+03
      9.779  0.0000E+00  0.2620E+03
      9.801  0.0000E+00  0.2620E+03
      9.823  0.0000E+00  0.2620E+03
      9.846  0.0000E+00  0.2620E+03
      9.868  0.0000E+00  0.2620E+03
      9.890  0.0000E+00  0.2620E+03
      9.913  0.0000E+00  0.2620E+03
      9.935  0.0000E+00  0.2620E+03
      9.957  0.0000E+00  0.2620E+03
      9.980  0.0000E+00  0.2620E+03
     10.002  0.0000E+00  0.2620E+03
     10.024  0.0000E+00  0.2620E+03
     10.046  0.0000E+00  0.2620E+03
     10.069  0.0000E+00  0.2620E+03
     10.091  0.0000E+00  0.2620E+03
     10.113  0.0000E+00  0.2620E+03
     10.136  0.0000E+00  0.2620E+03
     10.158  0.0000E+00  0.2620E+03
     10.180  0.0000E+00  0.2620E+03
     10.202  0.0000E+00  0.2620E+03
     10.225  0.0000E+00  0.2620E+03
     10.247  0.0000E+00  0.2620E+03
     10.269  0.0000E+00  0.2620E+03
     10.292  0.0000E+00  0.2620E+03
     10.314  0.0000E+00  0.2620E+03
     10.336  0.0000E+00  0.2620E+03
     10.359  0.0000E+00  0.2620E+03
     10.381  0.0000E+00  0.2620E+03
     10.403  0.0000E+00  0.2620E+03
     10.425  0.0000E+00  0.2620E+03
     10.448  0.0000E+00  0.2620E+03
     10.470  0.0000E+00  0.2620E+03
     10.492  0.0000E+00  0.2620E+03
     10.515  0.0000E+00  0.2620E+03
     10.537  0.6915E-01  0.2620E+03
     10.559  0.3161E+00  0.2620E+03
     10.582  0.7421E+00  0.2620E+03
     10.604  0.1347E+01  0.2620E+03
     10.626  0.2132E+01  0.2621E+03
     10.648  0.3095E+01  0.2621E+03
     10.671  0.4237E+01  0.2622E+03
     10.693  0.5559E+01  0.2623E+03
     10.715  0.7060E+01  0.2625E+03
     10.738  0.1043E+02  0.2627E+03
     10.760  0.1899E+02  0.2630E+03
     10.782  0.3124E+02  0.2636E+03
     10.805  0.6952E+01  0.2639E+03
     10.827  0.3018E+00  0.2640E+03
     10.849  0.6727E-04  0.2640E+03
     10.871  0.1919E-02  0.2640E+03
     10.894  0.6306E-02  0.2640E+03
     10.916  0.1323E-01  0.2640E+03
     10.938  0.2269E-01  0.2640E+03
     10.961  0.3468E-01  0.2640E+03
     10.983  0.4921E-01  0.2640E+03
     11.005  0.6628E-01  0.2640E+03
     11.028  0.8588E-01  0.2640E+03
     11.050  0.1080E+00  0.2640E+03
     11.072  0.1327E+00  0.2640E+03
     11.094  0.1599E+00  0.2640E+03
     11.117  0.1896E+00  0.2640E+03
     11.139  0.2219E+00  0.2640E+03
     11.161  0.2567E+00  0.2640E+03
     11.184  0.2941E+00  0.2640E+03
     11.206  0.3340E+00  0.2640E+03
     11.228  0.3764E+00  0.2640E+03
     11.251  0.4213E+00  0.2641E+03
     11.273  0.4688E+00  0.2641E+03
     11.295  0.5189E+00  0.2641E+03
     11.317  0.5714E+00  0.2641E+03
     11.340  0.6265E+00  0.2641E+03
     11.362  0.6842E+00  0.2641E+03
     11.384  0.7443E+00  0.2641E+03
     11.407  0.8070E+00  0.2642E+03
     11.429  0.8723E+00  0.2642E+03
     11.451  0.9400E+00  0.2642E+03
     11.474  0.1010E+01  0.2642E+03
     11.496  0.1083E+01  0.2642E+03
     11.518  0.1159E+01  0.2643E+03
     11.540  0.1237E+01  0.2643E+03
     11.563  0.1317E+01  0.2643E+03
     11.585  0.1400E+01  0.2643E+03
     11.607  0.1487E+01  0.2644E+03
     11.630  0.1581E+01  0.2644E+03
     11.652  0.1681E+01  0.2644E+03
     11.674  0.1791E+01  0.2645E+03
     11.697  0.1907E+01  0.2645E+03
     11.719  0.2015E+01  0.2646E+03
     11.741  0.2115E+01  0.2646E+03
     11.763  0.2206E+01  0.2647E+03
     11.786  0.2330E+01  0.2647E+03
     11.808  0.2542E+01  0.2648E+03
     11.830  0.2809E+01  0.2648E+03
     11.853  0.3073E+01  0.2649E+03
     11.875  0.3321E+01  0.2650E+03
     11.897  0.3552E+01  0.2650E+03
     11.920  0.3767E+01  0.2651E+03
     11.942  0.3965E+01  0.2652E+03
     11.964  0.4146E+01  0.2653E+03
     11.986  0.4311E+01  0.2654E+03
     12.009  0.4459E+01  0.2655E+03
     12.031  0.4591E+01  0.2656E+03
     12.053  0.4707E+01  0.2657E+03
     12.076  0.4805E+01  0.2658E+03
     12.098  0.4888E+01  0.2659E+03
     12.120  0.4953E+01  0.2660E+03
     12.143  0.5002E+01  0.2661E+03
     12.165  0.5035E+01  0.2662E+03
     12.187  0.5051E+01  0.2664E+03
     12.209  0.5050E+01  0.2665E+03
     12.232  0.4980E+01  0.2666E+03
     12.254  0.4812E+01  0.2667E+03
     12.276  0.4501E+01  0.2668E+03
     12.299  0.4096E+01  0.2669E+03
     12.321  0.3759E+01  0.2670E+03
     12.343  0.3488E+01  0.2671E+03
     12.366  0.3284E+01  0.2671E+03
     12.388  0.3147E+01  0.2672E+03
     12.410  0.3077E+01  0.2673E+03
     12.432  0.3062E+01  0.2673E+03
     12.455  0.2999E+01  0.2674E+03
     12.477  0.2782E+01  0.2675E+03
     12.499  0.2507E+01  0.2675E+03
     12.522  0.2253E+01  0.2676E+03
     12.544  0.2019E+01  0.2676E+03
     12.566  0.1804E+01  0.2677E+03
     12.589  0.1847E+01  0.2677E+03
     12.611  0.2053E+01  0.2678E+03
     12.633  0.2247E+01  0.2678E+03
     12.655  0.2466E+01  0.2679E+03
     12.678  0.2786E+01  0.2679E+03
     12.700  0.3165E+01  0.2680E+03
     12.722  0.3544E+01  0.2681E+03
     12.745  0.3867E+01  0.2681E+03
     12.767  0.4134E+01  0.2682E+03
     12.789  0.4344E+01  0.2683E+03
     12.811  0.4499E+01  0.2684E+03
     12.834  0.4614E+01  0.2685E+03
     12.856  0.4700E+01  0.2686E+03
     12.878  0.4757E+01  0.2687E+03
     12.901  0.4792E+01  0.2688E+03
     12.923  0.4822E+01  0.2690E+03
     12.945  0.4846E+01  0.2691E+03
     12.968  0.4869E+01  0.2692E+03
     12.990  0.4893E+01  0.2693E+03
     13.012  0.4918E+01  0.2694E+03
     13.034  0.4944E+01  0.2695E+03
     13.057  0.4972E+01  0.2696E+03
     13.079  0.5004E+01  0.2697E+03
     13.101  0.5043E+01  0.2698E+03
     13.124  0.5089E+01  0.2699E+03
     13.146  0.5144E+01  0.2701E+03
     13.168  0.5206E+01  0.2702E+03
     13.191  0.5273E+01  0.2703E+03
     13.213  0.5344E+01  0.2704E+03
     13.235  0.5423E+01  0.2705E+03
     13.257  0.5508E+01  0.2707E+03
     13.280  0.5601E+01  0.2708E+03
     13.302  0.5701E+01  0.2709E+03
     13.324  0.5808E+01  0.2710E+03
     13.347  0.5922E+01  0.2712E+03
     13.369  0.6044E+01  0.2713E+03
     13.391  0.6172E+01  0.2714E+03
     13.414  0.6308E+01  0.2716E+03
     13.436  0.6016E+01  0.2717E+03
     13.458  0.5120E+01  0.2718E+03
     13.480  0.5236E+01  0.2719E+03
     13.503  0.5537E+01  0.2721E+03
     13.525  0.5851E+01  0.2722E+03
     13.547  0.6182E+01  0.2723E+03
     13.570  0.6530E+01  0.2725E+03
     13.592  0.6894E+01  0.2726E+03
     13.614  0.7271E+01  0.2728E+03
     13.637  0.7659E+01  0.2729E+03
     13.659  0.8060E+01  0.2731E+03
     13.681  0.8473E+01  0.2733E+03
     13.703  0.8898E+01  0.2735E+03
     13.726  0.9349E+01  0.2737E+03
     13.748  0.9762E+01  0.2739E+03
     13.770  0.1006E+02  0.2741E+03
     13.793  0.1023E+02  0.2744E+03
     13.815  0.1033E+02  0.2746E+03
     13.837  0.1045E+02  0.2748E+03
     13.860  0.1065E+02  0.2751E+03
     13.882  0.1100E+02  0.2753E+03
     13.904  0.1160E+02  0.2755E+03
     13.926  0.1213E+02  0.2758E+03
     13.949  0.1248E+02  0.2761E+03
     13.971  0.1266E+02  0.2764E+03
     13.993  0.1275E+02  0.2767E+03
     14.016  0.1287E+02  0.2769E+03
     14.038  0.1302E+02  0.2772E+03
     14.060  0.1327E+02  0.2775E+03
     14.083  0.1360E+02  0.2778E+03
     14.105  0.1406E+02  0.2781E+03
     14.127  0.1455E+02  0.2784E+03
     14.149  0.1556E+02  0.2788E+03
     14.172  0.1693E+02  0.2791E+03
     14.194  0.1834E+02  0.2795E+03
     14.216  0.2112E+02  0.2800E+03
     14.239  0.2403E+02  0.2805E+03
     14.261  0.2629E+02  0.2810E+03
     14.283  0.2770E+02  0.2816E+03
     14.306  0.2840E+02  0.2823E+03
     14.328  0.2814E+02  0.2829E+03
     14.350  0.2784E+02  0.2835E+03
     14.372  0.2505E+02  0.2841E+03
     14.395  0.2167E+02  0.2846E+03
     14.417  0.1832E+02  0.2851E+03
     14.439  0.1811E+02  0.2855E+03
     14.462  0.1326E+02  0.2858E+03
     14.484  0.1145E+02  0.2861E+03
     14.506  0.1097E+02  0.2864E+03
     14.529  0.1092E+02  0.2866E+03
     14.551  0.1108E+02  0.2869E+03
     14.573  0.1133E+02  0.2871E+03
     14.595  0.1168E+02  0.2874E+03
     14.618  0.1211E+02  0.2876E+03
     14.640  0.1255E+02  0.2879E+03
     14.662  0.1312E+02  0.2882E+03
     14.685  0.1380E+02  0.2885E+03
     14.707  0.1448E+02  0.2888E+03
     14.729  0.1518E+02  0.2891E+03
     14.752  0.1587E+02  0.2895E+03
     14.774  0.1655E+02  0.2898E+03
     14.796  0.1720E+02  0.2902E+03
     14.818  0.1777E+02  0.2906E+03
     14.841  0.1825E+02  0.2910E+03
     14.863  0.1864E+02  0.2914E+03
     14.885  0.1895E+02  0.2918E+03
     14.908  0.1918E+02  0.2923E+03
     14.930  0.1933E+02  0.2927E+03
     14.952  0.1939E+02  0.2931E+03
     14.975  0.1935E+02  0.2936E+03
     14.997  0.1921E+02  0.2940E+03
     15.019  0.1896E+02  0.2944E+03
     15.041  0.1860E+02  0.2948E+03
     15.064  0.1819E+02  0.2952E+03
     15.086  0.1773E+02  0.2956E+03
     15.108  0.1720E+02  0.2960E+03
     15.131  0.1659E+02  0.2964E+03
     15.153  0.1591E+02  0.2968E+03
     15.175  0.1517E+02  0.2971E+03
     15.197  0.1436E+02  0.2974E+03
     15.220  0.1348E+02  0.2978E+03
     15.242  0.1266E+02  0.2981E+03
     15.264  0.1170E+02  0.2983E+03
     15.287  0.1074E+02  0.2986E+03
     15.309  0.9945E+01  0.2988E+03
     15.331  0.1092E+02  0.2990E+03
     15.354  0.1309E+02  0.2993E+03
     15.376  0.1429E+02  0.2996E+03
     15.398  0.1493E+02  0.2999E+03
     15.420  0.1588E+02  0.3003E+03
     15.443  0.1865E+02  0.3007E+03
     15.465  0.2181E+02  0.3011E+03
     15.487  0.2533E+02  0.3016E+03
     15.510  0.2940E+02  0.3022E+03
     15.532  0.3197E+02  0.3029E+03
     15.554  0.3506E+02  0.3037E+03
     15.577  0.3598E+02  0.3045E+03
     15.599  0.3705E+02  0.3053E+03
     15.621  0.3322E+02  0.3061E+03
     15.643  0.3117E+02  0.3068E+03
     15.666  0.3140E+02  0.3075E+03
     15.688  0.2926E+02  0.3082E+03
     15.710  0.2595E+02  0.3088E+03
     15.733  0.2271E+02  0.3093E+03
     15.755  0.2453E+02  0.3098E+03
     15.777  0.2325E+02  0.3104E+03
     15.800  0.2193E+02  0.3109E+03
     15.822  0.2164E+02  0.3114E+03
     15.844  0.2257E+02  0.3118E+03
     15.866  0.2503E+02  0.3124E+03
     15.889  0.2476E+02  0.3129E+03
     15.911  0.1970E+02  0.3134E+03
     15.933  0.1814E+02  0.3138E+03
     15.956  0.2150E+02  0.3143E+03
     15.978  0.2999E+02  0.3148E+03
     16.000  0.2082E+02  0.3155E+03
     16.023  0.1545E+02  0.3159E+03
     16.045  0.2142E+02  0.3162E+03
     16.067  0.2093E+02  0.3167E+03
     16.089  0.2056E+02  0.3172E+03
     16.112  0.1988E+02  0.3177E+03
     16.134  0.1996E+02  0.3181E+03
     16.156  0.2248E+02  0.3186E+03
     16.179  0.2560E+02  0.3191E+03
     16.201  0.1964E+02  0.3196E+03
     16.223  0.1619E+02  0.3200E+03
     16.246  0.1764E+02  0.3204E+03
     16.268  0.1901E+02  0.3208E+03
     16.290  0.1975E+02  0.3212E+03
     16.312  0.1982E+02  0.3217E+03
     16.335  0.1909E+02  0.3221E+03
     16.357  0.1747E+02  0.3225E+03
     16.379  0.1678E+02  0.3229E+03
     16.402  0.1808E+02  0.3233E+03
     16.424  0.1984E+02  0.3237E+03
     16.446  0.2165E+02  0.3242E+03
     16.469  0.2305E+02  0.3247E+03
     16.491  0.2395E+02  0.3252E+03
     16.513  0.2505E+02  0.3258E+03
     16.535  0.2582E+02  0.3263E+03
     16.558  0.2493E+02  0.3269E+03
     16.580  0.2380E+02  0.3274E+03
     16.602  0.2331E+02  0.3280E+03
     16.625  0.2355E+02  0.3285E+03
     16.647  0.2366E+02  0.3290E+03
     16.669  0.2313E+02  0.3295E+03
     16.692  0.2216E+02  0.3300E+03
     16.714  0.2111E+02  0.3305E+03
     16.736  0.1998E+02  0.3310E+03
     16.758  0.1885E+02  0.3314E+03
     16.781  0.1798E+02  0.3318E+03
     16.803  0.1719E+02  0.3322E+03
     16.825  0.1638E+02  0.3326E+03
     16.848  0.1559E+02  0.3329E+03
     16.870  0.1492E+02  0.3333E+03
     16.892  0.1422E+02  0.3336E+03
     16.915  0.1328E+02  0.3339E+03
     16.937  0.1232E+02  0.3342E+03
     16.959  0.1123E+02  0.3345E+03
     16.981  0.1000E+02  0.3347E+03
     17.004  0.8824E+01  0.3349E+03
     17.026  0.7829E+01  0.3351E+03
     17.048  0.6977E+01  0.3353E+03
     17.071  0.6098E+01  0.3354E+03
     17.093  0.5147E+01  0.3355E+03
     17.115  0.4263E+01  0.3356E+03
     17.138  0.3445E+01  0.3357E+03
     17.160  0.2721E+01  0.3358E+03
     17.182  0.2112E+01  0.3358E+03
     17.204  0.1617E+01  0.3359E+03
     17.227  0.1237E+01  0.3359E+03
     17.249  0.9650E+00  0.3359E+03
     17.271  0.7423E+00  0.3360E+03
     17.294  0.5489E+00  0.3360E+03
     17.316  0.3846E+00  0.3360E+03
     17.338  0.2494E+00  0.3360E+03
     17.361  0.1434E+00  0.3360E+03
     17.383  0.6653E-01  0.3360E+03
     17.405  0.1882E-01  0.3360E+03
     17.427  0.2710E-03  0.3360E+03
     17.450  0.0000E+00  0.3360E+03
     17.472  0.0000E+00  0.3360E+03
     17.494  0.0000E+00  0.3360E+03
     17.517  0.0000E+00  0.3360E+03
     17.539  0.0000E+00  0.3360E+03
     17.561  0.0000E+00  0.3360E+03
     17.584  0.0000E+00  0.3360E+03
     17.606  0.0000E+00  0.3360E+03
     17.628  0.0000E+00  0.3360E+03
     17.650  0.0000E+00  0.3360E+03
     17.673  0.0000E+00  0.3360E+03
     17.695  0.0000E+00  0.3360E+03
     17.717  0.0000E+00  0.3360E+03
     17.740  0.0000E+00  0.3360E+03
     17.762  0.0000E+00  0.3360E+03
     17.784  0.0000E+00  0.3360E+03
     17.806  0.0000E+00  0.3360E+03
     17.829  0.0000E+00  0.3360E+03
     17.851  0.0000E+00  0.3360E+03
     17.873  0.0000E+00  0.3360E+03
     17.896  0.0000E+00  0.3360E+03
     17.918  0.0000E+00  0.3360E+03
     17.940  0.0000E+00  0.3360E+03
     17.963  0.0000E+00  0.3360E+03
     17.985  0.0000E+00  0.3360E+03
     18.007  0.0000E+00  0.3360E+03
     18.029  0.0000E+00  0.3360E+03
     18.052  0.0000E+00  0.3360E+03
     18.074  0.0000E+00  0.3360E+03
     18.096  0.0000E+00  0.3360E+03
     18.119  0.0000E+00  0.3360E+03
     18.141  0.0000E+00  0.3360E+03
     18.163  0.0000E+00  0.3360E+03
     18.186  0.0000E+00  0.3360E+03
     18.208  0.0000E+00  0.3360E+03
     18.230  0.0000E+00  0.3360E+03
     18.252  0.0000E+00  0.3360E+03
     18.275  0.0000E+00  0.3360E+03
     18.297  0.0000E+00  0.3360E+03
     18.319  0.0000E+00  0.3360E+03
     18.342  0.0000E+00  0.3360E+03
     18.364  0.0000E+00  0.3360E+03
     18.386  0.0000E+00  0.3360E+03
     18.409  0.0000E+00  0.3360E+03
     18.431  0.0000E+00  0.3360E+03
     18.453  0.0000E+00  0.3360E+03
     18.475  0.0000E+00  0.3360E+03
     18.498  0.0000E+00  0.3360E+03
     18.520  0.0000E+00  0.3360E+03
     18.542  0.0000E+00  0.3360E+03
     18.565  0.0000E+00  0.3360E+03
     18.587  0.0000E+00  0.3360E+03
     18.609  0.0000E+00  0.3360E+03
     18.632  0.0000E+00  0.3360E+03
     18.654  0.0000E+00  0.3360E+03
     18.676  0.0000E+00  0.3360E+03
     18.698  0.0000E+00  0.3360E+03
     18.721  0.0000E+00  0.3360E+03
     18.743  0.0000E+00  0.3360E+03
     18.765  0.0000E+00  0.3360E+03
     18.788  0.0000E+00  0.3360E+03
     18.810  0.0000E+00  0.3360E+03
     18.832  0.0000E+00  0.3360E+03
     18.855  0.0000E+00  0.3360E+03
     18.877  0.0000E+00  0.3360E+03
     18.899  0.0000E+00  0.3360E+03
     18.921  0.0000E+00  0.3360E+03
     18.944  0.0000E+00  0.3360E+03
     18.966  0.0000E+00  0.3360E+03
     18.988  0.0000E+00  0.3360E+03
     19.011  0.0000E+00  0.3360E+03
     19.033  0.0000E+00  0.3360E+03
     19.055  0.0000E+00  0.3360E+03
     19.078  0.0000E+00  0.3360E+03
     19.100  0.0000E+00  0.3360E+03
     19.122  0.0000E+00  0.3360E+03
     19.144  0.0000E+00  0.3360E+03
     19.167  0.0000E+00  0.3360E+03
     19.189  0.0000E+00  0.3360E+03
     19.211  0.0000E+00  0.3360E+03
     19.234  0.0000E+00  0.3360E+03
     19.256  0.0000E+00  0.3360E+03
     19.278  0.0000E+00  0.3360E+03
     19.301  0.0000E+00  0.3360E+03
     19.323  0.0000E+00  0.3360E+03
     19.345  0.0000E+00  0.3360E+03
     19.367  0.0000E+00  0.3360E+03
     19.390  0.0000E+00  0.3360E+03
     19.412  0.0000E+00  0.3360E+03
     19.434  0.0000E+00  0.3360E+03
     19.457  0.0000E+00  0.3360E+03



