 Energy DOS Integrated_DOS
    -16.924  0.0000E+00  0.0000E+00
    -16.906  0.0000E+00  0.0000E+00
    -16.887  0.0000E+00  0.0000E+00
    -16.869  0.0000E+00  0.0000E+00
    -16.851  0.0000E+00  0.0000E+00
    -16.832  0.0000E+00  0.0000E+00
    -16.814  0.0000E+00  0.0000E+00
    -16.795  0.0000E+00  0.0000E+00
    -16.777  0.0000E+00  0.0000E+00
    -16.759  0.0000E+00  0.0000E+00
    -16.740  0.0000E+00  0.0000E+00
    -16.722  0.0000E+00  0.0000E+00
    -16.703  0.0000E+00  0.0000E+00
    -16.685  0.0000E+00  0.0000E+00
    -16.667  0.0000E+00  0.0000E+00
    -16.648  0.0000E+00  0.0000E+00
    -16.630  0.0000E+00  0.0000E+00
    -16.611  0.0000E+00  0.0000E+00
    -16.593  0.0000E+00  0.0000E+00
    -16.574  0.0000E+00  0.0000E+00
    -16.556  0.0000E+00  0.0000E+00
    -16.538  0.0000E+00  0.0000E+00
    -16.519  0.0000E+00  0.0000E+00
    -16.501  0.0000E+00  0.0000E+00
    -16.482  0.0000E+00  0.0000E+00
    -16.464  0.0000E+00  0.0000E+00
    -16.446  0.0000E+00  0.0000E+00
    -16.427  0.0000E+00  0.0000E+00
    -16.409  0.0000E+00  0.0000E+00
    -16.390  0.0000E+00  0.0000E+00
    -16.372  0.0000E+00  0.0000E+00
    -16.354  0.0000E+00  0.0000E+00
    -16.335  0.0000E+00  0.0000E+00
    -16.317  0.0000E+00  0.0000E+00
    -16.298  0.0000E+00  0.0000E+00
    -16.280  0.0000E+00  0.0000E+00
    -16.261  0.0000E+00  0.0000E+00
    -16.243  0.0000E+00  0.0000E+00
    -16.225  0.0000E+00  0.0000E+00
    -16.206  0.0000E+00  0.0000E+00
    -16.188  0.0000E+00  0.0000E+00
    -16.169  0.0000E+00  0.0000E+00
    -16.151  0.0000E+00  0.0000E+00
    -16.133  0.0000E+00  0.0000E+00
    -16.114  0.0000E+00  0.0000E+00
    -16.096  0.0000E+00  0.0000E+00
    -16.077  0.0000E+00  0.0000E+00
    -16.059  0.0000E+00  0.0000E+00
    -16.041  0.0000E+00  0.0000E+00
    -16.022  0.0000E+00  0.0000E+00
    -16.004  0.0000E+00  0.0000E+00
    -15.985  0.0000E+00  0.0000E+00
    -15.967  0.0000E+00  0.0000E+00
    -15.948  0.0000E+00  0.0000E+00
    -15.930  0.0000E+00  0.0000E+00
    -15.912  0.0000E+00  0.0000E+00
    -15.893  0.0000E+00  0.0000E+00
    -15.875  0.0000E+00  0.0000E+00
    -15.856  0.0000E+00  0.0000E+00
    -15.838  0.0000E+00  0.0000E+00
    -15.820  0.0000E+00  0.0000E+00
    -15.801  0.0000E+00  0.0000E+00
    -15.783  0.0000E+00  0.0000E+00
    -15.764  0.0000E+00  0.0000E+00
    -15.746  0.0000E+00  0.0000E+00
    -15.728  0.0000E+00  0.0000E+00
    -15.709  0.0000E+00  0.0000E+00
    -15.691  0.0000E+00  0.0000E+00
    -15.672  0.0000E+00  0.0000E+00
    -15.654  0.0000E+00  0.0000E+00
    -15.635  0.0000E+00  0.0000E+00
    -15.617  0.0000E+00  0.0000E+00
    -15.599  0.0000E+00  0.0000E+00
    -15.580  0.0000E+00  0.0000E+00
    -15.562  0.0000E+00  0.0000E+00
    -15.543  0.0000E+00  0.0000E+00
    -15.525  0.0000E+00  0.0000E+00
    -15.507  0.0000E+00  0.0000E+00
    -15.488  0.0000E+00  0.0000E+00
    -15.470  0.0000E+00  0.0000E+00
    -15.451  0.0000E+00  0.0000E+00
    -15.433  0.0000E+00  0.0000E+00
    -15.415  0.0000E+00  0.0000E+00
    -15.396  0.0000E+00  0.0000E+00
    -15.378  0.0000E+00  0.0000E+00
    -15.359  0.0000E+00  0.0000E+00
    -15.341  0.0000E+00  0.0000E+00
    -15.322  0.0000E+00  0.0000E+00
    -15.304  0.0000E+00  0.0000E+00
    -15.286  0.0000E+00  0.0000E+00
    -15.267  0.0000E+00  0.0000E+00
    -15.249  0.7136E-03  0.5973E-06
    -15.230  0.4956E-01  0.3456E-03
    -15.212  0.1752E+00  0.2297E-02
    -15.194  0.3775E+00  0.7267E-02
    -15.175  0.6566E+00  0.1667E-01
    -15.157  0.1013E+01  0.3192E-01
    -15.138  0.1445E+01  0.5443E-01
    -15.120  0.1955E+01  0.8561E-01
    -15.102  0.2541E+01  0.1269E+00
    -15.083  0.3204E+01  0.1796E+00
    -15.065  0.3943E+01  0.2453E+00
    -15.046  0.4760E+01  0.3253E+00
    -15.028  0.5693E+01  0.4214E+00
    -15.009  0.6506E+01  0.5340E+00
    -14.991  0.7782E+01  0.6614E+00
    -14.973  0.1038E+02  0.8295E+00
    -14.954  0.1246E+02  0.1041E+01
    -14.936  0.1402E+02  0.1285E+01
    -14.917  0.1505E+02  0.1554E+01
    -14.899  0.1556E+02  0.1836E+01
    -14.881  0.1555E+02  0.2124E+01
    -14.862  0.1502E+02  0.2406E+01
    -14.844  0.1394E+02  0.2673E+01
    -14.825  0.1246E+02  0.2917E+01
    -14.807  0.1066E+02  0.3130E+01
    -14.789  0.8980E+01  0.3310E+01
    -14.770  0.8976E+01  0.3475E+01
    -14.752  0.9622E+01  0.3644E+01
    -14.733  0.1072E+02  0.3831E+01
    -14.715  0.1174E+02  0.4038E+01
    -14.696  0.1268E+02  0.4263E+01
    -14.678  0.1353E+02  0.4505E+01
    -14.660  0.1428E+02  0.4761E+01
    -14.641  0.1487E+02  0.5030E+01
    -14.623  0.1532E+02  0.5308E+01
    -14.604  0.1563E+02  0.5593E+01
    -14.586  0.1578E+02  0.5882E+01
    -14.568  0.1589E+02  0.6174E+01
    -14.549  0.1602E+02  0.6468E+01
    -14.531  0.1619E+02  0.6764E+01
    -14.512  0.1642E+02  0.7064E+01
    -14.494  0.1660E+02  0.7368E+01
    -14.475  0.1665E+02  0.7674E+01
    -14.457  0.1660E+02  0.7981E+01
    -14.439  0.1645E+02  0.8285E+01
    -14.420  0.1634E+02  0.8586E+01
    -14.402  0.1822E+02  0.8904E+01
    -14.383  0.2220E+02  0.9270E+01
    -14.365  0.3015E+02  0.9746E+01
    -14.347  0.4582E+02  0.1042E+02
    -14.328  0.4380E+02  0.1132E+02
    -14.310  0.2368E+02  0.1186E+02
    -14.291  0.3161E+02  0.1237E+02
    -14.273  0.2910E+02  0.1295E+02
    -14.255  0.1545E+02  0.1336E+02
    -14.236  0.4538E+02  0.1422E+02
    -14.218  0.1739E+02  0.1477E+02
    -14.199  0.3674E+02  0.1526E+02
    -14.181  0.3431E+02  0.1597E+02
    -14.162  0.1639E+02  0.1639E+02
    -14.144  0.1740E+02  0.1670E+02
    -14.126  0.1635E+02  0.1701E+02
    -14.107  0.1964E+02  0.1728E+02
    -14.089  0.7906E+02  0.1916E+02
    -14.070  0.3429E+02  0.1993E+02
    -14.052  0.2960E+02  0.2050E+02
    -14.034  0.4011E+02  0.2115E+02
    -14.015  0.4212E+02  0.2192E+02
    -13.997  0.3561E+02  0.2265E+02
    -13.978  0.2321E+02  0.2319E+02
    -13.960  0.1434E+02  0.2353E+02
    -13.942  0.8894E+01  0.2374E+02
    -13.923  0.3611E+02  0.2404E+02
    -13.905  0.5605E+02  0.2505E+02
    -13.886  0.3190E+02  0.2576E+02
    -13.868  0.4893E+02  0.2643E+02
    -13.849  0.8677E+02  0.2773E+02
    -13.831  0.7967E+02  0.2928E+02
    -13.813  0.7383E+02  0.3070E+02
    -13.794  0.9187E+02  0.3213E+02
    -13.776  0.7363E+02  0.3357E+02
    -13.757  0.7329E+02  0.3492E+02
    -13.739  0.7449E+02  0.3629E+02
    -13.721  0.6770E+02  0.3757E+02
    -13.702  0.1484E+03  0.3911E+02
    -13.684  0.3550E+02  0.4056E+02
    -13.665  0.1000E+03  0.4165E+02
    -13.647  0.6989E+02  0.4416E+02
    -13.629  0.4610E+02  0.4466E+02
    -13.610  0.5784E+02  0.4571E+02
    -13.592  0.4916E+02  0.4666E+02
    -13.573  0.1086E+03  0.4826E+02
    -13.555  0.8568E+02  0.5018E+02
    -13.536  0.4900E+02  0.5140E+02
    -13.518  0.1150E+03  0.5215E+02
    -13.500  0.4513E+01  0.5400E+02
    -13.481  0.0000E+00  0.5400E+02
    -13.463  0.0000E+00  0.5400E+02
    -13.444  0.2443E+00  0.5400E+02
    -13.426  0.5270E+02  0.5456E+02
    -13.408  0.4550E+02  0.5552E+02
    -13.389  0.3645E+02  0.5623E+02
    -13.371  0.6233E+02  0.5708E+02
    -13.352  0.1575E+01  0.5800E+02
    -13.334  0.0000E+00  0.5800E+02
    -13.316  0.0000E+00  0.5800E+02
    -13.297  0.5921E+02  0.5834E+02
    -13.279  0.5918E+02  0.5987E+02
    -13.260  0.7850E+02  0.6113E+02
    -13.242  0.3119E+01  0.6200E+02
    -13.223  0.2421E+01  0.6201E+02
    -13.205  0.2173E+02  0.6220E+02
    -13.187  0.1578E+03  0.6324E+02
    -13.168  0.2901E+01  0.6400E+02
    -13.150  0.0000E+00  0.6400E+02
    -13.131  0.0000E+00  0.6400E+02
    -13.113  0.0000E+00  0.6400E+02
    -13.095  0.0000E+00  0.6400E+02
    -13.076  0.0000E+00  0.6400E+02
    -13.058  0.0000E+00  0.6400E+02
    -13.039  0.0000E+00  0.6400E+02
    -13.021  0.0000E+00  0.6400E+02
    -13.003  0.0000E+00  0.6400E+02
    -12.984  0.0000E+00  0.6400E+02
    -12.966  0.0000E+00  0.6400E+02
    -12.947  0.0000E+00  0.6400E+02
    -12.929  0.0000E+00  0.6400E+02
    -12.910  0.0000E+00  0.6400E+02
    -12.892  0.0000E+00  0.6400E+02
    -12.874  0.0000E+00  0.6400E+02
    -12.855  0.0000E+00  0.6400E+02
    -12.837  0.0000E+00  0.6400E+02
    -12.818  0.0000E+00  0.6400E+02
    -12.800  0.0000E+00  0.6400E+02
    -12.782  0.0000E+00  0.6400E+02
    -12.763  0.0000E+00  0.6400E+02
    -12.745  0.0000E+00  0.6400E+02
    -12.726  0.0000E+00  0.6400E+02
    -12.708  0.0000E+00  0.6400E+02
    -12.690  0.0000E+00  0.6400E+02
    -12.671  0.0000E+00  0.6400E+02
    -12.653  0.0000E+00  0.6400E+02
    -12.634  0.0000E+00  0.6400E+02
    -12.616  0.0000E+00  0.6400E+02
    -12.597  0.0000E+00  0.6400E+02
    -12.579  0.0000E+00  0.6400E+02
    -12.561  0.0000E+00  0.6400E+02
    -12.542  0.0000E+00  0.6400E+02
    -12.524  0.0000E+00  0.6400E+02
    -12.505  0.0000E+00  0.6400E+02
    -12.487  0.0000E+00  0.6400E+02
    -12.469  0.0000E+00  0.6400E+02
    -12.450  0.0000E+00  0.6400E+02
    -12.432  0.0000E+00  0.6400E+02
    -12.413  0.0000E+00  0.6400E+02
    -12.395  0.0000E+00  0.6400E+02
    -12.377  0.0000E+00  0.6400E+02
    -12.358  0.0000E+00  0.6400E+02
    -12.340  0.0000E+00  0.6400E+02
    -12.321  0.0000E+00  0.6400E+02
    -12.303  0.0000E+00  0.6400E+02
    -12.284  0.0000E+00  0.6400E+02
    -12.266  0.0000E+00  0.6400E+02
    -12.248  0.0000E+00  0.6400E+02
    -12.229  0.0000E+00  0.6400E+02
    -12.211  0.0000E+00  0.6400E+02
    -12.192  0.0000E+00  0.6400E+02
    -12.174  0.0000E+00  0.6400E+02
    -12.156  0.0000E+00  0.6400E+02
    -12.137  0.0000E+00  0.6400E+02
    -12.119  0.0000E+00  0.6400E+02
    -12.100  0.0000E+00  0.6400E+02
    -12.082  0.0000E+00  0.6400E+02
    -12.063  0.0000E+00  0.6400E+02
    -12.045  0.0000E+00  0.6400E+02
    -12.027  0.0000E+00  0.6400E+02
    -12.008  0.0000E+00  0.6400E+02
    -11.990  0.0000E+00  0.6400E+02
    -11.971  0.0000E+00  0.6400E+02
    -11.953  0.0000E+00  0.6400E+02
    -11.935  0.0000E+00  0.6400E+02
    -11.916  0.0000E+00  0.6400E+02
    -11.898  0.0000E+00  0.6400E+02
    -11.879  0.0000E+00  0.6400E+02
    -11.861  0.0000E+00  0.6400E+02
    -11.843  0.0000E+00  0.6400E+02
    -11.824  0.0000E+00  0.6400E+02
    -11.806  0.0000E+00  0.6400E+02
    -11.787  0.0000E+00  0.6400E+02
    -11.769  0.0000E+00  0.6400E+02
    -11.750  0.0000E+00  0.6400E+02
    -11.732  0.0000E+00  0.6400E+02
    -11.714  0.0000E+00  0.6400E+02
    -11.695  0.0000E+00  0.6600E+02
    -11.677  0.0000E+00  0.6600E+02
    -11.658  0.0000E+00  0.6600E+02
    -11.640  0.0000E+00  0.6600E+02
    -11.622  0.0000E+00  0.6600E+02
    -11.603  0.0000E+00  0.6600E+02
    -11.585  0.0000E+00  0.6600E+02
    -11.566  0.0000E+00  0.6600E+02
    -11.548  0.0000E+00  0.6600E+02
    -11.530  0.0000E+00  0.6600E+02
    -11.511  0.0000E+00  0.6600E+02
    -11.493  0.0000E+00  0.6600E+02
    -11.474  0.0000E+00  0.6600E+02
    -11.456  0.0000E+00  0.6600E+02
    -11.437  0.0000E+00  0.6600E+02
    -11.419  0.0000E+00  0.6600E+02
    -11.401  0.0000E+00  0.6600E+02
    -11.382  0.0000E+00  0.6600E+02
    -11.364  0.0000E+00  0.6600E+02
    -11.345  0.0000E+00  0.6600E+02
    -11.327  0.0000E+00  0.6600E+02
    -11.309  0.0000E+00  0.6600E+02
    -11.290  0.0000E+00  0.6600E+02
    -11.272  0.0000E+00  0.6600E+02
    -11.253  0.0000E+00  0.6600E+02
    -11.235  0.0000E+00  0.6600E+02
    -11.217  0.0000E+00  0.6600E+02
    -11.198  0.0000E+00  0.6600E+02
    -11.180  0.0000E+00  0.6600E+02
    -11.161  0.0000E+00  0.6600E+02
    -11.143  0.0000E+00  0.6600E+02
    -11.124  0.0000E+00  0.6600E+02
    -11.106  0.0000E+00  0.6600E+02
    -11.088  0.0000E+00  0.6600E+02
    -11.069  0.0000E+00  0.6600E+02
    -11.051  0.0000E+00  0.6600E+02
    -11.032  0.0000E+00  0.6600E+02
    -11.014  0.0000E+00  0.6600E+02
    -10.996  0.0000E+00  0.6600E+02
    -10.977  0.0000E+00  0.6600E+02
    -10.959  0.0000E+00  0.6600E+02
    -10.940  0.0000E+00  0.6600E+02
    -10.922  0.0000E+00  0.6600E+02
    -10.904  0.0000E+00  0.6600E+02
    -10.885  0.0000E+00  0.6600E+02
    -10.867  0.0000E+00  0.6600E+02
    -10.848  0.0000E+00  0.6600E+02
    -10.830  0.0000E+00  0.6600E+02
    -10.811  0.0000E+00  0.6600E+02
    -10.793  0.0000E+00  0.6600E+02
    -10.775  0.0000E+00  0.6600E+02
    -10.756  0.0000E+00  0.6600E+02
    -10.738  0.0000E+00  0.6600E+02
    -10.719  0.0000E+00  0.6600E+02
    -10.701  0.0000E+00  0.6600E+02
    -10.683  0.0000E+00  0.6600E+02
    -10.664  0.0000E+00  0.6600E+02
    -10.646  0.0000E+00  0.6600E+02
    -10.627  0.0000E+00  0.6600E+02
    -10.609  0.0000E+00  0.6600E+02
    -10.591  0.0000E+00  0.6600E+02
    -10.572  0.0000E+00  0.6600E+02
    -10.554  0.0000E+00  0.6600E+02
    -10.535  0.0000E+00  0.6600E+02
    -10.517  0.0000E+00  0.6600E+02
    -10.498  0.0000E+00  0.6600E+02
    -10.480  0.0000E+00  0.6600E+02
    -10.462  0.0000E+00  0.6600E+02
    -10.443  0.0000E+00  0.6600E+02
    -10.425  0.0000E+00  0.6600E+02
    -10.406  0.0000E+00  0.6600E+02
    -10.388  0.0000E+00  0.6600E+02
    -10.370  0.0000E+00  0.6600E+02
    -10.351  0.0000E+00  0.6600E+02
    -10.333  0.0000E+00  0.6600E+02
    -10.314  0.0000E+00  0.6600E+02
    -10.296  0.0000E+00  0.6600E+02
    -10.278  0.0000E+00  0.6600E+02
    -10.259  0.0000E+00  0.6600E+02
    -10.241  0.0000E+00  0.6600E+02
    -10.222  0.0000E+00  0.6600E+02
    -10.204  0.0000E+00  0.6600E+02
    -10.185  0.0000E+00  0.6600E+02
    -10.167  0.0000E+00  0.6600E+02
    -10.149  0.0000E+00  0.6600E+02
    -10.130  0.0000E+00  0.6600E+02
    -10.112  0.0000E+00  0.6600E+02
    -10.093  0.0000E+00  0.6600E+02
    -10.075  0.0000E+00  0.6600E+02
    -10.057  0.0000E+00  0.6600E+02
    -10.038  0.0000E+00  0.6600E+02
    -10.020  0.0000E+00  0.6600E+02
    -10.001  0.0000E+00  0.6600E+02
     -9.983  0.0000E+00  0.6600E+02
     -9.965  0.0000E+00  0.6600E+02
     -9.946  0.0000E+00  0.6600E+02
     -9.928  0.0000E+00  0.6600E+02
     -9.909  0.0000E+00  0.6600E+02
     -9.891  0.0000E+00  0.6600E+02
     -9.872  0.0000E+00  0.6600E+02
     -9.854  0.0000E+00  0.6600E+02
     -9.836  0.0000E+00  0.6600E+02
     -9.817  0.0000E+00  0.6600E+02
     -9.799  0.0000E+00  0.6600E+02
     -9.780  0.0000E+00  0.6600E+02
     -9.762  0.0000E+00  0.6600E+02
     -9.744  0.0000E+00  0.6600E+02
     -9.725  0.0000E+00  0.6600E+02
     -9.707  0.0000E+00  0.6600E+02
     -9.688  0.0000E+00  0.6600E+02
     -9.670  0.0000E+00  0.6600E+02
     -9.652  0.0000E+00  0.6600E+02
     -9.633  0.0000E+00  0.6600E+02
     -9.615  0.0000E+00  0.6600E+02
     -9.596  0.0000E+00  0.6600E+02
     -9.578  0.0000E+00  0.6600E+02
     -9.559  0.0000E+00  0.6600E+02
     -9.541  0.0000E+00  0.6600E+02
     -9.523  0.0000E+00  0.6600E+02
     -9.504  0.0000E+00  0.6600E+02
     -9.486  0.0000E+00  0.6600E+02
     -9.467  0.0000E+00  0.6600E+02
     -9.449  0.0000E+00  0.6600E+02
     -9.431  0.0000E+00  0.6600E+02
     -9.412  0.0000E+00  0.6600E+02
     -9.394  0.0000E+00  0.6600E+02
     -9.375  0.0000E+00  0.6600E+02
     -9.357  0.0000E+00  0.6600E+02
     -9.338  0.0000E+00  0.6600E+02
     -9.320  0.0000E+00  0.6600E+02
     -9.302  0.0000E+00  0.6600E+02
     -9.283  0.0000E+00  0.6600E+02
     -9.265  0.0000E+00  0.6600E+02
     -9.246  0.0000E+00  0.6600E+02
     -9.228  0.0000E+00  0.6600E+02
     -9.210  0.0000E+00  0.6600E+02
     -9.191  0.0000E+00  0.6600E+02
     -9.173  0.0000E+00  0.6600E+02
     -9.154  0.0000E+00  0.6600E+02
     -9.136  0.0000E+00  0.6600E+02
     -9.118  0.0000E+00  0.6600E+02
     -9.099  0.0000E+00  0.6600E+02
     -9.081  0.0000E+00  0.6600E+02
     -9.062  0.0000E+00  0.6600E+02
     -9.044  0.0000E+00  0.6600E+02
     -9.025  0.0000E+00  0.6600E+02
     -9.007  0.0000E+00  0.6600E+02
     -8.989  0.0000E+00  0.6600E+02
     -8.970  0.0000E+00  0.6600E+02
     -8.952  0.0000E+00  0.6600E+02
     -8.933  0.0000E+00  0.6600E+02
     -8.915  0.0000E+00  0.6600E+02
     -8.897  0.0000E+00  0.6600E+02
     -8.878  0.0000E+00  0.6600E+02
     -8.860  0.0000E+00  0.6600E+02
     -8.841  0.0000E+00  0.6600E+02
     -8.823  0.0000E+00  0.6600E+02
     -8.805  0.0000E+00  0.6600E+02
     -8.786  0.0000E+00  0.6600E+02
     -8.768  0.0000E+00  0.6600E+02
     -8.749  0.0000E+00  0.6600E+02
     -8.731  0.0000E+00  0.6600E+02
     -8.712  0.0000E+00  0.6600E+02
     -8.694  0.0000E+00  0.6600E+02
     -8.676  0.0000E+00  0.6600E+02
     -8.657  0.0000E+00  0.6600E+02
     -8.639  0.0000E+00  0.6600E+02
     -8.620  0.0000E+00  0.6600E+02
     -8.602  0.0000E+00  0.6600E+02
     -8.584  0.0000E+00  0.6600E+02
     -8.565  0.0000E+00  0.6600E+02
     -8.547  0.0000E+00  0.6600E+02
     -8.528  0.0000E+00  0.6600E+02
     -8.510  0.0000E+00  0.6600E+02
     -8.492  0.0000E+00  0.6600E+02
     -8.473  0.0000E+00  0.6600E+02
     -8.455  0.0000E+00  0.6600E+02
     -8.436  0.0000E+00  0.6600E+02
     -8.418  0.0000E+00  0.6600E+02
     -8.399  0.0000E+00  0.6600E+02
     -8.381  0.0000E+00  0.6600E+02
     -8.363  0.0000E+00  0.6600E+02
     -8.344  0.0000E+00  0.6600E+02
     -8.326  0.0000E+00  0.6600E+02
     -8.307  0.0000E+00  0.6600E+02
     -8.289  0.0000E+00  0.6600E+02
     -8.271  0.0000E+00  0.6600E+02
     -8.252  0.0000E+00  0.6600E+02
     -8.234  0.0000E+00  0.6600E+02
     -8.215  0.0000E+00  0.6600E+02
     -8.197  0.0000E+00  0.6600E+02
     -8.179  0.0000E+00  0.6600E+02
     -8.160  0.0000E+00  0.6600E+02
     -8.142  0.0000E+00  0.6600E+02
     -8.123  0.0000E+00  0.6600E+02
     -8.105  0.0000E+00  0.6600E+02
     -8.086  0.0000E+00  0.6600E+02
     -8.068  0.0000E+00  0.6600E+02
     -8.050  0.0000E+00  0.6600E+02
     -8.031  0.0000E+00  0.6600E+02
     -8.013  0.0000E+00  0.6600E+02
     -7.994  0.0000E+00  0.6600E+02
     -7.976  0.0000E+00  0.6600E+02
     -7.958  0.0000E+00  0.6600E+02
     -7.939  0.0000E+00  0.6600E+02
     -7.921  0.0000E+00  0.6600E+02
     -7.902  0.0000E+00  0.6600E+02
     -7.884  0.0000E+00  0.6600E+02
     -7.866  0.0000E+00  0.6600E+02
     -7.847  0.0000E+00  0.6600E+02
     -7.829  0.0000E+00  0.6600E+02
     -7.810  0.0000E+00  0.6600E+02
     -7.792  0.0000E+00  0.6600E+02
     -7.773  0.0000E+00  0.6600E+02
     -7.755  0.0000E+00  0.6600E+02
     -7.737  0.0000E+00  0.6600E+02
     -7.718  0.0000E+00  0.6600E+02
     -7.700  0.0000E+00  0.6600E+02
     -7.681  0.0000E+00  0.6600E+02
     -7.663  0.0000E+00  0.6600E+02
     -7.645  0.0000E+00  0.6600E+02
     -7.626  0.0000E+00  0.6600E+02
     -7.608  0.0000E+00  0.6600E+02
     -7.589  0.0000E+00  0.6600E+02
     -7.571  0.0000E+00  0.6600E+02
     -7.553  0.0000E+00  0.6600E+02
     -7.534  0.0000E+00  0.6600E+02
     -7.516  0.0000E+00  0.6600E+02
     -7.497  0.0000E+00  0.6600E+02
     -7.479  0.0000E+00  0.6600E+02
     -7.460  0.0000E+00  0.6600E+02
     -7.442  0.0000E+00  0.6600E+02
     -7.424  0.0000E+00  0.6600E+02
     -7.405  0.0000E+00  0.6600E+02
     -7.387  0.0000E+00  0.6600E+02
     -7.368  0.0000E+00  0.6600E+02
     -7.350  0.0000E+00  0.6600E+02
     -7.332  0.0000E+00  0.6600E+02
     -7.313  0.0000E+00  0.6600E+02
     -7.295  0.0000E+00  0.6600E+02
     -7.276  0.0000E+00  0.6600E+02
     -7.258  0.0000E+00  0.6600E+02
     -7.240  0.0000E+00  0.6600E+02
     -7.221  0.0000E+00  0.6600E+02
     -7.203  0.0000E+00  0.6600E+02
     -7.184  0.0000E+00  0.6600E+02
     -7.166  0.0000E+00  0.6600E+02
     -7.147  0.0000E+00  0.6600E+02
     -7.129  0.0000E+00  0.6600E+02
     -7.111  0.0000E+00  0.6600E+02
     -7.092  0.0000E+00  0.6600E+02
     -7.074  0.0000E+00  0.6600E+02
     -7.055  0.0000E+00  0.6600E+02
     -7.037  0.0000E+00  0.6600E+02
     -7.019  0.0000E+00  0.6600E+02
     -7.000  0.0000E+00  0.6600E+02
     -6.982  0.0000E+00  0.6600E+02
     -6.963  0.0000E+00  0.6600E+02
     -6.945  0.0000E+00  0.6600E+02
     -6.926  0.0000E+00  0.6600E+02
     -6.908  0.0000E+00  0.6600E+02
     -6.890  0.0000E+00  0.6600E+02
     -6.871  0.0000E+00  0.6600E+02
     -6.853  0.0000E+00  0.6600E+02
     -6.834  0.0000E+00  0.6600E+02
     -6.816  0.0000E+00  0.6600E+02
     -6.798  0.0000E+00  0.6600E+02
     -6.779  0.0000E+00  0.6600E+02
     -6.761  0.0000E+00  0.6600E+02
     -6.742  0.0000E+00  0.6600E+02
     -6.724  0.0000E+00  0.6600E+02
     -6.706  0.0000E+00  0.6600E+02
     -6.687  0.0000E+00  0.6600E+02
     -6.669  0.0000E+00  0.6600E+02
     -6.650  0.0000E+00  0.6600E+02
     -6.632  0.0000E+00  0.6600E+02
     -6.613  0.0000E+00  0.6600E+02
     -6.595  0.0000E+00  0.6600E+02
     -6.577  0.0000E+00  0.6600E+02
     -6.558  0.0000E+00  0.6600E+02
     -6.540  0.0000E+00  0.6600E+02
     -6.521  0.0000E+00  0.6600E+02
     -6.503  0.0000E+00  0.6600E+02
     -6.485  0.0000E+00  0.6600E+02
     -6.466  0.0000E+00  0.6600E+02
     -6.448  0.0000E+00  0.6600E+02
     -6.429  0.0000E+00  0.6600E+02
     -6.411  0.0000E+00  0.6600E+02
     -6.393  0.0000E+00  0.6600E+02
     -6.374  0.0000E+00  0.6600E+02
     -6.356  0.0000E+00  0.6600E+02
     -6.337  0.0000E+00  0.6600E+02
     -6.319  0.0000E+00  0.6600E+02
     -6.300  0.0000E+00  0.6600E+02
     -6.282  0.0000E+00  0.6600E+02
     -6.264  0.0000E+00  0.6600E+02
     -6.245  0.0000E+00  0.6600E+02
     -6.227  0.0000E+00  0.6600E+02
     -6.208  0.0000E+00  0.6600E+02
     -6.190  0.0000E+00  0.6600E+02
     -6.172  0.0000E+00  0.6600E+02
     -6.153  0.0000E+00  0.6600E+02
     -6.135  0.0000E+00  0.6600E+02
     -6.116  0.0000E+00  0.6600E+02
     -6.098  0.0000E+00  0.6600E+02
     -6.080  0.0000E+00  0.6600E+02
     -6.061  0.0000E+00  0.6600E+02
     -6.043  0.0000E+00  0.6600E+02
     -6.024  0.0000E+00  0.6600E+02
     -6.006  0.0000E+00  0.6600E+02
     -5.987  0.0000E+00  0.6600E+02
     -5.969  0.0000E+00  0.6600E+02
     -5.951  0.0000E+00  0.6600E+02
     -5.932  0.0000E+00  0.6600E+02
     -5.914  0.0000E+00  0.6600E+02
     -5.895  0.0000E+00  0.6600E+02
     -5.877  0.0000E+00  0.6600E+02
     -5.859  0.0000E+00  0.6600E+02
     -5.840  0.0000E+00  0.6600E+02
     -5.822  0.0000E+00  0.6600E+02
     -5.803  0.0000E+00  0.6600E+02
     -5.785  0.0000E+00  0.6600E+02
     -5.767  0.0000E+00  0.6600E+02
     -5.748  0.0000E+00  0.6600E+02
     -5.730  0.0000E+00  0.6600E+02
     -5.711  0.0000E+00  0.6600E+02
     -5.693  0.0000E+00  0.6600E+02
     -5.674  0.0000E+00  0.6600E+02
     -5.656  0.0000E+00  0.6600E+02
     -5.638  0.0000E+00  0.6600E+02
     -5.619  0.0000E+00  0.6600E+02
     -5.601  0.0000E+00  0.6600E+02
     -5.582  0.0000E+00  0.6600E+02
     -5.564  0.0000E+00  0.6600E+02
     -5.546  0.0000E+00  0.6600E+02
     -5.527  0.0000E+00  0.6600E+02
     -5.509  0.0000E+00  0.6600E+02
     -5.490  0.0000E+00  0.6600E+02
     -5.472  0.0000E+00  0.6600E+02
     -5.454  0.0000E+00  0.6600E+02
     -5.435  0.0000E+00  0.6600E+02
     -5.417  0.0000E+00  0.6600E+02
     -5.398  0.0000E+00  0.6600E+02
     -5.380  0.0000E+00  0.6600E+02
     -5.361  0.0000E+00  0.6600E+02
     -5.343  0.0000E+00  0.6600E+02
     -5.325  0.0000E+00  0.6600E+02
     -5.306  0.0000E+00  0.6600E+02
     -5.288  0.0000E+00  0.6600E+02
     -5.269  0.0000E+00  0.6600E+02
     -5.251  0.0000E+00  0.6600E+02
     -5.233  0.0000E+00  0.6600E+02
     -5.214  0.0000E+00  0.6600E+02
     -5.196  0.0000E+00  0.6600E+02
     -5.177  0.0000E+00  0.6600E+02
     -5.159  0.0000E+00  0.6600E+02
     -5.141  0.0000E+00  0.6600E+02
     -5.122  0.0000E+00  0.6600E+02
     -5.104  0.0000E+00  0.6600E+02
     -5.085  0.0000E+00  0.6600E+02
     -5.067  0.0000E+00  0.6600E+02
     -5.048  0.0000E+00  0.6600E+02
     -5.030  0.0000E+00  0.6600E+02
     -5.012  0.0000E+00  0.6600E+02
     -4.993  0.0000E+00  0.6600E+02
     -4.975  0.0000E+00  0.6600E+02
     -4.956  0.0000E+00  0.6600E+02
     -4.938  0.0000E+00  0.6600E+02
     -4.920  0.0000E+00  0.6600E+02
     -4.901  0.0000E+00  0.6600E+02
     -4.883  0.0000E+00  0.6600E+02
     -4.864  0.0000E+00  0.6600E+02
     -4.846  0.0000E+00  0.6600E+02
     -4.828  0.0000E+00  0.6600E+02
     -4.809  0.0000E+00  0.6600E+02
     -4.791  0.0000E+00  0.6600E+02
     -4.772  0.0000E+00  0.6600E+02
     -4.754  0.0000E+00  0.6600E+02
     -4.735  0.0000E+00  0.6600E+02
     -4.717  0.0000E+00  0.6600E+02
     -4.699  0.0000E+00  0.6600E+02
     -4.680  0.0000E+00  0.6600E+02
     -4.662  0.0000E+00  0.6600E+02
     -4.643  0.0000E+00  0.6600E+02
     -4.625  0.0000E+00  0.6600E+02
     -4.607  0.0000E+00  0.6600E+02
     -4.588  0.0000E+00  0.6600E+02
     -4.570  0.0000E+00  0.6600E+02
     -4.551  0.0000E+00  0.6600E+02
     -4.533  0.0000E+00  0.6600E+02
     -4.515  0.0000E+00  0.6600E+02
     -4.496  0.0000E+00  0.6600E+02
     -4.478  0.0000E+00  0.6600E+02
     -4.459  0.0000E+00  0.6600E+02
     -4.441  0.0000E+00  0.6600E+02
     -4.422  0.0000E+00  0.6600E+02
     -4.404  0.0000E+00  0.6600E+02
     -4.386  0.0000E+00  0.6600E+02
     -4.367  0.0000E+00  0.6600E+02
     -4.349  0.0000E+00  0.6600E+02
     -4.330  0.0000E+00  0.6600E+02
     -4.312  0.0000E+00  0.6600E+02
     -4.294  0.0000E+00  0.6600E+02
     -4.275  0.0000E+00  0.6600E+02
     -4.257  0.0000E+00  0.6600E+02
     -4.238  0.0000E+00  0.6600E+02
     -4.220  0.0000E+00  0.6600E+02
     -4.201  0.0000E+00  0.6600E+02
     -4.183  0.0000E+00  0.6600E+02
     -4.165  0.0000E+00  0.6600E+02
     -4.146  0.0000E+00  0.6600E+02
     -4.128  0.0000E+00  0.6600E+02
     -4.109  0.0000E+00  0.6600E+02
     -4.091  0.0000E+00  0.6600E+02
     -4.073  0.0000E+00  0.6600E+02
     -4.054  0.0000E+00  0.6600E+02
     -4.036  0.0000E+00  0.6600E+02
     -4.017  0.0000E+00  0.6600E+02
     -3.999  0.0000E+00  0.6600E+02
     -3.981  0.0000E+00  0.6600E+02
     -3.962  0.0000E+00  0.6600E+02
     -3.944  0.0000E+00  0.6600E+02
     -3.925  0.0000E+00  0.6600E+02
     -3.907  0.0000E+00  0.6600E+02
     -3.888  0.0000E+00  0.6600E+02
     -3.870  0.0000E+00  0.6600E+02
     -3.852  0.0000E+00  0.6600E+02
     -3.833  0.0000E+00  0.6600E+02
     -3.815  0.0000E+00  0.6600E+02
     -3.796  0.0000E+00  0.6600E+02
     -3.778  0.0000E+00  0.6600E+02
     -3.760  0.0000E+00  0.6600E+02
     -3.741  0.0000E+00  0.6600E+02
     -3.723  0.0000E+00  0.6600E+02
     -3.704  0.0000E+00  0.6600E+02
     -3.686  0.0000E+00  0.6600E+02
     -3.668  0.0000E+00  0.6600E+02
     -3.649  0.0000E+00  0.6600E+02
     -3.631  0.0000E+00  0.6600E+02
     -3.612  0.0000E+00  0.6600E+02
     -3.594  0.0000E+00  0.6600E+02
     -3.575  0.0000E+00  0.6600E+02
     -3.557  0.0000E+00  0.6600E+02
     -3.539  0.0000E+00  0.6600E+02
     -3.520  0.0000E+00  0.6600E+02
     -3.502  0.0000E+00  0.6600E+02
     -3.483  0.0000E+00  0.6600E+02
     -3.465  0.0000E+00  0.6600E+02
     -3.447  0.0000E+00  0.6600E+02
     -3.428  0.0000E+00  0.6600E+02
     -3.410  0.0000E+00  0.6600E+02
     -3.391  0.0000E+00  0.6600E+02
     -3.373  0.0000E+00  0.6600E+02
     -3.355  0.0000E+00  0.6600E+02
     -3.336  0.0000E+00  0.6600E+02
     -3.318  0.0000E+00  0.6600E+02
     -3.299  0.0000E+00  0.6600E+02
     -3.281  0.0000E+00  0.6600E+02
     -3.262  0.0000E+00  0.6600E+02
     -3.244  0.0000E+00  0.6600E+02
     -3.226  0.0000E+00  0.6600E+02
     -3.207  0.0000E+00  0.6600E+02
     -3.189  0.0000E+00  0.6600E+02
     -3.170  0.0000E+00  0.6600E+02
     -3.152  0.0000E+00  0.6600E+02
     -3.134  0.0000E+00  0.6600E+02
     -3.115  0.0000E+00  0.6600E+02
     -3.097  0.0000E+00  0.6600E+02
     -3.078  0.0000E+00  0.6600E+02
     -3.060  0.0000E+00  0.6600E+02
     -3.042  0.0000E+00  0.6600E+02
     -3.023  0.0000E+00  0.6600E+02
     -3.005  0.0000E+00  0.6600E+02
     -2.986  0.0000E+00  0.6600E+02
     -2.968  0.0000E+00  0.6600E+02
     -2.949  0.0000E+00  0.6600E+02
     -2.931  0.0000E+00  0.6600E+02
     -2.913  0.0000E+00  0.6600E+02
     -2.894  0.0000E+00  0.6600E+02
     -2.876  0.0000E+00  0.6600E+02
     -2.857  0.0000E+00  0.6600E+02
     -2.839  0.0000E+00  0.6600E+02
     -2.821  0.0000E+00  0.6600E+02
     -2.802  0.0000E+00  0.6600E+02
     -2.784  0.0000E+00  0.6600E+02
     -2.765  0.0000E+00  0.6600E+02
     -2.747  0.0000E+00  0.6600E+02
     -2.729  0.0000E+00  0.6600E+02
     -2.710  0.0000E+00  0.6600E+02
     -2.692  0.0000E+00  0.6600E+02
     -2.673  0.0000E+00  0.6600E+02
     -2.655  0.0000E+00  0.6600E+02
     -2.636  0.0000E+00  0.6600E+02
     -2.618  0.0000E+00  0.6600E+02
     -2.600  0.0000E+00  0.6600E+02
     -2.581  0.0000E+00  0.6600E+02
     -2.563  0.0000E+00  0.6600E+02
     -2.544  0.0000E+00  0.6600E+02
     -2.526  0.0000E+00  0.6600E+02
     -2.508  0.0000E+00  0.6600E+02
     -2.489  0.0000E+00  0.6600E+02
     -2.471  0.0000E+00  0.6600E+02
     -2.452  0.0000E+00  0.6600E+02
     -2.434  0.0000E+00  0.6600E+02
     -2.416  0.0000E+00  0.6600E+02
     -2.397  0.0000E+00  0.6600E+02
     -2.379  0.0000E+00  0.6600E+02
     -2.360  0.0000E+00  0.6600E+02
     -2.342  0.0000E+00  0.6600E+02
     -2.323  0.0000E+00  0.6600E+02
     -2.305  0.0000E+00  0.6600E+02
     -2.287  0.0000E+00  0.6600E+02
     -2.268  0.0000E+00  0.6600E+02
     -2.250  0.0000E+00  0.6600E+02
     -2.231  0.0000E+00  0.6600E+02
     -2.213  0.0000E+00  0.6600E+02
     -2.195  0.0000E+00  0.6600E+02
     -2.176  0.0000E+00  0.6600E+02
     -2.158  0.0000E+00  0.6600E+02
     -2.139  0.0000E+00  0.6600E+02
     -2.121  0.0000E+00  0.6600E+02
     -2.103  0.0000E+00  0.6600E+02
     -2.084  0.0000E+00  0.6600E+02
     -2.066  0.0000E+00  0.6600E+02
     -2.047  0.0000E+00  0.6600E+02
     -2.029  0.0000E+00  0.6600E+02
     -2.010  0.0000E+00  0.6600E+02
     -1.992  0.0000E+00  0.6600E+02
     -1.974  0.0000E+00  0.6600E+02
     -1.955  0.0000E+00  0.6600E+02
     -1.937  0.0000E+00  0.6600E+02
     -1.918  0.0000E+00  0.6600E+02
     -1.900  0.0000E+00  0.6600E+02
     -1.882  0.0000E+00  0.6600E+02
     -1.863  0.0000E+00  0.6600E+02
     -1.845  0.0000E+00  0.6600E+02
     -1.826  0.0000E+00  0.6600E+02
     -1.808  0.0000E+00  0.6600E+02
     -1.790  0.0000E+00  0.6600E+02
     -1.771  0.0000E+00  0.6600E+02
     -1.753  0.0000E+00  0.6600E+02
     -1.734  0.0000E+00  0.6600E+02
     -1.716  0.0000E+00  0.6600E+02
     -1.697  0.0000E+00  0.6600E+02
     -1.679  0.0000E+00  0.6600E+02
     -1.661  0.0000E+00  0.6600E+02
     -1.642  0.0000E+00  0.6600E+02
     -1.624  0.0000E+00  0.6600E+02
     -1.605  0.0000E+00  0.6600E+02
     -1.587  0.0000E+00  0.6600E+02
     -1.569  0.0000E+00  0.6600E+02
     -1.550  0.0000E+00  0.6600E+02
     -1.532  0.0000E+00  0.6600E+02
     -1.513  0.0000E+00  0.6600E+02
     -1.495  0.0000E+00  0.6600E+02
     -1.476  0.0000E+00  0.6600E+02
     -1.458  0.0000E+00  0.6600E+02
     -1.440  0.0000E+00  0.6600E+02
     -1.421  0.0000E+00  0.6600E+02
     -1.403  0.0000E+00  0.6600E+02
     -1.384  0.0000E+00  0.6600E+02
     -1.366  0.0000E+00  0.6600E+02
     -1.348  0.0000E+00  0.6600E+02
     -1.329  0.0000E+00  0.6600E+02
     -1.311  0.5149E-03  0.6600E+02
     -1.292  0.2042E-01  0.6600E+02
     -1.274  0.6923E-01  0.6600E+02
     -1.256  0.1469E+00  0.6600E+02
     -1.237  0.2537E+00  0.6601E+02
     -1.219  0.4051E+00  0.6601E+02
     -1.200  0.6215E+00  0.6602E+02
     -1.182  0.9037E+00  0.6604E+02
     -1.163  0.1252E+01  0.6606E+02
     -1.145  0.1666E+01  0.6608E+02
     -1.127  0.2145E+01  0.6612E+02
     -1.108  0.2691E+01  0.6616E+02
     -1.090  0.3302E+01  0.6622E+02
     -1.071  0.3979E+01  0.6628E+02
     -1.053  0.4722E+01  0.6636E+02
     -1.035  0.5531E+01  0.6646E+02
     -1.016  0.6406E+01  0.6657E+02
     -0.998  0.7346E+01  0.6669E+02
     -0.979  0.8352E+01  0.6684E+02
     -0.961  0.9424E+01  0.6700E+02
     -0.943  0.1056E+02  0.6719E+02
     -0.924  0.1177E+02  0.6739E+02
     -0.906  0.1304E+02  0.6762E+02
     -0.887  0.1437E+02  0.6787E+02
     -0.869  0.1577E+02  0.6815E+02
     -0.850  0.2133E+02  0.6848E+02
     -0.832  0.2858E+02  0.6895E+02
     -0.814  0.3720E+02  0.6955E+02
     -0.795  0.4582E+02  0.7031E+02
     -0.777  0.5226E+02  0.7121E+02
     -0.758  0.5872E+02  0.7224E+02
     -0.740  0.6113E+02  0.7335E+02
     -0.722  0.5995E+02  0.7447E+02
     -0.703  0.5789E+02  0.7556E+02
     -0.685  0.5421E+02  0.7659E+02
     -0.666  0.4976E+02  0.7755E+02
     -0.648  0.4443E+02  0.7842E+02
     -0.630  0.3800E+02  0.7918E+02
     -0.611  0.3177E+02  0.7982E+02
     -0.593  0.2623E+02  0.8035E+02
     -0.574  0.2030E+02  0.8078E+02
     -0.556  0.1580E+02  0.8111E+02
     -0.537  0.1018E+02  0.8135E+02
     -0.519  0.6415E+01  0.8150E+02
     -0.501  0.8084E+01  0.8163E+02
     -0.482  0.1189E+02  0.8181E+02
     -0.464  0.1863E+02  0.8207E+02
     -0.445  0.3043E+02  0.8253E+02
     -0.427  0.3801E+02  0.8317E+02
     -0.409  0.4195E+02  0.8391E+02
     -0.390  0.4272E+02  0.8469E+02
     -0.372  0.4036E+02  0.8546E+02
     -0.353  0.3741E+02  0.8617E+02
     -0.335  0.7131E+02  0.8707E+02
     -0.317  0.8186E+02  0.8857E+02
     -0.298  0.6656E+02  0.8988E+02
     -0.280  0.7616E+02  0.9155E+02
     -0.261  0.1030E+03  0.9284E+02
     -0.243  0.5279E+02  0.9405E+02
     -0.224  0.5286E+02  0.9502E+02
     -0.206  0.5513E+02  0.9601E+02
     -0.188  0.5910E+02  0.9706E+02
     -0.169  0.6319E+02  0.9818E+02
     -0.151  0.6638E+02  0.9938E+02
     -0.132  0.6841E+02  0.1006E+03
     -0.114  0.6893E+02  0.1019E+03
     -0.096  0.6750E+02  0.1031E+03
     -0.077  0.5937E+02  0.1043E+03
     -0.059  0.5183E+02  0.1053E+03
     -0.040  0.4744E+02  0.1063E+03
     -0.022  0.3450E+02  0.1070E+03
     -0.004  0.2945E+02  0.1076E+03
      0.015  0.2695E+02  0.1081E+03
      0.033  0.2622E+02  0.1086E+03
      0.052  0.2569E+02  0.1091E+03
      0.070  0.2520E+02  0.1095E+03
      0.089  0.2473E+02  0.1100E+03
      0.107  0.2440E+02  0.1104E+03
      0.125  0.2426E+02  0.1109E+03
      0.144  0.2429E+02  0.1113E+03
      0.162  0.2448E+02  0.1118E+03
      0.181  0.2473E+02  0.1122E+03
      0.199  0.2501E+02  0.1127E+03
      0.217  0.2532E+02  0.1132E+03
      0.236  0.2566E+02  0.1136E+03
      0.254  0.2603E+02  0.1141E+03
      0.273  0.2643E+02  0.1146E+03
      0.291  0.2681E+02  0.1151E+03
      0.309  0.2716E+02  0.1156E+03
      0.328  0.2741E+02  0.1161E+03
      0.346  0.2696E+02  0.1166E+03
      0.365  0.2568E+02  0.1171E+03
      0.383  0.2509E+02  0.1175E+03
      0.402  0.2482E+02  0.1180E+03
      0.420  0.2223E+02  0.1184E+03
      0.438  0.1366E+02  0.1187E+03
      0.457  0.1256E+02  0.1190E+03
      0.475  0.9508E+01  0.1192E+03
      0.494  0.7728E+01  0.1193E+03
      0.512  0.5322E+01  0.1195E+03
      0.530  0.6603E+02  0.1199E+03
      0.549  0.2449E+02  0.1208E+03
      0.567  0.2773E+02  0.1213E+03
      0.586  0.3704E+02  0.1219E+03
      0.604  0.3788E+02  0.1226E+03
      0.622  0.3528E+02  0.1233E+03
      0.641  0.3022E+02  0.1239E+03
      0.659  0.3959E+02  0.1245E+03
      0.678  0.4161E+02  0.1253E+03
      0.696  0.3359E+02  0.1260E+03
      0.715  0.2815E+02  0.1266E+03
      0.733  0.2558E+02  0.1270E+03
      0.751  0.2344E+02  0.1275E+03
      0.770  0.2196E+02  0.1279E+03
      0.788  0.2076E+02  0.1283E+03
      0.807  0.1982E+02  0.1287E+03
      0.825  0.1946E+02  0.1290E+03
      0.843  0.1992E+02  0.1294E+03
      0.862  0.2084E+02  0.1298E+03
      0.880  0.2199E+02  0.1302E+03
      0.899  0.2328E+02  0.1306E+03
      0.917  0.2435E+02  0.1310E+03
      0.936  0.2512E+02  0.1315E+03
      0.954  0.2542E+02  0.1319E+03
      0.972  0.2527E+02  0.1324E+03
      0.991  0.2468E+02  0.1329E+03
      1.009  0.2359E+02  0.1333E+03
      1.028  0.2195E+02  0.1337E+03
      1.046  0.1975E+02  0.1341E+03
      1.064  0.1754E+02  0.1345E+03
      1.083  0.1688E+02  0.1348E+03
      1.101  0.1609E+02  0.1351E+03
      1.120  0.1516E+02  0.1354E+03
      1.138  0.1410E+02  0.1356E+03
      1.156  0.1411E+02  0.1359E+03
      1.175  0.1410E+02  0.1362E+03
      1.193  0.1405E+02  0.1364E+03
      1.212  0.1396E+02  0.1367E+03
      1.230  0.1384E+02  0.1369E+03
      1.249  0.1368E+02  0.1372E+03
      1.267  0.1353E+02  0.1374E+03
      1.285  0.1371E+02  0.1377E+03
      1.304  0.1426E+02  0.1379E+03
      1.322  0.1519E+02  0.1382E+03
      1.341  0.1650E+02  0.1385E+03
      1.359  0.1790E+02  0.1388E+03
      1.377  0.1823E+02  0.1392E+03
      1.396  0.1841E+02  0.1395E+03
      1.414  0.1757E+02  0.1398E+03
      1.433  0.1892E+02  0.1402E+03
      1.451  0.2545E+02  0.1406E+03
      1.469  0.2736E+02  0.1411E+03
      1.488  0.2924E+02  0.1416E+03
      1.506  0.3121E+02  0.1421E+03
      1.525  0.3217E+02  0.1427E+03
      1.543  0.3422E+02  0.1433E+03
      1.562  0.3636E+02  0.1440E+03
      1.580  0.3837E+02  0.1447E+03
      1.598  0.4055E+02  0.1454E+03
      1.617  0.4350E+02  0.1462E+03
      1.635  0.7099E+02  0.1472E+03
      1.654  0.3703E+02  0.1482E+03
      1.672  0.4497E+02  0.1489E+03
      1.690  0.1107E+03  0.1501E+03
      1.709  0.4164E+02  0.1510E+03
      1.727  0.5189E+02  0.1519E+03
      1.746  0.5726E+02  0.1529E+03
      1.764  0.5604E+02  0.1540E+03
      1.782  0.4983E+02  0.1549E+03
      1.801  0.5309E+02  0.1559E+03
      1.819  0.5513E+02  0.1569E+03
      1.838  0.5591E+02  0.1579E+03
      1.856  0.5599E+02  0.1589E+03
      1.875  0.5418E+02  0.1599E+03
      1.893  0.5123E+02  0.1609E+03
      1.911  0.4858E+02  0.1618E+03
      1.930  0.4535E+02  0.1627E+03
      1.948  0.4234E+02  0.1635E+03
      1.967  0.3977E+02  0.1643E+03
      1.985  0.3700E+02  0.1650E+03
      2.003  0.3640E+02  0.1656E+03
      2.022  0.3591E+02  0.1663E+03
      2.040  0.3502E+02  0.1670E+03
      2.059  0.3404E+02  0.1676E+03
      2.077  0.3428E+02  0.1682E+03
      2.095  0.3433E+02  0.1689E+03
      2.114  0.3418E+02  0.1695E+03
      2.132  0.3398E+02  0.1701E+03
      2.151  0.3527E+02  0.1707E+03
      2.169  0.3673E+02  0.1714E+03
      2.188  0.3716E+02  0.1721E+03
      2.206  0.3749E+02  0.1728E+03
      2.224  0.3727E+02  0.1735E+03
      2.243  0.5125E+02  0.1742E+03
      2.261  0.6470E+02  0.1753E+03
      2.280  0.6373E+02  0.1765E+03
      2.298  0.7495E+02  0.1778E+03
      2.316  0.1159E+03  0.1794E+03
      2.335  0.1136E+03  0.1820E+03
      2.353  0.1005E+03  0.1835E+03
      2.372  0.6941E+02  0.1854E+03
      2.390  0.9731E+01  0.1859E+03
      2.408  0.4987E+02  0.1869E+03
      2.427  0.7550E+02  0.1882E+03
      2.445  0.5947E+02  0.1894E+03
      2.464  0.6050E+02  0.1905E+03
      2.482  0.7597E+02  0.1917E+03
      2.501  0.8886E+02  0.1933E+03
      2.519  0.7248E+02  0.1949E+03
      2.537  0.6579E+02  0.1961E+03
      2.556  0.7158E+02  0.1974E+03
      2.574  0.8635E+02  0.1988E+03
      2.593  0.1073E+03  0.2006E+03
      2.611  0.1105E+03  0.2026E+03
      2.629  0.9137E+02  0.2045E+03
      2.648  0.6853E+02  0.2060E+03
      2.666  0.6499E+02  0.2072E+03
      2.685  0.6806E+02  0.2084E+03
      2.703  0.8900E+02  0.2099E+03
      2.721  0.7239E+02  0.2114E+03
      2.740  0.6192E+02  0.2126E+03
      2.758  0.4895E+02  0.2142E+03
      2.777  0.3728E+02  0.2149E+03
      2.795  0.3521E+02  0.2156E+03
      2.814  0.3737E+02  0.2162E+03
      2.832  0.3773E+02  0.2169E+03
      2.850  0.4367E+02  0.2177E+03
      2.869  0.5214E+02  0.2185E+03
      2.887  0.6780E+02  0.2196E+03
      2.906  0.7469E+02  0.2210E+03
      2.924  0.7114E+02  0.2223E+03
      2.942  0.6609E+02  0.2235E+03
      2.961  0.5813E+02  0.2257E+03
      2.979  0.8975E+02  0.2268E+03
      2.998  0.3636E+02  0.2278E+03
      3.016  0.6226E+02  0.2292E+03
      3.034  0.7282E+02  0.2310E+03
      3.053  0.7316E+02  0.2323E+03
      3.071  0.5210E+02  0.2335E+03
      3.090  0.7160E+02  0.2347E+03
      3.108  0.7476E+02  0.2361E+03
      3.127  0.5932E+02  0.2374E+03
      3.145  0.3013E+02  0.2382E+03
      3.163  0.4700E+02  0.2398E+03
      3.182  0.5347E+02  0.2414E+03
      3.200  0.3367E+02  0.2421E+03
      3.219  0.3564E+02  0.2427E+03
      3.237  0.7919E+02  0.2437E+03
      3.255  0.2842E+02  0.2448E+03
      3.274  0.2060E+02  0.2452E+03
      3.292  0.1416E+02  0.2456E+03
      3.311  0.9049E+01  0.2458E+03
      3.329  0.5133E+01  0.2459E+03
      3.347  0.2402E+01  0.2460E+03
      3.366  0.1606E+02  0.2461E+03
      3.384  0.3579E+02  0.2466E+03
      3.403  0.3757E+02  0.2473E+03
      3.421  0.1340E+02  0.2477E+03
      3.440  0.8029E+01  0.2479E+03
      3.458  0.1109E+02  0.2480E+03
      3.476  0.2366E+02  0.2483E+03
      3.495  0.6743E+02  0.2492E+03
      3.513  0.8252E+02  0.2507E+03
      3.532  0.3506E+02  0.2518E+03
      3.550  0.0000E+00  0.2520E+03
      3.568  0.0000E+00  0.2520E+03
      3.587  0.0000E+00  0.2520E+03
      3.605  0.0000E+00  0.2520E+03
      3.624  0.0000E+00  0.2520E+03
      3.642  0.1077E+02  0.2520E+03
      3.661  0.3752E+02  0.2525E+03
      3.679  0.4358E+02  0.2533E+03
      3.697  0.1234E+02  0.2538E+03
      3.716  0.4826E+01  0.2540E+03
      3.734  0.7766E+00  0.2540E+03
      3.753  0.1632E+02  0.2541E+03
      3.771  0.2816E+02  0.2545E+03
      3.789  0.2012E+02  0.2550E+03
      3.808  0.1579E+02  0.2553E+03
      3.826  0.1187E+02  0.2556E+03
      3.845  0.8361E+01  0.2558E+03
      3.863  0.5726E+02  0.2564E+03
      3.881  0.3052E+02  0.2576E+03
      3.900  0.1056E+02  0.2579E+03
      3.918  0.1563E+01  0.2580E+03
      3.937  0.0000E+00  0.2580E+03
      3.955  0.0000E+00  0.2580E+03
      3.974  0.0000E+00  0.2580E+03
      3.992  0.0000E+00  0.2580E+03
      4.010  0.0000E+00  0.2580E+03
      4.029  0.0000E+00  0.2580E+03
      4.047  0.0000E+00  0.2580E+03
      4.066  0.0000E+00  0.2580E+03
      4.084  0.0000E+00  0.2580E+03
      4.102  0.0000E+00  0.2580E+03
      4.121  0.0000E+00  0.2580E+03
      4.139  0.0000E+00  0.2580E+03
      4.158  0.0000E+00  0.2580E+03
      4.176  0.0000E+00  0.2580E+03
      4.194  0.0000E+00  0.2580E+03
      4.213  0.0000E+00  0.2580E+03
      4.231  0.0000E+00  0.2580E+03
      4.250  0.0000E+00  0.2580E+03
      4.268  0.0000E+00  0.2580E+03
      4.287  0.0000E+00  0.2580E+03
      4.305  0.0000E+00  0.2580E+03
      4.323  0.0000E+00  0.2580E+03
      4.342  0.0000E+00  0.2580E+03
      4.360  0.0000E+00  0.2580E+03
      4.379  0.0000E+00  0.2580E+03
      4.397  0.0000E+00  0.2580E+03
      4.415  0.0000E+00  0.2580E+03
      4.434  0.0000E+00  0.2580E+03
      4.452  0.3014E-01  0.2580E+03
      4.471  0.6296E+01  0.2580E+03
      4.489  0.2176E+02  0.2583E+03
      4.507  0.3827E+02  0.2588E+03
      4.526  0.5607E+02  0.2598E+03
      4.544  0.7678E+01  0.2603E+03
      4.563  0.9529E+01  0.2605E+03
      4.581  0.1139E+02  0.2607E+03
      4.600  0.1327E+02  0.2609E+03
      4.618  0.1516E+02  0.2611E+03
      4.636  0.2688E+02  0.2614E+03
      4.655  0.0000E+00  0.2620E+03
      4.673  0.0000E+00  0.2620E+03
      4.692  0.0000E+00  0.2620E+03
      4.710  0.0000E+00  0.2620E+03
      4.728  0.0000E+00  0.2620E+03
      4.747  0.0000E+00  0.2620E+03
      4.765  0.0000E+00  0.2620E+03
      4.784  0.0000E+00  0.2620E+03
      4.802  0.0000E+00  0.2620E+03
      4.820  0.0000E+00  0.2620E+03
      4.839  0.0000E+00  0.2620E+03
      4.857  0.0000E+00  0.2620E+03
      4.876  0.0000E+00  0.2620E+03
      4.894  0.0000E+00  0.2620E+03
      4.913  0.0000E+00  0.2620E+03
      4.931  0.0000E+00  0.2620E+03
      4.949  0.0000E+00  0.2620E+03
      4.968  0.0000E+00  0.2620E+03
      4.986  0.0000E+00  0.2620E+03
      5.005  0.0000E+00  0.2620E+03
      5.023  0.0000E+00  0.2620E+03
      5.041  0.0000E+00  0.2620E+03
      5.060  0.0000E+00  0.2620E+03
      5.078  0.0000E+00  0.2620E+03
      5.097  0.0000E+00  0.2620E+03
      5.115  0.0000E+00  0.2620E+03
      5.133  0.0000E+00  0.2620E+03
      5.152  0.0000E+00  0.2620E+03
      5.170  0.0000E+00  0.2620E+03
      5.189  0.0000E+00  0.2620E+03
      5.207  0.0000E+00  0.2620E+03
      5.226  0.0000E+00  0.2620E+03
      5.244  0.0000E+00  0.2620E+03
      5.262  0.0000E+00  0.2620E+03
      5.281  0.0000E+00  0.2620E+03
      5.299  0.0000E+00  0.2620E+03
      5.318  0.0000E+00  0.2620E+03
      5.336  0.0000E+00  0.2620E+03
      5.354  0.0000E+00  0.2620E+03
      5.373  0.0000E+00  0.2620E+03
      5.391  0.0000E+00  0.2620E+03
      5.410  0.0000E+00  0.2620E+03
      5.428  0.0000E+00  0.2620E+03
      5.446  0.0000E+00  0.2620E+03
      5.465  0.0000E+00  0.2620E+03
      5.483  0.0000E+00  0.2620E+03
      5.502  0.0000E+00  0.2620E+03
      5.520  0.0000E+00  0.2620E+03
      5.539  0.0000E+00  0.2620E+03
      5.557  0.0000E+00  0.2620E+03
      5.575  0.0000E+00  0.2620E+03
      5.594  0.0000E+00  0.2620E+03
      5.612  0.0000E+00  0.2620E+03
      5.631  0.0000E+00  0.2620E+03
      5.649  0.0000E+00  0.2620E+03
      5.667  0.0000E+00  0.2620E+03
      5.686  0.0000E+00  0.2620E+03
      5.704  0.0000E+00  0.2620E+03
      5.723  0.0000E+00  0.2620E+03
      5.741  0.0000E+00  0.2620E+03
      5.759  0.0000E+00  0.2620E+03
      5.778  0.0000E+00  0.2620E+03
      5.796  0.0000E+00  0.2620E+03
      5.815  0.0000E+00  0.2620E+03
      5.833  0.0000E+00  0.2620E+03
      5.852  0.0000E+00  0.2620E+03
      5.870  0.0000E+00  0.2620E+03
      5.888  0.0000E+00  0.2620E+03
      5.907  0.0000E+00  0.2620E+03
      5.925  0.0000E+00  0.2620E+03
      5.944  0.0000E+00  0.2620E+03
      5.962  0.0000E+00  0.2620E+03
      5.980  0.0000E+00  0.2620E+03
      5.999  0.0000E+00  0.2620E+03
      6.017  0.0000E+00  0.2620E+03
      6.036  0.0000E+00  0.2620E+03
      6.054  0.0000E+00  0.2620E+03
      6.073  0.0000E+00  0.2620E+03
      6.091  0.0000E+00  0.2620E+03
      6.109  0.0000E+00  0.2620E+03
      6.128  0.0000E+00  0.2620E+03
      6.146  0.0000E+00  0.2620E+03
      6.165  0.0000E+00  0.2620E+03
      6.183  0.0000E+00  0.2620E+03
      6.201  0.0000E+00  0.2620E+03
      6.220  0.0000E+00  0.2620E+03
      6.238  0.0000E+00  0.2620E+03
      6.257  0.0000E+00  0.2620E+03
      6.275  0.0000E+00  0.2620E+03
      6.293  0.0000E+00  0.2620E+03
      6.312  0.0000E+00  0.2620E+03
      6.330  0.0000E+00  0.2620E+03
      6.349  0.0000E+00  0.2620E+03
      6.367  0.0000E+00  0.2620E+03
      6.386  0.0000E+00  0.2620E+03
      6.404  0.0000E+00  0.2620E+03
      6.422  0.0000E+00  0.2620E+03
      6.441  0.0000E+00  0.2620E+03
      6.459  0.0000E+00  0.2620E+03
      6.478  0.0000E+00  0.2620E+03
      6.496  0.0000E+00  0.2620E+03
      6.514  0.0000E+00  0.2620E+03
      6.533  0.0000E+00  0.2620E+03
      6.551  0.0000E+00  0.2620E+03
      6.570  0.0000E+00  0.2620E+03
      6.588  0.0000E+00  0.2620E+03
      6.606  0.0000E+00  0.2620E+03
      6.625  0.0000E+00  0.2620E+03
      6.643  0.0000E+00  0.2620E+03
      6.662  0.0000E+00  0.2620E+03
      6.680  0.0000E+00  0.2620E+03
      6.699  0.0000E+00  0.2620E+03
      6.717  0.0000E+00  0.2620E+03
      6.735  0.0000E+00  0.2620E+03
      6.754  0.0000E+00  0.2620E+03
      6.772  0.0000E+00  0.2620E+03
      6.791  0.0000E+00  0.2620E+03
      6.809  0.0000E+00  0.2620E+03
      6.827  0.0000E+00  0.2620E+03
      6.846  0.0000E+00  0.2620E+03
      6.864  0.0000E+00  0.2620E+03
      6.883  0.0000E+00  0.2620E+03
      6.901  0.0000E+00  0.2620E+03
      6.919  0.0000E+00  0.2620E+03
      6.938  0.0000E+00  0.2620E+03
      6.956  0.0000E+00  0.2620E+03
      6.975  0.0000E+00  0.2620E+03
      6.993  0.0000E+00  0.2620E+03
      7.012  0.0000E+00  0.2620E+03
      7.030  0.0000E+00  0.2620E+03
      7.048  0.0000E+00  0.2620E+03
      7.067  0.0000E+00  0.2620E+03
      7.085  0.0000E+00  0.2620E+03
      7.104  0.0000E+00  0.2620E+03
      7.122  0.0000E+00  0.2620E+03
      7.140  0.0000E+00  0.2620E+03
      7.159  0.0000E+00  0.2620E+03
      7.177  0.0000E+00  0.2620E+03
      7.196  0.0000E+00  0.2620E+03
      7.214  0.0000E+00  0.2620E+03
      7.232  0.0000E+00  0.2620E+03
      7.251  0.0000E+00  0.2620E+03
      7.269  0.0000E+00  0.2620E+03
      7.288  0.0000E+00  0.2620E+03
      7.306  0.0000E+00  0.2620E+03
      7.325  0.0000E+00  0.2620E+03
      7.343  0.0000E+00  0.2620E+03
      7.361  0.0000E+00  0.2620E+03
      7.380  0.0000E+00  0.2620E+03
      7.398  0.0000E+00  0.2620E+03
      7.417  0.0000E+00  0.2620E+03
      7.435  0.0000E+00  0.2620E+03
      7.453  0.0000E+00  0.2620E+03
      7.472  0.0000E+00  0.2620E+03
      7.490  0.0000E+00  0.2620E+03
      7.509  0.0000E+00  0.2620E+03
      7.527  0.0000E+00  0.2620E+03
      7.545  0.0000E+00  0.2620E+03
      7.564  0.0000E+00  0.2620E+03
      7.582  0.0000E+00  0.2620E+03
      7.601  0.0000E+00  0.2620E+03
      7.619  0.0000E+00  0.2620E+03
      7.638  0.0000E+00  0.2620E+03
      7.656  0.0000E+00  0.2620E+03
      7.674  0.0000E+00  0.2620E+03
      7.693  0.0000E+00  0.2620E+03
      7.711  0.0000E+00  0.2620E+03
      7.730  0.0000E+00  0.2620E+03
      7.748  0.0000E+00  0.2620E+03
      7.766  0.0000E+00  0.2620E+03
      7.785  0.0000E+00  0.2620E+03
      7.803  0.0000E+00  0.2620E+03
      7.822  0.0000E+00  0.2620E+03
      7.840  0.0000E+00  0.2620E+03
      7.858  0.0000E+00  0.2620E+03
      7.877  0.0000E+00  0.2620E+03
      7.895  0.0000E+00  0.2620E+03
      7.914  0.0000E+00  0.2620E+03
      7.932  0.0000E+00  0.2620E+03
      7.951  0.0000E+00  0.2620E+03
      7.969  0.0000E+00  0.2620E+03
      7.987  0.0000E+00  0.2620E+03
      8.006  0.0000E+00  0.2620E+03
      8.024  0.0000E+00  0.2620E+03
      8.043  0.0000E+00  0.2620E+03
      8.061  0.0000E+00  0.2620E+03
      8.079  0.6665E+02  0.2631E+03
      8.098  0.1954E+02  0.2638E+03
      8.116  0.3070E+01  0.2640E+03
      8.135  0.0000E+00  0.2640E+03
      8.153  0.0000E+00  0.2640E+03
      8.171  0.0000E+00  0.2640E+03
      8.190  0.0000E+00  0.2640E+03
      8.208  0.0000E+00  0.2640E+03
      8.227  0.0000E+00  0.2640E+03
      8.245  0.0000E+00  0.2640E+03
      8.264  0.0000E+00  0.2640E+03
      8.282  0.0000E+00  0.2640E+03
      8.300  0.0000E+00  0.2640E+03
      8.319  0.0000E+00  0.2640E+03
      8.337  0.0000E+00  0.2640E+03
      8.356  0.0000E+00  0.2640E+03
      8.374  0.0000E+00  0.2640E+03
      8.392  0.0000E+00  0.2640E+03
      8.411  0.0000E+00  0.2640E+03
      8.429  0.0000E+00  0.2640E+03
      8.448  0.0000E+00  0.2640E+03
      8.466  0.0000E+00  0.2640E+03
      8.484  0.0000E+00  0.2640E+03
      8.503  0.0000E+00  0.2640E+03
      8.521  0.0000E+00  0.2640E+03
      8.540  0.0000E+00  0.2640E+03
      8.558  0.0000E+00  0.2640E+03
      8.577  0.0000E+00  0.2640E+03
      8.595  0.0000E+00  0.2640E+03
      8.613  0.0000E+00  0.2640E+03
      8.632  0.0000E+00  0.2640E+03
      8.650  0.0000E+00  0.2640E+03
      8.669  0.0000E+00  0.2640E+03
      8.687  0.0000E+00  0.2640E+03
      8.705  0.0000E+00  0.2640E+03
      8.724  0.0000E+00  0.2640E+03
      8.742  0.0000E+00  0.2640E+03
      8.761  0.0000E+00  0.2640E+03
      8.779  0.0000E+00  0.2640E+03
      8.798  0.0000E+00  0.2640E+03
      8.816  0.0000E+00  0.2640E+03
      8.834  0.0000E+00  0.2640E+03
      8.853  0.0000E+00  0.2640E+03
      8.871  0.0000E+00  0.2640E+03
      8.890  0.0000E+00  0.2640E+03
      8.908  0.0000E+00  0.2640E+03
      8.926  0.0000E+00  0.2640E+03
      8.945  0.0000E+00  0.2640E+03
      8.963  0.0000E+00  0.2640E+03
      8.982  0.0000E+00  0.2640E+03
      9.000  0.0000E+00  0.2640E+03
      9.018  0.0000E+00  0.2640E+03
      9.037  0.0000E+00  0.2640E+03
      9.055  0.0000E+00  0.2640E+03
      9.074  0.0000E+00  0.2640E+03
      9.092  0.0000E+00  0.2640E+03
      9.111  0.0000E+00  0.2640E+03
      9.129  0.0000E+00  0.2640E+03
      9.147  0.0000E+00  0.2640E+03
      9.166  0.0000E+00  0.2640E+03
      9.184  0.0000E+00  0.2640E+03
      9.203  0.0000E+00  0.2640E+03
      9.221  0.0000E+00  0.2640E+03
      9.239  0.0000E+00  0.2640E+03
      9.258  0.0000E+00  0.2640E+03
      9.276  0.0000E+00  0.2640E+03
      9.295  0.0000E+00  0.2640E+03
      9.313  0.0000E+00  0.2640E+03
      9.331  0.0000E+00  0.2640E+03
      9.350  0.0000E+00  0.2640E+03
      9.368  0.0000E+00  0.2640E+03
      9.387  0.0000E+00  0.2640E+03
      9.405  0.0000E+00  0.2640E+03
      9.424  0.0000E+00  0.2640E+03
      9.442  0.0000E+00  0.2640E+03
      9.460  0.0000E+00  0.2640E+03
      9.479  0.0000E+00  0.2640E+03
      9.497  0.0000E+00  0.2640E+03
      9.516  0.0000E+00  0.2640E+03
      9.534  0.0000E+00  0.2640E+03
      9.552  0.0000E+00  0.2640E+03
      9.571  0.0000E+00  0.2640E+03
      9.589  0.0000E+00  0.2640E+03
      9.608  0.0000E+00  0.2640E+03
      9.626  0.0000E+00  0.2640E+03
      9.644  0.0000E+00  0.2640E+03
      9.663  0.0000E+00  0.2640E+03
      9.681  0.0000E+00  0.2640E+03
      9.700  0.0000E+00  0.2640E+03
      9.718  0.0000E+00  0.2640E+03
      9.737  0.0000E+00  0.2640E+03
      9.755  0.0000E+00  0.2640E+03
      9.773  0.0000E+00  0.2640E+03
      9.792  0.0000E+00  0.2640E+03
      9.810  0.0000E+00  0.2640E+03
      9.829  0.0000E+00  0.2640E+03
      9.847  0.0000E+00  0.2640E+03
      9.865  0.0000E+00  0.2640E+03
      9.884  0.0000E+00  0.2640E+03
      9.902  0.0000E+00  0.2640E+03
      9.921  0.0000E+00  0.2640E+03
      9.939  0.0000E+00  0.2640E+03
      9.957  0.0000E+00  0.2640E+03
      9.976  0.0000E+00  0.2640E+03
      9.994  0.0000E+00  0.2640E+03
     10.013  0.0000E+00  0.2640E+03
     10.031  0.0000E+00  0.2640E+03
     10.050  0.0000E+00  0.2640E+03
     10.068  0.0000E+00  0.2640E+03
     10.086  0.0000E+00  0.2640E+03
     10.105  0.0000E+00  0.2640E+03
     10.123  0.0000E+00  0.2640E+03
     10.142  0.0000E+00  0.2640E+03
     10.160  0.0000E+00  0.2640E+03
     10.178  0.0000E+00  0.2640E+03
     10.197  0.0000E+00  0.2640E+03
     10.215  0.0000E+00  0.2640E+03
     10.234  0.0000E+00  0.2640E+03
     10.252  0.0000E+00  0.2640E+03
     10.270  0.0000E+00  0.2640E+03
     10.289  0.0000E+00  0.2640E+03
     10.307  0.0000E+00  0.2640E+03
     10.326  0.0000E+00  0.2640E+03
     10.344  0.0000E+00  0.2640E+03
     10.363  0.0000E+00  0.2640E+03
     10.381  0.0000E+00  0.2640E+03
     10.399  0.0000E+00  0.2640E+03
     10.418  0.0000E+00  0.2640E+03
     10.436  0.0000E+00  0.2640E+03
     10.455  0.0000E+00  0.2640E+03
     10.473  0.0000E+00  0.2640E+03
     10.491  0.3829E-04  0.2640E+03
     10.510  0.5128E-03  0.2640E+03
     10.528  0.1529E-02  0.2640E+03
     10.547  0.3087E-02  0.2640E+03
     10.565  0.5186E-02  0.2640E+03
     10.583  0.7828E-02  0.2640E+03
     10.602  0.1101E-01  0.2640E+03
     10.620  0.1473E-01  0.2640E+03
     10.639  0.1900E-01  0.2640E+03
     10.657  0.2381E-01  0.2640E+03
     10.676  0.2916E-01  0.2640E+03
     10.694  0.3505E-01  0.2640E+03
     10.712  0.4148E-01  0.2640E+03
     10.731  0.4846E-01  0.2640E+03
     10.749  0.5597E-01  0.2640E+03
     10.768  0.6403E-01  0.2640E+03
     10.786  0.7263E-01  0.2640E+03
     10.804  0.8177E-01  0.2640E+03
     10.823  0.9145E-01  0.2640E+03
     10.841  0.1017E+00  0.2640E+03
     10.860  0.1124E+00  0.2640E+03
     10.878  0.1238E+00  0.2640E+03
     10.896  0.1356E+00  0.2640E+03
     10.915  0.1480E+00  0.2640E+03
     10.933  0.1609E+00  0.2640E+03
     10.952  0.1744E+00  0.2640E+03
     10.970  0.1884E+00  0.2640E+03
     10.989  0.2030E+00  0.2640E+03
     11.007  0.2181E+00  0.2640E+03
     11.025  0.2337E+00  0.2640E+03
     11.044  0.2499E+00  0.2640E+03
     11.062  0.2666E+00  0.2641E+03
     11.081  0.2839E+00  0.2641E+03
     11.099  0.3017E+00  0.2641E+03
     11.117  0.3200E+00  0.2641E+03
     11.136  0.3389E+00  0.2641E+03
     11.154  0.3584E+00  0.2641E+03
     11.173  0.3783E+00  0.2641E+03
     11.191  0.3989E+00  0.2641E+03
     11.209  0.4199E+00  0.2641E+03
     11.228  0.4415E+00  0.2641E+03
     11.246  0.4637E+00  0.2641E+03
     11.265  0.4863E+00  0.2641E+03
     11.283  0.5096E+00  0.2641E+03
     11.302  0.5333E+00  0.2641E+03
     11.320  0.5576E+00  0.2642E+03
     11.338  0.5825E+00  0.2642E+03
     11.357  0.6079E+00  0.2642E+03
     11.375  0.6338E+00  0.2642E+03
     11.394  0.6603E+00  0.2642E+03
     11.412  0.6873E+00  0.2642E+03
     11.430  0.7149E+00  0.2642E+03
     11.449  0.7430E+00  0.2642E+03
     11.467  0.7716E+00  0.2643E+03
     11.486  0.8008E+00  0.2643E+03
     11.504  0.8305E+00  0.2643E+03
     11.523  0.8608E+00  0.2643E+03
     11.541  0.8916E+00  0.2643E+03
     11.559  0.9229E+00  0.2643E+03
     11.578  0.9548E+00  0.2643E+03
     11.596  0.9873E+00  0.2644E+03
     11.615  0.1020E+01  0.2644E+03
     11.633  0.1054E+01  0.2644E+03
     11.651  0.1088E+01  0.2644E+03
     11.670  0.1122E+01  0.2644E+03
     11.688  0.1158E+01  0.2645E+03
     11.707  0.1216E+01  0.2645E+03
     11.725  0.1280E+01  0.2645E+03
     11.743  0.1349E+01  0.2645E+03
     11.762  0.1457E+01  0.2646E+03
     11.780  0.1619E+01  0.2646E+03
     11.799  0.1798E+01  0.2646E+03
     11.817  0.1971E+01  0.2647E+03
     11.836  0.2138E+01  0.2647E+03
     11.854  0.2300E+01  0.2647E+03
     11.872  0.2456E+01  0.2648E+03
     11.891  0.2606E+01  0.2648E+03
     11.909  0.2750E+01  0.2649E+03
     11.928  0.2889E+01  0.2649E+03
     11.946  0.3022E+01  0.2650E+03
     11.964  0.3149E+01  0.2650E+03
     11.983  0.3270E+01  0.2651E+03
     12.001  0.3386E+01  0.2652E+03
     12.020  0.3496E+01  0.2652E+03
     12.038  0.3600E+01  0.2653E+03
     12.056  0.3698E+01  0.2654E+03
     12.075  0.3791E+01  0.2654E+03
     12.093  0.3878E+01  0.2655E+03
     12.112  0.3959E+01  0.2656E+03
     12.130  0.4035E+01  0.2656E+03
     12.149  0.4104E+01  0.2657E+03
     12.167  0.4168E+01  0.2658E+03
     12.185  0.4227E+01  0.2659E+03
     12.204  0.4279E+01  0.2659E+03
     12.222  0.4326E+01  0.2660E+03
     12.241  0.4367E+01  0.2661E+03
     12.259  0.4402E+01  0.2662E+03
     12.277  0.4432E+01  0.2663E+03
     12.296  0.4455E+01  0.2663E+03
     12.314  0.4473E+01  0.2664E+03
     12.333  0.4486E+01  0.2665E+03
     12.351  0.4492E+01  0.2666E+03
     12.369  0.4493E+01  0.2667E+03
     12.388  0.4488E+01  0.2668E+03
     12.406  0.4477E+01  0.2668E+03
     12.425  0.4461E+01  0.2669E+03
     12.443  0.4439E+01  0.2670E+03
     12.462  0.4411E+01  0.2671E+03
     12.480  0.4313E+01  0.2672E+03
     12.498  0.4060E+01  0.2672E+03
     12.517  0.3819E+01  0.2673E+03
     12.535  0.3546E+01  0.2674E+03
     12.554  0.3171E+01  0.2674E+03
     12.572  0.2722E+01  0.2675E+03
     12.590  0.2437E+01  0.2675E+03
     12.609  0.2243E+01  0.2676E+03
     12.627  0.2099E+01  0.2676E+03
     12.646  0.2060E+01  0.2677E+03
     12.664  0.2166E+01  0.2677E+03
     12.682  0.2325E+01  0.2678E+03
     12.701  0.2508E+01  0.2678E+03
     12.719  0.2695E+01  0.2678E+03
     12.738  0.2865E+01  0.2679E+03
     12.756  0.3012E+01  0.2679E+03
     12.775  0.3137E+01  0.2680E+03
     12.793  0.3239E+01  0.2681E+03
     12.811  0.3319E+01  0.2681E+03
     12.830  0.3377E+01  0.2682E+03
     12.848  0.3418E+01  0.2682E+03
     12.867  0.3451E+01  0.2683E+03
     12.885  0.3483E+01  0.2684E+03
     12.903  0.3512E+01  0.2684E+03
     12.922  0.3540E+01  0.2685E+03
     12.940  0.3566E+01  0.2686E+03
     12.959  0.3589E+01  0.2686E+03
     12.977  0.3611E+01  0.2687E+03
     12.995  0.3631E+01  0.2688E+03
     13.014  0.3651E+01  0.2688E+03
     13.032  0.3671E+01  0.2689E+03
     13.051  0.3692E+01  0.2690E+03
     13.069  0.3714E+01  0.2690E+03
     13.088  0.3738E+01  0.2691E+03
     13.106  0.3764E+01  0.2692E+03
     13.124  0.3794E+01  0.2692E+03
     13.143  0.3826E+01  0.2693E+03
     13.161  0.3861E+01  0.2694E+03
     13.180  0.3900E+01  0.2695E+03
     13.198  0.3941E+01  0.2695E+03
     13.216  0.3986E+01  0.2696E+03
     13.235  0.4033E+01  0.2697E+03
     13.253  0.4084E+01  0.2698E+03
     13.272  0.4137E+01  0.2698E+03
     13.290  0.4194E+01  0.2699E+03
     13.308  0.4254E+01  0.2700E+03
     13.327  0.4316E+01  0.2701E+03
     13.345  0.4382E+01  0.2701E+03
     13.364  0.4451E+01  0.2702E+03
     13.382  0.4523E+01  0.2703E+03
     13.401  0.4600E+01  0.2704E+03
     13.419  0.4684E+01  0.2705E+03
     13.437  0.4775E+01  0.2706E+03
     13.456  0.4872E+01  0.2707E+03
     13.474  0.4976E+01  0.2707E+03
     13.493  0.5087E+01  0.2708E+03
     13.511  0.5204E+01  0.2709E+03
     13.529  0.5328E+01  0.2710E+03
     13.548  0.5456E+01  0.2711E+03
     13.566  0.5590E+01  0.2712E+03
     13.585  0.5729E+01  0.2713E+03
     13.603  0.5873E+01  0.2714E+03
     13.621  0.6023E+01  0.2715E+03
     13.640  0.6177E+01  0.2717E+03
     13.658  0.6337E+01  0.2718E+03
     13.677  0.6502E+01  0.2719E+03
     13.695  0.6673E+01  0.2720E+03
     13.714  0.6848E+01  0.2721E+03
     13.732  0.7029E+01  0.2723E+03
     13.750  0.7215E+01  0.2724E+03
     13.769  0.7406E+01  0.2725E+03
     13.787  0.7602E+01  0.2727E+03
     13.806  0.7806E+01  0.2728E+03
     13.824  0.8026E+01  0.2730E+03
     13.842  0.8262E+01  0.2731E+03
     13.861  0.8516E+01  0.2733E+03
     13.879  0.8787E+01  0.2734E+03
     13.898  0.9075E+01  0.2736E+03
     13.916  0.9380E+01  0.2738E+03
     13.935  0.9702E+01  0.2739E+03
     13.953  0.1004E+02  0.2741E+03
     13.971  0.1040E+02  0.2743E+03
     13.990  0.1079E+02  0.2745E+03
     14.008  0.1132E+02  0.2747E+03
     14.027  0.1242E+02  0.2749E+03
     14.045  0.1400E+02  0.2752E+03
     14.063  0.1550E+02  0.2754E+03
     14.082  0.1724E+02  0.2757E+03
     14.100  0.1902E+02  0.2761E+03
     14.119  0.2082E+02  0.2764E+03
     14.137  0.2328E+02  0.2768E+03
     14.155  0.2528E+02  0.2773E+03
     14.174  0.2600E+02  0.2778E+03
     14.192  0.2633E+02  0.2782E+03
     14.211  0.2550E+02  0.2787E+03
     14.229  0.2320E+02  0.2792E+03
     14.248  0.2091E+02  0.2796E+03
     14.266  0.2084E+02  0.2800E+03
     14.284  0.2074E+02  0.2803E+03
     14.303  0.2056E+02  0.2807E+03
     14.321  0.2017E+02  0.2811E+03
     14.340  0.2183E+02  0.2815E+03
     14.358  0.2312E+02  0.2819E+03
     14.376  0.1835E+02  0.2823E+03
     14.395  0.1354E+02  0.2826E+03
     14.413  0.1483E+02  0.2828E+03
     14.432  0.2242E+02  0.2832E+03
     14.450  0.2754E+02  0.2836E+03
     14.468  0.1543E+02  0.2841E+03
     14.487  0.7533E+01  0.2842E+03
     14.505  0.7140E+01  0.2844E+03
     14.524  0.7708E+01  0.2845E+03
     14.542  0.1012E+02  0.2847E+03
     14.561  0.1191E+02  0.2849E+03
     14.579  0.1307E+02  0.2851E+03
     14.597  0.1366E+02  0.2854E+03
     14.616  0.1393E+02  0.2856E+03
     14.634  0.1371E+02  0.2859E+03
     14.653  0.1287E+02  0.2861E+03
     14.671  0.1200E+02  0.2863E+03
     14.689  0.1134E+02  0.2865E+03
     14.708  0.1091E+02  0.2868E+03
     14.726  0.1074E+02  0.2870E+03
     14.745  0.1067E+02  0.2872E+03
     14.763  0.1068E+02  0.2873E+03
     14.781  0.1070E+02  0.2875E+03
     14.800  0.1073E+02  0.2877E+03
     14.818  0.1076E+02  0.2879E+03
     14.837  0.1078E+02  0.2881E+03
     14.855  0.1081E+02  0.2883E+03
     14.874  0.1097E+02  0.2885E+03
     14.892  0.1120E+02  0.2887E+03
     14.910  0.1143E+02  0.2889E+03
     14.929  0.1165E+02  0.2892E+03
     14.947  0.1188E+02  0.2894E+03
     14.966  0.1212E+02  0.2896E+03
     14.984  0.1236E+02  0.2898E+03
     15.002  0.1261E+02  0.2901E+03
     15.021  0.1287E+02  0.2903E+03
     15.039  0.1313E+02  0.2905E+03
     15.058  0.1340E+02  0.2908E+03
     15.076  0.1368E+02  0.2910E+03
     15.094  0.1396E+02  0.2913E+03
     15.113  0.1428E+02  0.2915E+03
     15.131  0.1465E+02  0.2918E+03
     15.150  0.1506E+02  0.2921E+03
     15.168  0.1548E+02  0.2924E+03
     15.187  0.1592E+02  0.2926E+03
     15.205  0.1647E+02  0.2929E+03
     15.223  0.1702E+02  0.2933E+03
     15.242  0.1759E+02  0.2936E+03
     15.260  0.1818E+02  0.2939E+03
     15.279  0.1879E+02  0.2942E+03
     15.297  0.1936E+02  0.2946E+03
     15.315  0.1990E+02  0.2950E+03
     15.334  0.2041E+02  0.2953E+03
     15.352  0.2087E+02  0.2957E+03
     15.371  0.2171E+02  0.2961E+03
     15.389  0.2295E+02  0.2965E+03
     15.407  0.2391E+02  0.2969E+03
     15.426  0.2455E+02  0.2974E+03
     15.444  0.2422E+02  0.2978E+03
     15.463  0.2343E+02  0.2983E+03
     15.481  0.2238E+02  0.2987E+03
     15.500  0.2125E+02  0.2991E+03
     15.518  0.2024E+02  0.2995E+03
     15.536  0.1923E+02  0.2998E+03
     15.555  0.1786E+02  0.3002E+03
     15.573  0.1629E+02  0.3005E+03
     15.592  0.1494E+02  0.3008E+03
     15.610  0.1421E+02  0.3011E+03
     15.628  0.1410E+02  0.3013E+03
     15.647  0.1443E+02  0.3016E+03
     15.665  0.1503E+02  0.3018E+03
     15.684  0.1591E+02  0.3021E+03
     15.702  0.1607E+02  0.3024E+03
     15.720  0.1584E+02  0.3027E+03
     15.739  0.1570E+02  0.3030E+03
     15.757  0.1553E+02  0.3033E+03
     15.776  0.1516E+02  0.3036E+03
     15.794  0.1494E+02  0.3039E+03
     15.813  0.1468E+02  0.3041E+03
     15.831  0.1509E+02  0.3044E+03
     15.849  0.1603E+02  0.3047E+03
     15.868  0.1677E+02  0.3050E+03
     15.886  0.1792E+02  0.3053E+03
     15.905  0.1922E+02  0.3057E+03
     15.923  0.1845E+02  0.3060E+03
     15.941  0.1616E+02  0.3063E+03
     15.960  0.1521E+02  0.3066E+03
     15.978  0.1555E+02  0.3069E+03
     15.997  0.1695E+02  0.3072E+03
     16.015  0.1971E+02  0.3075E+03
     16.033  0.2373E+02  0.3079E+03
     16.052  0.2267E+02  0.3084E+03
     16.070  0.1679E+02  0.3087E+03
     16.089  0.1476E+02  0.3090E+03
     16.107  0.1671E+02  0.3093E+03
     16.126  0.1784E+02  0.3096E+03
     16.144  0.1814E+02  0.3099E+03
     16.162  0.1661E+02  0.3103E+03
     16.181  0.1588E+02  0.3106E+03
     16.199  0.1656E+02  0.3109E+03
     16.218  0.1709E+02  0.3112E+03
     16.236  0.1556E+02  0.3115E+03
     16.254  0.1537E+02  0.3118E+03
     16.273  0.1591E+02  0.3120E+03
     16.291  0.1635E+02  0.3123E+03
     16.310  0.1628E+02  0.3126E+03
     16.328  0.1611E+02  0.3129E+03
     16.346  0.1676E+02  0.3132E+03
     16.365  0.1741E+02  0.3136E+03
     16.383  0.1745E+02  0.3139E+03
     16.402  0.1684E+02  0.3142E+03
     16.420  0.1562E+02  0.3145E+03
     16.439  0.1457E+02  0.3148E+03
     16.457  0.1395E+02  0.3150E+03
     16.475  0.1370E+02  0.3153E+03
     16.494  0.1414E+02  0.3155E+03
     16.512  0.1485E+02  0.3158E+03
     16.531  0.1517E+02  0.3161E+03
     16.549  0.1512E+02  0.3164E+03
     16.567  0.1500E+02  0.3166E+03
     16.586  0.1554E+02  0.3169E+03
     16.604  0.1620E+02  0.3172E+03
     16.623  0.1706E+02  0.3175E+03
     16.641  0.1732E+02  0.3178E+03
     16.660  0.1721E+02  0.3182E+03
     16.678  0.1604E+02  0.3185E+03
     16.696  0.1469E+02  0.3188E+03
     16.715  0.1391E+02  0.3190E+03
     16.733  0.1363E+02  0.3193E+03
     16.752  0.1393E+02  0.3195E+03
     16.770  0.1538E+02  0.3198E+03
     16.788  0.1717E+02  0.3201E+03
     16.807  0.1878E+02  0.3204E+03
     16.825  0.1904E+02  0.3208E+03
     16.844  0.1767E+02  0.3211E+03
     16.862  0.1625E+02  0.3214E+03
     16.880  0.1715E+02  0.3217E+03
     16.899  0.1768E+02  0.3221E+03
     16.917  0.1701E+02  0.3224E+03
     16.936  0.1584E+02  0.3227E+03
     16.954  0.1439E+02  0.3230E+03
     16.973  0.1367E+02  0.3232E+03
     16.991  0.1369E+02  0.3235E+03
     17.009  0.1385E+02  0.3237E+03
     17.028  0.1370E+02  0.3240E+03
     17.046  0.1320E+02  0.3242E+03
     17.065  0.1234E+02  0.3245E+03
     17.083  0.1137E+02  0.3247E+03
     17.101  0.1038E+02  0.3249E+03
     17.120  0.9357E+01  0.3251E+03
     17.138  0.8718E+01  0.3252E+03
     17.157  0.8844E+01  0.3254E+03
     17.175  0.9609E+01  0.3255E+03
     17.193  0.1095E+02  0.3257E+03
     17.212  0.1265E+02  0.3260E+03
     17.230  0.1337E+02  0.3262E+03
     17.249  0.1290E+02  0.3264E+03
     17.267  0.1164E+02  0.3267E+03
     17.286  0.1064E+02  0.3269E+03
     17.304  0.9594E+01  0.3271E+03
     17.322  0.8457E+01  0.3272E+03
     17.341  0.7220E+01  0.3274E+03
     17.359  0.8944E+01  0.3275E+03
     17.378  0.1321E+02  0.3277E+03
     17.396  0.1719E+02  0.3280E+03
     17.414  0.1566E+02  0.3283E+03
     17.433  0.1319E+02  0.3286E+03
     17.451  0.1193E+02  0.3288E+03
     17.470  0.1191E+02  0.3290E+03
     17.488  0.1312E+02  0.3292E+03
     17.506  0.1524E+02  0.3295E+03
     17.525  0.1768E+02  0.3298E+03
     17.543  0.1942E+02  0.3302E+03
     17.562  0.1520E+02  0.3305E+03
     17.580  0.1224E+02  0.3307E+03
     17.599  0.1100E+02  0.3309E+03
     17.617  0.9823E+01  0.3311E+03
     17.635  0.8663E+01  0.3313E+03
     17.654  0.7505E+01  0.3314E+03
     17.672  0.6915E+01  0.3316E+03
     17.691  0.7062E+01  0.3317E+03
     17.709  0.7257E+01  0.3318E+03
     17.727  0.7715E+01  0.3320E+03
     17.746  0.8462E+01  0.3321E+03
     17.764  0.9258E+01  0.3323E+03
     17.783  0.9850E+01  0.3325E+03
     17.801  0.1025E+02  0.3327E+03
     17.819  0.1050E+02  0.3328E+03
     17.838  0.9897E+01  0.3330E+03
     17.856  0.8557E+01  0.3332E+03
     17.875  0.7520E+01  0.3334E+03
     17.893  0.8730E+01  0.3335E+03
     17.912  0.1193E+02  0.3337E+03
     17.930  0.1423E+02  0.3339E+03
     17.948  0.1541E+02  0.3342E+03
     17.967  0.1545E+02  0.3345E+03
     17.985  0.1438E+02  0.3348E+03
     18.004  0.1251E+02  0.3350E+03
     18.022  0.1063E+02  0.3352E+03
     18.040  0.8683E+01  0.3354E+03
     18.059  0.7535E+01  0.3356E+03
     18.077  0.6384E+01  0.3357E+03
     18.096  0.5190E+01  0.3358E+03
     18.114  0.3953E+01  0.3359E+03
     18.132  0.2673E+01  0.3359E+03
     18.151  0.1537E+01  0.3360E+03
     18.169  0.7129E+00  0.3360E+03
     18.188  0.2017E+00  0.3360E+03
     18.206  0.2905E-02  0.3360E+03
     18.225  0.0000E+00  0.3360E+03
     18.243  0.0000E+00  0.3360E+03
     18.261  0.0000E+00  0.3360E+03
     18.280  0.0000E+00  0.3360E+03
     18.298  0.0000E+00  0.3360E+03
     18.317  0.0000E+00  0.3360E+03
     18.335  0.0000E+00  0.3360E+03
     18.353  0.0000E+00  0.3360E+03
     18.372  0.0000E+00  0.3360E+03
     18.390  0.0000E+00  0.3360E+03
     18.409  0.0000E+00  0.3360E+03
     18.427  0.0000E+00  0.3360E+03
     18.445  0.0000E+00  0.3360E+03
     18.464  0.0000E+00  0.3360E+03
     18.482  0.0000E+00  0.3360E+03
     18.501  0.0000E+00  0.3360E+03
     18.519  0.0000E+00  0.3360E+03
     18.538  0.0000E+00  0.3360E+03
     18.556  0.0000E+00  0.3360E+03
     18.574  0.0000E+00  0.3360E+03
     18.593  0.0000E+00  0.3360E+03
     18.611  0.0000E+00  0.3360E+03
     18.630  0.0000E+00  0.3360E+03
     18.648  0.0000E+00  0.3360E+03
     18.666  0.0000E+00  0.3360E+03
     18.685  0.0000E+00  0.3360E+03
     18.703  0.0000E+00  0.3360E+03
     18.722  0.0000E+00  0.3360E+03
     18.740  0.0000E+00  0.3360E+03
     18.758  0.0000E+00  0.3360E+03
     18.777  0.0000E+00  0.3360E+03
     18.795  0.0000E+00  0.3360E+03
     18.814  0.0000E+00  0.3360E+03
     18.832  0.0000E+00  0.3360E+03
     18.851  0.0000E+00  0.3360E+03
     18.869  0.0000E+00  0.3360E+03
     18.887  0.0000E+00  0.3360E+03
     18.906  0.0000E+00  0.3360E+03
     18.924  0.0000E+00  0.3360E+03
     18.943  0.0000E+00  0.3360E+03
     18.961  0.0000E+00  0.3360E+03
     18.979  0.0000E+00  0.3360E+03
     18.998  0.0000E+00  0.3360E+03
     19.016  0.0000E+00  0.3360E+03
     19.035  0.0000E+00  0.3360E+03
     19.053  0.0000E+00  0.3360E+03
     19.072  0.0000E+00  0.3360E+03
     19.090  0.0000E+00  0.3360E+03
     19.108  0.0000E+00  0.3360E+03
     19.127  0.0000E+00  0.3360E+03
     19.145  0.0000E+00  0.3360E+03
     19.164  0.0000E+00  0.3360E+03
     19.182  0.0000E+00  0.3360E+03
     19.200  0.0000E+00  0.3360E+03
     19.219  0.0000E+00  0.3360E+03
     19.237  0.0000E+00  0.3360E+03
     19.256  0.0000E+00  0.3360E+03
     19.274  0.0000E+00  0.3360E+03
     19.292  0.0000E+00  0.3360E+03
     19.311  0.0000E+00  0.3360E+03
     19.329  0.0000E+00  0.3360E+03
     19.348  0.0000E+00  0.3360E+03
     19.366  0.0000E+00  0.3360E+03
     19.385  0.0000E+00  0.3360E+03
     19.403  0.0000E+00  0.3360E+03
     19.421  0.0000E+00  0.3360E+03
     19.440  0.0000E+00  0.3360E+03
     19.458  0.0000E+00  0.3360E+03
     19.477  0.0000E+00  0.3360E+03
     19.495  0.0000E+00  0.3360E+03
     19.513  0.0000E+00  0.3360E+03
     19.532  0.0000E+00  0.3360E+03
     19.550  0.0000E+00  0.3360E+03
     19.569  0.0000E+00  0.3360E+03
     19.587  0.0000E+00  0.3360E+03
     19.605  0.0000E+00  0.3360E+03
     19.624  0.0000E+00  0.3360E+03
     19.642  0.0000E+00  0.3360E+03
     19.661  0.0000E+00  0.3360E+03
     19.679  0.0000E+00  0.3360E+03
     19.698  0.0000E+00  0.3360E+03
     19.716  0.0000E+00  0.3360E+03
     19.734  0.0000E+00  0.3360E+03
     19.753  0.0000E+00  0.3360E+03
     19.771  0.0000E+00  0.3360E+03
     19.790  0.0000E+00  0.3360E+03
     19.808  0.0000E+00  0.3360E+03
     19.826  0.0000E+00  0.3360E+03
     19.845  0.0000E+00  0.3360E+03
     19.863  0.0000E+00  0.3360E+03
     19.882  0.0000E+00  0.3360E+03


