 Energy DOS Integrated_DOS
    -16.950  0.0000E+00  0.0000E+00
    -16.931  0.0000E+00  0.0000E+00
    -16.913  0.0000E+00  0.0000E+00
    -16.894  0.0000E+00  0.0000E+00
    -16.876  0.0000E+00  0.0000E+00
    -16.858  0.0000E+00  0.0000E+00
    -16.839  0.0000E+00  0.0000E+00
    -16.821  0.0000E+00  0.0000E+00
    -16.803  0.0000E+00  0.0000E+00
    -16.784  0.0000E+00  0.0000E+00
    -16.766  0.0000E+00  0.0000E+00
    -16.748  0.0000E+00  0.0000E+00
    -16.729  0.0000E+00  0.0000E+00
    -16.711  0.0000E+00  0.0000E+00
    -16.692  0.0000E+00  0.0000E+00
    -16.674  0.0000E+00  0.0000E+00
    -16.656  0.0000E+00  0.0000E+00
    -16.637  0.0000E+00  0.0000E+00
    -16.619  0.0000E+00  0.0000E+00
    -16.601  0.0000E+00  0.0000E+00
    -16.582  0.0000E+00  0.0000E+00
    -16.564  0.0000E+00  0.0000E+00
    -16.545  0.0000E+00  0.0000E+00
    -16.527  0.0000E+00  0.0000E+00
    -16.509  0.0000E+00  0.0000E+00
    -16.490  0.0000E+00  0.0000E+00
    -16.472  0.0000E+00  0.0000E+00
    -16.454  0.0000E+00  0.0000E+00
    -16.435  0.0000E+00  0.0000E+00
    -16.417  0.0000E+00  0.0000E+00
    -16.398  0.0000E+00  0.0000E+00
    -16.380  0.0000E+00  0.0000E+00
    -16.362  0.0000E+00  0.0000E+00
    -16.343  0.0000E+00  0.0000E+00
    -16.325  0.0000E+00  0.0000E+00
    -16.307  0.0000E+00  0.0000E+00
    -16.288  0.0000E+00  0.0000E+00
    -16.270  0.0000E+00  0.0000E+00
    -16.252  0.0000E+00  0.0000E+00
    -16.233  0.0000E+00  0.0000E+00
    -16.215  0.0000E+00  0.0000E+00
    -16.196  0.0000E+00  0.0000E+00
    -16.178  0.0000E+00  0.0000E+00
    -16.160  0.0000E+00  0.0000E+00
    -16.141  0.0000E+00  0.0000E+00
    -16.123  0.0000E+00  0.0000E+00
    -16.105  0.0000E+00  0.0000E+00
    -16.086  0.0000E+00  0.0000E+00
    -16.068  0.0000E+00  0.0000E+00
    -16.049  0.0000E+00  0.0000E+00
    -16.031  0.0000E+00  0.0000E+00
    -16.013  0.0000E+00  0.0000E+00
    -15.994  0.0000E+00  0.0000E+00
    -15.976  0.0000E+00  0.0000E+00
    -15.958  0.0000E+00  0.0000E+00
    -15.939  0.0000E+00  0.0000E+00
    -15.921  0.0000E+00  0.0000E+00
    -15.902  0.0000E+00  0.0000E+00
    -15.884  0.0000E+00  0.0000E+00
    -15.866  0.0000E+00  0.0000E+00
    -15.847  0.0000E+00  0.0000E+00
    -15.829  0.0000E+00  0.0000E+00
    -15.811  0.0000E+00  0.0000E+00
    -15.792  0.0000E+00  0.0000E+00
    -15.774  0.0000E+00  0.0000E+00
    -15.755  0.0000E+00  0.0000E+00
    -15.737  0.0000E+00  0.0000E+00
    -15.719  0.0000E+00  0.0000E+00
    -15.700  0.0000E+00  0.0000E+00
    -15.682  0.0000E+00  0.0000E+00
    -15.664  0.0000E+00  0.0000E+00
    -15.645  0.0000E+00  0.0000E+00
    -15.627  0.0000E+00  0.0000E+00
    -15.609  0.0000E+00  0.0000E+00
    -15.590  0.0000E+00  0.0000E+00
    -15.572  0.0000E+00  0.0000E+00
    -15.553  0.0000E+00  0.0000E+00
    -15.535  0.0000E+00  0.0000E+00
    -15.517  0.0000E+00  0.0000E+00
    -15.498  0.0000E+00  0.0000E+00
    -15.480  0.0000E+00  0.0000E+00
    -15.462  0.0000E+00  0.0000E+00
    -15.443  0.0000E+00  0.0000E+00
    -15.425  0.0000E+00  0.0000E+00
    -15.406  0.0000E+00  0.0000E+00
    -15.388  0.0000E+00  0.0000E+00
    -15.370  0.0000E+00  0.0000E+00
    -15.351  0.0000E+00  0.0000E+00
    -15.333  0.0000E+00  0.0000E+00
    -15.315  0.0000E+00  0.0000E+00
    -15.296  0.0000E+00  0.0000E+00
    -15.278  0.1036E-02  0.8648E-06
    -15.259  0.7192E-01  0.5004E-03
    -15.241  0.2542E+00  0.3325E-02
    -15.223  0.5478E+00  0.1052E-01
    -15.204  0.9529E+00  0.2414E-01
    -15.186  0.1469E+01  0.4621E-01
    -15.168  0.2097E+01  0.7880E-01
    -15.149  0.2836E+01  0.1239E+00
    -15.131  0.3687E+01  0.1837E+00
    -15.113  0.4649E+01  0.2601E+00
    -15.094  0.5659E+01  0.3550E+00
    -15.076  0.6468E+01  0.4667E+00
    -15.057  0.7093E+01  0.5915E+00
    -15.039  0.7534E+01  0.7262E+00
    -15.021  0.7790E+01  0.8672E+00
    -15.002  0.7862E+01  0.1011E+01
    -14.984  0.1030E+02  0.1170E+01
    -14.966  0.1335E+02  0.1389E+01
    -14.947  0.1537E+02  0.1654E+01
    -14.929  0.1635E+02  0.1947E+01
    -14.910  0.1629E+02  0.2248E+01
    -14.892  0.1523E+02  0.2539E+01
    -14.874  0.1341E+02  0.2803E+01
    -14.855  0.1196E+02  0.3034E+01
    -14.837  0.1111E+02  0.3245E+01
    -14.819  0.1036E+02  0.3442E+01
    -14.800  0.9698E+01  0.3626E+01
    -14.782  0.9140E+01  0.3799E+01
    -14.763  0.8680E+01  0.3963E+01
    -14.745  0.8317E+01  0.4119E+01
    -14.727  0.8053E+01  0.4269E+01
    -14.708  0.1044E+02  0.4425E+01
    -14.690  0.1313E+02  0.4657E+01
    -14.672  0.1352E+02  0.4902E+01
    -14.653  0.1381E+02  0.5153E+01
    -14.635  0.1399E+02  0.5408E+01
    -14.617  0.1412E+02  0.5666E+01
    -14.598  0.1438E+02  0.5928E+01
    -14.580  0.1481E+02  0.6196E+01
    -14.561  0.1540E+02  0.6473E+01
    -14.543  0.1615E+02  0.6763E+01
    -14.525  0.1704E+02  0.7067E+01
    -14.506  0.1800E+02  0.7389E+01
    -14.488  0.1903E+02  0.7729E+01
    -14.470  0.2011E+02  0.8088E+01
    -14.451  0.2123E+02  0.8468E+01
    -14.433  0.2241E+02  0.8869E+01
    -14.414  0.2366E+02  0.9292E+01
    -14.396  0.2540E+02  0.9739E+01
    -14.378  0.2884E+02  0.1024E+02
    -14.359  0.4285E+02  0.1086E+02
    -14.341  0.4122E+02  0.1163E+02
    -14.323  0.3748E+02  0.1236E+02
    -14.304  0.3164E+02  0.1300E+02
    -14.286  0.2387E+02  0.1351E+02
    -14.267  0.1967E+02  0.1390E+02
    -14.249  0.2181E+02  0.1427E+02
    -14.231  0.4322E+02  0.1491E+02
    -14.212  0.9440E+02  0.1570E+02
    -14.194  0.4573E+02  0.1650E+02
    -14.176  0.3631E+02  0.1732E+02
    -14.157  0.2625E+02  0.1785E+02
    -14.139  0.2202E+02  0.1830E+02
    -14.121  0.1826E+02  0.1867E+02
    -14.102  0.1791E+02  0.1898E+02
    -14.084  0.2260E+02  0.1935E+02
    -14.065  0.2638E+02  0.1981E+02
    -14.047  0.2923E+02  0.2032E+02
    -14.029  0.3095E+02  0.2087E+02
    -14.010  0.8910E+02  0.2186E+02
    -13.992  0.2816E+02  0.2300E+02
    -13.974  0.5683E+02  0.2372E+02
    -13.955  0.6946E+02  0.2493E+02
    -13.937  0.7093E+02  0.2623E+02
    -13.918  0.8953E+02  0.2765E+02
    -13.900  0.1139E+03  0.2959E+02
    -13.882  0.1069E+03  0.3162E+02
    -13.863  0.3722E+02  0.3334E+02
    -13.845  0.4912E+02  0.3412E+02
    -13.827  0.5902E+02  0.3512E+02
    -13.808  0.7526E+02  0.3634E+02
    -13.790  0.9193E+02  0.3771E+02
    -13.771  0.5187E+03  0.3993E+02
    -13.753  0.5149E+02  0.4229E+02
    -13.735  0.1419E+03  0.4378E+02
    -13.716  0.3536E+02  0.4541E+02
    -13.698  0.3961E+02  0.4609E+02
    -13.680  0.4620E+02  0.4688E+02
    -13.661  0.5353E+02  0.4779E+02
    -13.643  0.6490E+02  0.4888E+02
    -13.625  0.8032E+02  0.5020E+02
    -13.606  0.1746E+03  0.5231E+02
    -13.588  0.8977E+02  0.5422E+02
    -13.569  0.1936E+02  0.5594E+02
    -13.551  0.0000E+00  0.5600E+02
    -13.533  0.0000E+00  0.5600E+02
    -13.514  0.0000E+00  0.5600E+02
    -13.496  0.0000E+00  0.5600E+02
    -13.478  0.0000E+00  0.5600E+02
    -13.459  0.0000E+00  0.5600E+02
    -13.441  0.0000E+00  0.5600E+02
    -13.422  0.0000E+00  0.5600E+02
    -13.404  0.0000E+00  0.5600E+02
    -13.386  0.0000E+00  0.5600E+02
    -13.367  0.0000E+00  0.5600E+02
    -13.349  0.0000E+00  0.5600E+02
    -13.331  0.0000E+00  0.5600E+02
    -13.312  0.0000E+00  0.5600E+02
    -13.294  0.0000E+00  0.5600E+02
    -13.275  0.0000E+00  0.5600E+02
    -13.257  0.0000E+00  0.5600E+02
    -13.239  0.0000E+00  0.5600E+02
    -13.220  0.0000E+00  0.5600E+02
    -13.202  0.0000E+00  0.5600E+02
    -13.184  0.0000E+00  0.5600E+02
    -13.165  0.0000E+00  0.5600E+02
    -13.147  0.0000E+00  0.5600E+02
    -13.128  0.0000E+00  0.5600E+02
    -13.110  0.0000E+00  0.5600E+02
    -13.092  0.0000E+00  0.5600E+02
    -13.073  0.0000E+00  0.5600E+02
    -13.055  0.1935E+02  0.5612E+02
    -13.037  0.8947E+02  0.5704E+02
    -13.018  0.1187E+02  0.5796E+02
    -13.000  0.0000E+00  0.5800E+02
    -12.982  0.0000E+00  0.5800E+02
    -12.963  0.0000E+00  0.5800E+02
    -12.945  0.0000E+00  0.5800E+02
    -12.926  0.0000E+00  0.5800E+02
    -12.908  0.0000E+00  0.5800E+02
    -12.890  0.0000E+00  0.5800E+02
    -12.871  0.0000E+00  0.5800E+02
    -12.853  0.0000E+00  0.5800E+02
    -12.835  0.0000E+00  0.5800E+02
    -12.816  0.0000E+00  0.5800E+02
    -12.798  0.0000E+00  0.5800E+02
    -12.779  0.0000E+00  0.5800E+02
    -12.761  0.0000E+00  0.5800E+02
    -12.743  0.0000E+00  0.5800E+02
    -12.724  0.0000E+00  0.5800E+02
    -12.706  0.0000E+00  0.5800E+02
    -12.688  0.0000E+00  0.5800E+02
    -12.669  0.0000E+00  0.5800E+02
    -12.651  0.0000E+00  0.5800E+02
    -12.632  0.0000E+00  0.5800E+02
    -12.614  0.0000E+00  0.5800E+02
    -12.596  0.0000E+00  0.5800E+02
    -12.577  0.0000E+00  0.5800E+02
    -12.559  0.0000E+00  0.5800E+02
    -12.541  0.0000E+00  0.5800E+02
    -12.522  0.1751E+03  0.6037E+02
    -12.504  0.1679E+03  0.6364E+02
    -12.486  0.0000E+00  0.6400E+02
    -12.467  0.0000E+00  0.6400E+02
    -12.449  0.0000E+00  0.6400E+02
    -12.430  0.0000E+00  0.6400E+02
    -12.412  0.0000E+00  0.6400E+02
    -12.394  0.0000E+00  0.6400E+02
    -12.375  0.0000E+00  0.6400E+02
    -12.357  0.0000E+00  0.6400E+02
    -12.339  0.0000E+00  0.6400E+02
    -12.320  0.0000E+00  0.6400E+02
    -12.302  0.0000E+00  0.6400E+02
    -12.283  0.0000E+00  0.6400E+02
    -12.265  0.0000E+00  0.6400E+02
    -12.247  0.0000E+00  0.6400E+02
    -12.228  0.0000E+00  0.6400E+02
    -12.210  0.0000E+00  0.6400E+02
    -12.192  0.0000E+00  0.6400E+02
    -12.173  0.0000E+00  0.6400E+02
    -12.155  0.0000E+00  0.6400E+02
    -12.136  0.0000E+00  0.6400E+02
    -12.118  0.0000E+00  0.6400E+02
    -12.100  0.0000E+00  0.6400E+02
    -12.081  0.0000E+00  0.6400E+02
    -12.063  0.0000E+00  0.6400E+02
    -12.045  0.0000E+00  0.6400E+02
    -12.026  0.0000E+00  0.6400E+02
    -12.008  0.0000E+00  0.6400E+02
    -11.990  0.0000E+00  0.6400E+02
    -11.971  0.0000E+00  0.6400E+02
    -11.953  0.0000E+00  0.6400E+02
    -11.934  0.0000E+00  0.6400E+02
    -11.916  0.0000E+00  0.6400E+02
    -11.898  0.0000E+00  0.6400E+02
    -11.879  0.0000E+00  0.6400E+02
    -11.861  0.0000E+00  0.6400E+02
    -11.843  0.0000E+00  0.6400E+02
    -11.824  0.0000E+00  0.6400E+02
    -11.806  0.0000E+00  0.6400E+02
    -11.787  0.0000E+00  0.6400E+02
    -11.769  0.0000E+00  0.6400E+02
    -11.751  0.0000E+00  0.6400E+02
    -11.732  0.0000E+00  0.6400E+02
    -11.714  0.0000E+00  0.6400E+02
    -11.696  0.0000E+00  0.6400E+02
    -11.677  0.0000E+00  0.6400E+02
    -11.659  0.0000E+00  0.6400E+02
    -11.640  0.0000E+00  0.6400E+02
    -11.622  0.0000E+00  0.6400E+02
    -11.604  0.0000E+00  0.6400E+02
    -11.585  0.0000E+00  0.6400E+02
    -11.567  0.0000E+00  0.6400E+02
    -11.549  0.0000E+00  0.6400E+02
    -11.530  0.0000E+00  0.6400E+02
    -11.512  0.0000E+00  0.6400E+02
    -11.494  0.0000E+00  0.6400E+02
    -11.475  0.0000E+00  0.6400E+02
    -11.457  0.0000E+00  0.6400E+02
    -11.438  0.0000E+00  0.6400E+02
    -11.420  0.0000E+00  0.6400E+02
    -11.402  0.0000E+00  0.6400E+02
    -11.383  0.0000E+00  0.6400E+02
    -11.365  0.0000E+00  0.6400E+02
    -11.347  0.0000E+00  0.6400E+02
    -11.328  0.0000E+00  0.6400E+02
    -11.310  0.0000E+00  0.6400E+02
    -11.291  0.0000E+00  0.6400E+02
    -11.273  0.0000E+00  0.6400E+02
    -11.255  0.0000E+00  0.6400E+02
    -11.236  0.0000E+00  0.6400E+02
    -11.218  0.0000E+00  0.6400E+02
    -11.200  0.0000E+00  0.6400E+02
    -11.181  0.0000E+00  0.6400E+02
    -11.163  0.0000E+00  0.6400E+02
    -11.144  0.0000E+00  0.6400E+02
    -11.126  0.0000E+00  0.6400E+02
    -11.108  0.0000E+00  0.6400E+02
    -11.089  0.1438E+03  0.6411E+02
    -11.071  0.0000E+00  0.6600E+02
    -11.053  0.0000E+00  0.6600E+02
    -11.034  0.0000E+00  0.6600E+02
    -11.016  0.0000E+00  0.6600E+02
    -10.998  0.0000E+00  0.6600E+02
    -10.979  0.0000E+00  0.6600E+02
    -10.961  0.0000E+00  0.6600E+02
    -10.942  0.0000E+00  0.6600E+02
    -10.924  0.0000E+00  0.6600E+02
    -10.906  0.0000E+00  0.6600E+02
    -10.887  0.0000E+00  0.6600E+02
    -10.869  0.0000E+00  0.6600E+02
    -10.851  0.0000E+00  0.6600E+02
    -10.832  0.0000E+00  0.6600E+02
    -10.814  0.0000E+00  0.6600E+02
    -10.795  0.0000E+00  0.6600E+02
    -10.777  0.0000E+00  0.6600E+02
    -10.759  0.0000E+00  0.6600E+02
    -10.740  0.0000E+00  0.6600E+02
    -10.722  0.0000E+00  0.6600E+02
    -10.704  0.0000E+00  0.6600E+02
    -10.685  0.0000E+00  0.6600E+02
    -10.667  0.0000E+00  0.6600E+02
    -10.648  0.0000E+00  0.6600E+02
    -10.630  0.0000E+00  0.6600E+02
    -10.612  0.0000E+00  0.6600E+02
    -10.593  0.0000E+00  0.6600E+02
    -10.575  0.0000E+00  0.6600E+02
    -10.557  0.0000E+00  0.6600E+02
    -10.538  0.0000E+00  0.6600E+02
    -10.520  0.0000E+00  0.6600E+02
    -10.501  0.0000E+00  0.6600E+02
    -10.483  0.0000E+00  0.6600E+02
    -10.465  0.0000E+00  0.6600E+02
    -10.446  0.0000E+00  0.6600E+02
    -10.428  0.0000E+00  0.6600E+02
    -10.410  0.0000E+00  0.6600E+02
    -10.391  0.0000E+00  0.6600E+02
    -10.373  0.0000E+00  0.6600E+02
    -10.355  0.0000E+00  0.6600E+02
    -10.336  0.0000E+00  0.6600E+02
    -10.318  0.0000E+00  0.6600E+02
    -10.299  0.0000E+00  0.6600E+02
    -10.281  0.0000E+00  0.6600E+02
    -10.263  0.0000E+00  0.6600E+02
    -10.244  0.0000E+00  0.6600E+02
    -10.226  0.0000E+00  0.6600E+02
    -10.208  0.0000E+00  0.6600E+02
    -10.189  0.0000E+00  0.6600E+02
    -10.171  0.0000E+00  0.6600E+02
    -10.152  0.0000E+00  0.6600E+02
    -10.134  0.0000E+00  0.6600E+02
    -10.116  0.0000E+00  0.6600E+02
    -10.097  0.0000E+00  0.6600E+02
    -10.079  0.0000E+00  0.6600E+02
    -10.061  0.0000E+00  0.6600E+02
    -10.042  0.0000E+00  0.6600E+02
    -10.024  0.0000E+00  0.6600E+02
    -10.005  0.0000E+00  0.6600E+02
     -9.987  0.0000E+00  0.6600E+02
     -9.969  0.0000E+00  0.6600E+02
     -9.950  0.0000E+00  0.6600E+02
     -9.932  0.0000E+00  0.6600E+02
     -9.914  0.0000E+00  0.6600E+02
     -9.895  0.0000E+00  0.6600E+02
     -9.877  0.0000E+00  0.6600E+02
     -9.859  0.0000E+00  0.6600E+02
     -9.840  0.0000E+00  0.6600E+02
     -9.822  0.0000E+00  0.6600E+02
     -9.803  0.0000E+00  0.6600E+02
     -9.785  0.0000E+00  0.6600E+02
     -9.767  0.0000E+00  0.6600E+02
     -9.748  0.0000E+00  0.6600E+02
     -9.730  0.0000E+00  0.6600E+02
     -9.712  0.0000E+00  0.6600E+02
     -9.693  0.0000E+00  0.6600E+02
     -9.675  0.0000E+00  0.6600E+02
     -9.656  0.0000E+00  0.6600E+02
     -9.638  0.0000E+00  0.6600E+02
     -9.620  0.0000E+00  0.6600E+02
     -9.601  0.0000E+00  0.6600E+02
     -9.583  0.0000E+00  0.6600E+02
     -9.565  0.0000E+00  0.6600E+02
     -9.546  0.0000E+00  0.6600E+02
     -9.528  0.0000E+00  0.6600E+02
     -9.509  0.0000E+00  0.6600E+02
     -9.491  0.0000E+00  0.6600E+02
     -9.473  0.0000E+00  0.6600E+02
     -9.454  0.0000E+00  0.6600E+02
     -9.436  0.0000E+00  0.6600E+02
     -9.418  0.0000E+00  0.6600E+02
     -9.399  0.0000E+00  0.6600E+02
     -9.381  0.0000E+00  0.6600E+02
     -9.363  0.0000E+00  0.6600E+02
     -9.344  0.0000E+00  0.6600E+02
     -9.326  0.0000E+00  0.6600E+02
     -9.307  0.0000E+00  0.6600E+02
     -9.289  0.0000E+00  0.6600E+02
     -9.271  0.0000E+00  0.6600E+02
     -9.252  0.0000E+00  0.6600E+02
     -9.234  0.0000E+00  0.6600E+02
     -9.216  0.0000E+00  0.6600E+02
     -9.197  0.0000E+00  0.6600E+02
     -9.179  0.0000E+00  0.6600E+02
     -9.160  0.0000E+00  0.6600E+02
     -9.142  0.0000E+00  0.6600E+02
     -9.124  0.0000E+00  0.6600E+02
     -9.105  0.0000E+00  0.6600E+02
     -9.087  0.0000E+00  0.6600E+02
     -9.069  0.0000E+00  0.6600E+02
     -9.050  0.0000E+00  0.6600E+02
     -9.032  0.0000E+00  0.6600E+02
     -9.013  0.0000E+00  0.6600E+02
     -8.995  0.0000E+00  0.6600E+02
     -8.977  0.0000E+00  0.6600E+02
     -8.958  0.0000E+00  0.6600E+02
     -8.940  0.0000E+00  0.6600E+02
     -8.922  0.0000E+00  0.6600E+02
     -8.903  0.0000E+00  0.6600E+02
     -8.885  0.0000E+00  0.6600E+02
     -8.867  0.0000E+00  0.6600E+02
     -8.848  0.0000E+00  0.6600E+02
     -8.830  0.0000E+00  0.6600E+02
     -8.811  0.0000E+00  0.6600E+02
     -8.793  0.0000E+00  0.6600E+02
     -8.775  0.0000E+00  0.6600E+02
     -8.756  0.0000E+00  0.6600E+02
     -8.738  0.0000E+00  0.6600E+02
     -8.720  0.0000E+00  0.6600E+02
     -8.701  0.0000E+00  0.6600E+02
     -8.683  0.0000E+00  0.6600E+02
     -8.664  0.0000E+00  0.6600E+02
     -8.646  0.0000E+00  0.6600E+02
     -8.628  0.0000E+00  0.6600E+02
     -8.609  0.0000E+00  0.6600E+02
     -8.591  0.0000E+00  0.6600E+02
     -8.573  0.0000E+00  0.6600E+02
     -8.554  0.0000E+00  0.6600E+02
     -8.536  0.0000E+00  0.6600E+02
     -8.517  0.0000E+00  0.6600E+02
     -8.499  0.0000E+00  0.6600E+02
     -8.481  0.0000E+00  0.6600E+02
     -8.462  0.0000E+00  0.6600E+02
     -8.444  0.0000E+00  0.6600E+02
     -8.426  0.0000E+00  0.6600E+02
     -8.407  0.0000E+00  0.6600E+02
     -8.389  0.0000E+00  0.6600E+02
     -8.371  0.0000E+00  0.6600E+02
     -8.352  0.0000E+00  0.6600E+02
     -8.334  0.0000E+00  0.6600E+02
     -8.315  0.0000E+00  0.6600E+02
     -8.297  0.0000E+00  0.6600E+02
     -8.279  0.0000E+00  0.6600E+02
     -8.260  0.0000E+00  0.6600E+02
     -8.242  0.0000E+00  0.6600E+02
     -8.224  0.0000E+00  0.6600E+02
     -8.205  0.0000E+00  0.6600E+02
     -8.187  0.0000E+00  0.6600E+02
     -8.168  0.0000E+00  0.6600E+02
     -8.150  0.0000E+00  0.6600E+02
     -8.132  0.0000E+00  0.6600E+02
     -8.113  0.0000E+00  0.6600E+02
     -8.095  0.0000E+00  0.6600E+02
     -8.077  0.0000E+00  0.6600E+02
     -8.058  0.0000E+00  0.6600E+02
     -8.040  0.0000E+00  0.6600E+02
     -8.021  0.0000E+00  0.6600E+02
     -8.003  0.0000E+00  0.6600E+02
     -7.985  0.0000E+00  0.6600E+02
     -7.966  0.0000E+00  0.6600E+02
     -7.948  0.0000E+00  0.6600E+02
     -7.930  0.0000E+00  0.6600E+02
     -7.911  0.0000E+00  0.6600E+02
     -7.893  0.0000E+00  0.6600E+02
     -7.874  0.0000E+00  0.6600E+02
     -7.856  0.0000E+00  0.6600E+02
     -7.838  0.0000E+00  0.6600E+02
     -7.819  0.0000E+00  0.6600E+02
     -7.801  0.0000E+00  0.6600E+02
     -7.783  0.0000E+00  0.6600E+02
     -7.764  0.0000E+00  0.6600E+02
     -7.746  0.0000E+00  0.6600E+02
     -7.728  0.0000E+00  0.6600E+02
     -7.709  0.0000E+00  0.6600E+02
     -7.691  0.0000E+00  0.6600E+02
     -7.672  0.0000E+00  0.6600E+02
     -7.654  0.0000E+00  0.6600E+02
     -7.636  0.0000E+00  0.6600E+02
     -7.617  0.0000E+00  0.6600E+02
     -7.599  0.0000E+00  0.6600E+02
     -7.581  0.0000E+00  0.6600E+02
     -7.562  0.0000E+00  0.6600E+02
     -7.544  0.0000E+00  0.6600E+02
     -7.525  0.0000E+00  0.6600E+02
     -7.507  0.0000E+00  0.6600E+02
     -7.489  0.0000E+00  0.6600E+02
     -7.470  0.0000E+00  0.6600E+02
     -7.452  0.0000E+00  0.6600E+02
     -7.434  0.0000E+00  0.6600E+02
     -7.415  0.0000E+00  0.6600E+02
     -7.397  0.0000E+00  0.6600E+02
     -7.378  0.0000E+00  0.6600E+02
     -7.360  0.0000E+00  0.6600E+02
     -7.342  0.0000E+00  0.6600E+02
     -7.323  0.0000E+00  0.6600E+02
     -7.305  0.0000E+00  0.6600E+02
     -7.287  0.0000E+00  0.6600E+02
     -7.268  0.0000E+00  0.6600E+02
     -7.250  0.0000E+00  0.6600E+02
     -7.232  0.0000E+00  0.6600E+02
     -7.213  0.0000E+00  0.6600E+02
     -7.195  0.0000E+00  0.6600E+02
     -7.176  0.0000E+00  0.6600E+02
     -7.158  0.0000E+00  0.6600E+02
     -7.140  0.0000E+00  0.6600E+02
     -7.121  0.0000E+00  0.6600E+02
     -7.103  0.0000E+00  0.6600E+02
     -7.085  0.0000E+00  0.6600E+02
     -7.066  0.0000E+00  0.6600E+02
     -7.048  0.0000E+00  0.6600E+02
     -7.029  0.0000E+00  0.6600E+02
     -7.011  0.0000E+00  0.6600E+02
     -6.993  0.0000E+00  0.6600E+02
     -6.974  0.0000E+00  0.6600E+02
     -6.956  0.0000E+00  0.6600E+02
     -6.938  0.0000E+00  0.6600E+02
     -6.919  0.0000E+00  0.6600E+02
     -6.901  0.0000E+00  0.6600E+02
     -6.882  0.0000E+00  0.6600E+02
     -6.864  0.0000E+00  0.6600E+02
     -6.846  0.0000E+00  0.6600E+02
     -6.827  0.0000E+00  0.6600E+02
     -6.809  0.0000E+00  0.6600E+02
     -6.791  0.0000E+00  0.6600E+02
     -6.772  0.0000E+00  0.6600E+02
     -6.754  0.0000E+00  0.6600E+02
     -6.736  0.0000E+00  0.6600E+02
     -6.717  0.0000E+00  0.6600E+02
     -6.699  0.0000E+00  0.6600E+02
     -6.680  0.0000E+00  0.6600E+02
     -6.662  0.0000E+00  0.6600E+02
     -6.644  0.0000E+00  0.6600E+02
     -6.625  0.0000E+00  0.6600E+02
     -6.607  0.0000E+00  0.6600E+02
     -6.589  0.0000E+00  0.6600E+02
     -6.570  0.0000E+00  0.6600E+02
     -6.552  0.0000E+00  0.6600E+02
     -6.533  0.0000E+00  0.6600E+02
     -6.515  0.0000E+00  0.6600E+02
     -6.497  0.0000E+00  0.6600E+02
     -6.478  0.0000E+00  0.6600E+02
     -6.460  0.0000E+00  0.6600E+02
     -6.442  0.0000E+00  0.6600E+02
     -6.423  0.0000E+00  0.6600E+02
     -6.405  0.0000E+00  0.6600E+02
     -6.386  0.0000E+00  0.6600E+02
     -6.368  0.0000E+00  0.6600E+02
     -6.350  0.0000E+00  0.6600E+02
     -6.331  0.0000E+00  0.6600E+02
     -6.313  0.0000E+00  0.6600E+02
     -6.295  0.0000E+00  0.6600E+02
     -6.276  0.0000E+00  0.6600E+02
     -6.258  0.0000E+00  0.6600E+02
     -6.240  0.0000E+00  0.6600E+02
     -6.221  0.0000E+00  0.6600E+02
     -6.203  0.0000E+00  0.6600E+02
     -6.184  0.0000E+00  0.6600E+02
     -6.166  0.0000E+00  0.6600E+02
     -6.148  0.0000E+00  0.6600E+02
     -6.129  0.0000E+00  0.6600E+02
     -6.111  0.0000E+00  0.6600E+02
     -6.093  0.0000E+00  0.6600E+02
     -6.074  0.0000E+00  0.6600E+02
     -6.056  0.0000E+00  0.6600E+02
     -6.037  0.0000E+00  0.6600E+02
     -6.019  0.0000E+00  0.6600E+02
     -6.001  0.0000E+00  0.6600E+02
     -5.982  0.0000E+00  0.6600E+02
     -5.964  0.0000E+00  0.6600E+02
     -5.946  0.0000E+00  0.6600E+02
     -5.927  0.0000E+00  0.6600E+02
     -5.909  0.0000E+00  0.6600E+02
     -5.890  0.0000E+00  0.6600E+02
     -5.872  0.0000E+00  0.6600E+02
     -5.854  0.0000E+00  0.6600E+02
     -5.835  0.0000E+00  0.6600E+02
     -5.817  0.0000E+00  0.6600E+02
     -5.799  0.0000E+00  0.6600E+02
     -5.780  0.0000E+00  0.6600E+02
     -5.762  0.0000E+00  0.6600E+02
     -5.744  0.0000E+00  0.6600E+02
     -5.725  0.0000E+00  0.6600E+02
     -5.707  0.0000E+00  0.6600E+02
     -5.688  0.0000E+00  0.6600E+02
     -5.670  0.0000E+00  0.6600E+02
     -5.652  0.0000E+00  0.6600E+02
     -5.633  0.0000E+00  0.6600E+02
     -5.615  0.0000E+00  0.6600E+02
     -5.597  0.0000E+00  0.6600E+02
     -5.578  0.0000E+00  0.6600E+02
     -5.560  0.0000E+00  0.6600E+02
     -5.541  0.0000E+00  0.6600E+02
     -5.523  0.0000E+00  0.6600E+02
     -5.505  0.0000E+00  0.6600E+02
     -5.486  0.0000E+00  0.6600E+02
     -5.468  0.0000E+00  0.6600E+02
     -5.450  0.0000E+00  0.6600E+02
     -5.431  0.0000E+00  0.6600E+02
     -5.413  0.0000E+00  0.6600E+02
     -5.394  0.0000E+00  0.6600E+02
     -5.376  0.0000E+00  0.6600E+02
     -5.358  0.0000E+00  0.6600E+02
     -5.339  0.0000E+00  0.6600E+02
     -5.321  0.0000E+00  0.6600E+02
     -5.303  0.0000E+00  0.6600E+02
     -5.284  0.0000E+00  0.6600E+02
     -5.266  0.0000E+00  0.6600E+02
     -5.247  0.0000E+00  0.6600E+02
     -5.229  0.0000E+00  0.6600E+02
     -5.211  0.0000E+00  0.6600E+02
     -5.192  0.0000E+00  0.6600E+02
     -5.174  0.0000E+00  0.6600E+02
     -5.156  0.0000E+00  0.6600E+02
     -5.137  0.0000E+00  0.6600E+02
     -5.119  0.0000E+00  0.6600E+02
     -5.101  0.0000E+00  0.6600E+02
     -5.082  0.0000E+00  0.6600E+02
     -5.064  0.0000E+00  0.6600E+02
     -5.045  0.0000E+00  0.6600E+02
     -5.027  0.0000E+00  0.6600E+02
     -5.009  0.0000E+00  0.6600E+02
     -4.990  0.0000E+00  0.6600E+02
     -4.972  0.0000E+00  0.6600E+02
     -4.954  0.0000E+00  0.6600E+02
     -4.935  0.0000E+00  0.6600E+02
     -4.917  0.0000E+00  0.6600E+02
     -4.898  0.0000E+00  0.6600E+02
     -4.880  0.0000E+00  0.6600E+02
     -4.862  0.0000E+00  0.6600E+02
     -4.843  0.0000E+00  0.6600E+02
     -4.825  0.0000E+00  0.6600E+02
     -4.807  0.0000E+00  0.6600E+02
     -4.788  0.0000E+00  0.6600E+02
     -4.770  0.0000E+00  0.6600E+02
     -4.751  0.0000E+00  0.6600E+02
     -4.733  0.0000E+00  0.6600E+02
     -4.715  0.0000E+00  0.6600E+02
     -4.696  0.0000E+00  0.6600E+02
     -4.678  0.0000E+00  0.6600E+02
     -4.660  0.0000E+00  0.6600E+02
     -4.641  0.0000E+00  0.6600E+02
     -4.623  0.0000E+00  0.6600E+02
     -4.605  0.0000E+00  0.6600E+02
     -4.586  0.0000E+00  0.6600E+02
     -4.568  0.0000E+00  0.6600E+02
     -4.549  0.0000E+00  0.6600E+02
     -4.531  0.0000E+00  0.6600E+02
     -4.513  0.0000E+00  0.6600E+02
     -4.494  0.0000E+00  0.6600E+02
     -4.476  0.0000E+00  0.6600E+02
     -4.458  0.0000E+00  0.6600E+02
     -4.439  0.0000E+00  0.6600E+02
     -4.421  0.0000E+00  0.6600E+02
     -4.402  0.0000E+00  0.6600E+02
     -4.384  0.0000E+00  0.6600E+02
     -4.366  0.0000E+00  0.6600E+02
     -4.347  0.0000E+00  0.6600E+02
     -4.329  0.0000E+00  0.6600E+02
     -4.311  0.0000E+00  0.6600E+02
     -4.292  0.0000E+00  0.6600E+02
     -4.274  0.0000E+00  0.6600E+02
     -4.255  0.0000E+00  0.6600E+02
     -4.237  0.0000E+00  0.6600E+02
     -4.219  0.0000E+00  0.6600E+02
     -4.200  0.0000E+00  0.6600E+02
     -4.182  0.0000E+00  0.6600E+02
     -4.164  0.0000E+00  0.6600E+02
     -4.145  0.0000E+00  0.6600E+02
     -4.127  0.0000E+00  0.6600E+02
     -4.109  0.0000E+00  0.6600E+02
     -4.090  0.0000E+00  0.6600E+02
     -4.072  0.0000E+00  0.6600E+02
     -4.053  0.0000E+00  0.6600E+02
     -4.035  0.0000E+00  0.6600E+02
     -4.017  0.0000E+00  0.6600E+02
     -3.998  0.0000E+00  0.6600E+02
     -3.980  0.0000E+00  0.6600E+02
     -3.962  0.0000E+00  0.6600E+02
     -3.943  0.0000E+00  0.6600E+02
     -3.925  0.0000E+00  0.6600E+02
     -3.906  0.0000E+00  0.6600E+02
     -3.888  0.0000E+00  0.6600E+02
     -3.870  0.0000E+00  0.6600E+02
     -3.851  0.0000E+00  0.6600E+02
     -3.833  0.0000E+00  0.6600E+02
     -3.815  0.0000E+00  0.6600E+02
     -3.796  0.0000E+00  0.6600E+02
     -3.778  0.0000E+00  0.6600E+02
     -3.759  0.0000E+00  0.6600E+02
     -3.741  0.0000E+00  0.6600E+02
     -3.723  0.0000E+00  0.6600E+02
     -3.704  0.0000E+00  0.6600E+02
     -3.686  0.0000E+00  0.6600E+02
     -3.668  0.0000E+00  0.6600E+02
     -3.649  0.0000E+00  0.6600E+02
     -3.631  0.0000E+00  0.6600E+02
     -3.613  0.0000E+00  0.6600E+02
     -3.594  0.0000E+00  0.6600E+02
     -3.576  0.0000E+00  0.6600E+02
     -3.557  0.0000E+00  0.6600E+02
     -3.539  0.0000E+00  0.6600E+02
     -3.521  0.0000E+00  0.6600E+02
     -3.502  0.0000E+00  0.6600E+02
     -3.484  0.0000E+00  0.6600E+02
     -3.466  0.0000E+00  0.6600E+02
     -3.447  0.0000E+00  0.6600E+02
     -3.429  0.0000E+00  0.6600E+02
     -3.410  0.0000E+00  0.6600E+02
     -3.392  0.0000E+00  0.6600E+02
     -3.374  0.0000E+00  0.6600E+02
     -3.355  0.0000E+00  0.6600E+02
     -3.337  0.0000E+00  0.6600E+02
     -3.319  0.0000E+00  0.6600E+02
     -3.300  0.0000E+00  0.6600E+02
     -3.282  0.0000E+00  0.6600E+02
     -3.263  0.0000E+00  0.6600E+02
     -3.245  0.0000E+00  0.6600E+02
     -3.227  0.0000E+00  0.6600E+02
     -3.208  0.0000E+00  0.6600E+02
     -3.190  0.0000E+00  0.6600E+02
     -3.172  0.0000E+00  0.6600E+02
     -3.153  0.0000E+00  0.6600E+02
     -3.135  0.0000E+00  0.6600E+02
     -3.117  0.0000E+00  0.6600E+02
     -3.098  0.0000E+00  0.6600E+02
     -3.080  0.0000E+00  0.6600E+02
     -3.061  0.0000E+00  0.6600E+02
     -3.043  0.0000E+00  0.6600E+02
     -3.025  0.0000E+00  0.6600E+02
     -3.006  0.0000E+00  0.6600E+02
     -2.988  0.0000E+00  0.6600E+02
     -2.970  0.0000E+00  0.6600E+02
     -2.951  0.0000E+00  0.6600E+02
     -2.933  0.0000E+00  0.6600E+02
     -2.914  0.0000E+00  0.6600E+02
     -2.896  0.0000E+00  0.6600E+02
     -2.878  0.0000E+00  0.6600E+02
     -2.859  0.0000E+00  0.6600E+02
     -2.841  0.0000E+00  0.6600E+02
     -2.823  0.0000E+00  0.6600E+02
     -2.804  0.0000E+00  0.6600E+02
     -2.786  0.0000E+00  0.6600E+02
     -2.767  0.0000E+00  0.6600E+02
     -2.749  0.0000E+00  0.6600E+02
     -2.731  0.0000E+00  0.6600E+02
     -2.712  0.0000E+00  0.6600E+02
     -2.694  0.0000E+00  0.6600E+02
     -2.676  0.0000E+00  0.6600E+02
     -2.657  0.0000E+00  0.6600E+02
     -2.639  0.0000E+00  0.6600E+02
     -2.620  0.0000E+00  0.6600E+02
     -2.602  0.0000E+00  0.6600E+02
     -2.584  0.0000E+00  0.6600E+02
     -2.565  0.0000E+00  0.6600E+02
     -2.547  0.0000E+00  0.6600E+02
     -2.529  0.0000E+00  0.6600E+02
     -2.510  0.0000E+00  0.6600E+02
     -2.492  0.0000E+00  0.6600E+02
     -2.474  0.0000E+00  0.6600E+02
     -2.455  0.0000E+00  0.6600E+02
     -2.437  0.0000E+00  0.6600E+02
     -2.418  0.0000E+00  0.6600E+02
     -2.400  0.0000E+00  0.6600E+02
     -2.382  0.0000E+00  0.6600E+02
     -2.363  0.0000E+00  0.6600E+02
     -2.345  0.0000E+00  0.6600E+02
     -2.327  0.0000E+00  0.6600E+02
     -2.308  0.0000E+00  0.6600E+02
     -2.290  0.0000E+00  0.6600E+02
     -2.271  0.0000E+00  0.6600E+02
     -2.253  0.0000E+00  0.6600E+02
     -2.235  0.0000E+00  0.6600E+02
     -2.216  0.0000E+00  0.6600E+02
     -2.198  0.0000E+00  0.6600E+02
     -2.180  0.0000E+00  0.6600E+02
     -2.161  0.0000E+00  0.6600E+02
     -2.143  0.0000E+00  0.6600E+02
     -2.124  0.0000E+00  0.6600E+02
     -2.106  0.0000E+00  0.6600E+02
     -2.088  0.0000E+00  0.6600E+02
     -2.069  0.0000E+00  0.6600E+02
     -2.051  0.0000E+00  0.6600E+02
     -2.033  0.0000E+00  0.6600E+02
     -2.014  0.0000E+00  0.6600E+02
     -1.996  0.0000E+00  0.6600E+02
     -1.978  0.0000E+00  0.6600E+02
     -1.959  0.0000E+00  0.6600E+02
     -1.941  0.0000E+00  0.6600E+02
     -1.922  0.0000E+00  0.6600E+02
     -1.904  0.0000E+00  0.6600E+02
     -1.886  0.0000E+00  0.6600E+02
     -1.867  0.0000E+00  0.6600E+02
     -1.849  0.0000E+00  0.6600E+02
     -1.831  0.0000E+00  0.6600E+02
     -1.812  0.0000E+00  0.6600E+02
     -1.794  0.0000E+00  0.6600E+02
     -1.775  0.0000E+00  0.6600E+02
     -1.757  0.0000E+00  0.6600E+02
     -1.739  0.0000E+00  0.6600E+02
     -1.720  0.0000E+00  0.6600E+02
     -1.702  0.0000E+00  0.6600E+02
     -1.684  0.0000E+00  0.6600E+02
     -1.665  0.0000E+00  0.6600E+02
     -1.647  0.0000E+00  0.6600E+02
     -1.628  0.0000E+00  0.6600E+02
     -1.610  0.0000E+00  0.6600E+02
     -1.592  0.0000E+00  0.6600E+02
     -1.573  0.0000E+00  0.6600E+02
     -1.555  0.0000E+00  0.6600E+02
     -1.537  0.0000E+00  0.6600E+02
     -1.518  0.0000E+00  0.6600E+02
     -1.500  0.0000E+00  0.6600E+02
     -1.482  0.0000E+00  0.6600E+02
     -1.463  0.0000E+00  0.6600E+02
     -1.445  0.0000E+00  0.6600E+02
     -1.426  0.0000E+00  0.6600E+02
     -1.408  0.0000E+00  0.6600E+02
     -1.390  0.0000E+00  0.6600E+02
     -1.371  0.0000E+00  0.6600E+02
     -1.353  0.0000E+00  0.6600E+02
     -1.335  0.0000E+00  0.6600E+02
     -1.316  0.1505E-01  0.6600E+02
     -1.298  0.8735E-01  0.6600E+02
     -1.279  0.2326E+00  0.6600E+02
     -1.261  0.4526E+00  0.6601E+02
     -1.243  0.7472E+00  0.6602E+02
     -1.224  0.1116E+01  0.6604E+02
     -1.206  0.1560E+01  0.6606E+02
     -1.188  0.2079E+01  0.6610E+02
     -1.169  0.2672E+01  0.6614E+02
     -1.151  0.3340E+01  0.6619E+02
     -1.132  0.4083E+01  0.6626E+02
     -1.114  0.4901E+01  0.6634E+02
     -1.096  0.5793E+01  0.6644E+02
     -1.077  0.6759E+01  0.6656E+02
     -1.059  0.7801E+01  0.6669E+02
     -1.041  0.8917E+01  0.6685E+02
     -1.022  0.1011E+02  0.6702E+02
     -1.004  0.1137E+02  0.6722E+02
     -0.986  0.1271E+02  0.6744E+02
     -0.967  0.1413E+02  0.6768E+02
     -0.949  0.1568E+02  0.6796E+02
     -0.930  0.1870E+02  0.6827E+02
     -0.912  0.2386E+02  0.6866E+02
     -0.894  0.2793E+02  0.6914E+02
     -0.875  0.3063E+02  0.6968E+02
     -0.857  0.3195E+02  0.7026E+02
     -0.839  0.3190E+02  0.7085E+02
     -0.820  0.3858E+02  0.7149E+02
     -0.802  0.3999E+02  0.7222E+02
     -0.783  0.5099E+02  0.7302E+02
     -0.765  0.5912E+02  0.7403E+02
     -0.747  0.6878E+02  0.7522E+02
     -0.728  0.7194E+02  0.7652E+02
     -0.710  0.6934E+02  0.7782E+02
     -0.692  0.6205E+02  0.7904E+02
     -0.673  0.4986E+02  0.8008E+02
     -0.655  0.3021E+02  0.8081E+02
     -0.636  0.1537E+02  0.8122E+02
     -0.618  0.6771E+01  0.8142E+02
     -0.600  0.3969E+01  0.8151E+02
     -0.581  0.5500E+01  0.8159E+02
     -0.563  0.1395E+02  0.8176E+02
     -0.545  0.2157E+02  0.8209E+02
     -0.526  0.2751E+02  0.8254E+02
     -0.508  0.3220E+02  0.8309E+02
     -0.490  0.3564E+02  0.8372E+02
     -0.471  0.3783E+02  0.8439E+02
     -0.453  0.3878E+02  0.8510E+02
     -0.434  0.3848E+02  0.8581E+02
     -0.416  0.3694E+02  0.8651E+02
     -0.398  0.8133E+02  0.8740E+02
     -0.379  0.4310E+02  0.8853E+02
     -0.361  0.1463E+03  0.8993E+02
     -0.343  0.4266E+02  0.9109E+02
     -0.324  0.4517E+02  0.9189E+02
     -0.306  0.4837E+02  0.9275E+02
     -0.287  0.5030E+02  0.9365E+02
     -0.269  0.5074E+02  0.9459E+02
     -0.251  0.5384E+02  0.9556E+02
     -0.232  0.5339E+02  0.9654E+02
     -0.214  0.5315E+02  0.9752E+02
     -0.196  0.5350E+02  0.9850E+02
     -0.177  0.5441E+02  0.9949E+02
     -0.159  0.5590E+02  0.1005E+03
     -0.140  0.5670E+02  0.1015E+03
     -0.122  0.5320E+02  0.1025E+03
     -0.104  0.5163E+02  0.1035E+03
     -0.085  0.4702E+02  0.1044E+03
     -0.067  0.4029E+02  0.1052E+03
     -0.049  0.3712E+02  0.1059E+03
     -0.030  0.3411E+02  0.1066E+03
     -0.012  0.2963E+02  0.1072E+03
      0.007  0.2547E+02  0.1077E+03
      0.025  0.2319E+02  0.1081E+03
      0.043  0.2243E+02  0.1085E+03
      0.062  0.2242E+02  0.1090E+03
      0.080  0.2252E+02  0.1094E+03
      0.098  0.2265E+02  0.1098E+03
      0.117  0.2319E+02  0.1102E+03
      0.135  0.2393E+02  0.1106E+03
      0.153  0.2468E+02  0.1111E+03
      0.172  0.2543E+02  0.1115E+03
      0.190  0.2618E+02  0.1120E+03
      0.209  0.2694E+02  0.1125E+03
      0.227  0.2771E+02  0.1130E+03
      0.245  0.2847E+02  0.1135E+03
      0.264  0.2925E+02  0.1141E+03
      0.282  0.3003E+02  0.1146E+03
      0.300  0.3077E+02  0.1152E+03
      0.319  0.3101E+02  0.1157E+03
      0.337  0.3048E+02  0.1163E+03
      0.356  0.2919E+02  0.1168E+03
      0.374  0.2953E+02  0.1174E+03
      0.392  0.2898E+02  0.1179E+03
      0.411  0.1800E+02  0.1183E+03
      0.429  0.1503E+02  0.1187E+03
      0.447  0.1233E+02  0.1189E+03
      0.466  0.1209E+02  0.1191E+03
      0.484  0.1506E+02  0.1194E+03
      0.503  0.1611E+02  0.1197E+03
      0.521  0.1772E+02  0.1200E+03
      0.539  0.2567E+02  0.1204E+03
      0.558  0.2759E+02  0.1209E+03
      0.576  0.2978E+02  0.1214E+03
      0.594  0.3202E+02  0.1220E+03
      0.613  0.3457E+02  0.1226E+03
      0.631  0.3868E+02  0.1232E+03
      0.649  0.4014E+02  0.1240E+03
      0.668  0.3887E+02  0.1247E+03
      0.686  0.3558E+02  0.1254E+03
      0.705  0.2990E+02  0.1260E+03
      0.723  0.2480E+02  0.1265E+03
      0.741  0.2224E+02  0.1269E+03
      0.760  0.2061E+02  0.1273E+03
      0.778  0.1920E+02  0.1277E+03
      0.796  0.1800E+02  0.1280E+03
      0.815  0.1706E+02  0.1283E+03
      0.833  0.1650E+02  0.1286E+03
      0.852  0.1788E+02  0.1289E+03
      0.870  0.1910E+02  0.1293E+03
      0.888  0.2015E+02  0.1296E+03
      0.907  0.2102E+02  0.1300E+03
      0.925  0.2168E+02  0.1304E+03
      0.943  0.2202E+02  0.1308E+03
      0.962  0.2212E+02  0.1312E+03
      0.980  0.2185E+02  0.1316E+03
      0.999  0.2240E+02  0.1320E+03
      1.017  0.2262E+02  0.1324E+03
      1.035  0.2249E+02  0.1329E+03
      1.054  0.2201E+02  0.1333E+03
      1.072  0.2120E+02  0.1337E+03
      1.090  0.2029E+02  0.1341E+03
      1.109  0.2049E+02  0.1344E+03
      1.127  0.2061E+02  0.1348E+03
      1.145  0.2064E+02  0.1352E+03
      1.164  0.2060E+02  0.1356E+03
      1.182  0.2049E+02  0.1359E+03
      1.201  0.2029E+02  0.1363E+03
      1.219  0.2002E+02  0.1367E+03
      1.237  0.1966E+02  0.1370E+03
      1.256  0.1923E+02  0.1374E+03
      1.274  0.1872E+02  0.1378E+03
      1.292  0.1813E+02  0.1381E+03
      1.311  0.1747E+02  0.1384E+03
      1.329  0.1667E+02  0.1387E+03
      1.348  0.1375E+02  0.1390E+03
      1.366  0.1056E+02  0.1392E+03
      1.384  0.7307E+01  0.1394E+03
      1.403  0.6990E+01  0.1395E+03
      1.421  0.2770E+02  0.1399E+03
      1.439  0.3545E+02  0.1404E+03
      1.458  0.4029E+02  0.1412E+03
      1.476  0.4184E+02  0.1419E+03
      1.495  0.4149E+02  0.1427E+03
      1.513  0.4020E+02  0.1434E+03
      1.531  0.3861E+02  0.1442E+03
      1.550  0.3583E+02  0.1448E+03
      1.568  0.3204E+02  0.1455E+03
      1.586  0.3270E+02  0.1460E+03
      1.605  0.3843E+02  0.1467E+03
      1.623  0.4167E+02  0.1474E+03
      1.641  0.4244E+02  0.1482E+03
      1.660  0.4091E+02  0.1490E+03
      1.678  0.5045E+02  0.1501E+03
      1.697  0.3053E+02  0.1506E+03
      1.715  0.3589E+02  0.1512E+03
      1.733  0.4260E+02  0.1520E+03
      1.752  0.5052E+02  0.1528E+03
      1.770  0.5570E+02  0.1538E+03
      1.788  0.5811E+02  0.1549E+03
      1.807  0.5786E+02  0.1559E+03
      1.825  0.5455E+02  0.1570E+03
      1.844  0.4942E+02  0.1579E+03
      1.862  0.5070E+02  0.1588E+03
      1.880  0.5061E+02  0.1598E+03
      1.899  0.4925E+02  0.1607E+03
      1.917  0.4595E+02  0.1616E+03
      1.935  0.4121E+02  0.1624E+03
      1.954  0.4142E+02  0.1631E+03
      1.972  0.4119E+02  0.1639E+03
      1.991  0.4053E+02  0.1646E+03
      2.009  0.3944E+02  0.1654E+03
      2.027  0.3791E+02  0.1661E+03
      2.046  0.3643E+02  0.1668E+03
      2.064  0.3590E+02  0.1674E+03
      2.082  0.3537E+02  0.1681E+03
      2.101  0.3502E+02  0.1687E+03
      2.119  0.3486E+02  0.1694E+03
      2.137  0.3488E+02  0.1700E+03
      2.156  0.3508E+02  0.1706E+03
      2.174  0.3546E+02  0.1713E+03
      2.193  0.3963E+02  0.1720E+03
      2.211  0.7587E+02  0.1729E+03
      2.229  0.1242E+03  0.1747E+03
      2.248  0.3577E+03  0.1772E+03
      2.266  0.1383E+03  0.1792E+03
      2.284  0.7743E+02  0.1810E+03
      2.303  0.5585E+02  0.1822E+03
      2.321  0.6558E+02  0.1832E+03
      2.340  0.1017E+03  0.1848E+03
      2.358  0.1102E+03  0.1868E+03
      2.376  0.7935E+02  0.1886E+03
      2.395  0.4180E+02  0.1897E+03
      2.413  0.2769E+02  0.1903E+03
      2.431  0.3096E+02  0.1908E+03
      2.450  0.3193E+02  0.1914E+03
      2.468  0.2986E+02  0.1920E+03
      2.487  0.5134E+02  0.1926E+03
      2.505  0.1435E+03  0.1944E+03
      2.523  0.1215E+03  0.1971E+03
      2.542  0.8312E+02  0.1987E+03
      2.560  0.8914E+02  0.2003E+03
      2.578  0.1504E+03  0.2021E+03
      2.597  0.5212E+02  0.2036E+03
      2.615  0.4965E+02  0.2046E+03
      2.634  0.9629E+02  0.2060E+03
      2.652  0.6121E+02  0.2070E+03
      2.670  0.6626E+02  0.2082E+03
      2.689  0.6342E+02  0.2094E+03
      2.707  0.6056E+02  0.2105E+03
      2.725  0.7310E+02  0.2117E+03
      2.744  0.6630E+02  0.2130E+03
      2.762  0.5545E+02  0.2142E+03
      2.780  0.4640E+02  0.2151E+03
      2.799  0.4303E+02  0.2159E+03
      2.817  0.6997E+02  0.2169E+03
      2.836  0.9857E+02  0.2184E+03
      2.854  0.1201E+03  0.2205E+03
      2.872  0.1198E+03  0.2227E+03
      2.891  0.7674E+02  0.2246E+03
      2.909  0.2377E+02  0.2254E+03
      2.927  0.2398E+02  0.2258E+03
      2.946  0.5406E+02  0.2266E+03
      2.964  0.6145E+02  0.2277E+03
      2.983  0.5212E+02  0.2287E+03
      3.001  0.5157E+02  0.2296E+03
      3.019  0.5186E+02  0.2306E+03
      3.038  0.4892E+02  0.2315E+03
      3.056  0.4334E+02  0.2324E+03
      3.074  0.3602E+02  0.2331E+03
      3.093  0.3065E+02  0.2337E+03
      3.111  0.2657E+02  0.2342E+03
      3.130  0.2276E+02  0.2347E+03
      3.148  0.1921E+02  0.2351E+03
      3.166  0.1592E+02  0.2354E+03
      3.185  0.1222E+02  0.2356E+03
      3.203  0.1972E+02  0.2359E+03
      3.221  0.3994E+02  0.2364E+03
      3.240  0.5007E+02  0.2373E+03
      3.258  0.5003E+02  0.2382E+03
      3.276  0.3956E+02  0.2391E+03
      3.295  0.2391E+02  0.2396E+03
      3.313  0.9458E+01  0.2399E+03
      3.332  0.0000E+00  0.2400E+03
      3.350  0.0000E+00  0.2400E+03
      3.368  0.0000E+00  0.2400E+03
      3.387  0.0000E+00  0.2400E+03
      3.405  0.0000E+00  0.2400E+03
      3.423  0.0000E+00  0.2400E+03
      3.442  0.1250E+02  0.2400E+03
      3.460  0.3633E+02  0.2406E+03
      3.479  0.4946E+02  0.2418E+03
      3.497  0.3421E+02  0.2426E+03
      3.515  0.5544E+02  0.2436E+03
      3.534  0.2737E+02  0.2443E+03
      3.552  0.2107E+02  0.2447E+03
      3.570  0.1584E+02  0.2450E+03
      3.589  0.2097E+02  0.2453E+03
      3.607  0.4113E+02  0.2460E+03
      3.626  0.1051E+03  0.2469E+03
      3.644  0.3975E+02  0.2479E+03
      3.662  0.3256E+02  0.2485E+03
      3.681  0.2557E+02  0.2491E+03
      3.699  0.1880E+02  0.2495E+03
      3.717  0.1223E+02  0.2498E+03
      3.736  0.6024E+01  0.2499E+03
      3.754  0.1794E+01  0.2500E+03
      3.772  0.6932E+01  0.2500E+03
      3.791  0.1630E+02  0.2503E+03
      3.809  0.2356E+02  0.2506E+03
      3.828  0.2864E+02  0.2511E+03
      3.846  0.1133E+02  0.2516E+03
      3.864  0.3246E+02  0.2519E+03
      3.883  0.2309E+03  0.2534E+03
      3.901  0.4020E+02  0.2552E+03
      3.919  0.1969E+02  0.2557E+03
      3.938  0.6431E+01  0.2559E+03
      3.956  0.4080E+00  0.2560E+03
      3.975  0.0000E+00  0.2560E+03
      3.993  0.1503E-01  0.2560E+03
      4.011  0.8764E-01  0.2560E+03
      4.030  0.2204E+00  0.2560E+03
      4.048  0.4133E+00  0.2560E+03
      4.066  0.6664E+00  0.2560E+03
      4.085  0.9796E+00  0.2560E+03
      4.103  0.1353E+01  0.2561E+03
      4.122  0.1787E+01  0.2561E+03
      4.140  0.2280E+01  0.2561E+03
      4.158  0.2834E+01  0.2562E+03
      4.177  0.3448E+01  0.2562E+03
      4.195  0.4123E+01  0.2563E+03
      4.213  0.4887E+01  0.2564E+03
      4.232  0.5761E+01  0.2565E+03
      4.250  0.6745E+01  0.2566E+03
      4.268  0.7837E+01  0.2567E+03
      4.287  0.9039E+01  0.2569E+03
      4.305  0.1035E+02  0.2571E+03
      4.324  0.1821E+02  0.2573E+03
      4.342  0.2069E+02  0.2577E+03
      4.360  0.8741E+01  0.2580E+03
      4.379  0.0000E+00  0.2580E+03
      4.397  0.0000E+00  0.2580E+03
      4.415  0.0000E+00  0.2580E+03
      4.434  0.0000E+00  0.2580E+03
      4.452  0.0000E+00  0.2580E+03
      4.471  0.0000E+00  0.2580E+03
      4.489  0.0000E+00  0.2580E+03
      4.507  0.0000E+00  0.2580E+03
      4.526  0.0000E+00  0.2580E+03
      4.544  0.0000E+00  0.2580E+03
      4.562  0.0000E+00  0.2580E+03
      4.581  0.0000E+00  0.2580E+03
      4.599  0.0000E+00  0.2580E+03
      4.618  0.0000E+00  0.2580E+03
      4.636  0.0000E+00  0.2580E+03
      4.654  0.0000E+00  0.2580E+03
      4.673  0.0000E+00  0.2580E+03
      4.691  0.0000E+00  0.2580E+03
      4.709  0.0000E+00  0.2580E+03
      4.728  0.0000E+00  0.2580E+03
      4.746  0.0000E+00  0.2580E+03
      4.764  0.0000E+00  0.2580E+03
      4.783  0.0000E+00  0.2580E+03
      4.801  0.0000E+00  0.2580E+03
      4.820  0.0000E+00  0.2580E+03
      4.838  0.0000E+00  0.2580E+03
      4.856  0.0000E+00  0.2580E+03
      4.875  0.0000E+00  0.2580E+03
      4.893  0.0000E+00  0.2580E+03
      4.911  0.0000E+00  0.2580E+03
      4.930  0.0000E+00  0.2580E+03
      4.948  0.0000E+00  0.2580E+03
      4.967  0.0000E+00  0.2580E+03
      4.985  0.0000E+00  0.2580E+03
      5.003  0.0000E+00  0.2580E+03
      5.022  0.0000E+00  0.2580E+03
      5.040  0.0000E+00  0.2580E+03
      5.058  0.0000E+00  0.2580E+03
      5.077  0.0000E+00  0.2580E+03
      5.095  0.0000E+00  0.2580E+03
      5.114  0.0000E+00  0.2580E+03
      5.132  0.0000E+00  0.2580E+03
      5.150  0.0000E+00  0.2580E+03
      5.169  0.0000E+00  0.2580E+03
      5.187  0.0000E+00  0.2580E+03
      5.205  0.0000E+00  0.2580E+03
      5.224  0.0000E+00  0.2580E+03
      5.242  0.0000E+00  0.2580E+03
      5.261  0.0000E+00  0.2580E+03
      5.279  0.0000E+00  0.2580E+03
      5.297  0.0000E+00  0.2580E+03
      5.316  0.0000E+00  0.2580E+03
      5.334  0.0000E+00  0.2580E+03
      5.352  0.0000E+00  0.2580E+03
      5.371  0.0000E+00  0.2580E+03
      5.389  0.0000E+00  0.2580E+03
      5.407  0.0000E+00  0.2580E+03
      5.426  0.0000E+00  0.2580E+03
      5.444  0.0000E+00  0.2580E+03
      5.463  0.0000E+00  0.2580E+03
      5.481  0.0000E+00  0.2580E+03
      5.499  0.0000E+00  0.2580E+03
      5.518  0.0000E+00  0.2580E+03
      5.536  0.0000E+00  0.2580E+03
      5.554  0.0000E+00  0.2580E+03
      5.573  0.0000E+00  0.2580E+03
      5.591  0.0000E+00  0.2580E+03
      5.610  0.0000E+00  0.2580E+03
      5.628  0.0000E+00  0.2580E+03
      5.646  0.0000E+00  0.2580E+03
      5.665  0.0000E+00  0.2580E+03
      5.683  0.0000E+00  0.2580E+03
      5.701  0.0000E+00  0.2580E+03
      5.720  0.0000E+00  0.2580E+03
      5.738  0.0000E+00  0.2580E+03
      5.757  0.0000E+00  0.2580E+03
      5.775  0.0000E+00  0.2580E+03
      5.793  0.0000E+00  0.2580E+03
      5.812  0.0000E+00  0.2580E+03
      5.830  0.0000E+00  0.2580E+03
      5.848  0.0000E+00  0.2580E+03
      5.867  0.0000E+00  0.2580E+03
      5.885  0.0000E+00  0.2580E+03
      5.903  0.0000E+00  0.2580E+03
      5.922  0.0000E+00  0.2580E+03
      5.940  0.0000E+00  0.2580E+03
      5.959  0.0000E+00  0.2580E+03
      5.977  0.0000E+00  0.2580E+03
      5.995  0.0000E+00  0.2580E+03
      6.014  0.0000E+00  0.2580E+03
      6.032  0.0000E+00  0.2580E+03
      6.050  0.0000E+00  0.2580E+03
      6.069  0.4064E+02  0.2596E+03
      6.087  0.8468E+01  0.2600E+03
      6.106  0.2135E+02  0.2602E+03
      6.124  0.9244E+02  0.2611E+03
      6.142  0.6421E+02  0.2627E+03
      6.161  0.1314E+02  0.2640E+03
      6.179  0.0000E+00  0.2640E+03
      6.197  0.0000E+00  0.2640E+03
      6.216  0.0000E+00  0.2640E+03
      6.234  0.0000E+00  0.2640E+03
      6.253  0.0000E+00  0.2640E+03
      6.271  0.0000E+00  0.2640E+03
      6.289  0.0000E+00  0.2640E+03
      6.308  0.0000E+00  0.2640E+03
      6.326  0.0000E+00  0.2640E+03
      6.344  0.0000E+00  0.2640E+03
      6.363  0.0000E+00  0.2640E+03
      6.381  0.0000E+00  0.2640E+03
      6.399  0.0000E+00  0.2640E+03
      6.418  0.0000E+00  0.2640E+03
      6.436  0.0000E+00  0.2640E+03
      6.455  0.0000E+00  0.2640E+03
      6.473  0.0000E+00  0.2640E+03
      6.491  0.0000E+00  0.2640E+03
      6.510  0.0000E+00  0.2640E+03
      6.528  0.0000E+00  0.2640E+03
      6.546  0.0000E+00  0.2640E+03
      6.565  0.0000E+00  0.2640E+03
      6.583  0.0000E+00  0.2640E+03
      6.602  0.0000E+00  0.2640E+03
      6.620  0.0000E+00  0.2640E+03
      6.638  0.0000E+00  0.2640E+03
      6.657  0.0000E+00  0.2640E+03
      6.675  0.0000E+00  0.2640E+03
      6.693  0.0000E+00  0.2640E+03
      6.712  0.0000E+00  0.2640E+03
      6.730  0.0000E+00  0.2640E+03
      6.749  0.0000E+00  0.2640E+03
      6.767  0.0000E+00  0.2640E+03
      6.785  0.0000E+00  0.2640E+03
      6.804  0.0000E+00  0.2640E+03
      6.822  0.0000E+00  0.2640E+03
      6.840  0.0000E+00  0.2640E+03
      6.859  0.0000E+00  0.2640E+03
      6.877  0.0000E+00  0.2640E+03
      6.895  0.0000E+00  0.2640E+03
      6.914  0.0000E+00  0.2640E+03
      6.932  0.0000E+00  0.2640E+03
      6.951  0.0000E+00  0.2640E+03
      6.969  0.0000E+00  0.2640E+03
      6.987  0.0000E+00  0.2640E+03
      7.006  0.0000E+00  0.2640E+03
      7.024  0.0000E+00  0.2640E+03
      7.042  0.0000E+00  0.2640E+03
      7.061  0.0000E+00  0.2640E+03
      7.079  0.0000E+00  0.2640E+03
      7.098  0.0000E+00  0.2640E+03
      7.116  0.0000E+00  0.2640E+03
      7.134  0.0000E+00  0.2640E+03
      7.153  0.0000E+00  0.2640E+03
      7.171  0.0000E+00  0.2640E+03
      7.189  0.0000E+00  0.2640E+03
      7.208  0.0000E+00  0.2640E+03
      7.226  0.0000E+00  0.2640E+03
      7.245  0.0000E+00  0.2640E+03
      7.263  0.0000E+00  0.2640E+03
      7.281  0.0000E+00  0.2640E+03
      7.300  0.0000E+00  0.2640E+03
      7.318  0.0000E+00  0.2640E+03
      7.336  0.0000E+00  0.2640E+03
      7.355  0.0000E+00  0.2640E+03
      7.373  0.0000E+00  0.2640E+03
      7.391  0.0000E+00  0.2640E+03
      7.410  0.0000E+00  0.2640E+03
      7.428  0.0000E+00  0.2640E+03
      7.447  0.0000E+00  0.2640E+03
      7.465  0.0000E+00  0.2640E+03
      7.483  0.0000E+00  0.2640E+03
      7.502  0.0000E+00  0.2640E+03
      7.520  0.0000E+00  0.2640E+03
      7.538  0.0000E+00  0.2640E+03
      7.557  0.0000E+00  0.2640E+03
      7.575  0.0000E+00  0.2640E+03
      7.594  0.0000E+00  0.2640E+03
      7.612  0.0000E+00  0.2640E+03
      7.630  0.0000E+00  0.2640E+03
      7.649  0.0000E+00  0.2640E+03
      7.667  0.0000E+00  0.2640E+03
      7.685  0.0000E+00  0.2640E+03
      7.704  0.0000E+00  0.2640E+03
      7.722  0.0000E+00  0.2640E+03
      7.741  0.0000E+00  0.2640E+03
      7.759  0.0000E+00  0.2640E+03
      7.777  0.0000E+00  0.2640E+03
      7.796  0.0000E+00  0.2640E+03
      7.814  0.0000E+00  0.2640E+03
      7.832  0.0000E+00  0.2640E+03
      7.851  0.0000E+00  0.2640E+03
      7.869  0.0000E+00  0.2640E+03
      7.888  0.0000E+00  0.2640E+03
      7.906  0.0000E+00  0.2640E+03
      7.924  0.0000E+00  0.2640E+03
      7.943  0.0000E+00  0.2640E+03
      7.961  0.0000E+00  0.2640E+03
      7.979  0.0000E+00  0.2640E+03
      7.998  0.0000E+00  0.2640E+03
      8.016  0.0000E+00  0.2640E+03
      8.034  0.0000E+00  0.2640E+03
      8.053  0.0000E+00  0.2640E+03
      8.071  0.0000E+00  0.2640E+03
      8.090  0.0000E+00  0.2640E+03
      8.108  0.0000E+00  0.2640E+03
      8.126  0.0000E+00  0.2640E+03
      8.145  0.0000E+00  0.2640E+03
      8.163  0.0000E+00  0.2640E+03
      8.181  0.0000E+00  0.2640E+03
      8.200  0.0000E+00  0.2640E+03
      8.218  0.0000E+00  0.2640E+03
      8.237  0.0000E+00  0.2640E+03
      8.255  0.0000E+00  0.2640E+03
      8.273  0.0000E+00  0.2640E+03
      8.292  0.0000E+00  0.2640E+03
      8.310  0.0000E+00  0.2640E+03
      8.328  0.0000E+00  0.2640E+03
      8.347  0.0000E+00  0.2640E+03
      8.365  0.0000E+00  0.2640E+03
      8.384  0.0000E+00  0.2640E+03
      8.402  0.0000E+00  0.2640E+03
      8.420  0.0000E+00  0.2640E+03
      8.439  0.0000E+00  0.2640E+03
      8.457  0.0000E+00  0.2640E+03
      8.475  0.0000E+00  0.2640E+03
      8.494  0.0000E+00  0.2640E+03
      8.512  0.0000E+00  0.2640E+03
      8.530  0.0000E+00  0.2640E+03
      8.549  0.0000E+00  0.2640E+03
      8.567  0.0000E+00  0.2640E+03
      8.586  0.0000E+00  0.2640E+03
      8.604  0.0000E+00  0.2640E+03
      8.622  0.0000E+00  0.2640E+03
      8.641  0.0000E+00  0.2640E+03
      8.659  0.0000E+00  0.2640E+03
      8.677  0.0000E+00  0.2640E+03
      8.696  0.0000E+00  0.2640E+03
      8.714  0.0000E+00  0.2640E+03
      8.733  0.0000E+00  0.2640E+03
      8.751  0.0000E+00  0.2640E+03
      8.769  0.0000E+00  0.2640E+03
      8.788  0.0000E+00  0.2640E+03
      8.806  0.0000E+00  0.2640E+03
      8.824  0.0000E+00  0.2640E+03
      8.843  0.0000E+00  0.2640E+03
      8.861  0.0000E+00  0.2640E+03
      8.880  0.0000E+00  0.2640E+03
      8.898  0.0000E+00  0.2640E+03
      8.916  0.0000E+00  0.2640E+03
      8.935  0.0000E+00  0.2640E+03
      8.953  0.0000E+00  0.2640E+03
      8.971  0.0000E+00  0.2640E+03
      8.990  0.0000E+00  0.2640E+03
      9.008  0.0000E+00  0.2640E+03
      9.026  0.0000E+00  0.2640E+03
      9.045  0.0000E+00  0.2640E+03
      9.063  0.0000E+00  0.2640E+03
      9.082  0.0000E+00  0.2640E+03
      9.100  0.0000E+00  0.2640E+03
      9.118  0.0000E+00  0.2640E+03
      9.137  0.0000E+00  0.2640E+03
      9.155  0.0000E+00  0.2640E+03
      9.173  0.0000E+00  0.2640E+03
      9.192  0.0000E+00  0.2640E+03
      9.210  0.0000E+00  0.2640E+03
      9.229  0.0000E+00  0.2640E+03
      9.247  0.0000E+00  0.2640E+03
      9.265  0.0000E+00  0.2640E+03
      9.284  0.0000E+00  0.2640E+03
      9.302  0.0000E+00  0.2640E+03
      9.320  0.0000E+00  0.2640E+03
      9.339  0.0000E+00  0.2640E+03
      9.357  0.0000E+00  0.2640E+03
      9.376  0.0000E+00  0.2640E+03
      9.394  0.0000E+00  0.2640E+03
      9.412  0.0000E+00  0.2640E+03
      9.431  0.0000E+00  0.2640E+03
      9.449  0.0000E+00  0.2640E+03
      9.467  0.0000E+00  0.2640E+03
      9.486  0.0000E+00  0.2640E+03
      9.504  0.0000E+00  0.2640E+03
      9.522  0.0000E+00  0.2640E+03
      9.541  0.0000E+00  0.2640E+03
      9.559  0.0000E+00  0.2640E+03
      9.578  0.0000E+00  0.2640E+03
      9.596  0.0000E+00  0.2640E+03
      9.614  0.0000E+00  0.2640E+03
      9.633  0.0000E+00  0.2640E+03
      9.651  0.0000E+00  0.2640E+03
      9.669  0.0000E+00  0.2640E+03
      9.688  0.0000E+00  0.2640E+03
      9.706  0.0000E+00  0.2640E+03
      9.725  0.0000E+00  0.2640E+03
      9.743  0.0000E+00  0.2640E+03
      9.761  0.0000E+00  0.2640E+03
      9.780  0.0000E+00  0.2640E+03
      9.798  0.0000E+00  0.2640E+03
      9.816  0.0000E+00  0.2640E+03
      9.835  0.0000E+00  0.2640E+03
      9.853  0.0000E+00  0.2640E+03
      9.872  0.0000E+00  0.2640E+03
      9.890  0.0000E+00  0.2640E+03
      9.908  0.0000E+00  0.2640E+03
      9.927  0.0000E+00  0.2640E+03
      9.945  0.0000E+00  0.2640E+03
      9.963  0.0000E+00  0.2640E+03
      9.982  0.0000E+00  0.2640E+03
     10.000  0.0000E+00  0.2640E+03
     10.018  0.0000E+00  0.2640E+03
     10.037  0.0000E+00  0.2640E+03
     10.055  0.0000E+00  0.2640E+03
     10.074  0.0000E+00  0.2640E+03
     10.092  0.0000E+00  0.2640E+03
     10.110  0.0000E+00  0.2640E+03
     10.129  0.0000E+00  0.2640E+03
     10.147  0.0000E+00  0.2640E+03
     10.165  0.0000E+00  0.2640E+03
     10.184  0.0000E+00  0.2640E+03
     10.202  0.0000E+00  0.2640E+03
     10.221  0.0000E+00  0.2640E+03
     10.239  0.0000E+00  0.2640E+03
     10.257  0.0000E+00  0.2640E+03
     10.276  0.0000E+00  0.2640E+03
     10.294  0.0000E+00  0.2640E+03
     10.312  0.0000E+00  0.2640E+03
     10.331  0.0000E+00  0.2640E+03
     10.349  0.0000E+00  0.2640E+03
     10.368  0.0000E+00  0.2640E+03
     10.386  0.0000E+00  0.2640E+03
     10.404  0.0000E+00  0.2640E+03
     10.423  0.0000E+00  0.2640E+03
     10.441  0.9243E-04  0.2640E+03
     10.459  0.6764E-03  0.2640E+03
     10.478  0.1798E-02  0.2640E+03
     10.496  0.3457E-02  0.2640E+03
     10.515  0.5653E-02  0.2640E+03
     10.533  0.8387E-02  0.2640E+03
     10.551  0.1166E-01  0.2640E+03
     10.570  0.1547E-01  0.2640E+03
     10.588  0.1981E-01  0.2640E+03
     10.606  0.2470E-01  0.2640E+03
     10.625  0.3012E-01  0.2640E+03
     10.643  0.3608E-01  0.2640E+03
     10.661  0.4257E-01  0.2640E+03
     10.680  0.4961E-01  0.2640E+03
     10.698  0.5718E-01  0.2640E+03
     10.717  0.6529E-01  0.2640E+03
     10.735  0.7393E-01  0.2640E+03
     10.753  0.8312E-01  0.2640E+03
     10.772  0.9284E-01  0.2640E+03
     10.790  0.1031E+00  0.2640E+03
     10.808  0.1139E+00  0.2640E+03
     10.827  0.1252E+00  0.2640E+03
     10.845  0.1371E+00  0.2640E+03
     10.864  0.1495E+00  0.2640E+03
     10.882  0.1624E+00  0.2640E+03
     10.900  0.1759E+00  0.2640E+03
     10.919  0.1900E+00  0.2640E+03
     10.937  0.2045E+00  0.2640E+03
     10.955  0.2196E+00  0.2640E+03
     10.974  0.2352E+00  0.2640E+03
     10.992  0.2514E+00  0.2640E+03
     11.011  0.2681E+00  0.2641E+03
     11.029  0.2854E+00  0.2641E+03
     11.047  0.3031E+00  0.2641E+03
     11.066  0.3215E+00  0.2641E+03
     11.084  0.3403E+00  0.2641E+03
     11.102  0.3597E+00  0.2641E+03
     11.121  0.3797E+00  0.2641E+03
     11.139  0.4001E+00  0.2641E+03
     11.157  0.4211E+00  0.2641E+03
     11.176  0.4427E+00  0.2641E+03
     11.194  0.4648E+00  0.2641E+03
     11.213  0.4874E+00  0.2641E+03
     11.231  0.5105E+00  0.2641E+03
     11.249  0.5342E+00  0.2641E+03
     11.268  0.5585E+00  0.2642E+03
     11.286  0.5832E+00  0.2642E+03
     11.304  0.6085E+00  0.2642E+03
     11.323  0.6344E+00  0.2642E+03
     11.341  0.6608E+00  0.2642E+03
     11.360  0.6877E+00  0.2642E+03
     11.378  0.7151E+00  0.2642E+03
     11.396  0.7431E+00  0.2642E+03
     11.415  0.7717E+00  0.2643E+03
     11.433  0.8007E+00  0.2643E+03
     11.451  0.8304E+00  0.2643E+03
     11.470  0.8605E+00  0.2643E+03
     11.488  0.8912E+00  0.2643E+03
     11.507  0.9224E+00  0.2643E+03
     11.525  0.9542E+00  0.2643E+03
     11.543  0.9865E+00  0.2644E+03
     11.562  0.1019E+01  0.2644E+03
     11.580  0.1053E+01  0.2644E+03
     11.598  0.1087E+01  0.2644E+03
     11.617  0.1121E+01  0.2644E+03
     11.635  0.1158E+01  0.2645E+03
     11.653  0.1215E+01  0.2645E+03
     11.672  0.1278E+01  0.2645E+03
     11.690  0.1338E+01  0.2645E+03
     11.709  0.1413E+01  0.2646E+03
     11.727  0.1578E+01  0.2646E+03
     11.745  0.1765E+01  0.2646E+03
     11.764  0.1946E+01  0.2647E+03
     11.782  0.2120E+01  0.2647E+03
     11.800  0.2289E+01  0.2647E+03
     11.819  0.2451E+01  0.2648E+03
     11.837  0.2608E+01  0.2648E+03
     11.856  0.2758E+01  0.2649E+03
     11.874  0.2902E+01  0.2649E+03
     11.892  0.3040E+01  0.2650E+03
     11.911  0.3172E+01  0.2650E+03
     11.929  0.3298E+01  0.2651E+03
     11.947  0.3418E+01  0.2652E+03
     11.966  0.3531E+01  0.2652E+03
     11.984  0.3639E+01  0.2653E+03
     12.003  0.3740E+01  0.2653E+03
     12.021  0.3836E+01  0.2654E+03
     12.039  0.3925E+01  0.2655E+03
     12.058  0.4008E+01  0.2656E+03
     12.076  0.4085E+01  0.2656E+03
     12.094  0.4156E+01  0.2657E+03
     12.113  0.4221E+01  0.2658E+03
     12.131  0.4280E+01  0.2659E+03
     12.149  0.4333E+01  0.2659E+03
     12.168  0.4379E+01  0.2660E+03
     12.186  0.4420E+01  0.2661E+03
     12.205  0.4454E+01  0.2662E+03
     12.223  0.4482E+01  0.2663E+03
     12.241  0.4505E+01  0.2664E+03
     12.260  0.4521E+01  0.2664E+03
     12.278  0.4531E+01  0.2665E+03
     12.296  0.4535E+01  0.2666E+03
     12.315  0.4533E+01  0.2667E+03
     12.333  0.4524E+01  0.2668E+03
     12.352  0.4510E+01  0.2669E+03
     12.370  0.4490E+01  0.2669E+03
     12.388  0.4463E+01  0.2670E+03
     12.407  0.4430E+01  0.2671E+03
     12.425  0.4365E+01  0.2672E+03
     12.443  0.4163E+01  0.2673E+03
     12.462  0.3833E+01  0.2673E+03
     12.480  0.3401E+01  0.2674E+03
     12.499  0.2952E+01  0.2675E+03
     12.517  0.2553E+01  0.2675E+03
     12.535  0.2330E+01  0.2676E+03
     12.554  0.2230E+01  0.2676E+03
     12.572  0.2167E+01  0.2676E+03
     12.590  0.2193E+01  0.2677E+03
     12.609  0.2329E+01  0.2677E+03
     12.627  0.2513E+01  0.2678E+03
     12.645  0.2709E+01  0.2678E+03
     12.664  0.2897E+01  0.2679E+03
     12.682  0.3062E+01  0.2679E+03
     12.701  0.3196E+01  0.2680E+03
     12.719  0.3303E+01  0.2680E+03
     12.737  0.3394E+01  0.2681E+03
     12.756  0.3473E+01  0.2682E+03
     12.774  0.3540E+01  0.2682E+03
     12.792  0.3593E+01  0.2683E+03
     12.811  0.3634E+01  0.2684E+03
     12.829  0.3666E+01  0.2684E+03
     12.848  0.3696E+01  0.2685E+03
     12.866  0.3724E+01  0.2686E+03
     12.884  0.3750E+01  0.2686E+03
     12.903  0.3774E+01  0.2687E+03
     12.921  0.3796E+01  0.2688E+03
     12.939  0.3815E+01  0.2688E+03
     12.958  0.3833E+01  0.2689E+03
     12.976  0.3848E+01  0.2690E+03
     12.995  0.3861E+01  0.2690E+03
     13.013  0.3874E+01  0.2691E+03
     13.031  0.3887E+01  0.2692E+03
     13.050  0.3902E+01  0.2693E+03
     13.068  0.3920E+01  0.2693E+03
     13.086  0.3940E+01  0.2694E+03
     13.105  0.3963E+01  0.2695E+03
     13.123  0.3991E+01  0.2695E+03
     13.142  0.4023E+01  0.2696E+03
     13.160  0.4059E+01  0.2697E+03
     13.178  0.4098E+01  0.2698E+03
     13.197  0.4142E+01  0.2698E+03
     13.215  0.4189E+01  0.2699E+03
     13.233  0.4241E+01  0.2700E+03
     13.252  0.4296E+01  0.2701E+03
     13.270  0.4356E+01  0.2702E+03
     13.288  0.4419E+01  0.2702E+03
     13.307  0.4487E+01  0.2703E+03
     13.325  0.4558E+01  0.2704E+03
     13.344  0.4633E+01  0.2705E+03
     13.362  0.4712E+01  0.2706E+03
     13.380  0.4796E+01  0.2707E+03
     13.399  0.4883E+01  0.2708E+03
     13.417  0.4974E+01  0.2708E+03
     13.435  0.5072E+01  0.2709E+03
     13.454  0.5180E+01  0.2710E+03
     13.472  0.5296E+01  0.2711E+03
     13.491  0.5420E+01  0.2712E+03
     13.509  0.5549E+01  0.2713E+03
     13.527  0.5685E+01  0.2714E+03
     13.546  0.5826E+01  0.2715E+03
     13.564  0.5972E+01  0.2716E+03
     13.582  0.6125E+01  0.2718E+03
     13.601  0.6283E+01  0.2719E+03
     13.619  0.6446E+01  0.2720E+03
     13.638  0.6615E+01  0.2721E+03
     13.656  0.6790E+01  0.2722E+03
     13.674  0.6970E+01  0.2724E+03
     13.693  0.7156E+01  0.2725E+03
     13.711  0.7348E+01  0.2726E+03
     13.729  0.7545E+01  0.2728E+03
     13.748  0.7748E+01  0.2729E+03
     13.766  0.7956E+01  0.2730E+03
     13.784  0.8176E+01  0.2732E+03
     13.803  0.8434E+01  0.2733E+03
     13.821  0.8735E+01  0.2735E+03
     13.840  0.9077E+01  0.2737E+03
     13.858  0.9462E+01  0.2738E+03
     13.876  0.9901E+01  0.2740E+03
     13.895  0.1053E+02  0.2742E+03
     13.913  0.1168E+02  0.2744E+03
     13.931  0.1269E+02  0.2746E+03
     13.950  0.1355E+02  0.2749E+03
     13.968  0.1430E+02  0.2751E+03
     13.987  0.1498E+02  0.2754E+03
     14.005  0.1552E+02  0.2757E+03
     14.023  0.1592E+02  0.2760E+03
     14.042  0.1625E+02  0.2763E+03
     14.060  0.1750E+02  0.2766E+03
     14.078  0.1952E+02  0.2769E+03
     14.097  0.2133E+02  0.2773E+03
     14.115  0.2215E+02  0.2777E+03
     14.134  0.2122E+02  0.2781E+03
     14.152  0.2028E+02  0.2785E+03
     14.170  0.2062E+02  0.2788E+03
     14.189  0.2176E+02  0.2792E+03
     14.207  0.2300E+02  0.2796E+03
     14.225  0.2342E+02  0.2801E+03
     14.244  0.2277E+02  0.2805E+03
     14.262  0.1974E+02  0.2809E+03
     14.280  0.1821E+02  0.2812E+03
     14.299  0.1778E+02  0.2816E+03
     14.317  0.1890E+02  0.2819E+03
     14.336  0.2051E+02  0.2822E+03
     14.354  0.1839E+02  0.2826E+03
     14.372  0.7470E+01  0.2828E+03
     14.391  0.6536E+01  0.2830E+03
     14.409  0.8261E+01  0.2831E+03
     14.427  0.2480E+02  0.2834E+03
     14.446  0.2492E+02  0.2839E+03
     14.464  0.1949E+02  0.2843E+03
     14.483  0.1261E+02  0.2846E+03
     14.501  0.1276E+02  0.2848E+03
     14.519  0.1492E+02  0.2850E+03
     14.538  0.1589E+02  0.2853E+03
     14.556  0.1581E+02  0.2856E+03
     14.574  0.1483E+02  0.2859E+03
     14.593  0.1394E+02  0.2862E+03
     14.611  0.1322E+02  0.2864E+03
     14.630  0.1242E+02  0.2867E+03
     14.648  0.1205E+02  0.2869E+03
     14.666  0.1193E+02  0.2871E+03
     14.685  0.1188E+02  0.2873E+03
     14.703  0.1181E+02  0.2875E+03
     14.721  0.1173E+02  0.2878E+03
     14.740  0.1161E+02  0.2880E+03
     14.758  0.1142E+02  0.2882E+03
     14.776  0.1122E+02  0.2884E+03
     14.795  0.1105E+02  0.2886E+03
     14.813  0.1090E+02  0.2888E+03
     14.832  0.1075E+02  0.2890E+03
     14.850  0.1058E+02  0.2892E+03
     14.868  0.1041E+02  0.2894E+03
     14.887  0.1027E+02  0.2896E+03
     14.905  0.1027E+02  0.2898E+03
     14.923  0.1032E+02  0.2899E+03
     14.942  0.1042E+02  0.2901E+03
     14.960  0.1057E+02  0.2903E+03
     14.979  0.1076E+02  0.2905E+03
     14.997  0.1095E+02  0.2907E+03
     15.015  0.1122E+02  0.2909E+03
     15.034  0.1164E+02  0.2911E+03
     15.052  0.1221E+02  0.2914E+03
     15.070  0.1290E+02  0.2916E+03
     15.089  0.1361E+02  0.2918E+03
     15.107  0.1434E+02  0.2921E+03
     15.126  0.1510E+02  0.2924E+03
     15.144  0.1588E+02  0.2926E+03
     15.162  0.1670E+02  0.2929E+03
     15.181  0.1756E+02  0.2933E+03
     15.199  0.1845E+02  0.2936E+03
     15.217  0.1936E+02  0.2939E+03
     15.236  0.2022E+02  0.2943E+03
     15.254  0.2100E+02  0.2947E+03
     15.272  0.2175E+02  0.2951E+03
     15.291  0.2246E+02  0.2955E+03
     15.309  0.2305E+02  0.2959E+03
     15.328  0.2345E+02  0.2963E+03
     15.346  0.2362E+02  0.2968E+03
     15.364  0.2354E+02  0.2972E+03
     15.383  0.2305E+02  0.2976E+03
     15.401  0.2212E+02  0.2980E+03
     15.419  0.2169E+02  0.2984E+03
     15.438  0.2086E+02  0.2988E+03
     15.456  0.1991E+02  0.2992E+03
     15.475  0.1909E+02  0.2996E+03
     15.493  0.1819E+02  0.2999E+03
     15.511  0.1740E+02  0.3002E+03
     15.530  0.1675E+02  0.3005E+03
     15.548  0.1644E+02  0.3008E+03
     15.566  0.1724E+02  0.3012E+03
     15.585  0.1779E+02  0.3015E+03
     15.603  0.1800E+02  0.3018E+03
     15.622  0.1791E+02  0.3021E+03
     15.640  0.1753E+02  0.3025E+03
     15.658  0.1703E+02  0.3028E+03
     15.677  0.1563E+02  0.3031E+03
     15.695  0.1325E+02  0.3033E+03
     15.713  0.1148E+02  0.3036E+03
     15.732  0.1885E+02  0.3038E+03
     15.750  0.2530E+02  0.3043E+03
     15.769  0.2219E+02  0.3047E+03
     15.787  0.1823E+02  0.3051E+03
     15.805  0.1432E+02  0.3054E+03
     15.824  0.1057E+02  0.3056E+03
     15.842  0.8909E+01  0.3058E+03
     15.860  0.1080E+02  0.3060E+03
     15.879  0.1304E+02  0.3062E+03
     15.897  0.1564E+02  0.3064E+03
     15.915  0.1870E+02  0.3067E+03
     15.934  0.2719E+02  0.3071E+03
     15.952  0.3016E+02  0.3077E+03
     15.971  0.1055E+02  0.3081E+03
     15.989  0.6565E+01  0.3082E+03
     16.007  0.9010E+01  0.3083E+03
     16.026  0.1177E+02  0.3085E+03
     16.044  0.1452E+02  0.3088E+03
     16.062  0.1776E+02  0.3091E+03
     16.081  0.2128E+02  0.3094E+03
     16.099  0.2191E+02  0.3098E+03
     16.118  0.1532E+02  0.3102E+03
     16.136  0.1137E+02  0.3104E+03
     16.154  0.1009E+02  0.3106E+03
     16.173  0.1151E+02  0.3108E+03
     16.191  0.1334E+02  0.3110E+03
     16.209  0.1518E+02  0.3113E+03
     16.228  0.1696E+02  0.3116E+03
     16.246  0.1889E+02  0.3119E+03
     16.265  0.2127E+02  0.3123E+03
     16.283  0.2083E+02  0.3127E+03
     16.301  0.1783E+02  0.3130E+03
     16.320  0.1652E+02  0.3134E+03
     16.338  0.1620E+02  0.3137E+03
     16.356  0.1657E+02  0.3140E+03
     16.375  0.1652E+02  0.3143E+03
     16.393  0.1602E+02  0.3146E+03
     16.411  0.1598E+02  0.3149E+03
     16.430  0.1587E+02  0.3151E+03
     16.448  0.1589E+02  0.3154E+03
     16.467  0.1552E+02  0.3157E+03
     16.485  0.1497E+02  0.3160E+03
     16.503  0.1409E+02  0.3163E+03
     16.522  0.1372E+02  0.3165E+03
     16.540  0.1400E+02  0.3168E+03
     16.558  0.1554E+02  0.3170E+03
     16.577  0.1856E+02  0.3174E+03
     16.595  0.1537E+02  0.3177E+03
     16.614  0.1260E+02  0.3179E+03
     16.632  0.1043E+02  0.3181E+03
     16.650  0.9489E+01  0.3183E+03
     16.669  0.1044E+02  0.3185E+03
     16.687  0.1350E+02  0.3187E+03
     16.705  0.1501E+02  0.3190E+03
     16.724  0.1529E+02  0.3193E+03
     16.742  0.1434E+02  0.3195E+03
     16.761  0.1216E+02  0.3198E+03
     16.779  0.1628E+02  0.3200E+03
     16.797  0.2123E+02  0.3204E+03
     16.816  0.2114E+02  0.3208E+03
     16.834  0.1998E+02  0.3212E+03
     16.852  0.1689E+02  0.3215E+03
     16.871  0.1227E+02  0.3218E+03
     16.889  0.7794E+01  0.3220E+03
     16.907  0.5801E+01  0.3221E+03
     16.926  0.8879E+01  0.3222E+03
     16.944  0.1543E+02  0.3224E+03
     16.963  0.1630E+02  0.3228E+03
     16.981  0.1028E+02  0.3230E+03
     16.999  0.1066E+02  0.3232E+03
     17.018  0.1232E+02  0.3234E+03
     17.036  0.1498E+02  0.3236E+03
     17.054  0.1860E+02  0.3239E+03
     17.073  0.2119E+02  0.3243E+03
     17.091  0.1893E+02  0.3247E+03
     17.110  0.1709E+02  0.3250E+03
     17.128  0.1576E+02  0.3253E+03
     17.146  0.1492E+02  0.3256E+03
     17.165  0.1425E+02  0.3258E+03
     17.183  0.1371E+02  0.3261E+03
     17.201  0.1401E+02  0.3264E+03
     17.220  0.1410E+02  0.3266E+03
     17.238  0.1319E+02  0.3269E+03
     17.257  0.1165E+02  0.3271E+03
     17.275  0.9863E+01  0.3273E+03
     17.293  0.8106E+01  0.3275E+03
     17.312  0.6603E+01  0.3276E+03
     17.330  0.7101E+01  0.3277E+03
     17.348  0.1240E+02  0.3279E+03
     17.367  0.1602E+02  0.3282E+03
     17.385  0.1640E+02  0.3285E+03
     17.403  0.1461E+02  0.3287E+03
     17.422  0.1284E+02  0.3290E+03
     17.440  0.1104E+02  0.3292E+03
     17.459  0.9184E+01  0.3294E+03
     17.477  0.7492E+01  0.3296E+03
     17.495  0.9425E+01  0.3297E+03
     17.514  0.1863E+02  0.3299E+03
     17.532  0.1771E+02  0.3303E+03
     17.550  0.1518E+02  0.3306E+03
     17.569  0.1296E+02  0.3309E+03
     17.587  0.1103E+02  0.3311E+03
     17.606  0.9391E+01  0.3313E+03
     17.624  0.8009E+01  0.3315E+03
     17.642  0.6798E+01  0.3316E+03
     17.661  0.1108E+02  0.3317E+03
     17.679  0.1747E+02  0.3320E+03
     17.697  0.1954E+02  0.3323E+03
     17.716  0.1820E+02  0.3327E+03
     17.734  0.1616E+02  0.3330E+03
     17.753  0.1386E+02  0.3333E+03
     17.771  0.1141E+02  0.3335E+03
     17.789  0.8878E+01  0.3337E+03
     17.808  0.6406E+01  0.3338E+03
     17.826  0.3866E+01  0.3339E+03
     17.844  0.1417E+01  0.3340E+03
     17.863  0.1317E+00  0.3340E+03
     17.881  0.2368E+00  0.3340E+03
     17.899  0.7504E+01  0.3341E+03
     17.918  0.1476E+02  0.3343E+03
     17.936  0.1772E+02  0.3346E+03
     17.955  0.1677E+02  0.3349E+03
     17.973  0.1557E+02  0.3352E+03
     17.991  0.1316E+02  0.3355E+03
     18.010  0.9925E+01  0.3357E+03
     18.028  0.6868E+01  0.3358E+03
     18.046  0.4027E+01  0.3359E+03
     18.065  0.1869E+01  0.3360E+03
     18.083  0.5287E+00  0.3360E+03
     18.102  0.7613E-02  0.3360E+03
     18.120  0.0000E+00  0.3360E+03
     18.138  0.0000E+00  0.3360E+03
     18.157  0.0000E+00  0.3360E+03
     18.175  0.0000E+00  0.3360E+03
     18.193  0.0000E+00  0.3360E+03
     18.212  0.0000E+00  0.3360E+03
     18.230  0.0000E+00  0.3360E+03
     18.249  0.0000E+00  0.3360E+03
     18.267  0.0000E+00  0.3360E+03
     18.285  0.0000E+00  0.3360E+03
     18.304  0.0000E+00  0.3360E+03
     18.322  0.0000E+00  0.3360E+03
     18.340  0.0000E+00  0.3360E+03
     18.359  0.0000E+00  0.3360E+03
     18.377  0.0000E+00  0.3360E+03
     18.396  0.0000E+00  0.3360E+03
     18.414  0.0000E+00  0.3360E+03
     18.432  0.0000E+00  0.3360E+03
     18.451  0.0000E+00  0.3360E+03
     18.469  0.0000E+00  0.3360E+03
     18.487  0.0000E+00  0.3360E+03
     18.506  0.0000E+00  0.3360E+03
     18.524  0.0000E+00  0.3360E+03
     18.542  0.0000E+00  0.3360E+03
     18.561  0.0000E+00  0.3360E+03
     18.579  0.0000E+00  0.3360E+03
     18.598  0.0000E+00  0.3360E+03
     18.616  0.0000E+00  0.3360E+03
     18.634  0.0000E+00  0.3360E+03
     18.653  0.0000E+00  0.3360E+03
     18.671  0.0000E+00  0.3360E+03
     18.689  0.0000E+00  0.3360E+03
     18.708  0.0000E+00  0.3360E+03
     18.726  0.0000E+00  0.3360E+03
     18.745  0.0000E+00  0.3360E+03
     18.763  0.0000E+00  0.3360E+03
     18.781  0.0000E+00  0.3360E+03
     18.800  0.0000E+00  0.3360E+03
     18.818  0.0000E+00  0.3360E+03
     18.836  0.0000E+00  0.3360E+03
     18.855  0.0000E+00  0.3360E+03
     18.873  0.0000E+00  0.3360E+03
     18.892  0.0000E+00  0.3360E+03
     18.910  0.0000E+00  0.3360E+03
     18.928  0.0000E+00  0.3360E+03
     18.947  0.0000E+00  0.3360E+03
     18.965  0.0000E+00  0.3360E+03
     18.983  0.0000E+00  0.3360E+03
     19.002  0.0000E+00  0.3360E+03
     19.020  0.0000E+00  0.3360E+03
     19.038  0.0000E+00  0.3360E+03
     19.057  0.0000E+00  0.3360E+03
     19.075  0.0000E+00  0.3360E+03
     19.094  0.0000E+00  0.3360E+03
     19.112  0.0000E+00  0.3360E+03
     19.130  0.0000E+00  0.3360E+03
     19.149  0.0000E+00  0.3360E+03
     19.167  0.0000E+00  0.3360E+03
     19.185  0.0000E+00  0.3360E+03
     19.204  0.0000E+00  0.3360E+03
     19.222  0.0000E+00  0.3360E+03
     19.241  0.0000E+00  0.3360E+03
     19.259  0.0000E+00  0.3360E+03
     19.277  0.0000E+00  0.3360E+03
     19.296  0.0000E+00  0.3360E+03
     19.314  0.0000E+00  0.3360E+03
     19.332  0.0000E+00  0.3360E+03
     19.351  0.0000E+00  0.3360E+03
     19.369  0.0000E+00  0.3360E+03
     19.388  0.0000E+00  0.3360E+03
     19.406  0.0000E+00  0.3360E+03
     19.424  0.0000E+00  0.3360E+03
     19.443  0.0000E+00  0.3360E+03
     19.461  0.0000E+00  0.3360E+03
     19.479  0.0000E+00  0.3360E+03
     19.498  0.0000E+00  0.3360E+03
     19.516  0.0000E+00  0.3360E+03
     19.534  0.0000E+00  0.3360E+03
     19.553  0.0000E+00  0.3360E+03
     19.571  0.0000E+00  0.3360E+03
     19.590  0.0000E+00  0.3360E+03
     19.608  0.0000E+00  0.3360E+03
     19.626  0.0000E+00  0.3360E+03
     19.645  0.0000E+00  0.3360E+03
     19.663  0.0000E+00  0.3360E+03
     19.681  0.0000E+00  0.3360E+03
     19.700  0.0000E+00  0.3360E+03
     19.718  0.0000E+00  0.3360E+03
     19.737  0.0000E+00  0.3360E+03
     19.755  0.0000E+00  0.3360E+03
     19.773  0.0000E+00  0.3360E+03


