 Energy DOS Integrated_DOS
    -21.595  0.0000E+00  0.0000E+00
    -21.574  0.0000E+00  0.0000E+00
    -21.553  0.0000E+00  0.0000E+00
    -21.532  0.0000E+00  0.0000E+00
    -21.511  0.0000E+00  0.0000E+00
    -21.490  0.0000E+00  0.0000E+00
    -21.469  0.0000E+00  0.0000E+00
    -21.449  0.0000E+00  0.0000E+00
    -21.428  0.0000E+00  0.0000E+00
    -21.407  0.0000E+00  0.0000E+00
    -21.386  0.0000E+00  0.0000E+00
    -21.365  0.0000E+00  0.0000E+00
    -21.344  0.0000E+00  0.0000E+00
    -21.323  0.0000E+00  0.0000E+00
    -21.302  0.0000E+00  0.0000E+00
    -21.282  0.0000E+00  0.0000E+00
    -21.261  0.0000E+00  0.0000E+00
    -21.240  0.0000E+00  0.0000E+00
    -21.219  0.0000E+00  0.0000E+00
    -21.198  0.0000E+00  0.0000E+00
    -21.177  0.0000E+00  0.0000E+00
    -21.156  0.0000E+00  0.0000E+00
    -21.136  0.0000E+00  0.0000E+00
    -21.115  0.0000E+00  0.0000E+00
    -21.094  0.0000E+00  0.0000E+00
    -21.073  0.0000E+00  0.0000E+00
    -21.052  0.0000E+00  0.0000E+00
    -21.031  0.0000E+00  0.0000E+00
    -21.010  0.0000E+00  0.0000E+00
    -20.989  0.0000E+00  0.0000E+00
    -20.969  0.0000E+00  0.0000E+00
    -20.948  0.0000E+00  0.0000E+00
    -20.927  0.0000E+00  0.0000E+00
    -20.906  0.0000E+00  0.0000E+00
    -20.885  0.0000E+00  0.0000E+00
    -20.864  0.0000E+00  0.0000E+00
    -20.843  0.0000E+00  0.0000E+00
    -20.823  0.0000E+00  0.0000E+00
    -20.802  0.0000E+00  0.0000E+00
    -20.781  0.0000E+00  0.0000E+00
    -20.760  0.0000E+00  0.0000E+00
    -20.739  0.0000E+00  0.0000E+00
    -20.718  0.0000E+00  0.0000E+00
    -20.697  0.0000E+00  0.0000E+00
    -20.676  0.0000E+00  0.0000E+00
    -20.656  0.0000E+00  0.0000E+00
    -20.635  0.0000E+00  0.0000E+00
    -20.614  0.0000E+00  0.0000E+00
    -20.593  0.0000E+00  0.0000E+00
    -20.572  0.0000E+00  0.0000E+00
    -20.551  0.0000E+00  0.0000E+00
    -20.530  0.0000E+00  0.0000E+00
    -20.510  0.0000E+00  0.0000E+00
    -20.489  0.0000E+00  0.0000E+00
    -20.468  0.0000E+00  0.0000E+00
    -20.447  0.0000E+00  0.0000E+00
    -20.426  0.0000E+00  0.0000E+00
    -20.405  0.0000E+00  0.0000E+00
    -20.384  0.0000E+00  0.0000E+00
    -20.363  0.0000E+00  0.0000E+00
    -20.343  0.0000E+00  0.0000E+00
    -20.322  0.0000E+00  0.0000E+00
    -20.301  0.0000E+00  0.0000E+00
    -20.280  0.0000E+00  0.0000E+00
    -20.259  0.0000E+00  0.0000E+00
    -20.238  0.0000E+00  0.0000E+00
    -20.217  0.0000E+00  0.0000E+00
    -20.197  0.0000E+00  0.0000E+00
    -20.176  0.0000E+00  0.0000E+00
    -20.155  0.0000E+00  0.0000E+00
    -20.134  0.0000E+00  0.0000E+00
    -20.113  0.0000E+00  0.0000E+00
    -20.092  0.0000E+00  0.0000E+00
    -20.071  0.0000E+00  0.0000E+00
    -20.050  0.0000E+00  0.0000E+00
    -20.030  0.0000E+00  0.0000E+00
    -20.009  0.0000E+00  0.0000E+00
    -19.988  0.0000E+00  0.0000E+00
    -19.967  0.0000E+00  0.0000E+00
    -19.946  0.0000E+00  0.0000E+00
    -19.925  0.0000E+00  0.0000E+00
    -19.904  0.0000E+00  0.0000E+00
    -19.884  0.0000E+00  0.0000E+00
    -19.863  0.0000E+00  0.0000E+00
    -19.842  0.0000E+00  0.0000E+00
    -19.821  0.0000E+00  0.0000E+00
    -19.800  0.0000E+00  0.0000E+00
    -19.779  0.0000E+00  0.0000E+00
    -19.758  0.0000E+00  0.0000E+00
    -19.737  0.0000E+00  0.0000E+00
    -19.717  0.0000E+00  0.0000E+00
    -19.696  0.0000E+00  0.2000E+01
    -19.675  0.0000E+00  0.2000E+01
    -19.654  0.0000E+00  0.2000E+01
    -19.633  0.0000E+00  0.2000E+01
    -19.612  0.0000E+00  0.2000E+01
    -19.591  0.0000E+00  0.2000E+01
    -19.571  0.0000E+00  0.2000E+01
    -19.550  0.0000E+00  0.2000E+01
    -19.529  0.0000E+00  0.2000E+01
    -19.508  0.0000E+00  0.2000E+01
    -19.487  0.0000E+00  0.2000E+01
    -19.466  0.0000E+00  0.2000E+01
    -19.445  0.0000E+00  0.2000E+01
    -19.424  0.0000E+00  0.2000E+01
    -19.404  0.0000E+00  0.2000E+01
    -19.383  0.0000E+00  0.2000E+01
    -19.362  0.0000E+00  0.2000E+01
    -19.341  0.0000E+00  0.2000E+01
    -19.320  0.0000E+00  0.2000E+01
    -19.299  0.0000E+00  0.2000E+01
    -19.278  0.0000E+00  0.2000E+01
    -19.258  0.0000E+00  0.2000E+01
    -19.237  0.0000E+00  0.2000E+01
    -19.216  0.0000E+00  0.2000E+01
    -19.195  0.0000E+00  0.2000E+01
    -19.174  0.0000E+00  0.2000E+01
    -19.153  0.0000E+00  0.2000E+01
    -19.132  0.0000E+00  0.2000E+01
    -19.111  0.0000E+00  0.2000E+01
    -19.091  0.0000E+00  0.2000E+01
    -19.070  0.0000E+00  0.2000E+01
    -19.049  0.0000E+00  0.2000E+01
    -19.028  0.0000E+00  0.2000E+01
    -19.007  0.0000E+00  0.2000E+01
    -18.986  0.0000E+00  0.2000E+01
    -18.965  0.0000E+00  0.2000E+01
    -18.945  0.0000E+00  0.2000E+01
    -18.924  0.0000E+00  0.2000E+01
    -18.903  0.0000E+00  0.2000E+01
    -18.882  0.0000E+00  0.2000E+01
    -18.861  0.0000E+00  0.2000E+01
    -18.840  0.0000E+00  0.2000E+01
    -18.819  0.0000E+00  0.2000E+01
    -18.798  0.0000E+00  0.2000E+01
    -18.778  0.0000E+00  0.2000E+01
    -18.757  0.0000E+00  0.2000E+01
    -18.736  0.0000E+00  0.2000E+01
    -18.715  0.0000E+00  0.2000E+01
    -18.694  0.0000E+00  0.2000E+01
    -18.673  0.0000E+00  0.2000E+01
    -18.652  0.0000E+00  0.2000E+01
    -18.632  0.0000E+00  0.2000E+01
    -18.611  0.0000E+00  0.2000E+01
    -18.590  0.0000E+00  0.2000E+01
    -18.569  0.0000E+00  0.2000E+01
    -18.548  0.0000E+00  0.2000E+01
    -18.527  0.0000E+00  0.2000E+01
    -18.506  0.0000E+00  0.2000E+01
    -18.485  0.0000E+00  0.2000E+01
    -18.465  0.0000E+00  0.2000E+01
    -18.444  0.0000E+00  0.2000E+01
    -18.423  0.0000E+00  0.2000E+01
    -18.402  0.0000E+00  0.2000E+01
    -18.381  0.0000E+00  0.2000E+01
    -18.360  0.0000E+00  0.2000E+01
    -18.339  0.0000E+00  0.2000E+01
    -18.319  0.0000E+00  0.2000E+01
    -18.298  0.0000E+00  0.2000E+01
    -18.277  0.0000E+00  0.2000E+01
    -18.256  0.0000E+00  0.2000E+01
    -18.235  0.0000E+00  0.2000E+01
    -18.214  0.0000E+00  0.2000E+01
    -18.193  0.0000E+00  0.2000E+01
    -18.172  0.0000E+00  0.2000E+01
    -18.152  0.0000E+00  0.2000E+01
    -18.131  0.0000E+00  0.2000E+01
    -18.110  0.0000E+00  0.2000E+01
    -18.089  0.0000E+00  0.2000E+01
    -18.068  0.0000E+00  0.2000E+01
    -18.047  0.0000E+00  0.2000E+01
    -18.026  0.0000E+00  0.2000E+01
    -18.006  0.0000E+00  0.2000E+01
    -17.985  0.0000E+00  0.2000E+01
    -17.964  0.0000E+00  0.2000E+01
    -17.943  0.0000E+00  0.2000E+01
    -17.922  0.0000E+00  0.2000E+01
    -17.901  0.0000E+00  0.2000E+01
    -17.880  0.0000E+00  0.2000E+01
    -17.859  0.0000E+00  0.2000E+01
    -17.839  0.0000E+00  0.2000E+01
    -17.818  0.0000E+00  0.2000E+01
    -17.797  0.0000E+00  0.2000E+01
    -17.776  0.0000E+00  0.2000E+01
    -17.755  0.0000E+00  0.2000E+01
    -17.734  0.0000E+00  0.2000E+01
    -17.713  0.0000E+00  0.2000E+01
    -17.693  0.0000E+00  0.2000E+01
    -17.672  0.0000E+00  0.2000E+01
    -17.651  0.0000E+00  0.2000E+01
    -17.630  0.0000E+00  0.2000E+01
    -17.609  0.0000E+00  0.2000E+01
    -17.588  0.0000E+00  0.2000E+01
    -17.567  0.0000E+00  0.2000E+01
    -17.546  0.0000E+00  0.2000E+01
    -17.526  0.0000E+00  0.2000E+01
    -17.505  0.0000E+00  0.2000E+01
    -17.484  0.0000E+00  0.2000E+01
    -17.463  0.0000E+00  0.2000E+01
    -17.442  0.0000E+00  0.2000E+01
    -17.421  0.0000E+00  0.2000E+01
    -17.400  0.0000E+00  0.2000E+01
    -17.380  0.0000E+00  0.2000E+01
    -17.359  0.0000E+00  0.2000E+01
    -17.338  0.0000E+00  0.2000E+01
    -17.317  0.0000E+00  0.2000E+01
    -17.296  0.0000E+00  0.2000E+01
    -17.275  0.0000E+00  0.2000E+01
    -17.254  0.0000E+00  0.2000E+01
    -17.233  0.0000E+00  0.2000E+01
    -17.213  0.0000E+00  0.2000E+01
    -17.192  0.0000E+00  0.2000E+01
    -17.171  0.0000E+00  0.2000E+01
    -17.150  0.0000E+00  0.2000E+01
    -17.129  0.0000E+00  0.2000E+01
    -17.108  0.0000E+00  0.2000E+01
    -17.087  0.0000E+00  0.2000E+01
    -17.067  0.0000E+00  0.2000E+01
    -17.046  0.0000E+00  0.2000E+01
    -17.025  0.0000E+00  0.2000E+01
    -17.004  0.0000E+00  0.2000E+01
    -16.983  0.0000E+00  0.2000E+01
    -16.962  0.0000E+00  0.2000E+01
    -16.941  0.0000E+00  0.2000E+01
    -16.920  0.0000E+00  0.2000E+01
    -16.900  0.0000E+00  0.2000E+01
    -16.879  0.0000E+00  0.2000E+01
    -16.858  0.0000E+00  0.2000E+01
    -16.837  0.0000E+00  0.2000E+01
    -16.816  0.0000E+00  0.2000E+01
    -16.795  0.0000E+00  0.2000E+01
    -16.774  0.0000E+00  0.2000E+01
    -16.753  0.0000E+00  0.2000E+01
    -16.733  0.0000E+00  0.2000E+01
    -16.712  0.0000E+00  0.2000E+01
    -16.691  0.0000E+00  0.2000E+01
    -16.670  0.0000E+00  0.2000E+01
    -16.649  0.0000E+00  0.2000E+01
    -16.628  0.0000E+00  0.2000E+01
    -16.607  0.0000E+00  0.2000E+01
    -16.587  0.0000E+00  0.2000E+01
    -16.566  0.0000E+00  0.2000E+01
    -16.545  0.0000E+00  0.2000E+01
    -16.524  0.0000E+00  0.2000E+01
    -16.503  0.0000E+00  0.2000E+01
    -16.482  0.0000E+00  0.2000E+01
    -16.461  0.0000E+00  0.2000E+01
    -16.440  0.0000E+00  0.2000E+01
    -16.420  0.0000E+00  0.2000E+01
    -16.399  0.0000E+00  0.2000E+01
    -16.378  0.0000E+00  0.2000E+01
    -16.357  0.0000E+00  0.2000E+01
    -16.336  0.0000E+00  0.2000E+01
    -16.315  0.0000E+00  0.2000E+01
    -16.294  0.0000E+00  0.2000E+01
    -16.274  0.0000E+00  0.2000E+01
    -16.253  0.0000E+00  0.2000E+01
    -16.232  0.0000E+00  0.2000E+01
    -16.211  0.0000E+00  0.2000E+01
    -16.190  0.0000E+00  0.2000E+01
    -16.169  0.0000E+00  0.2000E+01
    -16.148  0.0000E+00  0.2000E+01
    -16.127  0.0000E+00  0.2000E+01
    -16.107  0.0000E+00  0.2000E+01
    -16.086  0.0000E+00  0.2000E+01
    -16.065  0.0000E+00  0.2000E+01
    -16.044  0.0000E+00  0.2000E+01
    -16.023  0.0000E+00  0.2000E+01
    -16.002  0.0000E+00  0.2000E+01
    -15.981  0.0000E+00  0.2000E+01
    -15.961  0.0000E+00  0.2000E+01
    -15.940  0.0000E+00  0.2000E+01
    -15.919  0.0000E+00  0.2000E+01
    -15.898  0.0000E+00  0.2000E+01
    -15.877  0.0000E+00  0.2000E+01
    -15.856  0.0000E+00  0.2000E+01
    -15.835  0.0000E+00  0.2000E+01
    -15.814  0.0000E+00  0.2000E+01
    -15.794  0.0000E+00  0.2000E+01
    -15.773  0.0000E+00  0.2000E+01
    -15.752  0.0000E+00  0.2000E+01
    -15.731  0.0000E+00  0.2000E+01
    -15.710  0.0000E+00  0.2000E+01
    -15.689  0.0000E+00  0.2000E+01
    -15.668  0.0000E+00  0.2000E+01
    -15.648  0.0000E+00  0.2000E+01
    -15.627  0.0000E+00  0.2000E+01
    -15.606  0.0000E+00  0.2000E+01
    -15.585  0.0000E+00  0.2000E+01
    -15.564  0.0000E+00  0.2000E+01
    -15.543  0.0000E+00  0.2000E+01
    -15.522  0.0000E+00  0.2000E+01
    -15.501  0.0000E+00  0.2000E+01
    -15.481  0.0000E+00  0.2000E+01
    -15.460  0.0000E+00  0.2000E+01
    -15.439  0.0000E+00  0.2000E+01
    -15.418  0.0000E+00  0.2000E+01
    -15.397  0.0000E+00  0.2000E+01
    -15.376  0.0000E+00  0.2000E+01
    -15.355  0.0000E+00  0.2000E+01
    -15.335  0.0000E+00  0.2000E+01
    -15.314  0.0000E+00  0.2000E+01
    -15.293  0.0000E+00  0.2000E+01
    -15.272  0.0000E+00  0.2000E+01
    -15.251  0.0000E+00  0.2000E+01
    -15.230  0.0000E+00  0.2000E+01
    -15.209  0.0000E+00  0.2000E+01
    -15.188  0.0000E+00  0.2000E+01
    -15.168  0.0000E+00  0.2000E+01
    -15.147  0.0000E+00  0.2000E+01
    -15.126  0.0000E+00  0.2000E+01
    -15.105  0.0000E+00  0.2000E+01
    -15.084  0.0000E+00  0.2000E+01
    -15.063  0.1557E-01  0.2000E+01
    -15.042  0.1660E+00  0.2002E+01
    -15.022  0.4762E+00  0.2008E+01
    -15.001  0.9462E+00  0.2023E+01
    -14.980  0.1576E+01  0.2049E+01
    -14.959  0.2366E+01  0.2090E+01
    -14.938  0.3315E+01  0.2149E+01
    -14.917  0.4424E+01  0.2229E+01
    -14.896  0.5693E+01  0.2334E+01
    -14.875  0.6915E+01  0.2466E+01
    -14.855  0.7826E+01  0.2621E+01
    -14.834  0.8424E+01  0.2791E+01
    -14.813  0.1311E+02  0.3008E+01
    -14.792  0.1721E+02  0.3328E+01
    -14.771  0.1947E+02  0.3714E+01
    -14.750  0.1989E+02  0.4128E+01
    -14.729  0.1848E+02  0.4531E+01
    -14.709  0.1528E+02  0.4886E+01
    -14.688  0.1218E+02  0.5171E+01
    -14.667  0.9489E+01  0.5397E+01
    -14.646  0.8116E+01  0.5573E+01
    -14.625  0.9051E+01  0.5752E+01
    -14.604  0.9804E+01  0.5949E+01
    -14.583  0.1088E+02  0.6161E+01
    -14.562  0.1332E+02  0.6415E+01
    -14.542  0.1512E+02  0.6713E+01
    -14.521  0.1637E+02  0.7043E+01
    -14.500  0.1706E+02  0.7392E+01
    -14.479  0.1720E+02  0.7751E+01
    -14.458  0.1695E+02  0.8107E+01
    -14.437  0.1660E+02  0.8458E+01
    -14.416  0.1591E+02  0.8798E+01
    -14.396  0.1466E+02  0.9118E+01
    -14.375  0.1283E+02  0.9405E+01
    -14.354  0.1170E+02  0.9654E+01
    -14.333  0.1286E+02  0.9910E+01
    -14.312  0.1417E+02  0.1019E+02
    -14.291  0.1561E+02  0.1050E+02
    -14.270  0.1254E+02  0.1083E+02
    -14.249  0.1583E+02  0.1113E+02
    -14.229  0.2063E+02  0.1150E+02
    -14.208  0.2735E+02  0.1200E+02
    -14.187  0.3602E+02  0.1266E+02
    -14.166  0.2077E+02  0.1372E+02
    -14.145  0.4595E+02  0.1437E+02
    -14.124  0.1094E+02  0.1498E+02
    -14.103  0.1961E+02  0.1527E+02
    -14.083  0.4184E+02  0.1593E+02
    -14.062  0.5653E+02  0.1697E+02
    -14.041  0.5696E+02  0.1816E+02
    -14.020  0.5019E+02  0.1931E+02
    -13.999  0.2979E+02  0.2014E+02
    -13.978  0.2203E+02  0.2067E+02
    -13.957  0.2887E+02  0.2119E+02
    -13.936  0.3239E+02  0.2184E+02
    -13.916  0.3938E+02  0.2254E+02
    -13.895  0.4498E+02  0.2345E+02
    -13.874  0.3733E+02  0.2433E+02
    -13.853  0.2469E+02  0.2497E+02
    -13.832  0.1530E+02  0.2538E+02
    -13.811  0.8420E+01  0.2563E+02
    -13.790  0.5564E+01  0.2576E+02
    -13.770  0.6561E+02  0.2621E+02
    -13.749  0.3028E+02  0.2744E+02
    -13.728  0.6841E+02  0.2837E+02
    -13.707  0.9889E+02  0.3052E+02
    -13.686  0.9981E+02  0.3267E+02
    -13.665  0.1014E+03  0.3478E+02
    -13.644  0.1015E+03  0.3689E+02
    -13.623  0.1032E+03  0.3903E+02
    -13.603  0.6725E+02  0.4104E+02
    -13.582  0.3230E+02  0.4304E+02
    -13.561  0.7781E+02  0.4479E+02
    -13.540  0.1161E+03  0.4644E+02
    -13.519  0.4746E+02  0.4798E+02
    -13.498  0.6866E+02  0.4900E+02
    -13.477  0.9974E+02  0.5081E+02
    -13.457  0.9328E+02  0.5286E+02
    -13.436  0.8961E+02  0.5474E+02
    -13.415  0.5126E+02  0.5614E+02
    -13.394  0.1249E+03  0.5798E+02
    -13.373  0.1157E+03  0.5985E+02
    -13.352  0.5752E+02  0.6126E+02
    -13.331  0.6744E+02  0.6283E+02
    -13.310  0.2377E+02  0.6380E+02
    -13.290  0.8120E+00  0.6400E+02
    -13.269  0.0000E+00  0.6400E+02
    -13.248  0.0000E+00  0.6400E+02
    -13.227  0.0000E+00  0.6400E+02
    -13.206  0.0000E+00  0.6400E+02
    -13.185  0.0000E+00  0.6400E+02
    -13.164  0.0000E+00  0.6400E+02
    -13.144  0.0000E+00  0.6400E+02
    -13.123  0.0000E+00  0.6400E+02
    -13.102  0.0000E+00  0.6400E+02
    -13.081  0.0000E+00  0.6400E+02
    -13.060  0.0000E+00  0.6400E+02
    -13.039  0.0000E+00  0.6400E+02
    -13.018  0.0000E+00  0.6400E+02
    -12.997  0.0000E+00  0.6400E+02
    -12.977  0.0000E+00  0.6400E+02
    -12.956  0.0000E+00  0.6400E+02
    -12.935  0.0000E+00  0.6400E+02
    -12.914  0.0000E+00  0.6400E+02
    -12.893  0.0000E+00  0.6400E+02
    -12.872  0.0000E+00  0.6400E+02
    -12.851  0.0000E+00  0.6400E+02
    -12.831  0.0000E+00  0.6400E+02
    -12.810  0.0000E+00  0.6400E+02
    -12.789  0.0000E+00  0.6400E+02
    -12.768  0.0000E+00  0.6400E+02
    -12.747  0.0000E+00  0.6400E+02
    -12.726  0.0000E+00  0.6400E+02
    -12.705  0.0000E+00  0.6400E+02
    -12.684  0.0000E+00  0.6400E+02
    -12.664  0.0000E+00  0.6400E+02
    -12.643  0.0000E+00  0.6400E+02
    -12.622  0.0000E+00  0.6400E+02
    -12.601  0.0000E+00  0.6400E+02
    -12.580  0.0000E+00  0.6400E+02
    -12.559  0.0000E+00  0.6400E+02
    -12.538  0.0000E+00  0.6400E+02
    -12.518  0.0000E+00  0.6400E+02
    -12.497  0.0000E+00  0.6400E+02
    -12.476  0.0000E+00  0.6400E+02
    -12.455  0.0000E+00  0.6400E+02
    -12.434  0.0000E+00  0.6400E+02
    -12.413  0.0000E+00  0.6400E+02
    -12.392  0.0000E+00  0.6400E+02
    -12.371  0.0000E+00  0.6400E+02
    -12.351  0.0000E+00  0.6400E+02
    -12.330  0.0000E+00  0.6400E+02
    -12.309  0.0000E+00  0.6400E+02
    -12.288  0.0000E+00  0.6400E+02
    -12.267  0.0000E+00  0.6400E+02
    -12.246  0.0000E+00  0.6400E+02
    -12.225  0.0000E+00  0.6400E+02
    -12.205  0.0000E+00  0.6400E+02
    -12.184  0.0000E+00  0.6400E+02
    -12.163  0.0000E+00  0.6400E+02
    -12.142  0.0000E+00  0.6400E+02
    -12.121  0.0000E+00  0.6400E+02
    -12.100  0.0000E+00  0.6400E+02
    -12.079  0.0000E+00  0.6400E+02
    -12.058  0.0000E+00  0.6400E+02
    -12.038  0.0000E+00  0.6400E+02
    -12.017  0.0000E+00  0.6400E+02
    -11.996  0.0000E+00  0.6400E+02
    -11.975  0.0000E+00  0.6400E+02
    -11.954  0.0000E+00  0.6400E+02
    -11.933  0.0000E+00  0.6400E+02
    -11.912  0.0000E+00  0.6400E+02
    -11.892  0.0000E+00  0.6400E+02
    -11.871  0.0000E+00  0.6400E+02
    -11.850  0.0000E+00  0.6400E+02
    -11.829  0.0000E+00  0.6400E+02
    -11.808  0.0000E+00  0.6400E+02
    -11.787  0.0000E+00  0.6400E+02
    -11.766  0.0000E+00  0.6600E+02
    -11.745  0.0000E+00  0.6600E+02
    -11.725  0.0000E+00  0.6600E+02
    -11.704  0.0000E+00  0.6600E+02
    -11.683  0.0000E+00  0.6600E+02
    -11.662  0.0000E+00  0.6600E+02
    -11.641  0.0000E+00  0.6600E+02
    -11.620  0.0000E+00  0.6600E+02
    -11.599  0.0000E+00  0.6600E+02
    -11.579  0.0000E+00  0.6600E+02
    -11.558  0.0000E+00  0.6600E+02
    -11.537  0.0000E+00  0.6600E+02
    -11.516  0.0000E+00  0.6600E+02
    -11.495  0.0000E+00  0.6600E+02
    -11.474  0.0000E+00  0.6600E+02
    -11.453  0.0000E+00  0.6600E+02
    -11.432  0.0000E+00  0.6600E+02
    -11.412  0.0000E+00  0.6600E+02
    -11.391  0.0000E+00  0.6600E+02
    -11.370  0.0000E+00  0.6600E+02
    -11.349  0.0000E+00  0.6600E+02
    -11.328  0.0000E+00  0.6600E+02
    -11.307  0.0000E+00  0.6600E+02
    -11.286  0.0000E+00  0.6600E+02
    -11.266  0.0000E+00  0.6600E+02
    -11.245  0.0000E+00  0.6600E+02
    -11.224  0.0000E+00  0.6600E+02
    -11.203  0.0000E+00  0.6600E+02
    -11.182  0.0000E+00  0.6600E+02
    -11.161  0.0000E+00  0.6600E+02
    -11.140  0.0000E+00  0.6600E+02
    -11.119  0.0000E+00  0.6600E+02
    -11.099  0.0000E+00  0.6600E+02
    -11.078  0.0000E+00  0.6600E+02
    -11.057  0.0000E+00  0.6600E+02
    -11.036  0.0000E+00  0.6600E+02
    -11.015  0.0000E+00  0.6600E+02
    -10.994  0.0000E+00  0.6600E+02
    -10.973  0.0000E+00  0.6600E+02
    -10.953  0.0000E+00  0.6600E+02
    -10.932  0.0000E+00  0.6600E+02
    -10.911  0.0000E+00  0.6600E+02
    -10.890  0.0000E+00  0.6600E+02
    -10.869  0.0000E+00  0.6600E+02
    -10.848  0.0000E+00  0.6600E+02
    -10.827  0.0000E+00  0.6600E+02
    -10.806  0.0000E+00  0.6600E+02
    -10.786  0.0000E+00  0.6600E+02
    -10.765  0.0000E+00  0.6600E+02
    -10.744  0.0000E+00  0.6600E+02
    -10.723  0.0000E+00  0.6600E+02
    -10.702  0.0000E+00  0.6600E+02
    -10.681  0.0000E+00  0.6600E+02
    -10.660  0.0000E+00  0.6600E+02
    -10.639  0.0000E+00  0.6600E+02
    -10.619  0.0000E+00  0.6600E+02
    -10.598  0.0000E+00  0.6600E+02
    -10.577  0.0000E+00  0.6600E+02
    -10.556  0.0000E+00  0.6600E+02
    -10.535  0.0000E+00  0.6600E+02
    -10.514  0.0000E+00  0.6600E+02
    -10.493  0.0000E+00  0.6600E+02
    -10.473  0.0000E+00  0.6600E+02
    -10.452  0.0000E+00  0.6600E+02
    -10.431  0.0000E+00  0.6600E+02
    -10.410  0.0000E+00  0.6600E+02
    -10.389  0.0000E+00  0.6600E+02
    -10.368  0.0000E+00  0.6600E+02
    -10.347  0.0000E+00  0.6600E+02
    -10.326  0.0000E+00  0.6600E+02
    -10.306  0.0000E+00  0.6600E+02
    -10.285  0.0000E+00  0.6600E+02
    -10.264  0.0000E+00  0.6600E+02
    -10.243  0.0000E+00  0.6600E+02
    -10.222  0.0000E+00  0.6600E+02
    -10.201  0.0000E+00  0.6600E+02
    -10.180  0.0000E+00  0.6600E+02
    -10.160  0.0000E+00  0.6600E+02
    -10.139  0.0000E+00  0.6600E+02
    -10.118  0.0000E+00  0.6600E+02
    -10.097  0.0000E+00  0.6600E+02
    -10.076  0.0000E+00  0.6600E+02
    -10.055  0.0000E+00  0.6600E+02
    -10.034  0.0000E+00  0.6600E+02
    -10.013  0.0000E+00  0.6600E+02
     -9.993  0.0000E+00  0.6600E+02
     -9.972  0.0000E+00  0.6600E+02
     -9.951  0.0000E+00  0.6600E+02
     -9.930  0.0000E+00  0.6600E+02
     -9.909  0.0000E+00  0.6600E+02
     -9.888  0.0000E+00  0.6600E+02
     -9.867  0.0000E+00  0.6600E+02
     -9.847  0.0000E+00  0.6600E+02
     -9.826  0.0000E+00  0.6600E+02
     -9.805  0.0000E+00  0.6600E+02
     -9.784  0.0000E+00  0.6600E+02
     -9.763  0.0000E+00  0.6600E+02
     -9.742  0.0000E+00  0.6600E+02
     -9.721  0.0000E+00  0.6600E+02
     -9.700  0.0000E+00  0.6600E+02
     -9.680  0.0000E+00  0.6600E+02
     -9.659  0.0000E+00  0.6600E+02
     -9.638  0.0000E+00  0.6600E+02
     -9.617  0.0000E+00  0.6600E+02
     -9.596  0.0000E+00  0.6600E+02
     -9.575  0.0000E+00  0.6600E+02
     -9.554  0.0000E+00  0.6600E+02
     -9.534  0.0000E+00  0.6600E+02
     -9.513  0.0000E+00  0.6600E+02
     -9.492  0.0000E+00  0.6600E+02
     -9.471  0.0000E+00  0.6600E+02
     -9.450  0.0000E+00  0.6600E+02
     -9.429  0.0000E+00  0.6600E+02
     -9.408  0.0000E+00  0.6600E+02
     -9.387  0.0000E+00  0.6600E+02
     -9.367  0.0000E+00  0.6600E+02
     -9.346  0.0000E+00  0.6600E+02
     -9.325  0.0000E+00  0.6600E+02
     -9.304  0.0000E+00  0.6600E+02
     -9.283  0.0000E+00  0.6600E+02
     -9.262  0.0000E+00  0.6600E+02
     -9.241  0.0000E+00  0.6600E+02
     -9.221  0.0000E+00  0.6600E+02
     -9.200  0.0000E+00  0.6600E+02
     -9.179  0.0000E+00  0.6600E+02
     -9.158  0.0000E+00  0.6600E+02
     -9.137  0.0000E+00  0.6600E+02
     -9.116  0.0000E+00  0.6600E+02
     -9.095  0.0000E+00  0.6600E+02
     -9.074  0.0000E+00  0.6600E+02
     -9.054  0.0000E+00  0.6600E+02
     -9.033  0.0000E+00  0.6600E+02
     -9.012  0.0000E+00  0.6600E+02
     -8.991  0.0000E+00  0.6600E+02
     -8.970  0.0000E+00  0.6600E+02
     -8.949  0.0000E+00  0.6600E+02
     -8.928  0.0000E+00  0.6600E+02
     -8.908  0.0000E+00  0.6600E+02
     -8.887  0.0000E+00  0.6600E+02
     -8.866  0.0000E+00  0.6600E+02
     -8.845  0.0000E+00  0.6600E+02
     -8.824  0.0000E+00  0.6600E+02
     -8.803  0.0000E+00  0.6600E+02
     -8.782  0.0000E+00  0.6600E+02
     -8.761  0.0000E+00  0.6600E+02
     -8.741  0.0000E+00  0.6600E+02
     -8.720  0.0000E+00  0.6600E+02
     -8.699  0.0000E+00  0.6600E+02
     -8.678  0.0000E+00  0.6600E+02
     -8.657  0.0000E+00  0.6600E+02
     -8.636  0.0000E+00  0.6600E+02
     -8.615  0.0000E+00  0.6600E+02
     -8.595  0.0000E+00  0.6600E+02
     -8.574  0.0000E+00  0.6600E+02
     -8.553  0.0000E+00  0.6600E+02
     -8.532  0.0000E+00  0.6600E+02
     -8.511  0.0000E+00  0.6600E+02
     -8.490  0.0000E+00  0.6600E+02
     -8.469  0.0000E+00  0.6600E+02
     -8.448  0.0000E+00  0.6600E+02
     -8.428  0.0000E+00  0.6600E+02
     -8.407  0.0000E+00  0.6600E+02
     -8.386  0.0000E+00  0.6600E+02
     -8.365  0.0000E+00  0.6600E+02
     -8.344  0.0000E+00  0.6600E+02
     -8.323  0.0000E+00  0.6600E+02
     -8.302  0.0000E+00  0.6600E+02
     -8.282  0.0000E+00  0.6600E+02
     -8.261  0.0000E+00  0.6600E+02
     -8.240  0.0000E+00  0.6600E+02
     -8.219  0.0000E+00  0.6600E+02
     -8.198  0.0000E+00  0.6600E+02
     -8.177  0.0000E+00  0.6600E+02
     -8.156  0.0000E+00  0.6600E+02
     -8.135  0.0000E+00  0.6600E+02
     -8.115  0.0000E+00  0.6600E+02
     -8.094  0.0000E+00  0.6600E+02
     -8.073  0.0000E+00  0.6600E+02
     -8.052  0.0000E+00  0.6600E+02
     -8.031  0.0000E+00  0.6600E+02
     -8.010  0.0000E+00  0.6600E+02
     -7.989  0.0000E+00  0.6600E+02
     -7.969  0.0000E+00  0.6600E+02
     -7.948  0.0000E+00  0.6600E+02
     -7.927  0.0000E+00  0.6600E+02
     -7.906  0.0000E+00  0.6600E+02
     -7.885  0.0000E+00  0.6600E+02
     -7.864  0.0000E+00  0.6600E+02
     -7.843  0.0000E+00  0.6600E+02
     -7.822  0.0000E+00  0.6600E+02
     -7.802  0.0000E+00  0.6600E+02
     -7.781  0.0000E+00  0.6600E+02
     -7.760  0.0000E+00  0.6600E+02
     -7.739  0.0000E+00  0.6600E+02
     -7.718  0.0000E+00  0.6600E+02
     -7.697  0.0000E+00  0.6600E+02
     -7.676  0.0000E+00  0.6600E+02
     -7.656  0.0000E+00  0.6600E+02
     -7.635  0.0000E+00  0.6600E+02
     -7.614  0.0000E+00  0.6600E+02
     -7.593  0.0000E+00  0.6600E+02
     -7.572  0.0000E+00  0.6600E+02
     -7.551  0.0000E+00  0.6600E+02
     -7.530  0.0000E+00  0.6600E+02
     -7.509  0.0000E+00  0.6600E+02
     -7.489  0.0000E+00  0.6600E+02
     -7.468  0.0000E+00  0.6600E+02
     -7.447  0.0000E+00  0.6600E+02
     -7.426  0.0000E+00  0.6600E+02
     -7.405  0.0000E+00  0.6600E+02
     -7.384  0.0000E+00  0.6600E+02
     -7.363  0.0000E+00  0.6600E+02
     -7.343  0.0000E+00  0.6600E+02
     -7.322  0.0000E+00  0.6600E+02
     -7.301  0.0000E+00  0.6600E+02
     -7.280  0.0000E+00  0.6600E+02
     -7.259  0.0000E+00  0.6600E+02
     -7.238  0.0000E+00  0.6600E+02
     -7.217  0.0000E+00  0.6600E+02
     -7.196  0.0000E+00  0.6600E+02
     -7.176  0.0000E+00  0.6600E+02
     -7.155  0.0000E+00  0.6600E+02
     -7.134  0.0000E+00  0.6600E+02
     -7.113  0.0000E+00  0.6600E+02
     -7.092  0.0000E+00  0.6600E+02
     -7.071  0.0000E+00  0.6600E+02
     -7.050  0.0000E+00  0.6600E+02
     -7.030  0.0000E+00  0.6600E+02
     -7.009  0.0000E+00  0.6600E+02
     -6.988  0.0000E+00  0.6600E+02
     -6.967  0.0000E+00  0.6600E+02
     -6.946  0.0000E+00  0.6600E+02
     -6.925  0.0000E+00  0.6600E+02
     -6.904  0.0000E+00  0.6600E+02
     -6.883  0.0000E+00  0.6600E+02
     -6.863  0.0000E+00  0.6600E+02
     -6.842  0.0000E+00  0.6600E+02
     -6.821  0.0000E+00  0.6600E+02
     -6.800  0.0000E+00  0.6600E+02
     -6.779  0.0000E+00  0.6600E+02
     -6.758  0.0000E+00  0.6600E+02
     -6.737  0.0000E+00  0.6600E+02
     -6.717  0.0000E+00  0.6600E+02
     -6.696  0.0000E+00  0.6600E+02
     -6.675  0.0000E+00  0.6600E+02
     -6.654  0.0000E+00  0.6600E+02
     -6.633  0.0000E+00  0.6600E+02
     -6.612  0.0000E+00  0.6600E+02
     -6.591  0.0000E+00  0.6600E+02
     -6.570  0.0000E+00  0.6600E+02
     -6.550  0.0000E+00  0.6600E+02
     -6.529  0.0000E+00  0.6600E+02
     -6.508  0.0000E+00  0.6600E+02
     -6.487  0.0000E+00  0.6600E+02
     -6.466  0.0000E+00  0.6600E+02
     -6.445  0.0000E+00  0.6600E+02
     -6.424  0.0000E+00  0.6600E+02
     -6.404  0.0000E+00  0.6600E+02
     -6.383  0.0000E+00  0.6600E+02
     -6.362  0.0000E+00  0.6600E+02
     -6.341  0.0000E+00  0.6600E+02
     -6.320  0.0000E+00  0.6600E+02
     -6.299  0.0000E+00  0.6600E+02
     -6.278  0.0000E+00  0.6600E+02
     -6.257  0.0000E+00  0.6600E+02
     -6.237  0.0000E+00  0.6600E+02
     -6.216  0.0000E+00  0.6600E+02
     -6.195  0.0000E+00  0.6600E+02
     -6.174  0.0000E+00  0.6600E+02
     -6.153  0.0000E+00  0.6600E+02
     -6.132  0.0000E+00  0.6600E+02
     -6.111  0.0000E+00  0.6600E+02
     -6.091  0.0000E+00  0.6600E+02
     -6.070  0.0000E+00  0.6600E+02
     -6.049  0.0000E+00  0.6600E+02
     -6.028  0.0000E+00  0.6600E+02
     -6.007  0.0000E+00  0.6600E+02
     -5.986  0.0000E+00  0.6600E+02
     -5.965  0.0000E+00  0.6600E+02
     -5.944  0.0000E+00  0.6600E+02
     -5.924  0.0000E+00  0.6600E+02
     -5.903  0.0000E+00  0.6600E+02
     -5.882  0.0000E+00  0.6600E+02
     -5.861  0.0000E+00  0.6600E+02
     -5.840  0.0000E+00  0.6600E+02
     -5.819  0.0000E+00  0.6600E+02
     -5.798  0.0000E+00  0.6600E+02
     -5.778  0.0000E+00  0.6600E+02
     -5.757  0.0000E+00  0.6600E+02
     -5.736  0.0000E+00  0.6600E+02
     -5.715  0.0000E+00  0.6600E+02
     -5.694  0.0000E+00  0.6600E+02
     -5.673  0.0000E+00  0.6600E+02
     -5.652  0.0000E+00  0.6600E+02
     -5.631  0.0000E+00  0.6600E+02
     -5.611  0.0000E+00  0.6600E+02
     -5.590  0.0000E+00  0.6600E+02
     -5.569  0.0000E+00  0.6600E+02
     -5.548  0.0000E+00  0.6600E+02
     -5.527  0.0000E+00  0.6600E+02
     -5.506  0.0000E+00  0.6600E+02
     -5.485  0.0000E+00  0.6600E+02
     -5.465  0.0000E+00  0.6600E+02
     -5.444  0.0000E+00  0.6600E+02
     -5.423  0.0000E+00  0.6600E+02
     -5.402  0.0000E+00  0.6600E+02
     -5.381  0.0000E+00  0.6600E+02
     -5.360  0.0000E+00  0.6600E+02
     -5.339  0.0000E+00  0.6600E+02
     -5.318  0.0000E+00  0.6600E+02
     -5.298  0.0000E+00  0.6600E+02
     -5.277  0.0000E+00  0.6600E+02
     -5.256  0.0000E+00  0.6600E+02
     -5.235  0.0000E+00  0.6600E+02
     -5.214  0.0000E+00  0.6600E+02
     -5.193  0.0000E+00  0.6600E+02
     -5.172  0.0000E+00  0.6600E+02
     -5.152  0.0000E+00  0.6600E+02
     -5.131  0.0000E+00  0.6600E+02
     -5.110  0.0000E+00  0.6600E+02
     -5.089  0.0000E+00  0.6600E+02
     -5.068  0.0000E+00  0.6600E+02
     -5.047  0.0000E+00  0.6600E+02
     -5.026  0.0000E+00  0.6600E+02
     -5.005  0.0000E+00  0.6600E+02
     -4.985  0.0000E+00  0.6600E+02
     -4.964  0.0000E+00  0.6600E+02
     -4.943  0.0000E+00  0.6600E+02
     -4.922  0.0000E+00  0.6600E+02
     -4.901  0.0000E+00  0.6600E+02
     -4.880  0.0000E+00  0.6600E+02
     -4.859  0.0000E+00  0.6600E+02
     -4.839  0.0000E+00  0.6600E+02
     -4.818  0.0000E+00  0.6600E+02
     -4.797  0.0000E+00  0.6600E+02
     -4.776  0.0000E+00  0.6600E+02
     -4.755  0.0000E+00  0.6600E+02
     -4.734  0.0000E+00  0.6600E+02
     -4.713  0.0000E+00  0.6600E+02
     -4.692  0.0000E+00  0.6600E+02
     -4.672  0.0000E+00  0.6600E+02
     -4.651  0.0000E+00  0.6600E+02
     -4.630  0.0000E+00  0.6600E+02
     -4.609  0.0000E+00  0.6600E+02
     -4.588  0.0000E+00  0.6600E+02
     -4.567  0.0000E+00  0.6600E+02
     -4.546  0.0000E+00  0.6600E+02
     -4.526  0.0000E+00  0.6600E+02
     -4.505  0.0000E+00  0.6600E+02
     -4.484  0.0000E+00  0.6600E+02
     -4.463  0.0000E+00  0.6600E+02
     -4.442  0.0000E+00  0.6600E+02
     -4.421  0.0000E+00  0.6600E+02
     -4.400  0.0000E+00  0.6600E+02
     -4.379  0.0000E+00  0.6600E+02
     -4.359  0.0000E+00  0.6600E+02
     -4.338  0.0000E+00  0.6600E+02
     -4.317  0.0000E+00  0.6600E+02
     -4.296  0.0000E+00  0.6600E+02
     -4.275  0.0000E+00  0.6600E+02
     -4.254  0.0000E+00  0.6600E+02
     -4.233  0.0000E+00  0.6600E+02
     -4.212  0.0000E+00  0.6600E+02
     -4.192  0.0000E+00  0.6600E+02
     -4.171  0.0000E+00  0.6600E+02
     -4.150  0.0000E+00  0.6600E+02
     -4.129  0.0000E+00  0.6600E+02
     -4.108  0.0000E+00  0.6600E+02
     -4.087  0.0000E+00  0.6600E+02
     -4.066  0.0000E+00  0.6600E+02
     -4.046  0.0000E+00  0.6600E+02
     -4.025  0.0000E+00  0.6600E+02
     -4.004  0.0000E+00  0.6600E+02
     -3.983  0.0000E+00  0.6600E+02
     -3.962  0.0000E+00  0.6600E+02
     -3.941  0.0000E+00  0.6600E+02
     -3.920  0.0000E+00  0.6600E+02
     -3.899  0.0000E+00  0.6600E+02
     -3.879  0.0000E+00  0.6600E+02
     -3.858  0.0000E+00  0.6600E+02
     -3.837  0.0000E+00  0.6600E+02
     -3.816  0.0000E+00  0.6600E+02
     -3.795  0.0000E+00  0.6600E+02
     -3.774  0.0000E+00  0.6600E+02
     -3.753  0.0000E+00  0.6600E+02
     -3.733  0.0000E+00  0.6600E+02
     -3.712  0.0000E+00  0.6600E+02
     -3.691  0.0000E+00  0.6600E+02
     -3.670  0.0000E+00  0.6600E+02
     -3.649  0.0000E+00  0.6600E+02
     -3.628  0.0000E+00  0.6600E+02
     -3.607  0.0000E+00  0.6600E+02
     -3.586  0.0000E+00  0.6600E+02
     -3.566  0.0000E+00  0.6600E+02
     -3.545  0.0000E+00  0.6600E+02
     -3.524  0.0000E+00  0.6600E+02
     -3.503  0.0000E+00  0.6600E+02
     -3.482  0.0000E+00  0.6600E+02
     -3.461  0.0000E+00  0.6600E+02
     -3.440  0.0000E+00  0.6600E+02
     -3.420  0.0000E+00  0.6600E+02
     -3.399  0.0000E+00  0.6600E+02
     -3.378  0.0000E+00  0.6600E+02
     -3.357  0.0000E+00  0.6600E+02
     -3.336  0.0000E+00  0.6600E+02
     -3.315  0.0000E+00  0.6600E+02
     -3.294  0.0000E+00  0.6600E+02
     -3.273  0.0000E+00  0.6600E+02
     -3.253  0.0000E+00  0.6600E+02
     -3.232  0.0000E+00  0.6600E+02
     -3.211  0.0000E+00  0.6600E+02
     -3.190  0.0000E+00  0.6600E+02
     -3.169  0.0000E+00  0.6600E+02
     -3.148  0.0000E+00  0.6600E+02
     -3.127  0.0000E+00  0.6600E+02
     -3.107  0.0000E+00  0.6600E+02
     -3.086  0.0000E+00  0.6600E+02
     -3.065  0.0000E+00  0.6600E+02
     -3.044  0.0000E+00  0.6600E+02
     -3.023  0.0000E+00  0.6600E+02
     -3.002  0.0000E+00  0.6600E+02
     -2.981  0.0000E+00  0.6600E+02
     -2.960  0.0000E+00  0.6600E+02
     -2.940  0.0000E+00  0.6600E+02
     -2.919  0.0000E+00  0.6600E+02
     -2.898  0.0000E+00  0.6600E+02
     -2.877  0.0000E+00  0.6600E+02
     -2.856  0.0000E+00  0.6600E+02
     -2.835  0.0000E+00  0.6600E+02
     -2.814  0.0000E+00  0.6600E+02
     -2.794  0.0000E+00  0.6600E+02
     -2.773  0.0000E+00  0.6600E+02
     -2.752  0.0000E+00  0.6600E+02
     -2.731  0.0000E+00  0.6600E+02
     -2.710  0.0000E+00  0.6600E+02
     -2.689  0.0000E+00  0.6600E+02
     -2.668  0.0000E+00  0.6600E+02
     -2.647  0.0000E+00  0.6600E+02
     -2.627  0.0000E+00  0.6600E+02
     -2.606  0.0000E+00  0.6600E+02
     -2.585  0.0000E+00  0.6600E+02
     -2.564  0.3175E+03  0.6683E+02
     -2.543  0.3533E+00  0.6800E+02
     -2.522  0.0000E+00  0.6800E+02
     -2.501  0.0000E+00  0.6800E+02
     -2.481  0.0000E+00  0.6800E+02
     -2.460  0.0000E+00  0.6800E+02
     -2.439  0.0000E+00  0.6800E+02
     -2.418  0.0000E+00  0.6800E+02
     -2.397  0.0000E+00  0.6800E+02
     -2.376  0.0000E+00  0.6800E+02
     -2.355  0.0000E+00  0.6800E+02
     -2.334  0.0000E+00  0.6800E+02
     -2.314  0.0000E+00  0.6800E+02
     -2.293  0.0000E+00  0.6800E+02
     -2.272  0.0000E+00  0.6800E+02
     -2.251  0.0000E+00  0.6800E+02
     -2.230  0.0000E+00  0.6800E+02
     -2.209  0.4433E+00  0.6800E+02
     -2.188  0.1451E+02  0.6812E+02
     -2.168  0.4835E+02  0.6874E+02
     -2.147  0.1294E+03  0.7058E+02
     -2.126  0.0000E+00  0.7200E+02
     -2.105  0.0000E+00  0.7200E+02
     -2.084  0.0000E+00  0.7200E+02
     -2.063  0.0000E+00  0.7200E+02
     -2.042  0.0000E+00  0.7200E+02
     -2.021  0.0000E+00  0.7200E+02
     -2.001  0.0000E+00  0.7200E+02
     -1.980  0.0000E+00  0.7200E+02
     -1.959  0.0000E+00  0.7200E+02
     -1.938  0.0000E+00  0.7200E+02
     -1.917  0.0000E+00  0.7200E+02
     -1.896  0.0000E+00  0.7200E+02
     -1.875  0.0000E+00  0.7200E+02
     -1.855  0.0000E+00  0.7200E+02
     -1.834  0.0000E+00  0.7200E+02
     -1.813  0.0000E+00  0.7200E+02
     -1.792  0.0000E+00  0.7200E+02
     -1.771  0.0000E+00  0.7200E+02
     -1.750  0.0000E+00  0.7200E+02
     -1.729  0.0000E+00  0.7200E+02
     -1.708  0.0000E+00  0.7200E+02
     -1.688  0.0000E+00  0.7200E+02
     -1.667  0.0000E+00  0.7200E+02
     -1.646  0.0000E+00  0.7200E+02
     -1.625  0.0000E+00  0.7200E+02
     -1.604  0.0000E+00  0.7200E+02
     -1.583  0.0000E+00  0.7200E+02
     -1.562  0.0000E+00  0.7200E+02
     -1.542  0.0000E+00  0.7200E+02
     -1.521  0.0000E+00  0.7200E+02
     -1.500  0.0000E+00  0.7200E+02
     -1.479  0.0000E+00  0.7200E+02
     -1.458  0.0000E+00  0.7200E+02
     -1.437  0.0000E+00  0.7200E+02
     -1.416  0.0000E+00  0.7200E+02
     -1.395  0.0000E+00  0.7200E+02
     -1.375  0.0000E+00  0.7200E+02
     -1.354  0.0000E+00  0.7200E+02
     -1.333  0.0000E+00  0.7200E+02
     -1.312  0.0000E+00  0.7200E+02
     -1.291  0.0000E+00  0.7200E+02
     -1.270  0.0000E+00  0.7200E+02
     -1.249  0.0000E+00  0.7200E+02
     -1.229  0.0000E+00  0.7200E+02
     -1.208  0.0000E+00  0.7200E+02
     -1.187  0.0000E+00  0.7200E+02
     -1.166  0.0000E+00  0.7200E+02
     -1.145  0.0000E+00  0.7200E+02
     -1.124  0.1275E-01  0.7200E+02
     -1.103  0.7437E-01  0.7200E+02
     -1.082  0.1948E+00  0.7200E+02
     -1.062  0.3740E+00  0.7201E+02
     -1.041  0.6120E+00  0.7202E+02
     -1.020  0.9088E+00  0.7204E+02
     -0.999  0.1270E+01  0.7206E+02
     -0.978  0.1762E+01  0.7209E+02
     -0.957  0.2404E+01  0.7213E+02
     -0.936  0.3196E+01  0.7219E+02
     -0.916  0.4138E+01  0.7227E+02
     -0.895  0.5230E+01  0.7236E+02
     -0.874  0.6472E+01  0.7249E+02
     -0.853  0.7864E+01  0.7264E+02
     -0.832  0.9406E+01  0.7282E+02
     -0.811  0.1110E+02  0.7303E+02
     -0.790  0.1294E+02  0.7328E+02
     -0.769  0.1493E+02  0.7357E+02
     -0.749  0.2014E+02  0.7392E+02
     -0.728  0.2758E+02  0.7442E+02
     -0.707  0.3165E+02  0.7504E+02
     -0.686  0.3198E+02  0.7572E+02
     -0.665  0.3122E+02  0.7637E+02
     -0.644  0.3670E+02  0.7708E+02
     -0.623  0.4438E+02  0.7793E+02
     -0.603  0.4800E+02  0.7890E+02
     -0.582  0.4715E+02  0.7990E+02
     -0.561  0.5763E+02  0.8096E+02
     -0.540  0.5993E+02  0.8222E+02
     -0.519  0.5626E+02  0.8343E+02
     -0.498  0.4775E+02  0.8453E+02
     -0.477  0.3674E+02  0.8540E+02
     -0.456  0.2969E+02  0.8609E+02
     -0.436  0.2246E+02  0.8663E+02
     -0.415  0.1688E+02  0.8704E+02
     -0.394  0.1337E+02  0.8735E+02
     -0.373  0.5672E+01  0.8755E+02
     -0.352  0.8381E+01  0.8766E+02
     -0.331  0.2379E+02  0.8798E+02
     -0.310  0.3717E+02  0.8863E+02
     -0.290  0.4450E+02  0.8949E+02
     -0.269  0.4618E+02  0.9045E+02
     -0.248  0.4226E+02  0.9138E+02
     -0.227  0.3867E+02  0.9220E+02
     -0.206  0.1291E+03  0.9318E+02
     -0.185  0.5110E+02  0.9459E+02
     -0.164  0.1090E+03  0.9606E+02
     -0.143  0.8086E+02  0.9765E+02
     -0.123  0.6304E+02  0.9925E+02
     -0.102  0.6333E+02  0.1006E+03
     -0.081  0.6165E+02  0.1019E+03
     -0.060  0.5724E+02  0.1031E+03
     -0.039  0.5355E+02  0.1043E+03
     -0.018  0.5396E+02  0.1054E+03
      0.003  0.5259E+02  0.1065E+03
      0.023  0.4908E+02  0.1076E+03
      0.044  0.4556E+02  0.1086E+03
      0.065  0.4109E+02  0.1095E+03
      0.086  0.3728E+02  0.1103E+03
      0.107  0.3441E+02  0.1110E+03
      0.128  0.3200E+02  0.1117E+03
      0.149  0.3014E+02  0.1124E+03
      0.170  0.2873E+02  0.1130E+03
      0.190  0.2759E+02  0.1136E+03
      0.211  0.2671E+02  0.1141E+03
      0.232  0.2609E+02  0.1147E+03
      0.253  0.2132E+02  0.1152E+03
      0.274  0.2119E+02  0.1156E+03
      0.295  0.2063E+02  0.1160E+03
      0.316  0.1971E+02  0.1165E+03
      0.336  0.1940E+02  0.1169E+03
      0.357  0.2033E+02  0.1173E+03
      0.378  0.2122E+02  0.1177E+03
      0.399  0.2208E+02  0.1182E+03
      0.420  0.2289E+02  0.1186E+03
      0.441  0.2346E+02  0.1191E+03
      0.462  0.2365E+02  0.1196E+03
      0.483  0.2346E+02  0.1201E+03
      0.503  0.2108E+02  0.1206E+03
      0.524  0.3204E+02  0.1211E+03
      0.545  0.3714E+02  0.1219E+03
      0.566  0.2389E+02  0.1225E+03
      0.587  0.6174E+02  0.1236E+03
      0.608  0.1806E+02  0.1243E+03
      0.629  0.1971E+02  0.1247E+03
      0.649  0.2058E+02  0.1251E+03
      0.670  0.2068E+02  0.1255E+03
      0.691  0.2000E+02  0.1259E+03
      0.712  0.1856E+02  0.1263E+03
      0.733  0.1634E+02  0.1267E+03
      0.754  0.1742E+02  0.1271E+03
      0.775  0.2010E+02  0.1274E+03
      0.796  0.2431E+02  0.1279E+03
      0.816  0.2909E+02  0.1285E+03
      0.837  0.2833E+02  0.1291E+03
      0.858  0.2734E+02  0.1297E+03
      0.879  0.2709E+02  0.1302E+03
      0.900  0.2719E+02  0.1308E+03
      0.921  0.2699E+02  0.1314E+03
      0.942  0.2550E+02  0.1319E+03
      0.962  0.2452E+02  0.1324E+03
      0.983  0.2402E+02  0.1329E+03
      1.004  0.2398E+02  0.1334E+03
      1.025  0.2422E+02  0.1339E+03
      1.046  0.2422E+02  0.1344E+03
      1.067  0.2395E+02  0.1349E+03
      1.088  0.2259E+02  0.1354E+03
      1.109  0.1848E+02  0.1358E+03
      1.129  0.1826E+02  0.1362E+03
      1.150  0.1787E+02  0.1366E+03
      1.171  0.1657E+02  0.1370E+03
      1.192  0.1521E+02  0.1373E+03
      1.213  0.1693E+02  0.1376E+03
      1.234  0.1675E+02  0.1380E+03
      1.255  0.1645E+02  0.1383E+03
      1.275  0.1345E+02  0.1387E+03
      1.296  0.1358E+02  0.1389E+03
      1.317  0.1442E+02  0.1392E+03
      1.338  0.1562E+02  0.1395E+03
      1.359  0.1718E+02  0.1399E+03
      1.380  0.1903E+02  0.1403E+03
      1.401  0.2053E+02  0.1407E+03
      1.422  0.2217E+02  0.1411E+03
      1.442  0.2327E+02  0.1416E+03
      1.463  0.2379E+02  0.1421E+03
      1.484  0.2160E+02  0.1426E+03
      1.505  0.2170E+02  0.1430E+03
      1.526  0.2457E+02  0.1435E+03
      1.547  0.3066E+02  0.1441E+03
      1.568  0.3211E+02  0.1447E+03
      1.588  0.3312E+02  0.1454E+03
      1.609  0.3389E+02  0.1461E+03
      1.630  0.3333E+02  0.1468E+03
      1.651  0.3266E+02  0.1475E+03
      1.672  0.3225E+02  0.1482E+03
      1.693  0.3524E+02  0.1489E+03
      1.714  0.5256E+02  0.1497E+03
      1.735  0.4906E+02  0.1509E+03
      1.755  0.3472E+02  0.1516E+03
      1.776  0.4425E+02  0.1525E+03
      1.797  0.6185E+02  0.1536E+03
      1.818  0.4366E+02  0.1548E+03
      1.839  0.4989E+02  0.1557E+03
      1.860  0.5706E+02  0.1568E+03
      1.881  0.6225E+02  0.1581E+03
      1.902  0.6736E+02  0.1595E+03
      1.922  0.7144E+02  0.1609E+03
      1.943  0.6523E+02  0.1624E+03
      1.964  0.4703E+02  0.1635E+03
      1.985  0.3666E+02  0.1644E+03
      2.006  0.3864E+02  0.1651E+03
      2.027  0.3960E+02  0.1660E+03
      2.048  0.3961E+02  0.1668E+03
      2.068  0.3867E+02  0.1676E+03
      2.089  0.3677E+02  0.1684E+03
      2.110  0.3393E+02  0.1691E+03
      2.131  0.3041E+02  0.1698E+03
      2.152  0.2841E+02  0.1704E+03
      2.173  0.2920E+02  0.1710E+03
      2.194  0.2953E+02  0.1716E+03
      2.215  0.3384E+02  0.1723E+03
      2.235  0.3772E+02  0.1730E+03
      2.256  0.4062E+02  0.1739E+03
      2.277  0.4243E+02  0.1747E+03
      2.298  0.4511E+02  0.1756E+03
      2.319  0.4684E+02  0.1766E+03
      2.340  0.4723E+02  0.1776E+03
      2.361  0.6110E+02  0.1787E+03
      2.381  0.7349E+02  0.1801E+03
      2.402  0.8129E+02  0.1817E+03
      2.423  0.1090E+03  0.1840E+03
      2.444  0.1102E+03  0.1860E+03
      2.465  0.8798E+02  0.1880E+03
      2.486  0.2161E+02  0.1890E+03
      2.507  0.8529E+02  0.1899E+03
      2.528  0.9242E+02  0.1918E+03
      2.548  0.9656E+02  0.1938E+03
      2.569  0.9571E+02  0.1958E+03
      2.590  0.9526E+02  0.1978E+03
      2.611  0.9788E+02  0.1998E+03
      2.632  0.9775E+02  0.2019E+03
      2.653  0.9520E+02  0.2040E+03
      2.674  0.8588E+02  0.2058E+03
      2.694  0.9022E+02  0.2077E+03
      2.715  0.7700E+02  0.2095E+03
      2.736  0.6660E+02  0.2109E+03
      2.757  0.6064E+02  0.2122E+03
      2.778  0.5566E+02  0.2135E+03
      2.799  0.4701E+02  0.2145E+03
      2.820  0.4061E+02  0.2154E+03
      2.841  0.4250E+02  0.2163E+03
      2.861  0.4608E+02  0.2172E+03
      2.882  0.4774E+02  0.2182E+03
      2.903  0.6041E+02  0.2193E+03
      2.924  0.6899E+02  0.2206E+03
      2.945  0.7021E+02  0.2221E+03
      2.966  0.7228E+02  0.2236E+03
      2.987  0.6345E+02  0.2251E+03
      3.007  0.6458E+02  0.2263E+03
      3.028  0.9523E+02  0.2280E+03
      3.049  0.8878E+02  0.2301E+03
      3.070  0.6576E+02  0.2319E+03
      3.091  0.9252E+02  0.2334E+03
      3.112  0.1340E+03  0.2360E+03
      3.133  0.1280E+03  0.2385E+03
      3.154  0.6965E+02  0.2406E+03
      3.174  0.7628E+02  0.2425E+03
      3.195  0.5773E+02  0.2436E+03
      3.216  0.6781E+02  0.2448E+03
      3.237  0.6048E+02  0.2462E+03
      3.258  0.4996E+02  0.2473E+03
      3.279  0.3707E+02  0.2483E+03
      3.300  0.2640E+02  0.2489E+03
      3.320  0.1918E+02  0.2494E+03
      3.341  0.1390E+02  0.2497E+03
      3.362  0.1020E+02  0.2500E+03
      3.383  0.8047E+01  0.2502E+03
      3.404  0.7261E+01  0.2503E+03
      3.425  0.7605E+01  0.2505E+03
      3.446  0.8642E+01  0.2506E+03
      3.467  0.1482E+02  0.2509E+03
      3.487  0.2443E+02  0.2513E+03
      3.508  0.3935E+02  0.2519E+03
      3.529  0.4325E+02  0.2528E+03
      3.550  0.5219E+02  0.2539E+03
      3.571  0.5373E+02  0.2549E+03
      3.592  0.5060E+02  0.2563E+03
      3.613  0.2051E+02  0.2569E+03
      3.633  0.1569E+02  0.2572E+03
      3.654  0.1151E+02  0.2575E+03
      3.675  0.7983E+01  0.2577E+03
      3.696  0.5098E+01  0.2579E+03
      3.717  0.2858E+01  0.2579E+03
      3.738  0.1263E+01  0.2580E+03
      3.759  0.3127E+00  0.2580E+03
      3.780  0.2861E-02  0.2580E+03
      3.800  0.0000E+00  0.2580E+03
      3.821  0.0000E+00  0.2580E+03
      3.842  0.0000E+00  0.2580E+03
      3.863  0.0000E+00  0.2580E+03
      3.884  0.0000E+00  0.2580E+03
      3.905  0.0000E+00  0.2580E+03
      3.926  0.0000E+00  0.2580E+03
      3.946  0.2741E+00  0.2580E+03
      3.967  0.1834E+02  0.2582E+03
      3.988  0.4277E+02  0.2588E+03
      4.009  0.5077E+02  0.2600E+03
      4.030  0.7838E+01  0.2603E+03
      4.051  0.1001E+02  0.2605E+03
      4.072  0.1220E+02  0.2607E+03
      4.093  0.1438E+02  0.2610E+03
      4.113  0.1658E+02  0.2613E+03
      4.134  0.0000E+00  0.2620E+03
      4.155  0.0000E+00  0.2620E+03
      4.176  0.0000E+00  0.2620E+03
      4.197  0.0000E+00  0.2620E+03
      4.218  0.0000E+00  0.2620E+03
      4.239  0.0000E+00  0.2620E+03
      4.259  0.0000E+00  0.2620E+03
      4.280  0.0000E+00  0.2620E+03
      4.301  0.0000E+00  0.2620E+03
      4.322  0.0000E+00  0.2620E+03
      4.343  0.0000E+00  0.2620E+03
      4.364  0.0000E+00  0.2620E+03
      4.385  0.0000E+00  0.2620E+03
      4.406  0.0000E+00  0.2620E+03
      4.426  0.0000E+00  0.2620E+03
      4.447  0.0000E+00  0.2620E+03
      4.468  0.0000E+00  0.2620E+03
      4.489  0.0000E+00  0.2620E+03
      4.510  0.0000E+00  0.2620E+03
      4.531  0.0000E+00  0.2620E+03
      4.552  0.0000E+00  0.2620E+03
      4.572  0.0000E+00  0.2620E+03
      4.593  0.0000E+00  0.2620E+03
      4.614  0.0000E+00  0.2620E+03
      4.635  0.0000E+00  0.2620E+03
      4.656  0.0000E+00  0.2620E+03
      4.677  0.0000E+00  0.2620E+03
      4.698  0.0000E+00  0.2620E+03
      4.719  0.0000E+00  0.2620E+03
      4.739  0.0000E+00  0.2620E+03
      4.760  0.0000E+00  0.2620E+03
      4.781  0.0000E+00  0.2620E+03
      4.802  0.0000E+00  0.2620E+03
      4.823  0.0000E+00  0.2620E+03
      4.844  0.0000E+00  0.2620E+03
      4.865  0.0000E+00  0.2620E+03
      4.885  0.0000E+00  0.2620E+03
      4.906  0.0000E+00  0.2620E+03
      4.927  0.0000E+00  0.2620E+03
      4.948  0.0000E+00  0.2620E+03
      4.969  0.0000E+00  0.2620E+03
      4.990  0.0000E+00  0.2620E+03
      5.011  0.0000E+00  0.2620E+03
      5.032  0.0000E+00  0.2620E+03
      5.052  0.0000E+00  0.2620E+03
      5.073  0.0000E+00  0.2620E+03
      5.094  0.0000E+00  0.2620E+03
      5.115  0.0000E+00  0.2620E+03
      5.136  0.0000E+00  0.2620E+03
      5.157  0.0000E+00  0.2620E+03
      5.178  0.0000E+00  0.2620E+03
      5.198  0.0000E+00  0.2620E+03
      5.219  0.0000E+00  0.2620E+03
      5.240  0.0000E+00  0.2620E+03
      5.261  0.0000E+00  0.2620E+03
      5.282  0.0000E+00  0.2620E+03
      5.303  0.0000E+00  0.2620E+03
      5.324  0.0000E+00  0.2620E+03
      5.345  0.0000E+00  0.2620E+03
      5.365  0.0000E+00  0.2620E+03
      5.386  0.0000E+00  0.2620E+03
      5.407  0.0000E+00  0.2620E+03
      5.428  0.0000E+00  0.2620E+03
      5.449  0.0000E+00  0.2620E+03
      5.470  0.0000E+00  0.2620E+03
      5.491  0.0000E+00  0.2620E+03
      5.511  0.0000E+00  0.2620E+03
      5.532  0.0000E+00  0.2620E+03
      5.553  0.0000E+00  0.2620E+03
      5.574  0.0000E+00  0.2620E+03
      5.595  0.0000E+00  0.2620E+03
      5.616  0.0000E+00  0.2620E+03
      5.637  0.0000E+00  0.2620E+03
      5.658  0.0000E+00  0.2620E+03
      5.678  0.0000E+00  0.2620E+03
      5.699  0.0000E+00  0.2620E+03
      5.720  0.0000E+00  0.2620E+03
      5.741  0.0000E+00  0.2620E+03
      5.762  0.0000E+00  0.2620E+03
      5.783  0.0000E+00  0.2620E+03
      5.804  0.0000E+00  0.2620E+03
      5.824  0.0000E+00  0.2620E+03
      5.845  0.0000E+00  0.2620E+03
      5.866  0.0000E+00  0.2620E+03
      5.887  0.0000E+00  0.2620E+03
      5.908  0.0000E+00  0.2620E+03
      5.929  0.0000E+00  0.2620E+03
      5.950  0.0000E+00  0.2620E+03
      5.971  0.0000E+00  0.2620E+03
      5.991  0.0000E+00  0.2620E+03
      6.012  0.0000E+00  0.2620E+03
      6.033  0.0000E+00  0.2620E+03
      6.054  0.0000E+00  0.2620E+03
      6.075  0.0000E+00  0.2620E+03
      6.096  0.0000E+00  0.2620E+03
      6.117  0.0000E+00  0.2620E+03
      6.137  0.0000E+00  0.2620E+03
      6.158  0.0000E+00  0.2620E+03
      6.179  0.0000E+00  0.2620E+03
      6.200  0.0000E+00  0.2620E+03
      6.221  0.0000E+00  0.2620E+03
      6.242  0.0000E+00  0.2620E+03
      6.263  0.0000E+00  0.2620E+03
      6.284  0.0000E+00  0.2620E+03
      6.304  0.0000E+00  0.2620E+03
      6.325  0.0000E+00  0.2620E+03
      6.346  0.0000E+00  0.2620E+03
      6.367  0.0000E+00  0.2620E+03
      6.388  0.0000E+00  0.2620E+03
      6.409  0.0000E+00  0.2620E+03
      6.430  0.0000E+00  0.2620E+03
      6.450  0.0000E+00  0.2620E+03
      6.471  0.0000E+00  0.2620E+03
      6.492  0.0000E+00  0.2620E+03
      6.513  0.0000E+00  0.2620E+03
      6.534  0.0000E+00  0.2620E+03
      6.555  0.0000E+00  0.2620E+03
      6.576  0.0000E+00  0.2620E+03
      6.597  0.0000E+00  0.2620E+03
      6.617  0.0000E+00  0.2620E+03
      6.638  0.0000E+00  0.2620E+03
      6.659  0.0000E+00  0.2620E+03
      6.680  0.0000E+00  0.2620E+03
      6.701  0.0000E+00  0.2620E+03
      6.722  0.0000E+00  0.2620E+03
      6.743  0.0000E+00  0.2620E+03
      6.763  0.0000E+00  0.2620E+03
      6.784  0.0000E+00  0.2620E+03
      6.805  0.0000E+00  0.2620E+03
      6.826  0.0000E+00  0.2620E+03
      6.847  0.0000E+00  0.2620E+03
      6.868  0.0000E+00  0.2620E+03
      6.889  0.0000E+00  0.2620E+03
      6.910  0.0000E+00  0.2620E+03
      6.930  0.0000E+00  0.2620E+03
      6.951  0.0000E+00  0.2620E+03
      6.972  0.0000E+00  0.2620E+03
      6.993  0.0000E+00  0.2620E+03
      7.014  0.0000E+00  0.2620E+03
      7.035  0.0000E+00  0.2620E+03
      7.056  0.0000E+00  0.2620E+03
      7.076  0.0000E+00  0.2620E+03
      7.097  0.0000E+00  0.2620E+03
      7.118  0.0000E+00  0.2620E+03
      7.139  0.0000E+00  0.2620E+03
      7.160  0.0000E+00  0.2620E+03
      7.181  0.0000E+00  0.2620E+03
      7.202  0.0000E+00  0.2620E+03
      7.223  0.0000E+00  0.2620E+03
      7.243  0.0000E+00  0.2620E+03
      7.264  0.0000E+00  0.2620E+03
      7.285  0.0000E+00  0.2620E+03
      7.306  0.0000E+00  0.2620E+03
      7.327  0.0000E+00  0.2620E+03
      7.348  0.0000E+00  0.2620E+03
      7.369  0.0000E+00  0.2620E+03
      7.389  0.0000E+00  0.2620E+03
      7.410  0.0000E+00  0.2620E+03
      7.431  0.0000E+00  0.2620E+03
      7.452  0.0000E+00  0.2620E+03
      7.473  0.0000E+00  0.2620E+03
      7.494  0.0000E+00  0.2620E+03
      7.515  0.0000E+00  0.2620E+03
      7.536  0.0000E+00  0.2620E+03
      7.556  0.0000E+00  0.2620E+03
      7.577  0.0000E+00  0.2620E+03
      7.598  0.0000E+00  0.2620E+03
      7.619  0.0000E+00  0.2620E+03
      7.640  0.0000E+00  0.2620E+03
      7.661  0.0000E+00  0.2620E+03
      7.682  0.0000E+00  0.2620E+03
      7.702  0.0000E+00  0.2620E+03
      7.723  0.0000E+00  0.2620E+03
      7.744  0.0000E+00  0.2620E+03
      7.765  0.0000E+00  0.2620E+03
      7.786  0.0000E+00  0.2620E+03
      7.807  0.0000E+00  0.2620E+03
      7.828  0.0000E+00  0.2620E+03
      7.849  0.0000E+00  0.2620E+03
      7.869  0.0000E+00  0.2620E+03
      7.890  0.0000E+00  0.2620E+03
      7.911  0.0000E+00  0.2620E+03
      7.932  0.0000E+00  0.2620E+03
      7.953  0.0000E+00  0.2620E+03
      7.974  0.0000E+00  0.2620E+03
      7.995  0.0000E+00  0.2620E+03
      8.016  0.0000E+00  0.2620E+03
      8.036  0.0000E+00  0.2620E+03
      8.057  0.0000E+00  0.2620E+03
      8.078  0.0000E+00  0.2620E+03
      8.099  0.0000E+00  0.2620E+03
      8.120  0.0000E+00  0.2620E+03
      8.141  0.0000E+00  0.2620E+03
      8.162  0.0000E+00  0.2620E+03
      8.182  0.0000E+00  0.2620E+03
      8.203  0.0000E+00  0.2620E+03
      8.224  0.0000E+00  0.2620E+03
      8.245  0.0000E+00  0.2620E+03
      8.266  0.0000E+00  0.2620E+03
      8.287  0.0000E+00  0.2620E+03
      8.308  0.0000E+00  0.2620E+03
      8.329  0.0000E+00  0.2620E+03
      8.349  0.0000E+00  0.2620E+03
      8.370  0.0000E+00  0.2620E+03
      8.391  0.0000E+00  0.2620E+03
      8.412  0.0000E+00  0.2620E+03
      8.433  0.0000E+00  0.2620E+03
      8.454  0.0000E+00  0.2620E+03
      8.475  0.0000E+00  0.2620E+03
      8.495  0.0000E+00  0.2620E+03
      8.516  0.0000E+00  0.2620E+03
      8.537  0.0000E+00  0.2620E+03
      8.558  0.0000E+00  0.2620E+03
      8.579  0.0000E+00  0.2620E+03
      8.600  0.0000E+00  0.2620E+03
      8.621  0.0000E+00  0.2620E+03
      8.642  0.0000E+00  0.2620E+03
      8.662  0.0000E+00  0.2620E+03
      8.683  0.0000E+00  0.2620E+03
      8.704  0.0000E+00  0.2620E+03
      8.725  0.0000E+00  0.2620E+03
      8.746  0.0000E+00  0.2620E+03
      8.767  0.0000E+00  0.2620E+03
      8.788  0.0000E+00  0.2620E+03
      8.808  0.0000E+00  0.2620E+03
      8.829  0.0000E+00  0.2620E+03
      8.850  0.0000E+00  0.2620E+03
      8.871  0.0000E+00  0.2620E+03
      8.892  0.0000E+00  0.2620E+03
      8.913  0.0000E+00  0.2620E+03
      8.934  0.0000E+00  0.2620E+03
      8.955  0.0000E+00  0.2620E+03
      8.975  0.0000E+00  0.2620E+03
      8.996  0.0000E+00  0.2620E+03
      9.017  0.0000E+00  0.2620E+03
      9.038  0.0000E+00  0.2620E+03
      9.059  0.0000E+00  0.2620E+03
      9.080  0.0000E+00  0.2620E+03
      9.101  0.0000E+00  0.2620E+03
      9.121  0.0000E+00  0.2620E+03
      9.142  0.0000E+00  0.2620E+03
      9.163  0.0000E+00  0.2620E+03
      9.184  0.0000E+00  0.2620E+03
      9.205  0.0000E+00  0.2620E+03
      9.226  0.0000E+00  0.2620E+03
      9.247  0.0000E+00  0.2620E+03
      9.268  0.0000E+00  0.2620E+03
      9.288  0.0000E+00  0.2620E+03
      9.309  0.0000E+00  0.2620E+03
      9.330  0.0000E+00  0.2620E+03
      9.351  0.0000E+00  0.2620E+03
      9.372  0.0000E+00  0.2620E+03
      9.393  0.0000E+00  0.2620E+03
      9.414  0.0000E+00  0.2620E+03
      9.434  0.0000E+00  0.2620E+03
      9.455  0.0000E+00  0.2620E+03
      9.476  0.0000E+00  0.2620E+03
      9.497  0.0000E+00  0.2620E+03
      9.518  0.0000E+00  0.2620E+03
      9.539  0.0000E+00  0.2620E+03
      9.560  0.0000E+00  0.2620E+03
      9.581  0.0000E+00  0.2620E+03
      9.601  0.0000E+00  0.2620E+03
      9.622  0.0000E+00  0.2620E+03
      9.643  0.0000E+00  0.2620E+03
      9.664  0.0000E+00  0.2620E+03
      9.685  0.0000E+00  0.2620E+03
      9.706  0.0000E+00  0.2620E+03
      9.727  0.0000E+00  0.2620E+03
      9.747  0.0000E+00  0.2620E+03
      9.768  0.0000E+00  0.2620E+03
      9.789  0.0000E+00  0.2620E+03
      9.810  0.0000E+00  0.2620E+03
      9.831  0.0000E+00  0.2620E+03
      9.852  0.0000E+00  0.2620E+03
      9.873  0.0000E+00  0.2620E+03
      9.894  0.0000E+00  0.2620E+03
      9.914  0.0000E+00  0.2620E+03
      9.935  0.0000E+00  0.2620E+03
      9.956  0.0000E+00  0.2620E+03
      9.977  0.0000E+00  0.2620E+03
      9.998  0.0000E+00  0.2620E+03
     10.019  0.0000E+00  0.2620E+03
     10.040  0.0000E+00  0.2620E+03
     10.060  0.0000E+00  0.2620E+03
     10.081  0.0000E+00  0.2620E+03
     10.102  0.0000E+00  0.2620E+03
     10.123  0.0000E+00  0.2620E+03
     10.144  0.0000E+00  0.2620E+03
     10.165  0.0000E+00  0.2620E+03
     10.186  0.0000E+00  0.2620E+03
     10.207  0.0000E+00  0.2620E+03
     10.227  0.0000E+00  0.2620E+03
     10.248  0.0000E+00  0.2620E+03
     10.269  0.0000E+00  0.2620E+03
     10.290  0.0000E+00  0.2620E+03
     10.311  0.0000E+00  0.2620E+03
     10.332  0.0000E+00  0.2620E+03
     10.353  0.0000E+00  0.2620E+03
     10.373  0.0000E+00  0.2620E+03
     10.394  0.0000E+00  0.2620E+03
     10.415  0.0000E+00  0.2620E+03
     10.436  0.0000E+00  0.2620E+03
     10.457  0.0000E+00  0.2620E+03
     10.478  0.0000E+00  0.2620E+03
     10.499  0.0000E+00  0.2620E+03
     10.520  0.0000E+00  0.2620E+03
     10.540  0.7830E-04  0.2620E+03
     10.561  0.1032E-02  0.2620E+03
     10.582  0.3068E-02  0.2620E+03
     10.603  0.6187E-02  0.2620E+03
     10.624  0.1039E-01  0.2620E+03
     10.645  0.1567E-01  0.2620E+03
     10.666  0.2204E-01  0.2620E+03
     10.686  0.2949E-01  0.2620E+03
     10.707  0.3803E-01  0.2620E+03
     10.728  0.4764E-01  0.2620E+03
     10.749  0.5834E-01  0.2620E+03
     10.770  0.7013E-01  0.2620E+03
     10.791  0.8299E-01  0.2620E+03
     10.812  0.9694E-01  0.2620E+03
     10.833  0.1120E+00  0.2620E+03
     10.853  0.1281E+00  0.2620E+03
     10.874  0.1453E+00  0.2620E+03
     10.895  0.1636E+00  0.2620E+03
     10.916  0.1829E+00  0.2620E+03
     10.937  0.2034E+00  0.2620E+03
     10.958  0.2249E+00  0.2620E+03
     10.979  0.2475E+00  0.2620E+03
     10.999  0.2712E+00  0.2620E+03
     11.020  0.2960E+00  0.2620E+03
     11.041  0.3218E+00  0.2621E+03
     11.062  0.3488E+00  0.2621E+03
     11.083  0.3768E+00  0.2621E+03
     11.104  0.4059E+00  0.2621E+03
     11.125  0.4361E+00  0.2621E+03
     11.146  0.4674E+00  0.2621E+03
     11.166  0.4998E+00  0.2621E+03
     11.187  0.5332E+00  0.2621E+03
     11.208  0.5677E+00  0.2621E+03
     11.229  0.6033E+00  0.2621E+03
     11.250  0.6400E+00  0.2622E+03
     11.271  0.6778E+00  0.2622E+03
     11.292  0.7166E+00  0.2622E+03
     11.312  0.7566E+00  0.2622E+03
     11.333  0.7976E+00  0.2622E+03
     11.354  0.8397E+00  0.2622E+03
     11.375  0.8829E+00  0.2622E+03
     11.396  0.9272E+00  0.2623E+03
     11.417  0.9725E+00  0.2623E+03
     11.438  0.1019E+01  0.2623E+03
     11.459  0.1066E+01  0.2623E+03
     11.479  0.1115E+01  0.2624E+03
     11.500  0.1165E+01  0.2624E+03
     11.521  0.1216E+01  0.2624E+03
     11.542  0.1267E+01  0.2624E+03
     11.563  0.1320E+01  0.2625E+03
     11.584  0.1374E+01  0.2625E+03
     11.605  0.1429E+01  0.2625E+03
     11.625  0.1486E+01  0.2625E+03
     11.646  0.1547E+01  0.2626E+03
     11.667  0.1705E+01  0.2626E+03
     11.688  0.1890E+01  0.2626E+03
     11.709  0.2063E+01  0.2627E+03
     11.730  0.2223E+01  0.2627E+03
     11.751  0.2371E+01  0.2628E+03
     11.772  0.2507E+01  0.2628E+03
     11.792  0.2668E+01  0.2629E+03
     11.813  0.2991E+01  0.2629E+03
     11.834  0.3331E+01  0.2630E+03
     11.855  0.3649E+01  0.2631E+03
     11.876  0.3944E+01  0.2632E+03
     11.897  0.4217E+01  0.2632E+03
     11.918  0.4468E+01  0.2633E+03
     11.938  0.4696E+01  0.2634E+03
     11.959  0.4902E+01  0.2635E+03
     11.980  0.5086E+01  0.2636E+03
     12.001  0.5247E+01  0.2637E+03
     12.022  0.5386E+01  0.2639E+03
     12.043  0.5503E+01  0.2640E+03
     12.064  0.5597E+01  0.2641E+03
     12.085  0.5669E+01  0.2642E+03
     12.105  0.5719E+01  0.2643E+03
     12.126  0.5746E+01  0.2644E+03
     12.147  0.5374E+01  0.2646E+03
     12.168  0.3897E+01  0.2647E+03
     12.189  0.3085E+01  0.2647E+03
     12.210  0.3125E+01  0.2648E+03
     12.231  0.3177E+01  0.2649E+03
     12.251  0.3218E+01  0.2649E+03
     12.272  0.3250E+01  0.2650E+03
     12.293  0.3271E+01  0.2651E+03
     12.314  0.3283E+01  0.2651E+03
     12.335  0.3284E+01  0.2652E+03
     12.356  0.3275E+01  0.2653E+03
     12.377  0.3257E+01  0.2653E+03
     12.398  0.3228E+01  0.2654E+03
     12.418  0.3190E+01  0.2655E+03
     12.439  0.3131E+01  0.2655E+03
     12.460  0.3038E+01  0.2656E+03
     12.481  0.3479E+01  0.2657E+03
     12.502  0.8684E+01  0.2658E+03
     12.523  0.1149E+02  0.2660E+03
     12.544  0.1187E+02  0.2663E+03
     12.564  0.1014E+02  0.2665E+03
     12.585  0.8277E+01  0.2667E+03
     12.606  0.6919E+01  0.2668E+03
     12.627  0.6025E+01  0.2670E+03
     12.648  0.5220E+01  0.2671E+03
     12.669  0.4513E+01  0.2672E+03
     12.690  0.3966E+01  0.2673E+03
     12.711  0.3624E+01  0.2674E+03
     12.731  0.3377E+01  0.2674E+03
     12.752  0.3194E+01  0.2675E+03
     12.773  0.3076E+01  0.2676E+03
     12.794  0.3022E+01  0.2676E+03
     12.815  0.3009E+01  0.2677E+03
     12.836  0.2991E+01  0.2678E+03
     12.857  0.3032E+01  0.2678E+03
     12.877  0.3349E+01  0.2679E+03
     12.898  0.3681E+01  0.2680E+03
     12.919  0.3888E+01  0.2680E+03
     12.940  0.3971E+01  0.2681E+03
     12.961  0.3977E+01  0.2682E+03
     12.982  0.3980E+01  0.2683E+03
     13.003  0.3983E+01  0.2684E+03
     13.024  0.3987E+01  0.2684E+03
     13.044  0.3992E+01  0.2685E+03
     13.065  0.4000E+01  0.2686E+03
     13.086  0.4011E+01  0.2687E+03
     13.107  0.4025E+01  0.2688E+03
     13.128  0.4043E+01  0.2689E+03
     13.149  0.4064E+01  0.2690E+03
     13.170  0.4088E+01  0.2690E+03
     13.190  0.4115E+01  0.2691E+03
     13.211  0.4145E+01  0.2692E+03
     13.232  0.4179E+01  0.2693E+03
     13.253  0.4215E+01  0.2694E+03
     13.274  0.4256E+01  0.2695E+03
     13.295  0.4299E+01  0.2696E+03
     13.316  0.4347E+01  0.2696E+03
     13.337  0.4401E+01  0.2697E+03
     13.357  0.4463E+01  0.2698E+03
     13.378  0.4531E+01  0.2699E+03
     13.399  0.4606E+01  0.2700E+03
     13.420  0.4688E+01  0.2701E+03
     13.441  0.4777E+01  0.2702E+03
     13.462  0.4877E+01  0.2703E+03
     13.483  0.4985E+01  0.2704E+03
     13.503  0.5100E+01  0.2705E+03
     13.524  0.5222E+01  0.2706E+03
     13.545  0.5351E+01  0.2707E+03
     13.566  0.5488E+01  0.2709E+03
     13.587  0.5631E+01  0.2710E+03
     13.608  0.5781E+01  0.2711E+03
     13.629  0.5938E+01  0.2712E+03
     13.650  0.6101E+01  0.2713E+03
     13.670  0.6271E+01  0.2715E+03
     13.691  0.6448E+01  0.2716E+03
     13.712  0.6631E+01  0.2717E+03
     13.733  0.6821E+01  0.2719E+03
     13.754  0.7018E+01  0.2720E+03
     13.775  0.7221E+01  0.2722E+03
     13.796  0.7435E+01  0.2723E+03
     13.816  0.7662E+01  0.2725E+03
     13.837  0.7903E+01  0.2726E+03
     13.858  0.8157E+01  0.2728E+03
     13.879  0.8425E+01  0.2730E+03
     13.900  0.8706E+01  0.2732E+03
     13.921  0.9000E+01  0.2733E+03
     13.942  0.9307E+01  0.2735E+03
     13.963  0.9628E+01  0.2737E+03
     13.983  0.9962E+01  0.2739E+03
     14.004  0.1033E+02  0.2742E+03
     14.025  0.1077E+02  0.2744E+03
     14.046  0.1145E+02  0.2746E+03
     14.067  0.1254E+02  0.2749E+03
     14.088  0.1386E+02  0.2751E+03
     14.109  0.1506E+02  0.2754E+03
     14.130  0.1637E+02  0.2758E+03
     14.150  0.1866E+02  0.2761E+03
     14.171  0.2075E+02  0.2765E+03
     14.192  0.2255E+02  0.2770E+03
     14.213  0.2339E+02  0.2775E+03
     14.234  0.2317E+02  0.2780E+03
     14.255  0.2254E+02  0.2784E+03
     14.276  0.2120E+02  0.2789E+03
     14.296  0.2012E+02  0.2793E+03
     14.317  0.1984E+02  0.2797E+03
     14.338  0.2024E+02  0.2802E+03
     14.359  0.1927E+02  0.2806E+03
     14.380  0.1917E+02  0.2810E+03
     14.401  0.1906E+02  0.2814E+03
     14.422  0.1942E+02  0.2818E+03
     14.443  0.1831E+02  0.2822E+03
     14.463  0.1870E+02  0.2825E+03
     14.484  0.2603E+02  0.2830E+03
     14.505  0.2090E+02  0.2835E+03
     14.526  0.1485E+02  0.2839E+03
     14.547  0.8796E+01  0.2841E+03
     14.568  0.9739E+01  0.2843E+03
     14.589  0.1276E+02  0.2845E+03
     14.609  0.1467E+02  0.2848E+03
     14.630  0.1494E+02  0.2851E+03
     14.651  0.1394E+02  0.2854E+03
     14.672  0.1291E+02  0.2857E+03
     14.693  0.1193E+02  0.2860E+03
     14.714  0.1123E+02  0.2862E+03
     14.735  0.1073E+02  0.2865E+03
     14.756  0.1040E+02  0.2867E+03
     14.776  0.1020E+02  0.2869E+03
     14.797  0.1010E+02  0.2871E+03
     14.818  0.1012E+02  0.2873E+03
     14.839  0.1024E+02  0.2875E+03
     14.860  0.1035E+02  0.2877E+03
     14.881  0.1043E+02  0.2880E+03
     14.902  0.1051E+02  0.2882E+03
     14.922  0.1061E+02  0.2884E+03
     14.943  0.1074E+02  0.2886E+03
     14.964  0.1089E+02  0.2888E+03
     14.985  0.1107E+02  0.2891E+03
     15.006  0.1129E+02  0.2893E+03
     15.027  0.1154E+02  0.2895E+03
     15.048  0.1181E+02  0.2898E+03
     15.069  0.1209E+02  0.2900E+03
     15.089  0.1239E+02  0.2903E+03
     15.110  0.1272E+02  0.2906E+03
     15.131  0.1311E+02  0.2908E+03
     15.152  0.1355E+02  0.2911E+03
     15.173  0.1406E+02  0.2914E+03
     15.194  0.1477E+02  0.2917E+03
     15.215  0.1548E+02  0.2920E+03
     15.235  0.1617E+02  0.2923E+03
     15.256  0.1687E+02  0.2927E+03
     15.277  0.1761E+02  0.2930E+03
     15.298  0.1841E+02  0.2934E+03
     15.319  0.1925E+02  0.2938E+03
     15.340  0.2003E+02  0.2942E+03
     15.361  0.2074E+02  0.2946E+03
     15.382  0.2138E+02  0.2951E+03
     15.402  0.2191E+02  0.2955E+03
     15.423  0.2217E+02  0.2960E+03
     15.444  0.2254E+02  0.2965E+03
     15.465  0.2296E+02  0.2969E+03
     15.486  0.2382E+02  0.2974E+03
     15.507  0.2323E+02  0.2979E+03
     15.528  0.2318E+02  0.2984E+03
     15.548  0.2277E+02  0.2989E+03
     15.569  0.2179E+02  0.2993E+03
     15.590  0.2055E+02  0.2998E+03
     15.611  0.1891E+02  0.3002E+03
     15.632  0.1747E+02  0.3006E+03
     15.653  0.1679E+02  0.3009E+03
     15.674  0.1608E+02  0.3013E+03
     15.695  0.1594E+02  0.3016E+03
     15.715  0.1690E+02  0.3020E+03
     15.736  0.1746E+02  0.3023E+03
     15.757  0.1550E+02  0.3027E+03
     15.778  0.1353E+02  0.3030E+03
     15.799  0.1185E+02  0.3032E+03
     15.820  0.1150E+02  0.3035E+03
     15.841  0.1158E+02  0.3037E+03
     15.861  0.1264E+02  0.3040E+03
     15.882  0.1412E+02  0.3042E+03
     15.903  0.1558E+02  0.3045E+03
     15.924  0.1677E+02  0.3049E+03
     15.945  0.1850E+02  0.3053E+03
     15.966  0.2116E+02  0.3057E+03
     15.987  0.2368E+02  0.3061E+03
     16.008  0.2455E+02  0.3066E+03
     16.028  0.2296E+02  0.3071E+03
     16.049  0.2574E+02  0.3076E+03
     16.070  0.3098E+02  0.3083E+03
     16.091  0.1922E+02  0.3088E+03
     16.112  0.1744E+02  0.3091E+03
     16.133  0.1997E+02  0.3095E+03
     16.154  0.2026E+02  0.3100E+03
     16.174  0.1774E+02  0.3104E+03
     16.195  0.1382E+02  0.3107E+03
     16.216  0.1205E+02  0.3110E+03
     16.237  0.1210E+02  0.3112E+03
     16.258  0.1288E+02  0.3115E+03
     16.279  0.1564E+02  0.3118E+03
     16.300  0.1677E+02  0.3121E+03
     16.321  0.1624E+02  0.3124E+03
     16.341  0.1632E+02  0.3128E+03
     16.362  0.1769E+02  0.3131E+03
     16.383  0.1763E+02  0.3135E+03
     16.404  0.1404E+02  0.3138E+03
     16.425  0.1064E+02  0.3141E+03
     16.446  0.9160E+01  0.3143E+03
     16.467  0.8619E+01  0.3145E+03
     16.487  0.9642E+01  0.3147E+03
     16.508  0.1130E+02  0.3149E+03
     16.529  0.1306E+02  0.3151E+03
     16.550  0.1469E+02  0.3154E+03
     16.571  0.1584E+02  0.3158E+03
     16.592  0.1685E+02  0.3161E+03
     16.613  0.1883E+02  0.3165E+03
     16.634  0.1931E+02  0.3169E+03
     16.654  0.1882E+02  0.3173E+03
     16.675  0.1799E+02  0.3177E+03
     16.696  0.1705E+02  0.3180E+03
     16.717  0.1622E+02  0.3184E+03
     16.738  0.1600E+02  0.3187E+03
     16.759  0.1614E+02  0.3190E+03
     16.780  0.1633E+02  0.3194E+03
     16.800  0.1601E+02  0.3197E+03
     16.821  0.1550E+02  0.3200E+03
     16.842  0.1490E+02  0.3204E+03
     16.863  0.1445E+02  0.3207E+03
     16.884  0.1451E+02  0.3210E+03
     16.905  0.1497E+02  0.3213E+03
     16.926  0.1550E+02  0.3216E+03
     16.947  0.1563E+02  0.3219E+03
     16.967  0.1532E+02  0.3222E+03
     16.988  0.1434E+02  0.3226E+03
     17.009  0.1142E+02  0.3228E+03
     17.030  0.1049E+02  0.3230E+03
     17.051  0.1085E+02  0.3233E+03
     17.072  0.1197E+02  0.3235E+03
     17.093  0.1327E+02  0.3238E+03
     17.113  0.1446E+02  0.3241E+03
     17.134  0.1467E+02  0.3244E+03
     17.155  0.1398E+02  0.3247E+03
     17.176  0.1259E+02  0.3249E+03
     17.197  0.1122E+02  0.3252E+03
     17.218  0.1034E+02  0.3254E+03
     17.239  0.1009E+02  0.3256E+03
     17.260  0.1078E+02  0.3258E+03
     17.280  0.1192E+02  0.3261E+03
     17.301  0.1220E+02  0.3263E+03
     17.322  0.1153E+02  0.3266E+03
     17.343  0.1031E+02  0.3268E+03
     17.364  0.9531E+01  0.3270E+03
     17.385  0.9329E+01  0.3272E+03
     17.406  0.9582E+01  0.3274E+03
     17.426  0.1029E+02  0.3276E+03
     17.447  0.1147E+02  0.3278E+03
     17.468  0.1298E+02  0.3281E+03
     17.489  0.1338E+02  0.3284E+03
     17.510  0.1186E+02  0.3286E+03
     17.531  0.1121E+02  0.3289E+03
     17.552  0.1034E+02  0.3291E+03
     17.573  0.9119E+01  0.3293E+03
     17.593  0.8673E+01  0.3295E+03
     17.614  0.1326E+02  0.3298E+03
     17.635  0.1371E+02  0.3301E+03
     17.656  0.1412E+02  0.3304E+03
     17.677  0.1374E+02  0.3307E+03
     17.698  0.1244E+02  0.3309E+03
     17.719  0.1025E+02  0.3312E+03
     17.739  0.8381E+01  0.3314E+03
     17.760  0.6953E+01  0.3315E+03
     17.781  0.8163E+01  0.3317E+03
     17.802  0.1939E+02  0.3319E+03
     17.823  0.2113E+02  0.3325E+03
     17.844  0.1726E+02  0.3329E+03
     17.865  0.1376E+02  0.3332E+03
     17.886  0.1044E+02  0.3334E+03
     17.906  0.7514E+01  0.3336E+03
     17.927  0.5468E+01  0.3338E+03
     17.948  0.3803E+01  0.3339E+03
     17.969  0.2517E+01  0.3339E+03
     17.990  0.1555E+02  0.3341E+03
     18.011  0.1797E+02  0.3345E+03
     18.032  0.1660E+02  0.3348E+03
     18.052  0.1494E+02  0.3351E+03
     18.073  0.1236E+02  0.3354E+03
     18.094  0.8672E+01  0.3357E+03
     18.115  0.5665E+01  0.3358E+03
     18.136  0.3674E+01  0.3359E+03
     18.157  0.2112E+01  0.3360E+03
     18.178  0.9801E+00  0.3360E+03
     18.199  0.2773E+00  0.3360E+03
     18.219  0.3993E-02  0.3360E+03
     18.240  0.0000E+00  0.3360E+03
     18.261  0.0000E+00  0.3360E+03
     18.282  0.0000E+00  0.3360E+03
     18.303  0.0000E+00  0.3360E+03
     18.324  0.0000E+00  0.3360E+03
     18.345  0.0000E+00  0.3360E+03
     18.365  0.0000E+00  0.3360E+03
     18.386  0.0000E+00  0.3360E+03
     18.407  0.0000E+00  0.3360E+03
     18.428  0.0000E+00  0.3360E+03
     18.449  0.0000E+00  0.3360E+03
     18.470  0.0000E+00  0.3360E+03
     18.491  0.0000E+00  0.3360E+03
     18.512  0.0000E+00  0.3360E+03
     18.532  0.0000E+00  0.3360E+03
     18.553  0.0000E+00  0.3360E+03
     18.574  0.0000E+00  0.3360E+03
     18.595  0.0000E+00  0.3360E+03
     18.616  0.0000E+00  0.3360E+03
     18.637  0.0000E+00  0.3360E+03
     18.658  0.0000E+00  0.3360E+03
     18.678  0.0000E+00  0.3360E+03
     18.699  0.0000E+00  0.3360E+03
     18.720  0.0000E+00  0.3360E+03
     18.741  0.0000E+00  0.3360E+03
     18.762  0.0000E+00  0.3360E+03
     18.783  0.0000E+00  0.3360E+03
     18.804  0.0000E+00  0.3360E+03
     18.825  0.0000E+00  0.3360E+03
     18.845  0.0000E+00  0.3360E+03
     18.866  0.0000E+00  0.3360E+03
     18.887  0.0000E+00  0.3360E+03
     18.908  0.0000E+00  0.3360E+03
     18.929  0.0000E+00  0.3360E+03
     18.950  0.0000E+00  0.3360E+03
     18.971  0.0000E+00  0.3360E+03
     18.991  0.0000E+00  0.3360E+03
     19.012  0.0000E+00  0.3360E+03
     19.033  0.0000E+00  0.3360E+03
     19.054  0.0000E+00  0.3360E+03
     19.075  0.0000E+00  0.3360E+03
     19.096  0.0000E+00  0.3360E+03
     19.117  0.0000E+00  0.3360E+03
     19.138  0.0000E+00  0.3360E+03
     19.158  0.0000E+00  0.3360E+03
     19.179  0.0000E+00  0.3360E+03
     19.200  0.0000E+00  0.3360E+03
     19.221  0.0000E+00  0.3360E+03
     19.242  0.0000E+00  0.3360E+03
     19.263  0.0000E+00  0.3360E+03
     19.284  0.0000E+00  0.3360E+03
     19.304  0.0000E+00  0.3360E+03
     19.325  0.0000E+00  0.3360E+03
     19.346  0.0000E+00  0.3360E+03
     19.367  0.0000E+00  0.3360E+03
     19.388  0.0000E+00  0.3360E+03
     19.409  0.0000E+00  0.3360E+03
     19.430  0.0000E+00  0.3360E+03
     19.451  0.0000E+00  0.3360E+03
     19.471  0.0000E+00  0.3360E+03
     19.492  0.0000E+00  0.3360E+03
     19.513  0.0000E+00  0.3360E+03
     19.534  0.0000E+00  0.3360E+03
     19.555  0.0000E+00  0.3360E+03
     19.576  0.0000E+00  0.3360E+03
     19.597  0.0000E+00  0.3360E+03
     19.617  0.0000E+00  0.3360E+03
     19.638  0.0000E+00  0.3360E+03
     19.659  0.0000E+00  0.3360E+03
     19.680  0.0000E+00  0.3360E+03
     19.701  0.0000E+00  0.3360E+03
     19.722  0.0000E+00  0.3360E+03
     19.743  0.0000E+00  0.3360E+03
     19.764  0.0000E+00  0.3360E+03
     19.784  0.0000E+00  0.3360E+03
     19.805  0.0000E+00  0.3360E+03
     19.826  0.0000E+00  0.3360E+03
     19.847  0.0000E+00  0.3360E+03
     19.868  0.0000E+00  0.3360E+03
     19.889  0.0000E+00  0.3360E+03
     19.910  0.0000E+00  0.3360E+03
     19.930  0.0000E+00  0.3360E+03
     19.951  0.0000E+00  0.3360E+03
     19.972  0.0000E+00  0.3360E+03
     19.993  0.0000E+00  0.3360E+03
     20.014  0.0000E+00  0.3360E+03
     20.035  0.0000E+00  0.3360E+03
     20.056  0.0000E+00  0.3360E+03
     20.077  0.0000E+00  0.3360E+03
     20.097  0.0000E+00  0.3360E+03
     20.118  0.0000E+00  0.3360E+03


