 X Y Z
  0.0000000000000000 -0.0000000000000000 -0.0000000000000000
  0.5000000000000000 -0.0000000000000000 -0.0000000000000000
  0.0000000000000000  0.5000000000000000 -0.0000000000000000
  0.5000000000000000  0.5000000000000000 -0.0000000000000000
  0.0000000000000000 -0.0000000000000000  0.5000000000000000
  0.5000000000000000 -0.0000000000000000  0.5000000000000000
  0.0000000000000000  0.5000000000000000  0.5000000000000000
  0.0000000000000000  0.2511551508426749  0.2511551508426749
  0.5000000000000000  0.2563681084174128  0.2563681084174128
  0.0000000000000000  0.7488448491573252  0.2511551508426749
  0.5000000000000000  0.7436318915825876  0.2563681084174128
  0.0000000000000000  0.2511551508426749  0.7488448491573252
  0.5000000000000000  0.2563681084174128  0.7436318915825876
  0.0000000000000000  0.7488448491573252  0.7488448491573252
  0.5000000000000000  0.7436318915825876  0.7436318915825876
  0.2511551508426749 -0.0000000000000000  0.2511551508426749
  0.7488448491573252 -0.0000000000000000  0.2511551508426749
  0.2563681084174128  0.5000000000000000  0.2563681084174128
  0.7436318915825876  0.5000000000000000  0.2563681084174128
  0.2511551508426749 -0.0000000000000000  0.7488448491573252
  0.7488448491573252 -0.0000000000000000  0.7488448491573252
  0.2563681084174128  0.5000000000000000  0.7436318915825876
  0.7436318915825876  0.5000000000000000  0.7436318915825876
  0.2511551508426749  0.2511551508426749 -0.0000000000000000
  0.7488448491573252  0.2511551508426749 -0.0000000000000000
  0.2511551508426749  0.7488448491573252 -0.0000000000000000
  0.7488448491573252  0.7488448491573252 -0.0000000000000000
  0.2563681084174128  0.2563681084174128  0.5000000000000000
  0.7436318915825876  0.2563681084174128  0.5000000000000000
  0.2563681084174128  0.7436318915825876  0.5000000000000000
  0.7436318915825876  0.7436318915825876  0.5000000000000000
  0.2494118075525050 -0.0000000000000000 -0.0000000000000000
  0.7505881924474950 -0.0000000000000000 -0.0000000000000000
  0.2483683961977431  0.5000000000000000 -0.0000000000000000
  0.7516316038022570  0.5000000000000000 -0.0000000000000000
  0.2483683961977431 -0.0000000000000000  0.5000000000000000
  0.7516316038022570 -0.0000000000000000  0.5000000000000000
  0.2364323013004345  0.5000000000000000  0.5000000000000000
  0.7635676986995655  0.5000000000000000  0.5000000000000000
  0.2503468444825957  0.2503468444825957  0.2503468444825957
  0.7496531555174042  0.2503468444825957  0.2503468444825957
  0.2503468444825957  0.7496531555174042  0.2503468444825957
  0.7496531555174042  0.7496531555174042  0.2503468444825957
  0.2503468444825957  0.2503468444825957  0.7496531555174042
  0.7496531555174042  0.2503468444825957  0.7496531555174042
  0.2503468444825957  0.7496531555174042  0.7496531555174042
  0.7496531555174042  0.7496531555174042  0.7496531555174042
  0.0000000000000000 -0.0000000000000000  0.2494118075525050
  0.5000000000000000 -0.0000000000000000  0.2483683961977431
  0.0000000000000000  0.5000000000000000  0.2483683961977431
  0.5000000000000000  0.5000000000000000  0.2364323013004345
  0.0000000000000000 -0.0000000000000000  0.7505881924474950
  0.5000000000000000 -0.0000000000000000  0.7516316038022570
  0.0000000000000000  0.5000000000000000  0.7516316038022570
  0.5000000000000000  0.5000000000000000  0.7635676986995655
  0.0000000000000000  0.2494118075525050 -0.0000000000000000
  0.5000000000000000  0.2483683961977431 -0.0000000000000000
 -0.0000000000000000  0.7505881924474950 -0.0000000000000000
  0.5000000000000000  0.7516316038022570 -0.0000000000000000
 -0.0000000000000000  0.2483683961977431  0.5000000000000000
  0.5000000000000000  0.2364323013004345  0.5000000000000000
  0.0000000000000000  0.7516316038022570  0.5000000000000000
  0.5000000000000000  0.7635676986995655  0.5000000000000000

 