 Energy DOS Integrated_DOS
 -0.0000000000000000 -0.0000000000000000  0.0000000000000000
  0.5000000000000000 -0.0000000000000000  0.0000000000000000
 -0.0000000000000000  0.5000000000000000  0.0000000000000000
  0.5000000000000000  0.5000000000000000  0.0000000000000000
 -0.0000000000000000 -0.0000000000000000  0.5000000000000000
  0.5000000000000000 -0.0000000000000000  0.5000000000000000
 -0.0000000000000000  0.5000000000000000  0.5000000000000000
 -0.0000000000000000  0.2504892743070688  0.2504892743070688
  0.5000000000000000  0.2559138613170355  0.2559138613170355
 -0.0000000000000000  0.7495107256929312  0.2504892743070688
  0.5000000000000000  0.7440861386829644  0.2559138613170355
 -0.0000000000000000  0.2504892743070688  0.7495107256929312
  0.5000000000000000  0.2559138613170355  0.7440861386829644
 -0.0000000000000000  0.7495107256929312  0.7495107256929312
  0.5000000000000000  0.7440861386829644  0.7440861386829644
  0.2504892743070688 -0.0000000000000000  0.2504892743070688
  0.7495107256929312 -0.0000000000000000  0.2504892743070688
  0.2559138613170355  0.5000000000000000  0.2559138613170355
  0.7440861386829644  0.5000000000000000  0.2559138613170355
  0.2504892743070688 -0.0000000000000000  0.7495107256929312
  0.7495107256929312 -0.0000000000000000  0.7495107256929312
  0.2559138613170355  0.5000000000000000  0.7440861386829644
  0.7440861386829644  0.5000000000000000  0.7440861386829644
  0.2504892743070688  0.2504892743070688 -0.0000000000000000
  0.7495107256929312  0.2504892743070688 -0.0000000000000000
  0.2504892743070688  0.7495107256929312 -0.0000000000000000
  0.7495107256929312  0.7495107256929312  0.0000000000000000
  0.2559138613170355  0.2559138613170355  0.5000000000000000
  0.7440861386829644  0.2559138613170355  0.5000000000000000
  0.2559138613170355  0.7440861386829644  0.5000000000000000
  0.7440861386829644  0.7440861386829644  0.5000000000000000
  0.2495080317304212 -0.0000000000000000 -0.0000000000000000
  0.7504919682695789 -0.0000000000000000  0.0000000000000000
  0.2487032227895584  0.5000000000000000  0.0000000000000000
  0.7512967772104415  0.5000000000000000  0.0000000000000000
  0.2487032227895584 -0.0000000000000000  0.5000000000000000
  0.7512967772104415 -0.0000000000000000  0.5000000000000000
  0.2370053687087934  0.5000000000000000  0.5000000000000000
  0.7629946312912138  0.5000000000000000  0.5000000000000000
  0.2503261428116136  0.2503261428116136  0.2503261428116136
  0.7496738571883865  0.2503261428116136  0.2503261428116136
  0.2503261428116136  0.7496738571883865  0.2503261428116136
  0.7496738571883865  0.7496738571883865  0.2503261428116136
  0.2503261428116136  0.2503261428116136  0.7496738571883865
  0.7496738571883865  0.2503261428116136  0.7496738571883865
  0.2503261428116136  0.7496738571883865  0.7496738571883865
  0.7496738571883865  0.7496738571883865  0.7496738571883865
 -0.0000000000000000 -0.0000000000000000  0.2495080317304212
  0.5000000000000000 -0.0000000000000000  0.2487032227895584
 -0.0000000000000000  0.5000000000000000  0.2487032227895584
  0.5000000000000000  0.5000000000000000  0.2370053687087934
 -0.0000000000000000 -0.0000000000000000  0.7504919682695789
  0.5000000000000000 -0.0000000000000000  0.7512967772104415
  0.0000000000000000  0.5000000000000000  0.7512967772104415
  0.5000000000000000  0.5000000000000000  0.7629946312912138
 -0.0000000000000000  0.2495080317304212 -0.0000000000000000
  0.5000000000000000  0.2487032227895584  0.0000000000000000
 -0.0000000000000000  0.7504919682695789 -0.0000000000000000
  0.5000000000000000  0.7512967772104415 -0.0000000000000000
 -0.0000000000000000  0.2487032227895584  0.5000000000000000
  0.5000000000000000  0.2370053687087934  0.5000000000000000
 -0.0000000000000000  0.7512967772104415  0.5000000000000000
  0.5000000000000000  0.7629946312912138  0.5000000000000000

