 Energy DOS Integrated_DOS
    -16.706  0.0000E+00  0.0000E+00
    -16.688  0.0000E+00  0.0000E+00
    -16.669  0.0000E+00  0.0000E+00
    -16.651  0.0000E+00  0.0000E+00
    -16.633  0.0000E+00  0.0000E+00
    -16.615  0.0000E+00  0.0000E+00
    -16.597  0.0000E+00  0.0000E+00
    -16.578  0.0000E+00  0.0000E+00
    -16.560  0.0000E+00  0.0000E+00
    -16.542  0.0000E+00  0.0000E+00
    -16.524  0.0000E+00  0.0000E+00
    -16.506  0.0000E+00  0.0000E+00
    -16.488  0.0000E+00  0.0000E+00
    -16.469  0.0000E+00  0.0000E+00
    -16.451  0.0000E+00  0.0000E+00
    -16.433  0.0000E+00  0.0000E+00
    -16.415  0.0000E+00  0.0000E+00
    -16.397  0.0000E+00  0.0000E+00
    -16.378  0.0000E+00  0.0000E+00
    -16.360  0.0000E+00  0.0000E+00
    -16.342  0.0000E+00  0.0000E+00
    -16.324  0.0000E+00  0.0000E+00
    -16.306  0.0000E+00  0.0000E+00
    -16.287  0.0000E+00  0.0000E+00
    -16.269  0.0000E+00  0.0000E+00
    -16.251  0.0000E+00  0.0000E+00
    -16.233  0.0000E+00  0.0000E+00
    -16.215  0.0000E+00  0.0000E+00
    -16.196  0.0000E+00  0.0000E+00
    -16.178  0.0000E+00  0.0000E+00
    -16.160  0.0000E+00  0.0000E+00
    -16.142  0.0000E+00  0.0000E+00
    -16.124  0.0000E+00  0.0000E+00
    -16.105  0.0000E+00  0.0000E+00
    -16.087  0.0000E+00  0.0000E+00
    -16.069  0.0000E+00  0.0000E+00
    -16.051  0.0000E+00  0.0000E+00
    -16.033  0.0000E+00  0.0000E+00
    -16.015  0.0000E+00  0.0000E+00
    -15.996  0.0000E+00  0.0000E+00
    -15.978  0.0000E+00  0.0000E+00
    -15.960  0.0000E+00  0.0000E+00
    -15.942  0.0000E+00  0.0000E+00
    -15.924  0.0000E+00  0.0000E+00
    -15.905  0.0000E+00  0.0000E+00
    -15.887  0.0000E+00  0.0000E+00
    -15.869  0.0000E+00  0.0000E+00
    -15.851  0.0000E+00  0.0000E+00
    -15.833  0.0000E+00  0.0000E+00
    -15.814  0.0000E+00  0.0000E+00
    -15.796  0.0000E+00  0.0000E+00
    -15.778  0.0000E+00  0.0000E+00
    -15.760  0.0000E+00  0.0000E+00
    -15.742  0.0000E+00  0.0000E+00
    -15.723  0.0000E+00  0.0000E+00
    -15.705  0.0000E+00  0.0000E+00
    -15.687  0.0000E+00  0.0000E+00
    -15.669  0.0000E+00  0.0000E+00
    -15.651  0.0000E+00  0.0000E+00
    -15.632  0.0000E+00  0.0000E+00
    -15.614  0.0000E+00  0.0000E+00
    -15.596  0.0000E+00  0.0000E+00
    -15.578  0.0000E+00  0.0000E+00
    -15.560  0.0000E+00  0.0000E+00
    -15.542  0.0000E+00  0.0000E+00
    -15.523  0.0000E+00  0.0000E+00
    -15.505  0.0000E+00  0.0000E+00
    -15.487  0.0000E+00  0.0000E+00
    -15.469  0.0000E+00  0.0000E+00
    -15.451  0.0000E+00  0.0000E+00
    -15.432  0.0000E+00  0.0000E+00
    -15.414  0.0000E+00  0.0000E+00
    -15.396  0.0000E+00  0.0000E+00
    -15.378  0.0000E+00  0.0000E+00
    -15.360  0.0000E+00  0.0000E+00
    -15.341  0.0000E+00  0.0000E+00
    -15.323  0.0000E+00  0.0000E+00
    -15.305  0.0000E+00  0.0000E+00
    -15.287  0.0000E+00  0.0000E+00
    -15.269  0.0000E+00  0.0000E+00
    -15.250  0.0000E+00  0.0000E+00
    -15.232  0.0000E+00  0.0000E+00
    -15.214  0.0000E+00  0.0000E+00
    -15.196  0.0000E+00  0.0000E+00
    -15.178  0.0000E+00  0.0000E+00
    -15.159  0.0000E+00  0.0000E+00
    -15.141  0.0000E+00  0.0000E+00
    -15.123  0.0000E+00  0.0000E+00
    -15.105  0.0000E+00  0.0000E+00
    -15.087  0.0000E+00  0.0000E+00
    -15.069  0.0000E+00  0.0000E+00
    -15.050  0.1433E-02  0.1185E-05
    -15.032  0.9953E-01  0.6859E-03
    -15.014  0.3518E+00  0.4557E-02
    -14.996  0.7582E+00  0.1442E-01
    -14.978  0.1319E+01  0.3308E-01
    -14.959  0.2033E+01  0.6334E-01
    -14.941  0.2902E+01  0.1080E+00
    -14.923  0.3925E+01  0.1699E+00
    -14.905  0.5103E+01  0.2518E+00
    -14.887  0.6434E+01  0.3565E+00
    -14.868  0.7954E+01  0.4874E+00
    -14.850  0.9172E+01  0.6438E+00
    -14.832  0.1002E+02  0.8190E+00
    -14.814  0.1418E+02  0.1021E+01
    -14.796  0.2107E+02  0.1346E+01
    -14.777  0.2540E+02  0.1772E+01
    -14.759  0.2716E+02  0.2254E+01
    -14.741  0.2637E+02  0.2745E+01
    -14.723  0.2067E+02  0.3188E+01
    -14.705  0.1623E+02  0.3504E+01
    -14.686  0.1662E+02  0.3803E+01
    -14.668  0.1668E+02  0.4107E+01
    -14.650  0.1644E+02  0.4408E+01
    -14.632  0.1593E+02  0.4703E+01
    -14.614  0.1517E+02  0.4987E+01
    -14.595  0.1414E+02  0.5254E+01
    -14.577  0.1286E+02  0.5500E+01
    -14.559  0.1131E+02  0.5720E+01
    -14.541  0.8765E+01  0.5907E+01
    -14.523  0.2684E+00  0.6000E+01
    -14.505  0.0000E+00  0.6000E+01
    -14.486  0.0000E+00  0.6000E+01
    -14.468  0.0000E+00  0.6000E+01
    -14.450  0.8799E-01  0.6000E+01
    -14.432  0.4726E+01  0.6045E+01
    -14.414  0.8535E+01  0.6167E+01
    -14.395  0.1151E+02  0.6351E+01
    -14.377  0.1367E+02  0.6581E+01
    -14.359  0.1499E+02  0.6843E+01
    -14.341  0.1548E+02  0.7121E+01
    -14.323  0.1515E+02  0.7401E+01
    -14.304  0.1396E+02  0.7667E+01
    -14.286  0.1060E+02  0.7900E+01
    -14.268  0.6863E+01  0.8052E+01
    -14.250  0.7203E+01  0.8174E+01
    -14.232  0.1114E+02  0.8338E+01
    -14.213  0.1645E+02  0.8587E+01
    -14.195  0.2288E+02  0.8943E+01
    -14.177  0.3044E+02  0.9426E+01
    -14.159  0.4729E+02  0.1011E+02
    -14.141  0.6006E+02  0.1110E+02
    -14.122  0.6166E+02  0.1223E+02
    -14.104  0.6382E+02  0.1338E+02
    -14.086  0.2390E+02  0.1423E+02
    -14.068  0.1837E+02  0.1446E+02
    -14.050  0.3193E+02  0.1494E+02
    -14.032  0.2977E+02  0.1553E+02
    -14.013  0.1188E+02  0.1593E+02
    -13.995  0.2953E+00  0.1600E+02
    -13.977  0.3794E+01  0.1602E+02
    -13.959  0.2004E+02  0.1622E+02
    -13.941  0.5151E+02  0.1680E+02
    -13.922  0.8369E+02  0.1805E+02
    -13.904  0.1014E+03  0.1976E+02
    -13.886  0.4286E+02  0.2115E+02
    -13.868  0.1110E+02  0.2158E+02
    -13.850  0.7053E+01  0.2174E+02
    -13.831  0.4933E+01  0.2185E+02
    -13.813  0.3191E+01  0.2192E+02
    -13.795  0.3640E+02  0.2207E+02
    -13.777  0.2719E+02  0.2289E+02
    -13.759  0.4687E+02  0.2357E+02
    -13.740  0.6050E+02  0.2456E+02
    -13.722  0.3591E+02  0.2527E+02
    -13.704  0.4677E+02  0.2604E+02
    -13.686  0.4787E+02  0.2691E+02
    -13.668  0.2057E+02  0.2755E+02
    -13.649  0.2030E+02  0.2788E+02
    -13.631  0.5025E+02  0.2847E+02
    -13.613  0.1197E+03  0.3002E+02
    -13.595  0.1170E+03  0.3208E+02
    -13.577  0.1020E+03  0.3441E+02
    -13.559  0.7701E+02  0.3601E+02
    -13.540  0.7371E+02  0.3737E+02
    -13.522  0.3327E+02  0.3843E+02
    -13.504  0.6553E+02  0.3917E+02
    -13.486  0.1392E+02  0.3970E+02
    -13.468  0.7016E+02  0.4048E+02
    -13.449  0.1056E+03  0.4221E+02
    -13.431  0.8978E+02  0.4405E+02
    -13.413  0.4403E+02  0.4487E+02
    -13.395  0.6968E+02  0.4590E+02
    -13.377  0.1161E+03  0.4748E+02
    -13.358  0.9226E+02  0.4941E+02
    -13.340  0.3256E+02  0.5131E+02
    -13.322  0.3944E+02  0.5201E+02
    -13.304  0.4988E+02  0.5278E+02
    -13.286  0.9179E+02  0.5400E+02
    -13.267  0.1131E+03  0.5599E+02
    -13.249  0.1089E+03  0.5802E+02
    -13.231  0.7822E+02  0.5977E+02
    -13.213  0.3810E+02  0.6084E+02
    -13.195  0.0000E+00  0.6200E+02
    -13.176  0.0000E+00  0.6200E+02
    -13.158  0.0000E+00  0.6200E+02
    -13.140  0.0000E+00  0.6200E+02
    -13.122  0.0000E+00  0.6200E+02
    -13.104  0.0000E+00  0.6200E+02
    -13.086  0.0000E+00  0.6200E+02
    -13.067  0.0000E+00  0.6200E+02
    -13.049  0.0000E+00  0.6200E+02
    -13.031  0.0000E+00  0.6200E+02
    -13.013  0.0000E+00  0.6200E+02
    -12.995  0.0000E+00  0.6200E+02
    -12.976  0.0000E+00  0.6200E+02
    -12.958  0.0000E+00  0.6200E+02
    -12.940  0.0000E+00  0.6200E+02
    -12.922  0.0000E+00  0.6200E+02
    -12.904  0.0000E+00  0.6200E+02
    -12.885  0.0000E+00  0.6200E+02
    -12.867  0.0000E+00  0.6200E+02
    -12.849  0.0000E+00  0.6200E+02
    -12.831  0.0000E+00  0.6200E+02
    -12.813  0.0000E+00  0.6200E+02
    -12.794  0.0000E+00  0.6200E+02
    -12.776  0.0000E+00  0.6200E+02
    -12.758  0.0000E+00  0.6200E+02
    -12.740  0.0000E+00  0.6200E+02
    -12.722  0.0000E+00  0.6200E+02
    -12.703  0.0000E+00  0.6200E+02
    -12.685  0.0000E+00  0.6200E+02
    -12.667  0.0000E+00  0.6200E+02
    -12.649  0.0000E+00  0.6200E+02
    -12.631  0.0000E+00  0.6200E+02
    -12.612  0.0000E+00  0.6200E+02
    -12.594  0.0000E+00  0.6200E+02
    -12.576  0.0000E+00  0.6200E+02
    -12.558  0.0000E+00  0.6200E+02
    -12.540  0.0000E+00  0.6200E+02
    -12.522  0.0000E+00  0.6200E+02
    -12.503  0.0000E+00  0.6200E+02
    -12.485  0.0000E+00  0.6200E+02
    -12.467  0.0000E+00  0.6200E+02
    -12.449  0.0000E+00  0.6200E+02
    -12.431  0.0000E+00  0.6200E+02
    -12.412  0.0000E+00  0.6200E+02
    -12.394  0.0000E+00  0.6200E+02
    -12.376  0.0000E+00  0.6200E+02
    -12.358  0.0000E+00  0.6200E+02
    -12.340  0.0000E+00  0.6200E+02
    -12.321  0.0000E+00  0.6200E+02
    -12.303  0.0000E+00  0.6200E+02
    -12.285  0.0000E+00  0.6200E+02
    -12.267  0.0000E+00  0.6200E+02
    -12.249  0.0000E+00  0.6200E+02
    -12.230  0.0000E+00  0.6200E+02
    -12.212  0.0000E+00  0.6200E+02
    -12.194  0.0000E+00  0.6200E+02
    -12.176  0.0000E+00  0.6200E+02
    -12.158  0.0000E+00  0.6200E+02
    -12.139  0.0000E+00  0.6200E+02
    -12.121  0.0000E+00  0.6200E+02
    -12.103  0.0000E+00  0.6200E+02
    -12.085  0.0000E+00  0.6200E+02
    -12.067  0.0000E+00  0.6200E+02
    -12.049  0.0000E+00  0.6200E+02
    -12.030  0.0000E+00  0.6200E+02
    -12.012  0.0000E+00  0.6200E+02
    -11.994  0.0000E+00  0.6200E+02
    -11.976  0.0000E+00  0.6200E+02
    -11.958  0.0000E+00  0.6200E+02
    -11.939  0.0000E+00  0.6200E+02
    -11.921  0.0000E+00  0.6200E+02
    -11.903  0.0000E+00  0.6200E+02
    -11.885  0.0000E+00  0.6200E+02
    -11.867  0.0000E+00  0.6200E+02
    -11.848  0.0000E+00  0.6200E+02
    -11.830  0.0000E+00  0.6200E+02
    -11.812  0.0000E+00  0.6200E+02
    -11.794  0.0000E+00  0.6200E+02
    -11.776  0.0000E+00  0.6200E+02
    -11.757  0.0000E+00  0.6200E+02
    -11.739  0.0000E+00  0.6200E+02
    -11.721  0.0000E+00  0.6200E+02
    -11.703  0.0000E+00  0.6200E+02
    -11.685  0.0000E+00  0.6200E+02
    -11.666  0.0000E+00  0.6200E+02
    -11.648  0.0000E+00  0.6200E+02
    -11.630  0.0000E+00  0.6200E+02
    -11.612  0.0000E+00  0.6200E+02
    -11.594  0.0000E+00  0.6200E+02
    -11.576  0.0000E+00  0.6200E+02
    -11.557  0.0000E+00  0.6200E+02
    -11.539  0.0000E+00  0.6200E+02
    -11.521  0.0000E+00  0.6200E+02
    -11.503  0.0000E+00  0.6200E+02
    -11.485  0.0000E+00  0.6200E+02
    -11.466  0.0000E+00  0.6200E+02
    -11.448  0.0000E+00  0.6200E+02
    -11.430  0.0000E+00  0.6200E+02
    -11.412  0.0000E+00  0.6200E+02
    -11.394  0.0000E+00  0.6200E+02
    -11.375  0.0000E+00  0.6200E+02
    -11.357  0.0000E+00  0.6200E+02
    -11.339  0.0000E+00  0.6200E+02
    -11.321  0.0000E+00  0.6200E+02
    -11.303  0.0000E+00  0.6200E+02
    -11.284  0.0000E+00  0.6200E+02
    -11.266  0.0000E+00  0.6200E+02
    -11.248  0.0000E+00  0.6200E+02
    -11.230  0.0000E+00  0.6200E+02
    -11.212  0.0000E+00  0.6200E+02
    -11.193  0.0000E+00  0.6200E+02
    -11.175  0.0000E+00  0.6200E+02
    -11.157  0.0000E+00  0.6200E+02
    -11.139  0.0000E+00  0.6200E+02
    -11.121  0.0000E+00  0.6200E+02
    -11.103  0.0000E+00  0.6200E+02
    -11.084  0.0000E+00  0.6200E+02
    -11.066  0.0000E+00  0.6200E+02
    -11.048  0.0000E+00  0.6200E+02
    -11.030  0.0000E+00  0.6200E+02
    -11.012  0.0000E+00  0.6200E+02
    -10.993  0.0000E+00  0.6200E+02
    -10.975  0.0000E+00  0.6200E+02
    -10.957  0.0000E+00  0.6200E+02
    -10.939  0.0000E+00  0.6200E+02
    -10.921  0.0000E+00  0.6200E+02
    -10.902  0.0000E+00  0.6200E+02
    -10.884  0.0000E+00  0.6200E+02
    -10.866  0.0000E+00  0.6200E+02
    -10.848  0.0000E+00  0.6200E+02
    -10.830  0.0000E+00  0.6200E+02
    -10.811  0.0000E+00  0.6200E+02
    -10.793  0.0000E+00  0.6200E+02
    -10.775  0.0000E+00  0.6200E+02
    -10.757  0.0000E+00  0.6200E+02
    -10.739  0.0000E+00  0.6200E+02
    -10.720  0.0000E+00  0.6200E+02
    -10.702  0.0000E+00  0.6200E+02
    -10.684  0.0000E+00  0.6200E+02
    -10.666  0.0000E+00  0.6200E+02
    -10.648  0.0000E+00  0.6200E+02
    -10.630  0.0000E+00  0.6200E+02
    -10.611  0.0000E+00  0.6200E+02
    -10.593  0.0000E+00  0.6200E+02
    -10.575  0.0000E+00  0.6200E+02
    -10.557  0.0000E+00  0.6200E+02
    -10.539  0.0000E+00  0.6200E+02
    -10.520  0.0000E+00  0.6200E+02
    -10.502  0.0000E+00  0.6200E+02
    -10.484  0.0000E+00  0.6200E+02
    -10.466  0.0000E+00  0.6200E+02
    -10.448  0.0000E+00  0.6200E+02
    -10.429  0.0000E+00  0.6200E+02
    -10.411  0.0000E+00  0.6200E+02
    -10.393  0.0000E+00  0.6200E+02
    -10.375  0.0000E+00  0.6200E+02
    -10.357  0.0000E+00  0.6200E+02
    -10.338  0.0000E+00  0.6200E+02
    -10.320  0.0000E+00  0.6200E+02
    -10.302  0.0000E+00  0.6200E+02
    -10.284  0.0000E+00  0.6200E+02
    -10.266  0.0000E+00  0.6200E+02
    -10.247  0.0000E+00  0.6200E+02
    -10.229  0.0000E+00  0.6200E+02
    -10.211  0.0000E+00  0.6200E+02
    -10.193  0.0000E+00  0.6200E+02
    -10.175  0.0000E+00  0.6200E+02
    -10.156  0.0000E+00  0.6200E+02
    -10.138  0.0000E+00  0.6200E+02
    -10.120  0.0000E+00  0.6200E+02
    -10.102  0.0000E+00  0.6200E+02
    -10.084  0.0000E+00  0.6200E+02
    -10.066  0.0000E+00  0.6200E+02
    -10.047  0.0000E+00  0.6200E+02
    -10.029  0.0000E+00  0.6200E+02
    -10.011  0.0000E+00  0.6200E+02
     -9.993  0.0000E+00  0.6200E+02
     -9.975  0.0000E+00  0.6200E+02
     -9.956  0.0000E+00  0.6200E+02
     -9.938  0.0000E+00  0.6200E+02
     -9.920  0.0000E+00  0.6200E+02
     -9.902  0.0000E+00  0.6200E+02
     -9.884  0.0000E+00  0.6200E+02
     -9.865  0.0000E+00  0.6200E+02
     -9.847  0.0000E+00  0.6200E+02
     -9.829  0.0000E+00  0.6200E+02
     -9.811  0.0000E+00  0.6200E+02
     -9.793  0.0000E+00  0.6200E+02
     -9.774  0.0000E+00  0.6200E+02
     -9.756  0.0000E+00  0.6200E+02
     -9.738  0.0000E+00  0.6200E+02
     -9.720  0.0000E+00  0.6200E+02
     -9.702  0.0000E+00  0.6200E+02
     -9.683  0.0000E+00  0.6200E+02
     -9.665  0.0000E+00  0.6200E+02
     -9.647  0.0000E+00  0.6200E+02
     -9.629  0.0000E+00  0.6200E+02
     -9.611  0.0000E+00  0.6200E+02
     -9.593  0.0000E+00  0.6200E+02
     -9.574  0.0000E+00  0.6200E+02
     -9.556  0.0000E+00  0.6200E+02
     -9.538  0.0000E+00  0.6200E+02
     -9.520  0.0000E+00  0.6200E+02
     -9.502  0.0000E+00  0.6200E+02
     -9.483  0.0000E+00  0.6200E+02
     -9.465  0.0000E+00  0.6200E+02
     -9.447  0.0000E+00  0.6200E+02
     -9.429  0.0000E+00  0.6200E+02
     -9.411  0.0000E+00  0.6200E+02
     -9.392  0.0000E+00  0.6200E+02
     -9.374  0.0000E+00  0.6200E+02
     -9.356  0.0000E+00  0.6200E+02
     -9.338  0.0000E+00  0.6200E+02
     -9.320  0.0000E+00  0.6200E+02
     -9.301  0.0000E+00  0.6200E+02
     -9.283  0.0000E+00  0.6200E+02
     -9.265  0.0000E+00  0.6200E+02
     -9.247  0.0000E+00  0.6200E+02
     -9.229  0.0000E+00  0.6200E+02
     -9.210  0.0000E+00  0.6200E+02
     -9.192  0.0000E+00  0.6200E+02
     -9.174  0.0000E+00  0.6200E+02
     -9.156  0.0000E+00  0.6200E+02
     -9.138  0.0000E+00  0.6200E+02
     -9.120  0.0000E+00  0.6200E+02
     -9.101  0.0000E+00  0.6200E+02
     -9.083  0.0000E+00  0.6200E+02
     -9.065  0.0000E+00  0.6200E+02
     -9.047  0.0000E+00  0.6200E+02
     -9.029  0.0000E+00  0.6200E+02
     -9.010  0.0000E+00  0.6200E+02
     -8.992  0.0000E+00  0.6200E+02
     -8.974  0.0000E+00  0.6200E+02
     -8.956  0.0000E+00  0.6200E+02
     -8.938  0.0000E+00  0.6200E+02
     -8.919  0.0000E+00  0.6200E+02
     -8.901  0.0000E+00  0.6200E+02
     -8.883  0.0000E+00  0.6200E+02
     -8.865  0.0000E+00  0.6200E+02
     -8.847  0.0000E+00  0.6200E+02
     -8.828  0.0000E+00  0.6200E+02
     -8.810  0.0000E+00  0.6200E+02
     -8.792  0.0000E+00  0.6200E+02
     -8.774  0.0000E+00  0.6200E+02
     -8.756  0.0000E+00  0.6200E+02
     -8.737  0.0000E+00  0.6200E+02
     -8.719  0.0000E+00  0.6200E+02
     -8.701  0.0000E+00  0.6200E+02
     -8.683  0.0000E+00  0.6200E+02
     -8.665  0.0000E+00  0.6200E+02
     -8.647  0.0000E+00  0.6200E+02
     -8.628  0.0000E+00  0.6200E+02
     -8.610  0.0000E+00  0.6200E+02
     -8.592  0.0000E+00  0.6200E+02
     -8.574  0.0000E+00  0.6200E+02
     -8.556  0.0000E+00  0.6200E+02
     -8.537  0.0000E+00  0.6200E+02
     -8.519  0.0000E+00  0.6200E+02
     -8.501  0.0000E+00  0.6200E+02
     -8.483  0.0000E+00  0.6200E+02
     -8.465  0.0000E+00  0.6200E+02
     -8.446  0.0000E+00  0.6200E+02
     -8.428  0.0000E+00  0.6200E+02
     -8.410  0.0000E+00  0.6200E+02
     -8.392  0.0000E+00  0.6200E+02
     -8.374  0.0000E+00  0.6200E+02
     -8.355  0.0000E+00  0.6200E+02
     -8.337  0.0000E+00  0.6200E+02
     -8.319  0.0000E+00  0.6200E+02
     -8.301  0.0000E+00  0.6200E+02
     -8.283  0.0000E+00  0.6200E+02
     -8.264  0.0000E+00  0.6200E+02
     -8.246  0.0000E+00  0.6200E+02
     -8.228  0.0000E+00  0.6200E+02
     -8.210  0.0000E+00  0.6200E+02
     -8.192  0.0000E+00  0.6200E+02
     -8.173  0.0000E+00  0.6200E+02
     -8.155  0.0000E+00  0.6200E+02
     -8.137  0.0000E+00  0.6200E+02
     -8.119  0.0000E+00  0.6200E+02
     -8.101  0.0000E+00  0.6200E+02
     -8.083  0.0000E+00  0.6200E+02
     -8.064  0.0000E+00  0.6200E+02
     -8.046  0.0000E+00  0.6200E+02
     -8.028  0.0000E+00  0.6200E+02
     -8.010  0.0000E+00  0.6200E+02
     -7.992  0.0000E+00  0.6200E+02
     -7.973  0.0000E+00  0.6200E+02
     -7.955  0.0000E+00  0.6200E+02
     -7.937  0.0000E+00  0.6200E+02
     -7.919  0.0000E+00  0.6200E+02
     -7.901  0.0000E+00  0.6200E+02
     -7.882  0.0000E+00  0.6200E+02
     -7.864  0.0000E+00  0.6200E+02
     -7.846  0.0000E+00  0.6200E+02
     -7.828  0.0000E+00  0.6200E+02
     -7.810  0.0000E+00  0.6200E+02
     -7.791  0.0000E+00  0.6200E+02
     -7.773  0.0000E+00  0.6200E+02
     -7.755  0.0000E+00  0.6200E+02
     -7.737  0.0000E+00  0.6200E+02
     -7.719  0.0000E+00  0.6200E+02
     -7.700  0.0000E+00  0.6200E+02
     -7.682  0.0000E+00  0.6200E+02
     -7.664  0.0000E+00  0.6200E+02
     -7.646  0.0000E+00  0.6200E+02
     -7.628  0.0000E+00  0.6200E+02
     -7.610  0.0000E+00  0.6200E+02
     -7.591  0.0000E+00  0.6200E+02
     -7.573  0.0000E+00  0.6200E+02
     -7.555  0.0000E+00  0.6200E+02
     -7.537  0.0000E+00  0.6200E+02
     -7.519  0.0000E+00  0.6200E+02
     -7.500  0.0000E+00  0.6200E+02
     -7.482  0.0000E+00  0.6200E+02
     -7.464  0.0000E+00  0.6200E+02
     -7.446  0.0000E+00  0.6200E+02
     -7.428  0.0000E+00  0.6200E+02
     -7.409  0.0000E+00  0.6200E+02
     -7.391  0.0000E+00  0.6200E+02
     -7.373  0.0000E+00  0.6200E+02
     -7.355  0.0000E+00  0.6200E+02
     -7.337  0.0000E+00  0.6200E+02
     -7.318  0.0000E+00  0.6200E+02
     -7.300  0.0000E+00  0.6200E+02
     -7.282  0.0000E+00  0.6200E+02
     -7.264  0.0000E+00  0.6200E+02
     -7.246  0.0000E+00  0.6200E+02
     -7.227  0.0000E+00  0.6200E+02
     -7.209  0.0000E+00  0.6200E+02
     -7.191  0.0000E+00  0.6200E+02
     -7.173  0.0000E+00  0.6200E+02
     -7.155  0.0000E+00  0.6200E+02
     -7.137  0.0000E+00  0.6200E+02
     -7.118  0.0000E+00  0.6200E+02
     -7.100  0.0000E+00  0.6200E+02
     -7.082  0.0000E+00  0.6200E+02
     -7.064  0.0000E+00  0.6200E+02
     -7.046  0.0000E+00  0.6200E+02
     -7.027  0.0000E+00  0.6200E+02
     -7.009  0.0000E+00  0.6200E+02
     -6.991  0.0000E+00  0.6200E+02
     -6.973  0.0000E+00  0.6200E+02
     -6.955  0.0000E+00  0.6200E+02
     -6.936  0.0000E+00  0.6200E+02
     -6.918  0.0000E+00  0.6200E+02
     -6.900  0.0000E+00  0.6200E+02
     -6.882  0.0000E+00  0.6200E+02
     -6.864  0.0000E+00  0.6200E+02
     -6.845  0.0000E+00  0.6200E+02
     -6.827  0.0000E+00  0.6200E+02
     -6.809  0.0000E+00  0.6200E+02
     -6.791  0.0000E+00  0.6200E+02
     -6.773  0.0000E+00  0.6200E+02
     -6.754  0.0000E+00  0.6200E+02
     -6.736  0.0000E+00  0.6200E+02
     -6.718  0.0000E+00  0.6200E+02
     -6.700  0.0000E+00  0.6200E+02
     -6.682  0.0000E+00  0.6200E+02
     -6.664  0.0000E+00  0.6200E+02
     -6.645  0.0000E+00  0.6200E+02
     -6.627  0.0000E+00  0.6200E+02
     -6.609  0.0000E+00  0.6200E+02
     -6.591  0.0000E+00  0.6200E+02
     -6.573  0.0000E+00  0.6200E+02
     -6.554  0.0000E+00  0.6200E+02
     -6.536  0.0000E+00  0.6200E+02
     -6.518  0.0000E+00  0.6200E+02
     -6.500  0.0000E+00  0.6200E+02
     -6.482  0.0000E+00  0.6200E+02
     -6.463  0.0000E+00  0.6200E+02
     -6.445  0.0000E+00  0.6200E+02
     -6.427  0.0000E+00  0.6200E+02
     -6.409  0.0000E+00  0.6200E+02
     -6.391  0.0000E+00  0.6200E+02
     -6.372  0.0000E+00  0.6200E+02
     -6.354  0.0000E+00  0.6200E+02
     -6.336  0.0000E+00  0.6200E+02
     -6.318  0.0000E+00  0.6200E+02
     -6.300  0.0000E+00  0.6200E+02
     -6.281  0.0000E+00  0.6200E+02
     -6.263  0.0000E+00  0.6200E+02
     -6.245  0.0000E+00  0.6200E+02
     -6.227  0.0000E+00  0.6200E+02
     -6.209  0.0000E+00  0.6200E+02
     -6.190  0.0000E+00  0.6200E+02
     -6.172  0.0000E+00  0.6200E+02
     -6.154  0.0000E+00  0.6200E+02
     -6.136  0.0000E+00  0.6200E+02
     -6.118  0.0000E+00  0.6200E+02
     -6.100  0.0000E+00  0.6200E+02
     -6.081  0.0000E+00  0.6200E+02
     -6.063  0.0000E+00  0.6200E+02
     -6.045  0.0000E+00  0.6200E+02
     -6.027  0.0000E+00  0.6200E+02
     -6.009  0.0000E+00  0.6200E+02
     -5.990  0.0000E+00  0.6200E+02
     -5.972  0.0000E+00  0.6200E+02
     -5.954  0.0000E+00  0.6200E+02
     -5.936  0.0000E+00  0.6200E+02
     -5.918  0.0000E+00  0.6200E+02
     -5.899  0.0000E+00  0.6200E+02
     -5.881  0.0000E+00  0.6200E+02
     -5.863  0.0000E+00  0.6200E+02
     -5.845  0.0000E+00  0.6200E+02
     -5.827  0.0000E+00  0.6200E+02
     -5.808  0.0000E+00  0.6200E+02
     -5.790  0.0000E+00  0.6200E+02
     -5.772  0.0000E+00  0.6200E+02
     -5.754  0.0000E+00  0.6200E+02
     -5.736  0.0000E+00  0.6200E+02
     -5.717  0.0000E+00  0.6200E+02
     -5.699  0.0000E+00  0.6200E+02
     -5.681  0.0000E+00  0.6200E+02
     -5.663  0.0000E+00  0.6200E+02
     -5.645  0.0000E+00  0.6200E+02
     -5.627  0.0000E+00  0.6200E+02
     -5.608  0.0000E+00  0.6200E+02
     -5.590  0.0000E+00  0.6200E+02
     -5.572  0.0000E+00  0.6200E+02
     -5.554  0.0000E+00  0.6200E+02
     -5.536  0.0000E+00  0.6200E+02
     -5.517  0.0000E+00  0.6200E+02
     -5.499  0.0000E+00  0.6200E+02
     -5.481  0.0000E+00  0.6200E+02
     -5.463  0.0000E+00  0.6200E+02
     -5.445  0.0000E+00  0.6200E+02
     -5.426  0.0000E+00  0.6200E+02
     -5.408  0.0000E+00  0.6200E+02
     -5.390  0.0000E+00  0.6200E+02
     -5.372  0.0000E+00  0.6200E+02
     -5.354  0.0000E+00  0.6200E+02
     -5.335  0.0000E+00  0.6200E+02
     -5.317  0.0000E+00  0.6200E+02
     -5.299  0.0000E+00  0.6200E+02
     -5.281  0.0000E+00  0.6200E+02
     -5.263  0.0000E+00  0.6200E+02
     -5.244  0.0000E+00  0.6200E+02
     -5.226  0.0000E+00  0.6200E+02
     -5.208  0.0000E+00  0.6200E+02
     -5.190  0.0000E+00  0.6200E+02
     -5.172  0.0000E+00  0.6200E+02
     -5.154  0.0000E+00  0.6200E+02
     -5.135  0.0000E+00  0.6200E+02
     -5.117  0.0000E+00  0.6200E+02
     -5.099  0.0000E+00  0.6200E+02
     -5.081  0.0000E+00  0.6200E+02
     -5.063  0.0000E+00  0.6200E+02
     -5.044  0.0000E+00  0.6200E+02
     -5.026  0.0000E+00  0.6200E+02
     -5.008  0.0000E+00  0.6200E+02
     -4.990  0.0000E+00  0.6200E+02
     -4.972  0.0000E+00  0.6200E+02
     -4.953  0.0000E+00  0.6200E+02
     -4.935  0.0000E+00  0.6200E+02
     -4.917  0.0000E+00  0.6200E+02
     -4.899  0.0000E+00  0.6200E+02
     -4.881  0.0000E+00  0.6200E+02
     -4.862  0.0000E+00  0.6200E+02
     -4.844  0.0000E+00  0.6200E+02
     -4.826  0.0000E+00  0.6200E+02
     -4.808  0.0000E+00  0.6200E+02
     -4.790  0.0000E+00  0.6200E+02
     -4.771  0.0000E+00  0.6200E+02
     -4.753  0.0000E+00  0.6200E+02
     -4.735  0.0000E+00  0.6200E+02
     -4.717  0.0000E+00  0.6200E+02
     -4.699  0.0000E+00  0.6200E+02
     -4.681  0.0000E+00  0.6200E+02
     -4.662  0.0000E+00  0.6200E+02
     -4.644  0.0000E+00  0.6200E+02
     -4.626  0.0000E+00  0.6200E+02
     -4.608  0.0000E+00  0.6200E+02
     -4.590  0.0000E+00  0.6200E+02
     -4.571  0.0000E+00  0.6200E+02
     -4.553  0.0000E+00  0.6200E+02
     -4.535  0.0000E+00  0.6200E+02
     -4.517  0.0000E+00  0.6200E+02
     -4.499  0.0000E+00  0.6200E+02
     -4.480  0.0000E+00  0.6200E+02
     -4.462  0.0000E+00  0.6200E+02
     -4.444  0.0000E+00  0.6200E+02
     -4.426  0.0000E+00  0.6200E+02
     -4.408  0.0000E+00  0.6200E+02
     -4.389  0.0000E+00  0.6200E+02
     -4.371  0.0000E+00  0.6200E+02
     -4.353  0.0000E+00  0.6200E+02
     -4.335  0.0000E+00  0.6200E+02
     -4.317  0.0000E+00  0.6200E+02
     -4.298  0.0000E+00  0.6200E+02
     -4.280  0.0000E+00  0.6200E+02
     -4.262  0.0000E+00  0.6200E+02
     -4.244  0.0000E+00  0.6200E+02
     -4.226  0.0000E+00  0.6200E+02
     -4.208  0.0000E+00  0.6200E+02
     -4.189  0.0000E+00  0.6200E+02
     -4.171  0.0000E+00  0.6200E+02
     -4.153  0.0000E+00  0.6200E+02
     -4.135  0.0000E+00  0.6200E+02
     -4.117  0.0000E+00  0.6200E+02
     -4.098  0.0000E+00  0.6200E+02
     -4.080  0.0000E+00  0.6200E+02
     -4.062  0.0000E+00  0.6200E+02
     -4.044  0.0000E+00  0.6200E+02
     -4.026  0.0000E+00  0.6200E+02
     -4.007  0.0000E+00  0.6200E+02
     -3.989  0.0000E+00  0.6200E+02
     -3.971  0.0000E+00  0.6200E+02
     -3.953  0.0000E+00  0.6200E+02
     -3.935  0.0000E+00  0.6200E+02
     -3.916  0.0000E+00  0.6200E+02
     -3.898  0.0000E+00  0.6200E+02
     -3.880  0.0000E+00  0.6200E+02
     -3.862  0.0000E+00  0.6200E+02
     -3.844  0.0000E+00  0.6200E+02
     -3.825  0.0000E+00  0.6200E+02
     -3.807  0.0000E+00  0.6200E+02
     -3.789  0.0000E+00  0.6200E+02
     -3.771  0.0000E+00  0.6200E+02
     -3.753  0.0000E+00  0.6200E+02
     -3.734  0.0000E+00  0.6200E+02
     -3.716  0.0000E+00  0.6200E+02
     -3.698  0.0000E+00  0.6200E+02
     -3.680  0.0000E+00  0.6200E+02
     -3.662  0.0000E+00  0.6200E+02
     -3.644  0.0000E+00  0.6200E+02
     -3.625  0.0000E+00  0.6200E+02
     -3.607  0.0000E+00  0.6200E+02
     -3.589  0.0000E+00  0.6200E+02
     -3.571  0.0000E+00  0.6200E+02
     -3.553  0.0000E+00  0.6200E+02
     -3.534  0.0000E+00  0.6200E+02
     -3.516  0.0000E+00  0.6200E+02
     -3.498  0.0000E+00  0.6200E+02
     -3.480  0.0000E+00  0.6200E+02
     -3.462  0.0000E+00  0.6200E+02
     -3.443  0.0000E+00  0.6200E+02
     -3.425  0.0000E+00  0.6200E+02
     -3.407  0.0000E+00  0.6200E+02
     -3.389  0.0000E+00  0.6200E+02
     -3.371  0.0000E+00  0.6200E+02
     -3.352  0.0000E+00  0.6200E+02
     -3.334  0.0000E+00  0.6200E+02
     -3.316  0.0000E+00  0.6200E+02
     -3.298  0.0000E+00  0.6200E+02
     -3.280  0.0000E+00  0.6200E+02
     -3.261  0.0000E+00  0.6200E+02
     -3.243  0.0000E+00  0.6200E+02
     -3.225  0.0000E+00  0.6200E+02
     -3.207  0.0000E+00  0.6200E+02
     -3.189  0.0000E+00  0.6200E+02
     -3.171  0.0000E+00  0.6200E+02
     -3.152  0.0000E+00  0.6200E+02
     -3.134  0.0000E+00  0.6200E+02
     -3.116  0.0000E+00  0.6200E+02
     -3.098  0.0000E+00  0.6200E+02
     -3.080  0.0000E+00  0.6200E+02
     -3.061  0.0000E+00  0.6200E+02
     -3.043  0.0000E+00  0.6200E+02
     -3.025  0.0000E+00  0.6200E+02
     -3.007  0.0000E+00  0.6200E+02
     -2.989  0.0000E+00  0.6200E+02
     -2.970  0.0000E+00  0.6200E+02
     -2.952  0.0000E+00  0.6200E+02
     -2.934  0.0000E+00  0.6200E+02
     -2.916  0.0000E+00  0.6200E+02
     -2.898  0.0000E+00  0.6200E+02
     -2.879  0.0000E+00  0.6200E+02
     -2.861  0.0000E+00  0.6200E+02
     -2.843  0.0000E+00  0.6200E+02
     -2.825  0.0000E+00  0.6200E+02
     -2.807  0.0000E+00  0.6200E+02
     -2.788  0.0000E+00  0.6200E+02
     -2.770  0.0000E+00  0.6200E+02
     -2.752  0.0000E+00  0.6200E+02
     -2.734  0.0000E+00  0.6200E+02
     -2.716  0.0000E+00  0.6200E+02
     -2.698  0.0000E+00  0.6200E+02
     -2.679  0.0000E+00  0.6200E+02
     -2.661  0.0000E+00  0.6200E+02
     -2.643  0.0000E+00  0.6200E+02
     -2.625  0.0000E+00  0.6200E+02
     -2.607  0.0000E+00  0.6200E+02
     -2.588  0.0000E+00  0.6200E+02
     -2.570  0.0000E+00  0.6200E+02
     -2.552  0.0000E+00  0.6200E+02
     -2.534  0.0000E+00  0.6200E+02
     -2.516  0.0000E+00  0.6200E+02
     -2.497  0.0000E+00  0.6200E+02
     -2.479  0.0000E+00  0.6200E+02
     -2.461  0.0000E+00  0.6200E+02
     -2.443  0.0000E+00  0.6200E+02
     -2.425  0.0000E+00  0.6200E+02
     -2.406  0.0000E+00  0.6200E+02
     -2.388  0.0000E+00  0.6200E+02
     -2.370  0.0000E+00  0.6200E+02
     -2.352  0.0000E+00  0.6200E+02
     -2.334  0.0000E+00  0.6200E+02
     -2.315  0.0000E+00  0.6200E+02
     -2.297  0.0000E+00  0.6200E+02
     -2.279  0.0000E+00  0.6200E+02
     -2.261  0.0000E+00  0.6200E+02
     -2.243  0.0000E+00  0.6200E+02
     -2.225  0.0000E+00  0.6200E+02
     -2.206  0.0000E+00  0.6200E+02
     -2.188  0.0000E+00  0.6200E+02
     -2.170  0.0000E+00  0.6200E+02
     -2.152  0.0000E+00  0.6200E+02
     -2.134  0.0000E+00  0.6200E+02
     -2.115  0.0000E+00  0.6200E+02
     -2.097  0.0000E+00  0.6200E+02
     -2.079  0.0000E+00  0.6200E+02
     -2.061  0.0000E+00  0.6200E+02
     -2.043  0.0000E+00  0.6200E+02
     -2.024  0.0000E+00  0.6200E+02
     -2.006  0.0000E+00  0.6200E+02
     -1.988  0.0000E+00  0.6200E+02
     -1.970  0.0000E+00  0.6200E+02
     -1.952  0.0000E+00  0.6200E+02
     -1.933  0.0000E+00  0.6200E+02
     -1.915  0.0000E+00  0.6200E+02
     -1.897  0.0000E+00  0.6200E+02
     -1.879  0.0000E+00  0.6200E+02
     -1.861  0.0000E+00  0.6200E+02
     -1.842  0.0000E+00  0.6200E+02
     -1.824  0.0000E+00  0.6200E+02
     -1.806  0.0000E+00  0.6200E+02
     -1.788  0.0000E+00  0.6200E+02
     -1.770  0.0000E+00  0.6200E+02
     -1.751  0.0000E+00  0.6200E+02
     -1.733  0.0000E+00  0.6200E+02
     -1.715  0.0000E+00  0.6200E+02
     -1.697  0.0000E+00  0.6200E+02
     -1.679  0.0000E+00  0.6200E+02
     -1.661  0.0000E+00  0.6200E+02
     -1.642  0.0000E+00  0.6200E+02
     -1.624  0.0000E+00  0.6200E+02
     -1.606  0.0000E+00  0.6200E+02
     -1.588  0.0000E+00  0.6200E+02
     -1.570  0.0000E+00  0.6200E+02
     -1.551  0.0000E+00  0.6200E+02
     -1.533  0.0000E+00  0.6200E+02
     -1.515  0.0000E+00  0.6200E+02
     -1.497  0.0000E+00  0.6200E+02
     -1.479  0.0000E+00  0.6200E+02
     -1.460  0.0000E+00  0.6200E+02
     -1.442  0.0000E+00  0.6200E+02
     -1.424  0.0000E+00  0.6200E+02
     -1.406  0.0000E+00  0.6200E+02
     -1.388  0.0000E+00  0.6200E+02
     -1.369  0.0000E+00  0.6200E+02
     -1.351  0.0000E+00  0.6200E+02
     -1.333  0.0000E+00  0.6200E+02
     -1.315  0.0000E+00  0.6200E+02
     -1.297  0.0000E+00  0.6200E+02
     -1.278  0.0000E+00  0.6200E+02
     -1.260  0.0000E+00  0.6200E+02
     -1.242  0.0000E+00  0.6200E+02
     -1.224  0.0000E+00  0.6200E+02
     -1.206  0.0000E+00  0.6200E+02
     -1.188  0.0000E+00  0.6200E+02
     -1.169  0.0000E+00  0.6200E+02
     -1.151  0.0000E+00  0.6200E+02
     -1.133  0.0000E+00  0.6200E+02
     -1.115  0.1953E+00  0.6200E+02
     -1.097  0.7920E+00  0.6201E+02
     -1.078  0.1790E+01  0.6203E+02
     -1.060  0.3189E+01  0.6208E+02
     -1.042  0.4990E+01  0.6215E+02
     -1.024  0.7193E+01  0.6226E+02
     -1.006  0.9796E+01  0.6242E+02
     -0.987  0.1339E+02  0.6262E+02
     -0.969  0.1661E+02  0.6290E+02
     -0.951  0.1864E+02  0.6322E+02
     -0.933  0.1949E+02  0.6357E+02
     -0.915  0.1914E+02  0.6392E+02
     -0.896  0.1401E+02  0.6425E+02
     -0.878  0.4799E+01  0.6438E+02
     -0.860  0.5631E+01  0.6447E+02
     -0.842  0.6538E+01  0.6458E+02
     -0.824  0.7520E+01  0.6471E+02
     -0.805  0.8575E+01  0.6486E+02
     -0.787  0.9710E+01  0.6502E+02
     -0.769  0.1104E+02  0.6521E+02
     -0.751  0.1262E+02  0.6543E+02
     -0.733  0.1786E+02  0.6569E+02
     -0.715  0.2424E+02  0.6608E+02
     -0.696  0.2819E+02  0.6656E+02
     -0.678  0.2976E+02  0.6709E+02
     -0.660  0.2919E+02  0.6763E+02
     -0.642  0.2758E+02  0.6814E+02
     -0.624  0.2797E+02  0.6864E+02
     -0.605  0.3317E+02  0.6920E+02
     -0.587  0.3782E+02  0.6984E+02
     -0.569  0.3995E+02  0.7056E+02
     -0.551  0.4217E+02  0.7124E+02
     -0.533  0.5224E+02  0.7214E+02
     -0.514  0.5475E+02  0.7311E+02
     -0.496  0.5841E+02  0.7414E+02
     -0.478  0.6327E+02  0.7524E+02
     -0.460  0.3964E+02  0.7613E+02
     -0.442  0.3101E+02  0.7679E+02
     -0.423  0.2484E+02  0.7726E+02
     -0.405  0.2364E+02  0.7771E+02
     -0.387  0.2158E+02  0.7812E+02
     -0.369  0.1866E+02  0.7849E+02
     -0.351  0.1550E+02  0.7880E+02
     -0.332  0.1291E+02  0.7905E+02
     -0.314  0.1059E+02  0.7927E+02
     -0.296  0.8538E+01  0.7944E+02
     -0.278  0.6757E+01  0.7958E+02
     -0.260  0.5247E+01  0.7969E+02
     -0.242  0.4008E+01  0.7977E+02
     -0.223  0.3039E+01  0.7984E+02
     -0.205  0.1041E+03  0.8048E+02
     -0.187  0.4364E+02  0.8139E+02
     -0.169  0.7183E+02  0.8244E+02
     -0.151  0.7667E+02  0.8384E+02
     -0.132  0.6652E+02  0.8510E+02
     -0.114  0.6558E+02  0.8631E+02
     -0.096  0.6014E+02  0.8746E+02
     -0.078  0.5130E+02  0.8847E+02
     -0.060  0.4751E+02  0.8982E+02
     -0.041  0.5596E+02  0.9075E+02
     -0.023  0.6127E+02  0.9183E+02
     -0.005  0.6031E+02  0.9294E+02
      0.013  0.5483E+02  0.9399E+02
      0.031  0.5405E+02  0.9498E+02
      0.050  0.5242E+02  0.9595E+02
      0.068  0.5247E+02  0.9689E+02
      0.086  0.5575E+02  0.9788E+02
      0.104  0.5546E+02  0.9889E+02
      0.122  0.5518E+02  0.9990E+02
      0.141  0.5350E+02  0.1009E+03
      0.159  0.5237E+02  0.1019E+03
      0.177  0.5134E+02  0.1028E+03
      0.195  0.4757E+02  0.1037E+03
      0.213  0.4201E+02  0.1045E+03
      0.231  0.3235E+02  0.1052E+03
      0.250  0.2361E+02  0.1057E+03
      0.268  0.2284E+02  0.1061E+03
      0.286  0.2219E+02  0.1065E+03
      0.304  0.2316E+02  0.1069E+03
      0.322  0.2401E+02  0.1074E+03
      0.341  0.2474E+02  0.1078E+03
      0.359  0.2534E+02  0.1083E+03
      0.377  0.2582E+02  0.1087E+03
      0.395  0.2618E+02  0.1092E+03
      0.413  0.2641E+02  0.1097E+03
      0.432  0.2652E+02  0.1102E+03
      0.450  0.2736E+02  0.1106E+03
      0.468  0.2858E+02  0.1112E+03
      0.486  0.2956E+02  0.1117E+03
      0.504  0.3028E+02  0.1122E+03
      0.523  0.3054E+02  0.1128E+03
      0.541  0.3046E+02  0.1133E+03
      0.559  0.3019E+02  0.1139E+03
      0.577  0.2967E+02  0.1144E+03
      0.595  0.2774E+02  0.1150E+03
      0.614  0.2511E+02  0.1154E+03
      0.632  0.2282E+02  0.1159E+03
      0.650  0.2086E+02  0.1163E+03
      0.668  0.1862E+02  0.1166E+03
      0.686  0.1340E+02  0.1169E+03
      0.705  0.9858E+01  0.1171E+03
      0.723  0.7849E+01  0.1173E+03
      0.741  0.1734E+02  0.1176E+03
      0.759  0.1759E+02  0.1179E+03
      0.777  0.1821E+02  0.1182E+03
      0.795  0.1918E+02  0.1186E+03
      0.814  0.2051E+02  0.1189E+03
      0.832  0.2220E+02  0.1193E+03
      0.850  0.2424E+02  0.1197E+03
      0.868  0.2858E+02  0.1202E+03
      0.886  0.3019E+02  0.1207E+03
      0.905  0.3117E+02  0.1213E+03
      0.923  0.3267E+02  0.1219E+03
      0.941  0.3612E+02  0.1225E+03
      0.959  0.3810E+02  0.1232E+03
      0.977  0.3818E+02  0.1239E+03
      0.996  0.3635E+02  0.1246E+03
      1.014  0.3256E+02  0.1252E+03
      1.032  0.2704E+02  0.1257E+03
      1.050  0.2223E+02  0.1262E+03
      1.068  0.1848E+02  0.1266E+03
      1.087  0.1578E+02  0.1269E+03
      1.105  0.1641E+02  0.1271E+03
      1.123  0.1828E+02  0.1275E+03
      1.141  0.1939E+02  0.1278E+03
      1.159  0.2048E+02  0.1282E+03
      1.178  0.2062E+02  0.1286E+03
      1.196  0.2068E+02  0.1289E+03
      1.214  0.2064E+02  0.1293E+03
      1.232  0.2052E+02  0.1297E+03
      1.250  0.2030E+02  0.1300E+03
      1.268  0.1999E+02  0.1304E+03
      1.287  0.1959E+02  0.1308E+03
      1.305  0.1910E+02  0.1311E+03
      1.323  0.1852E+02  0.1315E+03
      1.341  0.1784E+02  0.1318E+03
      1.359  0.1770E+02  0.1321E+03
      1.378  0.1786E+02  0.1324E+03
      1.396  0.1797E+02  0.1328E+03
      1.414  0.1803E+02  0.1331E+03
      1.432  0.1804E+02  0.1334E+03
      1.450  0.1799E+02  0.1338E+03
      1.469  0.1790E+02  0.1341E+03
      1.487  0.1756E+02  0.1344E+03
      1.505  0.1704E+02  0.1347E+03
      1.523  0.1654E+02  0.1350E+03
      1.541  0.1607E+02  0.1353E+03
      1.560  0.1562E+02  0.1356E+03
      1.578  0.1520E+02  0.1359E+03
      1.596  0.1481E+02  0.1362E+03
      1.614  0.1444E+02  0.1364E+03
      1.632  0.1437E+02  0.1367E+03
      1.651  0.1506E+02  0.1370E+03
      1.669  0.1596E+02  0.1372E+03
      1.687  0.1674E+02  0.1375E+03
      1.705  0.1843E+02  0.1379E+03
      1.723  0.2169E+02  0.1382E+03
      1.741  0.2593E+02  0.1386E+03
      1.760  0.3222E+02  0.1392E+03
      1.778  0.5351E+02  0.1399E+03
      1.796  0.7118E+02  0.1411E+03
      1.814  0.8212E+02  0.1425E+03
      1.832  0.7754E+02  0.1440E+03
      1.851  0.1052E+03  0.1459E+03
      1.869  0.2802E+02  0.1470E+03
      1.887  0.4042E+02  0.1476E+03
      1.905  0.5051E+02  0.1484E+03
      1.923  0.5619E+02  0.1494E+03
      1.942  0.5351E+02  0.1504E+03
      1.960  0.4414E+02  0.1513E+03
      1.978  0.4129E+02  0.1521E+03
      1.996  0.3707E+02  0.1528E+03
      2.014  0.3807E+02  0.1535E+03
      2.033  0.4183E+02  0.1542E+03
      2.051  0.4539E+02  0.1550E+03
      2.069  0.4875E+02  0.1558E+03
      2.087  0.5240E+02  0.1568E+03
      2.105  0.5565E+02  0.1578E+03
      2.124  0.5668E+02  0.1588E+03
      2.142  0.5623E+02  0.1598E+03
      2.160  0.5432E+02  0.1608E+03
      2.178  0.5094E+02  0.1618E+03
      2.196  0.4683E+02  0.1627E+03
      2.214  0.4294E+02  0.1635E+03
      2.233  0.4296E+02  0.1643E+03
      2.251  0.4247E+02  0.1650E+03
      2.269  0.4189E+02  0.1658E+03
      2.287  0.4066E+02  0.1666E+03
      2.305  0.3966E+02  0.1673E+03
      2.324  0.3878E+02  0.1680E+03
      2.342  0.3929E+02  0.1687E+03
      2.360  0.3980E+02  0.1694E+03
      2.378  0.3972E+02  0.1702E+03
      2.396  0.3904E+02  0.1709E+03
      2.415  0.3828E+02  0.1716E+03
      2.433  0.4000E+02  0.1723E+03
      2.451  0.4985E+02  0.1731E+03
      2.469  0.5938E+02  0.1741E+03
      2.487  0.6317E+02  0.1752E+03
      2.506  0.6047E+02  0.1764E+03
      2.524  0.6498E+02  0.1774E+03
      2.542  0.7519E+02  0.1788E+03
      2.560  0.6363E+02  0.1800E+03
      2.578  0.5615E+02  0.1811E+03
      2.597  0.5392E+02  0.1821E+03
      2.615  0.4727E+01  0.1840E+03
      2.633  0.5220E+02  0.1843E+03
      2.651  0.9005E+02  0.1862E+03
      2.669  0.1024E+03  0.1880E+03
      2.688  0.9657E+02  0.1898E+03
      2.706  0.7814E+02  0.1918E+03
      2.724  0.6881E+02  0.1931E+03
      2.742  0.6721E+02  0.1943E+03
      2.760  0.6889E+02  0.1955E+03
      2.778  0.7187E+02  0.1968E+03
      2.797  0.7615E+02  0.1982E+03
      2.815  0.8171E+02  0.1996E+03
      2.833  0.7596E+02  0.2011E+03
      2.851  0.8276E+02  0.2025E+03
      2.869  0.8295E+02  0.2040E+03
      2.888  0.7853E+02  0.2055E+03
      2.906  0.7720E+02  0.2069E+03
      2.924  0.7173E+02  0.2083E+03
      2.942  0.6261E+02  0.2095E+03
      2.960  0.4999E+02  0.2105E+03
      2.979  0.4253E+02  0.2114E+03
      2.997  0.3957E+02  0.2121E+03
      3.015  0.4073E+02  0.2128E+03
      3.033  0.4126E+02  0.2136E+03
      3.051  0.5190E+02  0.2144E+03
      3.070  0.6351E+02  0.2154E+03
      3.088  0.6979E+02  0.2167E+03
      3.106  0.6963E+02  0.2179E+03
      3.124  0.6999E+02  0.2192E+03
      3.142  0.7084E+02  0.2205E+03
      3.161  0.7129E+02  0.2218E+03
      3.179  0.6173E+02  0.2230E+03
      3.197  0.4850E+02  0.2240E+03
      3.215  0.1040E+03  0.2254E+03
      3.233  0.1423E+03  0.2276E+03
      3.251  0.1376E+03  0.2303E+03
      3.270  0.1505E+03  0.2328E+03
      3.288  0.6599E+02  0.2348E+03
      3.306  0.5661E+02  0.2359E+03
      3.324  0.4804E+02  0.2368E+03
      3.342  0.4029E+02  0.2376E+03
      3.361  0.3336E+02  0.2383E+03
      3.379  0.2725E+02  0.2388E+03
      3.397  0.2195E+02  0.2393E+03
      3.415  0.1791E+02  0.2396E+03
      3.433  0.1500E+02  0.2399E+03
      3.452  0.1316E+02  0.2402E+03
      3.470  0.1485E+02  0.2404E+03
      3.488  0.1815E+02  0.2407E+03
      3.506  0.2127E+02  0.2411E+03
      3.524  0.2422E+02  0.2415E+03
      3.543  0.2691E+02  0.2420E+03
      3.561  0.2914E+02  0.2425E+03
      3.579  0.3042E+02  0.2430E+03
      3.597  0.2054E+02  0.2435E+03
      3.615  0.2505E+02  0.2439E+03
      3.634  0.3961E+02  0.2445E+03
      3.652  0.3722E+02  0.2452E+03
      3.670  0.4505E+02  0.2458E+03
      3.688  0.4703E+02  0.2468E+03
      3.706  0.1890E+02  0.2473E+03
      3.724  0.1312E+02  0.2476E+03
      3.743  0.8395E+01  0.2478E+03
      3.761  0.4719E+01  0.2479E+03
      3.779  0.2094E+01  0.2480E+03
      3.797  0.5214E+00  0.2480E+03
      3.815  0.0000E+00  0.2480E+03
      3.834  0.0000E+00  0.2480E+03
      3.852  0.0000E+00  0.2480E+03
      3.870  0.0000E+00  0.2480E+03
      3.888  0.0000E+00  0.2480E+03
      3.906  0.0000E+00  0.2480E+03
      3.925  0.0000E+00  0.2480E+03
      3.943  0.0000E+00  0.2480E+03
      3.961  0.0000E+00  0.2480E+03
      3.979  0.0000E+00  0.2480E+03
      3.997  0.0000E+00  0.2480E+03
      4.016  0.0000E+00  0.2480E+03
      4.034  0.0000E+00  0.2480E+03
      4.052  0.0000E+00  0.2480E+03
      4.070  0.0000E+00  0.2480E+03
      4.088  0.0000E+00  0.2480E+03
      4.107  0.0000E+00  0.2480E+03
      4.125  0.0000E+00  0.2480E+03
      4.143  0.0000E+00  0.2480E+03
      4.161  0.0000E+00  0.2480E+03
      4.179  0.0000E+00  0.2480E+03
      4.197  0.0000E+00  0.2480E+03
      4.216  0.0000E+00  0.2480E+03
      4.234  0.0000E+00  0.2480E+03
      4.252  0.0000E+00  0.2480E+03
      4.270  0.0000E+00  0.2480E+03
      4.288  0.0000E+00  0.2480E+03
      4.307  0.0000E+00  0.2480E+03
      4.325  0.0000E+00  0.2480E+03
      4.343  0.0000E+00  0.2480E+03
      4.361  0.0000E+00  0.2480E+03
      4.379  0.0000E+00  0.2480E+03
      4.398  0.0000E+00  0.2480E+03
      4.416  0.0000E+00  0.2480E+03
      4.434  0.0000E+00  0.2480E+03
      4.452  0.0000E+00  0.2480E+03
      4.470  0.0000E+00  0.2480E+03
      4.489  0.0000E+00  0.2480E+03
      4.507  0.0000E+00  0.2480E+03
      4.525  0.0000E+00  0.2480E+03
      4.543  0.0000E+00  0.2480E+03
      4.561  0.0000E+00  0.2480E+03
      4.580  0.0000E+00  0.2480E+03
      4.598  0.0000E+00  0.2480E+03
      4.616  0.0000E+00  0.2480E+03
      4.634  0.0000E+00  0.2480E+03
      4.652  0.0000E+00  0.2480E+03
      4.671  0.0000E+00  0.2480E+03
      4.689  0.0000E+00  0.2480E+03
      4.707  0.0000E+00  0.2480E+03
      4.725  0.0000E+00  0.2480E+03
      4.743  0.0000E+00  0.2480E+03
      4.761  0.0000E+00  0.2480E+03
      4.780  0.0000E+00  0.2480E+03
      4.798  0.0000E+00  0.2480E+03
      4.816  0.0000E+00  0.2480E+03
      4.834  0.0000E+00  0.2480E+03
      4.852  0.0000E+00  0.2480E+03
      4.871  0.0000E+00  0.2480E+03
      4.889  0.0000E+00  0.2480E+03
      4.907  0.0000E+00  0.2480E+03
      4.925  0.0000E+00  0.2480E+03
      4.943  0.0000E+00  0.2480E+03
      4.962  0.0000E+00  0.2480E+03
      4.980  0.0000E+00  0.2480E+03
      4.998  0.0000E+00  0.2480E+03
      5.016  0.0000E+00  0.2480E+03
      5.034  0.0000E+00  0.2480E+03
      5.053  0.0000E+00  0.2480E+03
      5.071  0.0000E+00  0.2480E+03
      5.089  0.0000E+00  0.2480E+03
      5.107  0.0000E+00  0.2480E+03
      5.125  0.0000E+00  0.2480E+03
      5.144  0.0000E+00  0.2480E+03
      5.162  0.0000E+00  0.2480E+03
      5.180  0.0000E+00  0.2480E+03
      5.198  0.0000E+00  0.2480E+03
      5.216  0.0000E+00  0.2480E+03
      5.234  0.0000E+00  0.2480E+03
      5.253  0.0000E+00  0.2480E+03
      5.271  0.0000E+00  0.2480E+03
      5.289  0.0000E+00  0.2480E+03
      5.307  0.0000E+00  0.2480E+03
      5.325  0.0000E+00  0.2480E+03
      5.344  0.0000E+00  0.2480E+03
      5.362  0.0000E+00  0.2480E+03
      5.380  0.0000E+00  0.2480E+03
      5.398  0.0000E+00  0.2480E+03
      5.416  0.0000E+00  0.2480E+03
      5.435  0.0000E+00  0.2480E+03
      5.453  0.0000E+00  0.2480E+03
      5.471  0.0000E+00  0.2480E+03
      5.489  0.0000E+00  0.2480E+03
      5.507  0.0000E+00  0.2480E+03
      5.526  0.0000E+00  0.2480E+03
      5.544  0.0000E+00  0.2480E+03
      5.562  0.0000E+00  0.2480E+03
      5.580  0.0000E+00  0.2480E+03
      5.598  0.0000E+00  0.2480E+03
      5.617  0.0000E+00  0.2480E+03
      5.635  0.0000E+00  0.2480E+03
      5.653  0.0000E+00  0.2480E+03
      5.671  0.0000E+00  0.2480E+03
      5.689  0.0000E+00  0.2480E+03
      5.707  0.0000E+00  0.2480E+03
      5.726  0.0000E+00  0.2480E+03
      5.744  0.0000E+00  0.2480E+03
      5.762  0.0000E+00  0.2480E+03
      5.780  0.2763E-01  0.2480E+03
      5.798  0.1996E+00  0.2480E+03
      5.817  0.5289E+00  0.2480E+03
      5.835  0.1016E+01  0.2480E+03
      5.853  0.1660E+01  0.2480E+03
      5.871  0.2461E+01  0.2481E+03
      5.889  0.3420E+01  0.2481E+03
      5.908  0.4536E+01  0.2482E+03
      5.926  0.5810E+01  0.2483E+03
      5.944  0.7241E+01  0.2484E+03
      5.962  0.9236E+01  0.2486E+03
      5.980  0.1256E+02  0.2488E+03
      5.999  0.1723E+02  0.2490E+03
      6.017  0.4164E+02  0.2495E+03
      6.035  0.0000E+00  0.2500E+03
      6.053  0.0000E+00  0.2500E+03
      6.071  0.0000E+00  0.2500E+03
      6.090  0.0000E+00  0.2500E+03
      6.108  0.0000E+00  0.2500E+03
      6.126  0.0000E+00  0.2500E+03
      6.144  0.0000E+00  0.2500E+03
      6.162  0.0000E+00  0.2500E+03
      6.180  0.0000E+00  0.2500E+03
      6.199  0.0000E+00  0.2500E+03
      6.217  0.0000E+00  0.2500E+03
      6.235  0.0000E+00  0.2500E+03
      6.253  0.0000E+00  0.2500E+03
      6.271  0.0000E+00  0.2500E+03
      6.290  0.0000E+00  0.2500E+03
      6.308  0.0000E+00  0.2500E+03
      6.326  0.0000E+00  0.2500E+03
      6.344  0.0000E+00  0.2500E+03
      6.362  0.0000E+00  0.2500E+03
      6.381  0.0000E+00  0.2500E+03
      6.399  0.0000E+00  0.2500E+03
      6.417  0.0000E+00  0.2500E+03
      6.435  0.0000E+00  0.2500E+03
      6.453  0.0000E+00  0.2500E+03
      6.472  0.0000E+00  0.2500E+03
      6.490  0.0000E+00  0.2500E+03
      6.508  0.0000E+00  0.2500E+03
      6.526  0.0000E+00  0.2500E+03
      6.544  0.0000E+00  0.2500E+03
      6.563  0.0000E+00  0.2500E+03
      6.581  0.0000E+00  0.2500E+03
      6.599  0.0000E+00  0.2500E+03
      6.617  0.0000E+00  0.2500E+03
      6.635  0.0000E+00  0.2500E+03
      6.653  0.0000E+00  0.2500E+03
      6.672  0.0000E+00  0.2500E+03
      6.690  0.0000E+00  0.2500E+03
      6.708  0.0000E+00  0.2500E+03
      6.726  0.0000E+00  0.2500E+03
      6.744  0.0000E+00  0.2500E+03
      6.763  0.0000E+00  0.2500E+03
      6.781  0.0000E+00  0.2500E+03
      6.799  0.0000E+00  0.2500E+03
      6.817  0.0000E+00  0.2500E+03
      6.835  0.0000E+00  0.2500E+03
      6.854  0.0000E+00  0.2500E+03
      6.872  0.0000E+00  0.2500E+03
      6.890  0.0000E+00  0.2500E+03
      6.908  0.0000E+00  0.2500E+03
      6.926  0.0000E+00  0.2500E+03
      6.945  0.0000E+00  0.2500E+03
      6.963  0.0000E+00  0.2500E+03
      6.981  0.0000E+00  0.2500E+03
      6.999  0.0000E+00  0.2500E+03
      7.017  0.0000E+00  0.2500E+03
      7.036  0.0000E+00  0.2500E+03
      7.054  0.0000E+00  0.2500E+03
      7.072  0.0000E+00  0.2500E+03
      7.090  0.0000E+00  0.2500E+03
      7.108  0.0000E+00  0.2500E+03
      7.127  0.0000E+00  0.2500E+03
      7.145  0.0000E+00  0.2500E+03
      7.163  0.0000E+00  0.2500E+03
      7.181  0.0000E+00  0.2500E+03
      7.199  0.0000E+00  0.2500E+03
      7.217  0.0000E+00  0.2500E+03
      7.236  0.0000E+00  0.2500E+03
      7.254  0.0000E+00  0.2500E+03
      7.272  0.0000E+00  0.2500E+03
      7.290  0.0000E+00  0.2500E+03
      7.308  0.0000E+00  0.2500E+03
      7.327  0.0000E+00  0.2500E+03
      7.345  0.0000E+00  0.2500E+03
      7.363  0.0000E+00  0.2500E+03
      7.381  0.0000E+00  0.2500E+03
      7.399  0.0000E+00  0.2500E+03
      7.418  0.0000E+00  0.2500E+03
      7.436  0.0000E+00  0.2500E+03
      7.454  0.0000E+00  0.2500E+03
      7.472  0.0000E+00  0.2500E+03
      7.490  0.0000E+00  0.2500E+03
      7.509  0.0000E+00  0.2500E+03
      7.527  0.0000E+00  0.2500E+03
      7.545  0.0000E+00  0.2500E+03
      7.563  0.0000E+00  0.2500E+03
      7.581  0.0000E+00  0.2500E+03
      7.600  0.0000E+00  0.2500E+03
      7.618  0.0000E+00  0.2500E+03
      7.636  0.0000E+00  0.2500E+03
      7.654  0.0000E+00  0.2500E+03
      7.672  0.0000E+00  0.2500E+03
      7.690  0.0000E+00  0.2500E+03
      7.709  0.0000E+00  0.2500E+03
      7.727  0.0000E+00  0.2500E+03
      7.745  0.0000E+00  0.2500E+03
      7.763  0.0000E+00  0.2500E+03
      7.781  0.0000E+00  0.2500E+03
      7.800  0.0000E+00  0.2500E+03
      7.818  0.0000E+00  0.2500E+03
      7.836  0.0000E+00  0.2500E+03
      7.854  0.0000E+00  0.2500E+03
      7.872  0.0000E+00  0.2500E+03
      7.891  0.0000E+00  0.2500E+03
      7.909  0.0000E+00  0.2500E+03
      7.927  0.0000E+00  0.2500E+03
      7.945  0.0000E+00  0.2500E+03
      7.963  0.0000E+00  0.2500E+03
      7.982  0.0000E+00  0.2500E+03
      8.000  0.0000E+00  0.2500E+03
      8.018  0.0000E+00  0.2500E+03
      8.036  0.0000E+00  0.2500E+03
      8.054  0.0000E+00  0.2500E+03
      8.073  0.0000E+00  0.2500E+03
      8.091  0.0000E+00  0.2500E+03
      8.109  0.0000E+00  0.2500E+03
      8.127  0.0000E+00  0.2500E+03
      8.145  0.0000E+00  0.2500E+03
      8.163  0.0000E+00  0.2500E+03
      8.182  0.0000E+00  0.2500E+03
      8.200  0.0000E+00  0.2500E+03
      8.218  0.0000E+00  0.2500E+03
      8.236  0.0000E+00  0.2500E+03
      8.254  0.0000E+00  0.2500E+03
      8.273  0.0000E+00  0.2500E+03
      8.291  0.0000E+00  0.2500E+03
      8.309  0.0000E+00  0.2500E+03
      8.327  0.0000E+00  0.2500E+03
      8.345  0.0000E+00  0.2500E+03
      8.364  0.0000E+00  0.2500E+03
      8.382  0.0000E+00  0.2500E+03
      8.400  0.0000E+00  0.2500E+03
      8.418  0.0000E+00  0.2500E+03
      8.436  0.0000E+00  0.2500E+03
      8.455  0.0000E+00  0.2500E+03
      8.473  0.0000E+00  0.2500E+03
      8.491  0.0000E+00  0.2500E+03
      8.509  0.0000E+00  0.2500E+03
      8.527  0.0000E+00  0.2500E+03
      8.546  0.0000E+00  0.2500E+03
      8.564  0.0000E+00  0.2500E+03
      8.582  0.0000E+00  0.2500E+03
      8.600  0.0000E+00  0.2500E+03
      8.618  0.0000E+00  0.2500E+03
      8.636  0.0000E+00  0.2500E+03
      8.655  0.0000E+00  0.2500E+03
      8.673  0.0000E+00  0.2500E+03
      8.691  0.0000E+00  0.2500E+03
      8.709  0.0000E+00  0.2500E+03
      8.727  0.0000E+00  0.2500E+03
      8.746  0.0000E+00  0.2500E+03
      8.764  0.0000E+00  0.2500E+03
      8.782  0.0000E+00  0.2500E+03
      8.800  0.0000E+00  0.2500E+03
      8.818  0.0000E+00  0.2500E+03
      8.837  0.0000E+00  0.2500E+03
      8.855  0.0000E+00  0.2500E+03
      8.873  0.0000E+00  0.2500E+03
      8.891  0.0000E+00  0.2500E+03
      8.909  0.0000E+00  0.2500E+03
      8.928  0.0000E+00  0.2500E+03
      8.946  0.0000E+00  0.2500E+03
      8.964  0.0000E+00  0.2500E+03
      8.982  0.0000E+00  0.2500E+03
      9.000  0.0000E+00  0.2500E+03
      9.019  0.0000E+00  0.2500E+03
      9.037  0.0000E+00  0.2500E+03
      9.055  0.0000E+00  0.2500E+03
      9.073  0.0000E+00  0.2500E+03
      9.091  0.0000E+00  0.2500E+03
      9.110  0.0000E+00  0.2500E+03
      9.128  0.0000E+00  0.2500E+03
      9.146  0.0000E+00  0.2500E+03
      9.164  0.0000E+00  0.2500E+03
      9.182  0.0000E+00  0.2500E+03
      9.200  0.0000E+00  0.2500E+03
      9.219  0.0000E+00  0.2500E+03
      9.237  0.0000E+00  0.2500E+03
      9.255  0.0000E+00  0.2500E+03
      9.273  0.0000E+00  0.2500E+03
      9.291  0.0000E+00  0.2500E+03
      9.310  0.0000E+00  0.2500E+03
      9.328  0.0000E+00  0.2500E+03
      9.346  0.0000E+00  0.2500E+03
      9.364  0.0000E+00  0.2500E+03
      9.382  0.0000E+00  0.2500E+03
      9.401  0.0000E+00  0.2500E+03
      9.419  0.0000E+00  0.2500E+03
      9.437  0.0000E+00  0.2500E+03
      9.455  0.0000E+00  0.2500E+03
      9.473  0.0000E+00  0.2500E+03
      9.492  0.0000E+00  0.2500E+03
      9.510  0.0000E+00  0.2500E+03
      9.528  0.0000E+00  0.2500E+03
      9.546  0.0000E+00  0.2500E+03
      9.564  0.0000E+00  0.2500E+03
      9.583  0.0000E+00  0.2500E+03
      9.601  0.0000E+00  0.2500E+03
      9.619  0.0000E+00  0.2500E+03
      9.637  0.0000E+00  0.2500E+03
      9.655  0.0000E+00  0.2500E+03
      9.673  0.0000E+00  0.2500E+03
      9.692  0.0000E+00  0.2500E+03
      9.710  0.0000E+00  0.2500E+03
      9.728  0.0000E+00  0.2500E+03
      9.746  0.0000E+00  0.2500E+03
      9.764  0.0000E+00  0.2500E+03
      9.783  0.0000E+00  0.2500E+03
      9.801  0.0000E+00  0.2500E+03
      9.819  0.0000E+00  0.2500E+03
      9.837  0.0000E+00  0.2500E+03
      9.855  0.0000E+00  0.2500E+03
      9.874  0.0000E+00  0.2500E+03
      9.892  0.0000E+00  0.2500E+03
      9.910  0.0000E+00  0.2500E+03
      9.928  0.0000E+00  0.2500E+03
      9.946  0.0000E+00  0.2500E+03
      9.965  0.0000E+00  0.2500E+03
      9.983  0.0000E+00  0.2500E+03
     10.001  0.0000E+00  0.2500E+03
     10.019  0.0000E+00  0.2500E+03
     10.037  0.0000E+00  0.2500E+03
     10.056  0.0000E+00  0.2500E+03
     10.074  0.0000E+00  0.2500E+03
     10.092  0.0000E+00  0.2500E+03
     10.110  0.1460E+01  0.2500E+03
     10.128  0.3961E+01  0.2501E+03
     10.146  0.6103E+01  0.2501E+03
     10.165  0.7886E+01  0.2503E+03
     10.183  0.9310E+01  0.2504E+03
     10.201  0.1038E+02  0.2506E+03
     10.219  0.1108E+02  0.2508E+03
     10.237  0.1143E+02  0.2510E+03
     10.256  0.1142E+02  0.2512E+03
     10.274  0.1243E+02  0.2514E+03
     10.292  0.1828E+02  0.2517E+03
     10.310  0.2214E+02  0.2521E+03
     10.328  0.3910E+02  0.2526E+03
     10.347  0.5523E+02  0.2535E+03
     10.365  0.5289E+02  0.2545E+03
     10.383  0.4080E+02  0.2553E+03
     10.401  0.1588E+02  0.2559E+03
     10.419  0.1751E+01  0.2560E+03
     10.438  0.0000E+00  0.2560E+03
     10.456  0.0000E+00  0.2560E+03
     10.474  0.0000E+00  0.2560E+03
     10.492  0.0000E+00  0.2560E+03
     10.510  0.0000E+00  0.2560E+03
     10.529  0.0000E+00  0.2560E+03
     10.547  0.0000E+00  0.2560E+03
     10.565  0.0000E+00  0.2560E+03
     10.583  0.0000E+00  0.2560E+03
     10.601  0.0000E+00  0.2560E+03
     10.619  0.0000E+00  0.2560E+03
     10.638  0.0000E+00  0.2560E+03
     10.656  0.0000E+00  0.2560E+03
     10.674  0.0000E+00  0.2560E+03
     10.692  0.0000E+00  0.2560E+03
     10.710  0.0000E+00  0.2560E+03
     10.729  0.0000E+00  0.2560E+03
     10.747  0.0000E+00  0.2560E+03
     10.765  0.0000E+00  0.2560E+03
     10.783  0.0000E+00  0.2560E+03
     10.801  0.0000E+00  0.2560E+03
     10.820  0.0000E+00  0.2560E+03
     10.838  0.0000E+00  0.2560E+03
     10.856  0.0000E+00  0.2560E+03
     10.874  0.0000E+00  0.2560E+03
     10.892  0.0000E+00  0.2560E+03
     10.911  0.0000E+00  0.2560E+03
     10.929  0.0000E+00  0.2560E+03
     10.947  0.1275E-04  0.2560E+03
     10.965  0.4593E-03  0.2560E+03
     10.983  0.1544E-02  0.2560E+03
     11.002  0.3267E-02  0.2560E+03
     11.020  0.5627E-02  0.2560E+03
     11.038  0.8626E-02  0.2560E+03
     11.056  0.1226E-01  0.2560E+03
     11.074  0.1654E-01  0.2560E+03
     11.093  0.2145E-01  0.2560E+03
     11.111  0.2700E-01  0.2560E+03
     11.129  0.3319E-01  0.2560E+03
     11.147  0.4002E-01  0.2560E+03
     11.165  0.4748E-01  0.2560E+03
     11.183  0.5559E-01  0.2560E+03
     11.202  0.6433E-01  0.2560E+03
     11.220  0.7371E-01  0.2560E+03
     11.238  0.8372E-01  0.2560E+03
     11.256  0.9438E-01  0.2560E+03
     11.274  0.1057E+00  0.2560E+03
     11.293  0.1176E+00  0.2560E+03
     11.311  0.1302E+00  0.2560E+03
     11.329  0.1434E+00  0.2560E+03
     11.347  0.1572E+00  0.2560E+03
     11.365  0.1717E+00  0.2560E+03
     11.384  0.1868E+00  0.2560E+03
     11.402  0.2026E+00  0.2560E+03
     11.420  0.2190E+00  0.2560E+03
     11.438  0.2360E+00  0.2560E+03
     11.456  0.2537E+00  0.2560E+03
     11.475  0.2720E+00  0.2560E+03
     11.493  0.2910E+00  0.2561E+03
     11.511  0.3106E+00  0.2561E+03
     11.529  0.3308E+00  0.2561E+03
     11.547  0.3516E+00  0.2561E+03
     11.566  0.3731E+00  0.2561E+03
     11.584  0.3953E+00  0.2561E+03
     11.602  0.4181E+00  0.2561E+03
     11.620  0.4415E+00  0.2561E+03
     11.638  0.4655E+00  0.2561E+03
     11.656  0.4902E+00  0.2561E+03
     11.675  0.5156E+00  0.2561E+03
     11.693  0.5415E+00  0.2561E+03
     11.711  0.5681E+00  0.2561E+03
     11.729  0.5954E+00  0.2562E+03
     11.747  0.6233E+00  0.2562E+03
     11.766  0.6518E+00  0.2562E+03
     11.784  0.6809E+00  0.2562E+03
     11.802  0.7107E+00  0.2562E+03
     11.820  0.7412E+00  0.2562E+03
     11.838  0.7722E+00  0.2562E+03
     11.857  0.8040E+00  0.2562E+03
     11.875  0.8363E+00  0.2563E+03
     11.893  0.8693E+00  0.2563E+03
     11.911  0.9029E+00  0.2563E+03
     11.929  0.9372E+00  0.2563E+03
     11.948  0.9721E+00  0.2563E+03
     11.966  0.1008E+01  0.2563E+03
     11.984  0.1044E+01  0.2564E+03
     12.002  0.1081E+01  0.2564E+03
     12.020  0.1118E+01  0.2564E+03
     12.039  0.1156E+01  0.2564E+03
     12.057  0.1195E+01  0.2564E+03
     12.075  0.1234E+01  0.2565E+03
     12.093  0.1274E+01  0.2565E+03
     12.111  0.1315E+01  0.2565E+03
     12.129  0.1356E+01  0.2565E+03
     12.148  0.1398E+01  0.2566E+03
     12.166  0.1441E+01  0.2566E+03
     12.184  0.1511E+01  0.2566E+03
     12.202  0.1709E+01  0.2566E+03
     12.220  0.1985E+01  0.2567E+03
     12.239  0.2346E+01  0.2567E+03
     12.257  0.2685E+01  0.2568E+03
     12.275  0.3002E+01  0.2568E+03
     12.293  0.3298E+01  0.2569E+03
     12.311  0.3571E+01  0.2569E+03
     12.330  0.3824E+01  0.2570E+03
     12.348  0.4054E+01  0.2571E+03
     12.366  0.4262E+01  0.2571E+03
     12.384  0.4449E+01  0.2572E+03
     12.402  0.4614E+01  0.2573E+03
     12.421  0.4758E+01  0.2574E+03
     12.439  0.4879E+01  0.2575E+03
     12.457  0.4979E+01  0.2576E+03
     12.475  0.5057E+01  0.2577E+03
     12.493  0.5113E+01  0.2578E+03
     12.512  0.5148E+01  0.2578E+03
     12.530  0.5161E+01  0.2579E+03
     12.548  0.5152E+01  0.2580E+03
     12.566  0.5121E+01  0.2581E+03
     12.584  0.5069E+01  0.2582E+03
     12.602  0.4965E+01  0.2583E+03
     12.621  0.4751E+01  0.2584E+03
     12.639  0.4549E+01  0.2585E+03
     12.657  0.4365E+01  0.2586E+03
     12.675  0.4198E+01  0.2586E+03
     12.693  0.4050E+01  0.2587E+03
     12.712  0.3920E+01  0.2588E+03
     12.730  0.3808E+01  0.2589E+03
     12.748  0.3713E+01  0.2589E+03
     12.766  0.3637E+01  0.2590E+03
     12.784  0.3579E+01  0.2591E+03
     12.803  0.3539E+01  0.2591E+03
     12.821  0.3516E+01  0.2592E+03
     12.839  0.3512E+01  0.2593E+03
     12.857  0.3526E+01  0.2593E+03
     12.875  0.3558E+01  0.2594E+03
     12.894  0.3601E+01  0.2595E+03
     12.912  0.3641E+01  0.2595E+03
     12.930  0.3679E+01  0.2596E+03
     12.948  0.3567E+01  0.2597E+03
     12.966  0.2154E+01  0.2597E+03
     12.985  0.1627E+01  0.2597E+03
     13.003  0.1865E+01  0.2598E+03
     13.021  0.2161E+01  0.2598E+03
     13.039  0.2298E+01  0.2598E+03
     13.057  0.2403E+01  0.2599E+03
     13.075  0.2593E+01  0.2599E+03
     13.094  0.2956E+01  0.2600E+03
     13.112  0.3363E+01  0.2600E+03
     13.130  0.3656E+01  0.2601E+03
     13.148  0.3875E+01  0.2602E+03
     13.166  0.4038E+01  0.2602E+03
     13.185  0.4145E+01  0.2603E+03
     13.203  0.4212E+01  0.2604E+03
     13.221  0.4275E+01  0.2605E+03
     13.239  0.4334E+01  0.2606E+03
     13.257  0.4388E+01  0.2606E+03
     13.276  0.4439E+01  0.2607E+03
     13.294  0.4488E+01  0.2608E+03
     13.312  0.4537E+01  0.2609E+03
     13.330  0.4585E+01  0.2610E+03
     13.348  0.4633E+01  0.2610E+03
     13.367  0.4683E+01  0.2611E+03
     13.385  0.4739E+01  0.2612E+03
     13.403  0.4800E+01  0.2613E+03
     13.421  0.4867E+01  0.2614E+03
     13.439  0.4939E+01  0.2615E+03
     13.458  0.5017E+01  0.2616E+03
     13.476  0.5101E+01  0.2617E+03
     13.494  0.5190E+01  0.2618E+03
     13.512  0.5285E+01  0.2618E+03
     13.530  0.5383E+01  0.2619E+03
     13.549  0.5485E+01  0.2620E+03
     13.567  0.5589E+01  0.2621E+03
     13.585  0.5695E+01  0.2622E+03
     13.603  0.5805E+01  0.2624E+03
     13.621  0.5918E+01  0.2625E+03
     13.639  0.6036E+01  0.2626E+03
     13.658  0.6157E+01  0.2627E+03
     13.676  0.6281E+01  0.2628E+03
     13.694  0.6410E+01  0.2629E+03
     13.712  0.6542E+01  0.2630E+03
     13.730  0.6679E+01  0.2631E+03
     13.749  0.6819E+01  0.2633E+03
     13.767  0.6963E+01  0.2634E+03
     13.785  0.7111E+01  0.2635E+03
     13.803  0.7263E+01  0.2637E+03
     13.821  0.7419E+01  0.2638E+03
     13.840  0.7580E+01  0.2639E+03
     13.858  0.7747E+01  0.2641E+03
     13.876  0.7918E+01  0.2642E+03
     13.894  0.8095E+01  0.2643E+03
     13.912  0.8276E+01  0.2645E+03
     13.931  0.8463E+01  0.2647E+03
     13.949  0.8655E+01  0.2648E+03
     13.967  0.8852E+01  0.2650E+03
     13.985  0.9060E+01  0.2651E+03
     14.003  0.9286E+01  0.2653E+03
     14.022  0.9530E+01  0.2655E+03
     14.040  0.9792E+01  0.2656E+03
     14.058  0.1007E+02  0.2658E+03
     14.076  0.1037E+02  0.2660E+03
     14.094  0.1069E+02  0.2662E+03
     14.112  0.1103E+02  0.2664E+03
     14.131  0.1177E+02  0.2666E+03
     14.149  0.1333E+02  0.2668E+03
     14.167  0.1531E+02  0.2671E+03
     14.185  0.1724E+02  0.2674E+03
     14.203  0.1863E+02  0.2677E+03
     14.222  0.1932E+02  0.2681E+03
     14.240  0.1946E+02  0.2684E+03
     14.258  0.1861E+02  0.2688E+03
     14.276  0.1851E+02  0.2691E+03
     14.294  0.2405E+02  0.2695E+03
     14.313  0.2800E+02  0.2700E+03
     14.331  0.2694E+02  0.2705E+03
     14.349  0.2406E+02  0.2709E+03
     14.367  0.2143E+02  0.2713E+03
     14.385  0.2111E+02  0.2717E+03
     14.404  0.1913E+02  0.2721E+03
     14.422  0.1990E+02  0.2724E+03
     14.440  0.2533E+02  0.2729E+03
     14.458  0.2189E+02  0.2733E+03
     14.476  0.1542E+02  0.2736E+03
     14.495  0.2022E+02  0.2739E+03
     14.513  0.1877E+02  0.2743E+03
     14.531  0.1593E+02  0.2746E+03
     14.549  0.1304E+02  0.2749E+03
     14.567  0.1038E+02  0.2751E+03
     14.585  0.9542E+01  0.2753E+03
     14.604  0.1012E+02  0.2754E+03
     14.622  0.1090E+02  0.2756E+03
     14.640  0.1222E+02  0.2758E+03
     14.658  0.1343E+02  0.2761E+03
     14.676  0.1429E+02  0.2763E+03
     14.695  0.1480E+02  0.2766E+03
     14.713  0.1498E+02  0.2769E+03
     14.731  0.1500E+02  0.2771E+03
     14.749  0.1486E+02  0.2774E+03
     14.767  0.1460E+02  0.2777E+03
     14.786  0.1427E+02  0.2779E+03
     14.804  0.1422E+02  0.2782E+03
     14.822  0.1465E+02  0.2785E+03
     14.840  0.1493E+02  0.2787E+03
     14.858  0.1506E+02  0.2790E+03
     14.877  0.1510E+02  0.2793E+03
     14.895  0.1505E+02  0.2795E+03
     14.913  0.1491E+02  0.2798E+03
     14.931  0.1464E+02  0.2801E+03
     14.949  0.1427E+02  0.2803E+03
     14.968  0.1398E+02  0.2806E+03
     14.986  0.1404E+02  0.2809E+03
     15.004  0.1429E+02  0.2811E+03
     15.022  0.1467E+02  0.2814E+03
     15.040  0.1507E+02  0.2817E+03
     15.058  0.1474E+02  0.2819E+03
     15.077  0.1438E+02  0.2822E+03
     15.095  0.1419E+02  0.2824E+03
     15.113  0.1440E+02  0.2827E+03
     15.131  0.1501E+02  0.2830E+03
     15.149  0.1589E+02  0.2833E+03
     15.168  0.1610E+02  0.2835E+03
     15.186  0.1586E+02  0.2838E+03
     15.204  0.1555E+02  0.2841E+03
     15.222  0.1524E+02  0.2844E+03
     15.240  0.1510E+02  0.2847E+03
     15.259  0.1529E+02  0.2850E+03
     15.277  0.1546E+02  0.2852E+03
     15.295  0.1561E+02  0.2855E+03
     15.313  0.1586E+02  0.2858E+03
     15.331  0.1622E+02  0.2861E+03
     15.350  0.1648E+02  0.2864E+03
     15.368  0.1682E+02  0.2867E+03
     15.386  0.1722E+02  0.2870E+03
     15.404  0.1761E+02  0.2873E+03
     15.422  0.1800E+02  0.2876E+03
     15.441  0.1858E+02  0.2880E+03
     15.459  0.1929E+02  0.2883E+03
     15.477  0.2003E+02  0.2887E+03
     15.495  0.2077E+02  0.2891E+03
     15.513  0.2145E+02  0.2894E+03
     15.532  0.2153E+02  0.2898E+03
     15.550  0.2152E+02  0.2902E+03
     15.568  0.2125E+02  0.2906E+03
     15.586  0.2029E+02  0.2910E+03
     15.604  0.1929E+02  0.2913E+03
     15.622  0.1910E+02  0.2917E+03
     15.641  0.1970E+02  0.2920E+03
     15.659  0.2041E+02  0.2924E+03
     15.677  0.2066E+02  0.2928E+03
     15.695  0.2043E+02  0.2932E+03
     15.713  0.2025E+02  0.2935E+03
     15.732  0.2117E+02  0.2939E+03
     15.750  0.2259E+02  0.2943E+03
     15.768  0.2314E+02  0.2947E+03
     15.786  0.2385E+02  0.2951E+03
     15.804  0.2310E+02  0.2956E+03
     15.823  0.2077E+02  0.2960E+03
     15.841  0.1854E+02  0.2963E+03
     15.859  0.1756E+02  0.2967E+03
     15.877  0.1797E+02  0.2970E+03
     15.895  0.1880E+02  0.2973E+03
     15.914  0.2000E+02  0.2977E+03
     15.932  0.2068E+02  0.2980E+03
     15.950  0.2053E+02  0.2984E+03
     15.968  0.1966E+02  0.2988E+03
     15.986  0.1815E+02  0.2991E+03
     16.005  0.1613E+02  0.2994E+03
     16.023  0.1368E+02  0.2997E+03
     16.041  0.1123E+02  0.2999E+03
     16.059  0.9736E+01  0.3001E+03
     16.077  0.9239E+01  0.3003E+03
     16.095  0.9865E+01  0.3005E+03
     16.114  0.1733E+02  0.3007E+03
     16.132  0.2887E+02  0.3011E+03
     16.150  0.2659E+02  0.3016E+03
     16.168  0.2020E+02  0.3021E+03
     16.186  0.1325E+02  0.3024E+03
     16.205  0.1384E+02  0.3026E+03
     16.223  0.1974E+02  0.3029E+03
     16.241  0.3022E+02  0.3034E+03
     16.259  0.2777E+02  0.3041E+03
     16.277  0.4807E+01  0.3042E+03
     16.296  0.5946E+01  0.3043E+03
     16.314  0.7175E+01  0.3045E+03
     16.332  0.8694E+01  0.3046E+03
     16.350  0.1054E+02  0.3048E+03
     16.368  0.1368E+02  0.3050E+03
     16.387  0.1901E+02  0.3053E+03
     16.405  0.1916E+02  0.3057E+03
     16.423  0.1536E+02  0.3060E+03
     16.441  0.1197E+02  0.3062E+03
     16.459  0.9290E+01  0.3064E+03
     16.478  0.7701E+01  0.3066E+03
     16.496  0.8983E+01  0.3067E+03
     16.514  0.1081E+02  0.3069E+03
     16.532  0.1232E+02  0.3071E+03
     16.550  0.1272E+02  0.3073E+03
     16.568  0.1288E+02  0.3076E+03
     16.587  0.1281E+02  0.3078E+03
     16.605  0.1238E+02  0.3080E+03
     16.623  0.1154E+02  0.3082E+03
     16.641  0.1132E+02  0.3085E+03
     16.659  0.1211E+02  0.3087E+03
     16.678  0.1288E+02  0.3089E+03
     16.696  0.1364E+02  0.3091E+03
     16.714  0.1434E+02  0.3094E+03
     16.732  0.1456E+02  0.3097E+03
     16.750  0.1470E+02  0.3099E+03
     16.769  0.1481E+02  0.3102E+03
     16.787  0.1554E+02  0.3105E+03
     16.805  0.1710E+02  0.3108E+03
     16.823  0.1703E+02  0.3111E+03
     16.841  0.1662E+02  0.3114E+03
     16.860  0.1611E+02  0.3117E+03
     16.878  0.1561E+02  0.3120E+03
     16.896  0.1530E+02  0.3122E+03
     16.914  0.1500E+02  0.3125E+03
     16.932  0.1357E+02  0.3128E+03
     16.951  0.1211E+02  0.3130E+03
     16.969  0.1129E+02  0.3132E+03
     16.987  0.1110E+02  0.3134E+03
     17.005  0.1219E+02  0.3136E+03
     17.023  0.1311E+02  0.3139E+03
     17.041  0.1370E+02  0.3141E+03
     17.060  0.1385E+02  0.3144E+03
     17.078  0.1346E+02  0.3146E+03
     17.096  0.1272E+02  0.3149E+03
     17.114  0.1200E+02  0.3151E+03
     17.132  0.1149E+02  0.3153E+03
     17.151  0.1108E+02  0.3155E+03
     17.169  0.1076E+02  0.3157E+03
     17.187  0.1121E+02  0.3159E+03
     17.205  0.1116E+02  0.3161E+03
     17.223  0.1054E+02  0.3163E+03
     17.242  0.9448E+01  0.3165E+03
     17.260  0.8986E+01  0.3166E+03
     17.278  0.9254E+01  0.3168E+03
     17.296  0.9319E+01  0.3170E+03
     17.314  0.9088E+01  0.3172E+03
     17.333  0.8711E+01  0.3173E+03
     17.351  0.8334E+01  0.3175E+03
     17.369  0.8032E+01  0.3176E+03
     17.387  0.7823E+01  0.3178E+03
     17.405  0.7725E+01  0.3179E+03
     17.424  0.7741E+01  0.3180E+03
     17.442  0.7887E+01  0.3182E+03
     17.460  0.8330E+01  0.3183E+03
     17.478  0.9051E+01  0.3185E+03
     17.496  0.9813E+01  0.3187E+03
     17.514  0.1056E+02  0.3188E+03
     17.533  0.1131E+02  0.3190E+03
     17.551  0.1177E+02  0.3193E+03
     17.569  0.1084E+02  0.3195E+03
     17.587  0.9296E+01  0.3196E+03
     17.605  0.8187E+01  0.3198E+03
     17.624  0.7606E+01  0.3199E+03
     17.642  0.7395E+01  0.3201E+03
     17.660  0.7264E+01  0.3202E+03
     17.678  0.7199E+01  0.3203E+03
     17.696  0.7172E+01  0.3205E+03
     17.715  0.7179E+01  0.3206E+03
     17.733  0.7220E+01  0.3207E+03
     17.751  0.7296E+01  0.3209E+03
     17.769  0.7595E+01  0.3210E+03
     17.787  0.8376E+01  0.3212E+03
     17.806  0.8832E+01  0.3213E+03
     17.824  0.8562E+01  0.3215E+03
     17.842  0.7565E+01  0.3216E+03
     17.860  0.5841E+01  0.3217E+03
     17.878  0.4013E+01  0.3218E+03
     17.897  0.2952E+01  0.3219E+03
     17.915  0.2068E+01  0.3219E+03
     17.933  0.1341E+01  0.3220E+03
     17.951  0.7710E+00  0.3220E+03
     17.969  0.3577E+00  0.3220E+03
     17.988  0.1012E+00  0.3220E+03
     18.006  0.1458E-02  0.3220E+03
     18.024  0.0000E+00  0.3220E+03
     18.042  0.0000E+00  0.3220E+03
     18.060  0.0000E+00  0.3220E+03
     18.078  0.0000E+00  0.3220E+03
     18.097  0.0000E+00  0.3220E+03
     18.115  0.0000E+00  0.3220E+03
     18.133  0.0000E+00  0.3220E+03
     18.151  0.0000E+00  0.3220E+03
     18.169  0.0000E+00  0.3220E+03
     18.188  0.0000E+00  0.3220E+03
     18.206  0.0000E+00  0.3220E+03
     18.224  0.0000E+00  0.3220E+03
     18.242  0.0000E+00  0.3220E+03
     18.260  0.0000E+00  0.3220E+03
     18.279  0.0000E+00  0.3220E+03
     18.297  0.0000E+00  0.3220E+03
     18.315  0.0000E+00  0.3220E+03
     18.333  0.0000E+00  0.3220E+03
     18.351  0.0000E+00  0.3220E+03
     18.370  0.0000E+00  0.3220E+03
     18.388  0.0000E+00  0.3220E+03
     18.406  0.0000E+00  0.3220E+03
     18.424  0.0000E+00  0.3220E+03
     18.442  0.0000E+00  0.3220E+03
     18.461  0.0000E+00  0.3220E+03
     18.479  0.0000E+00  0.3220E+03
     18.497  0.0000E+00  0.3220E+03
     18.515  0.0000E+00  0.3220E+03
     18.533  0.0000E+00  0.3220E+03
     18.551  0.0000E+00  0.3220E+03
     18.570  0.0000E+00  0.3220E+03
     18.588  0.0000E+00  0.3220E+03
     18.606  0.0000E+00  0.3220E+03
     18.624  0.0000E+00  0.3220E+03
     18.642  0.0000E+00  0.3220E+03
     18.661  0.0000E+00  0.3220E+03
     18.679  0.0000E+00  0.3220E+03
     18.697  0.0000E+00  0.3220E+03
     18.715  0.0000E+00  0.3220E+03
     18.733  0.0000E+00  0.3220E+03
     18.752  0.0000E+00  0.3220E+03
     18.770  0.0000E+00  0.3220E+03
     18.788  0.0000E+00  0.3220E+03
     18.806  0.0000E+00  0.3220E+03
     18.824  0.0000E+00  0.3220E+03
     18.843  0.0000E+00  0.3220E+03
     18.861  0.0000E+00  0.3220E+03
     18.879  0.0000E+00  0.3220E+03
     18.897  0.0000E+00  0.3220E+03
     18.915  0.0000E+00  0.3220E+03
     18.934  0.0000E+00  0.3220E+03
     18.952  0.0000E+00  0.3220E+03
     18.970  0.0000E+00  0.3220E+03
     18.988  0.0000E+00  0.3220E+03
     19.006  0.0000E+00  0.3220E+03
     19.024  0.0000E+00  0.3220E+03
     19.043  0.0000E+00  0.3220E+03
     19.061  0.0000E+00  0.3220E+03
     19.079  0.0000E+00  0.3220E+03
     19.097  0.0000E+00  0.3220E+03
     19.115  0.0000E+00  0.3220E+03
     19.134  0.0000E+00  0.3220E+03
     19.152  0.0000E+00  0.3220E+03
     19.170  0.0000E+00  0.3220E+03
     19.188  0.0000E+00  0.3220E+03
     19.206  0.0000E+00  0.3220E+03
     19.225  0.0000E+00  0.3220E+03
     19.243  0.0000E+00  0.3220E+03
     19.261  0.0000E+00  0.3220E+03
     19.279  0.0000E+00  0.3220E+03
     19.297  0.0000E+00  0.3220E+03
     19.316  0.0000E+00  0.3220E+03
     19.334  0.0000E+00  0.3220E+03
     19.352  0.0000E+00  0.3220E+03
     19.370  0.0000E+00  0.3220E+03
     19.388  0.0000E+00  0.3220E+03
     19.407  0.0000E+00  0.3220E+03
     19.425  0.0000E+00  0.3220E+03
     19.443  0.0000E+00  0.3220E+03
     19.461  0.0000E+00  0.3220E+03
     19.479  0.0000E+00  0.3220E+03
     19.497  0.0000E+00  0.3220E+03
     19.516  0.0000E+00  0.3220E+03
     19.534  0.0000E+00  0.3220E+03
     19.552  0.0000E+00  0.3220E+03
     19.570  0.0000E+00  0.3220E+03
     19.588  0.0000E+00  0.3220E+03
     19.607  0.0000E+00  0.3220E+03
     19.625  0.0000E+00  0.3220E+03
     19.643  0.0000E+00  0.3220E+03
     19.661  0.0000E+00  0.3220E+03

