 Energy DOS Integrated_DOS
    -16.712  0.0000E+00  0.0000E+00
    -16.694  0.0000E+00  0.0000E+00
    -16.676  0.0000E+00  0.0000E+00
    -16.658  0.0000E+00  0.0000E+00
    -16.640  0.0000E+00  0.0000E+00
    -16.622  0.0000E+00  0.0000E+00
    -16.603  0.0000E+00  0.0000E+00
    -16.585  0.0000E+00  0.0000E+00
    -16.567  0.0000E+00  0.0000E+00
    -16.549  0.0000E+00  0.0000E+00
    -16.531  0.0000E+00  0.0000E+00
    -16.513  0.0000E+00  0.0000E+00
    -16.494  0.0000E+00  0.0000E+00
    -16.476  0.0000E+00  0.0000E+00
    -16.458  0.0000E+00  0.0000E+00
    -16.440  0.0000E+00  0.0000E+00
    -16.422  0.0000E+00  0.0000E+00
    -16.404  0.0000E+00  0.0000E+00
    -16.385  0.0000E+00  0.0000E+00
    -16.367  0.0000E+00  0.0000E+00
    -16.349  0.0000E+00  0.0000E+00
    -16.331  0.0000E+00  0.0000E+00
    -16.313  0.0000E+00  0.0000E+00
    -16.295  0.0000E+00  0.0000E+00
    -16.276  0.0000E+00  0.0000E+00
    -16.258  0.0000E+00  0.0000E+00
    -16.240  0.0000E+00  0.0000E+00
    -16.222  0.0000E+00  0.0000E+00
    -16.204  0.0000E+00  0.0000E+00
    -16.186  0.0000E+00  0.0000E+00
    -16.167  0.0000E+00  0.0000E+00
    -16.149  0.0000E+00  0.0000E+00
    -16.131  0.0000E+00  0.0000E+00
    -16.113  0.0000E+00  0.0000E+00
    -16.095  0.0000E+00  0.0000E+00
    -16.077  0.0000E+00  0.0000E+00
    -16.059  0.0000E+00  0.0000E+00
    -16.040  0.0000E+00  0.0000E+00
    -16.022  0.0000E+00  0.0000E+00
    -16.004  0.0000E+00  0.0000E+00
    -15.986  0.0000E+00  0.0000E+00
    -15.968  0.0000E+00  0.0000E+00
    -15.950  0.0000E+00  0.0000E+00
    -15.931  0.0000E+00  0.0000E+00
    -15.913  0.0000E+00  0.0000E+00
    -15.895  0.0000E+00  0.0000E+00
    -15.877  0.0000E+00  0.0000E+00
    -15.859  0.0000E+00  0.0000E+00
    -15.841  0.0000E+00  0.0000E+00
    -15.822  0.0000E+00  0.0000E+00
    -15.804  0.0000E+00  0.0000E+00
    -15.786  0.0000E+00  0.0000E+00
    -15.768  0.0000E+00  0.0000E+00
    -15.750  0.0000E+00  0.0000E+00
    -15.732  0.0000E+00  0.0000E+00
    -15.713  0.0000E+00  0.0000E+00
    -15.695  0.0000E+00  0.0000E+00
    -15.677  0.0000E+00  0.0000E+00
    -15.659  0.0000E+00  0.0000E+00
    -15.641  0.0000E+00  0.0000E+00
    -15.623  0.0000E+00  0.0000E+00
    -15.604  0.0000E+00  0.0000E+00
    -15.586  0.0000E+00  0.0000E+00
    -15.568  0.0000E+00  0.0000E+00
    -15.550  0.0000E+00  0.0000E+00
    -15.532  0.0000E+00  0.0000E+00
    -15.514  0.0000E+00  0.0000E+00
    -15.495  0.0000E+00  0.0000E+00
    -15.477  0.0000E+00  0.0000E+00
    -15.459  0.0000E+00  0.0000E+00
    -15.441  0.0000E+00  0.0000E+00
    -15.423  0.0000E+00  0.0000E+00
    -15.405  0.0000E+00  0.0000E+00
    -15.387  0.0000E+00  0.0000E+00
    -15.368  0.0000E+00  0.0000E+00
    -15.350  0.0000E+00  0.0000E+00
    -15.332  0.0000E+00  0.0000E+00
    -15.314  0.0000E+00  0.0000E+00
    -15.296  0.0000E+00  0.0000E+00
    -15.278  0.0000E+00  0.0000E+00
    -15.259  0.0000E+00  0.0000E+00
    -15.241  0.0000E+00  0.0000E+00
    -15.223  0.0000E+00  0.0000E+00
    -15.205  0.0000E+00  0.0000E+00
    -15.187  0.0000E+00  0.0000E+00
    -15.169  0.0000E+00  0.0000E+00
    -15.150  0.0000E+00  0.0000E+00
    -15.132  0.0000E+00  0.0000E+00
    -15.114  0.0000E+00  0.0000E+00
    -15.096  0.0000E+00  0.0000E+00
    -15.078  0.0000E+00  0.0000E+00
    -15.060  0.1821E-02  0.1503E-05
    -15.041  0.1265E+00  0.8700E-03
    -15.023  0.4470E+00  0.5781E-02
    -15.005  0.9633E+00  0.1829E-01
    -14.987  0.1676E+01  0.4196E-01
    -14.969  0.2584E+01  0.8034E-01
    -14.951  0.3688E+01  0.1370E+00
    -14.932  0.4987E+01  0.2155E+00
    -14.914  0.6483E+01  0.3193E+00
    -14.896  0.7924E+01  0.4507E+00
    -14.878  0.9033E+01  0.6052E+00
    -14.860  0.9820E+01  0.7769E+00
    -14.842  0.1028E+02  0.9599E+00
    -14.824  0.1043E+02  0.1148E+01
    -14.805  0.1427E+02  0.1349E+01
    -14.787  0.2367E+02  0.1700E+01
    -14.769  0.2851E+02  0.2181E+01
    -14.751  0.2855E+02  0.2708E+01
    -14.733  0.2298E+02  0.3174E+01
    -14.715  0.1941E+02  0.3557E+01
    -14.696  0.1735E+02  0.3888E+01
    -14.678  0.1656E+02  0.4195E+01
    -14.660  0.1585E+02  0.4490E+01
    -14.642  0.1501E+02  0.4770E+01
    -14.624  0.1403E+02  0.5034E+01
    -14.606  0.1293E+02  0.5279E+01
    -14.587  0.1170E+02  0.5503E+01
    -14.569  0.1034E+02  0.5703E+01
    -14.551  0.8846E+01  0.5878E+01
    -14.533  0.2523E+01  0.5995E+01
    -14.515  0.0000E+00  0.6000E+01
    -14.497  0.0000E+00  0.6000E+01
    -14.478  0.0000E+00  0.6000E+01
    -14.460  0.0000E+00  0.6000E+01
    -14.442  0.0000E+00  0.6000E+01
    -14.424  0.0000E+00  0.6000E+01
    -14.406  0.8429E-02  0.6000E+01
    -14.388  0.9816E+01  0.6061E+01
    -14.369  0.1301E+02  0.6279E+01
    -14.351  0.1441E+02  0.6529E+01
    -14.333  0.1514E+02  0.6798E+01
    -14.315  0.1518E+02  0.7075E+01
    -14.297  0.1456E+02  0.7346E+01
    -14.279  0.1369E+02  0.7600E+01
    -14.260  0.1547E+02  0.7860E+01
    -14.242  0.1596E+02  0.8145E+01
    -14.224  0.2354E+02  0.8491E+01
    -14.206  0.3887E+02  0.9049E+01
    -14.188  0.6272E+02  0.9948E+01
    -14.170  0.6983E+02  0.1120E+02
    -14.152  0.8445E+02  0.1233E+02
    -14.133  0.3125E+02  0.1328E+02
    -14.115  0.2425E+02  0.1385E+02
    -14.097  0.1329E+02  0.1404E+02
    -14.079  0.2755E+02  0.1447E+02
    -14.061  0.2591E+02  0.1496E+02
    -14.043  0.2087E+02  0.1539E+02
    -14.024  0.1322E+02  0.1570E+02
    -14.006  0.7054E+01  0.1588E+02
    -13.988  0.7974E+01  0.1598E+02
    -13.970  0.2916E+02  0.1633E+02
    -13.952  0.4249E+02  0.1700E+02
    -13.934  0.1381E+03  0.1866E+02
    -13.915  0.3365E+02  0.2029E+02
    -13.897  0.2268E+02  0.2069E+02
    -13.879  0.2350E+02  0.2111E+02
    -13.861  0.2029E+02  0.2152E+02
    -13.843  0.1305E+02  0.2182E+02
    -13.825  0.1296E+03  0.2224E+02
    -13.806  0.6687E+02  0.2332E+02
    -13.788  0.2648E+02  0.2468E+02
    -13.770  0.2046E+02  0.2510E+02
    -13.752  0.1521E+02  0.2542E+02
    -13.734  0.1074E+02  0.2566E+02
    -13.716  0.7046E+01  0.2582E+02
    -13.697  0.4127E+01  0.2592E+02
    -13.679  0.1984E+01  0.2597E+02
    -13.661  0.1691E+03  0.2615E+02
    -13.643  0.5226E+02  0.2831E+02
    -13.625  0.9700E+02  0.3029E+02
    -13.607  0.3867E+02  0.3176E+02
    -13.589  0.1908E+03  0.3329E+02
    -13.570  0.1177E+03  0.3469E+02
    -13.552  0.1346E+03  0.3767E+02
    -13.534  0.8243E+02  0.3909E+02
    -13.516  0.1242E+02  0.3944E+02
    -13.498  0.9334E+01  0.3963E+02
    -13.480  0.2020E+02  0.3984E+02
    -13.461  0.2611E+02  0.4028E+02
    -13.443  0.3245E+02  0.4081E+02
    -13.425  0.4314E+02  0.4149E+02
    -13.407  0.6716E+02  0.4244E+02
    -13.389  0.9708E+02  0.4394E+02
    -13.371  0.7816E+02  0.4531E+02
    -13.352  0.1030E+03  0.4698E+02
    -13.334  0.1244E+03  0.4931E+02
    -13.316  0.0000E+00  0.5000E+02
    -13.298  0.0000E+00  0.5000E+02
    -13.280  0.8739E+02  0.5090E+02
    -13.262  0.5148E+02  0.5154E+02
    -13.243  0.6853E+02  0.5258E+02
    -13.225  0.1317E+03  0.5428E+02
    -13.207  0.1312E+03  0.5710E+02
    -13.189  0.1046E+03  0.5927E+02
    -13.171  0.5524E+02  0.6068E+02
    -13.153  0.0000E+00  0.6200E+02
    -13.134  0.0000E+00  0.6200E+02
    -13.116  0.0000E+00  0.6200E+02
    -13.098  0.0000E+00  0.6200E+02
    -13.080  0.0000E+00  0.6200E+02
    -13.062  0.0000E+00  0.6200E+02
    -13.044  0.0000E+00  0.6200E+02
    -13.026  0.0000E+00  0.6200E+02
    -13.007  0.0000E+00  0.6200E+02
    -12.989  0.0000E+00  0.6200E+02
    -12.971  0.0000E+00  0.6200E+02
    -12.953  0.0000E+00  0.6200E+02
    -12.935  0.0000E+00  0.6200E+02
    -12.917  0.0000E+00  0.6200E+02
    -12.898  0.0000E+00  0.6200E+02
    -12.880  0.0000E+00  0.6200E+02
    -12.862  0.0000E+00  0.6200E+02
    -12.844  0.0000E+00  0.6200E+02
    -12.826  0.0000E+00  0.6200E+02
    -12.808  0.0000E+00  0.6200E+02
    -12.789  0.0000E+00  0.6200E+02
    -12.771  0.0000E+00  0.6200E+02
    -12.753  0.0000E+00  0.6200E+02
    -12.735  0.0000E+00  0.6200E+02
    -12.717  0.0000E+00  0.6200E+02
    -12.699  0.0000E+00  0.6200E+02
    -12.680  0.0000E+00  0.6200E+02
    -12.662  0.0000E+00  0.6200E+02
    -12.644  0.0000E+00  0.6200E+02
    -12.626  0.0000E+00  0.6200E+02
    -12.608  0.0000E+00  0.6200E+02
    -12.590  0.0000E+00  0.6200E+02
    -12.571  0.0000E+00  0.6200E+02
    -12.553  0.0000E+00  0.6200E+02
    -12.535  0.0000E+00  0.6200E+02
    -12.517  0.0000E+00  0.6200E+02
    -12.499  0.0000E+00  0.6200E+02
    -12.481  0.0000E+00  0.6200E+02
    -12.462  0.0000E+00  0.6200E+02
    -12.444  0.0000E+00  0.6200E+02
    -12.426  0.0000E+00  0.6200E+02
    -12.408  0.0000E+00  0.6200E+02
    -12.390  0.0000E+00  0.6200E+02
    -12.372  0.0000E+00  0.6200E+02
    -12.354  0.0000E+00  0.6200E+02
    -12.335  0.0000E+00  0.6200E+02
    -12.317  0.0000E+00  0.6200E+02
    -12.299  0.0000E+00  0.6200E+02
    -12.281  0.0000E+00  0.6200E+02
    -12.263  0.0000E+00  0.6200E+02
    -12.245  0.0000E+00  0.6200E+02
    -12.226  0.0000E+00  0.6200E+02
    -12.208  0.0000E+00  0.6200E+02
    -12.190  0.0000E+00  0.6200E+02
    -12.172  0.0000E+00  0.6200E+02
    -12.154  0.0000E+00  0.6200E+02
    -12.136  0.0000E+00  0.6200E+02
    -12.117  0.0000E+00  0.6200E+02
    -12.099  0.0000E+00  0.6200E+02
    -12.081  0.0000E+00  0.6200E+02
    -12.063  0.0000E+00  0.6200E+02
    -12.045  0.0000E+00  0.6200E+02
    -12.027  0.0000E+00  0.6200E+02
    -12.008  0.0000E+00  0.6200E+02
    -11.990  0.0000E+00  0.6200E+02
    -11.972  0.0000E+00  0.6200E+02
    -11.954  0.0000E+00  0.6200E+02
    -11.936  0.0000E+00  0.6200E+02
    -11.918  0.0000E+00  0.6200E+02
    -11.899  0.0000E+00  0.6200E+02
    -11.881  0.0000E+00  0.6200E+02
    -11.863  0.0000E+00  0.6200E+02
    -11.845  0.0000E+00  0.6200E+02
    -11.827  0.0000E+00  0.6200E+02
    -11.809  0.0000E+00  0.6200E+02
    -11.791  0.0000E+00  0.6200E+02
    -11.772  0.0000E+00  0.6200E+02
    -11.754  0.0000E+00  0.6200E+02
    -11.736  0.0000E+00  0.6200E+02
    -11.718  0.0000E+00  0.6200E+02
    -11.700  0.0000E+00  0.6200E+02
    -11.682  0.0000E+00  0.6200E+02
    -11.663  0.0000E+00  0.6200E+02
    -11.645  0.0000E+00  0.6200E+02
    -11.627  0.0000E+00  0.6200E+02
    -11.609  0.0000E+00  0.6200E+02
    -11.591  0.0000E+00  0.6200E+02
    -11.573  0.0000E+00  0.6200E+02
    -11.554  0.0000E+00  0.6200E+02
    -11.536  0.0000E+00  0.6200E+02
    -11.518  0.0000E+00  0.6200E+02
    -11.500  0.0000E+00  0.6200E+02
    -11.482  0.0000E+00  0.6200E+02
    -11.464  0.0000E+00  0.6200E+02
    -11.445  0.0000E+00  0.6200E+02
    -11.427  0.0000E+00  0.6200E+02
    -11.409  0.0000E+00  0.6200E+02
    -11.391  0.0000E+00  0.6200E+02
    -11.373  0.0000E+00  0.6200E+02
    -11.355  0.0000E+00  0.6200E+02
    -11.336  0.0000E+00  0.6200E+02
    -11.318  0.0000E+00  0.6200E+02
    -11.300  0.0000E+00  0.6200E+02
    -11.282  0.0000E+00  0.6200E+02
    -11.264  0.0000E+00  0.6200E+02
    -11.246  0.0000E+00  0.6200E+02
    -11.227  0.0000E+00  0.6200E+02
    -11.209  0.0000E+00  0.6200E+02
    -11.191  0.0000E+00  0.6200E+02
    -11.173  0.0000E+00  0.6200E+02
    -11.155  0.0000E+00  0.6200E+02
    -11.137  0.0000E+00  0.6200E+02
    -11.119  0.0000E+00  0.6200E+02
    -11.100  0.0000E+00  0.6200E+02
    -11.082  0.0000E+00  0.6200E+02
    -11.064  0.0000E+00  0.6200E+02
    -11.046  0.0000E+00  0.6200E+02
    -11.028  0.0000E+00  0.6200E+02
    -11.010  0.0000E+00  0.6200E+02
    -10.991  0.0000E+00  0.6200E+02
    -10.973  0.0000E+00  0.6200E+02
    -10.955  0.0000E+00  0.6200E+02
    -10.937  0.0000E+00  0.6200E+02
    -10.919  0.0000E+00  0.6200E+02
    -10.901  0.0000E+00  0.6200E+02
    -10.882  0.0000E+00  0.6200E+02
    -10.864  0.0000E+00  0.6200E+02
    -10.846  0.0000E+00  0.6200E+02
    -10.828  0.0000E+00  0.6200E+02
    -10.810  0.0000E+00  0.6200E+02
    -10.792  0.0000E+00  0.6200E+02
    -10.773  0.0000E+00  0.6200E+02
    -10.755  0.0000E+00  0.6200E+02
    -10.737  0.0000E+00  0.6200E+02
    -10.719  0.0000E+00  0.6200E+02
    -10.701  0.0000E+00  0.6200E+02
    -10.683  0.0000E+00  0.6200E+02
    -10.664  0.0000E+00  0.6200E+02
    -10.646  0.0000E+00  0.6200E+02
    -10.628  0.0000E+00  0.6200E+02
    -10.610  0.0000E+00  0.6200E+02
    -10.592  0.0000E+00  0.6200E+02
    -10.574  0.0000E+00  0.6200E+02
    -10.556  0.0000E+00  0.6200E+02
    -10.537  0.0000E+00  0.6200E+02
    -10.519  0.0000E+00  0.6200E+02
    -10.501  0.0000E+00  0.6200E+02
    -10.483  0.0000E+00  0.6200E+02
    -10.465  0.0000E+00  0.6200E+02
    -10.447  0.0000E+00  0.6200E+02
    -10.428  0.0000E+00  0.6200E+02
    -10.410  0.0000E+00  0.6200E+02
    -10.392  0.0000E+00  0.6200E+02
    -10.374  0.0000E+00  0.6200E+02
    -10.356  0.0000E+00  0.6200E+02
    -10.338  0.0000E+00  0.6200E+02
    -10.319  0.0000E+00  0.6200E+02
    -10.301  0.0000E+00  0.6200E+02
    -10.283  0.0000E+00  0.6200E+02
    -10.265  0.0000E+00  0.6200E+02
    -10.247  0.0000E+00  0.6200E+02
    -10.229  0.0000E+00  0.6200E+02
    -10.210  0.0000E+00  0.6200E+02
    -10.192  0.0000E+00  0.6200E+02
    -10.174  0.0000E+00  0.6200E+02
    -10.156  0.0000E+00  0.6200E+02
    -10.138  0.0000E+00  0.6200E+02
    -10.120  0.0000E+00  0.6200E+02
    -10.101  0.0000E+00  0.6200E+02
    -10.083  0.0000E+00  0.6200E+02
    -10.065  0.0000E+00  0.6200E+02
    -10.047  0.0000E+00  0.6200E+02
    -10.029  0.0000E+00  0.6200E+02
    -10.011  0.0000E+00  0.6200E+02
     -9.992  0.0000E+00  0.6200E+02
     -9.974  0.0000E+00  0.6200E+02
     -9.956  0.0000E+00  0.6200E+02
     -9.938  0.0000E+00  0.6200E+02
     -9.920  0.0000E+00  0.6200E+02
     -9.902  0.0000E+00  0.6200E+02
     -9.884  0.0000E+00  0.6200E+02
     -9.865  0.0000E+00  0.6200E+02
     -9.847  0.0000E+00  0.6200E+02
     -9.829  0.0000E+00  0.6200E+02
     -9.811  0.0000E+00  0.6200E+02
     -9.793  0.0000E+00  0.6200E+02
     -9.775  0.0000E+00  0.6200E+02
     -9.756  0.0000E+00  0.6200E+02
     -9.738  0.0000E+00  0.6200E+02
     -9.720  0.0000E+00  0.6200E+02
     -9.702  0.0000E+00  0.6200E+02
     -9.684  0.0000E+00  0.6200E+02
     -9.666  0.0000E+00  0.6200E+02
     -9.647  0.0000E+00  0.6200E+02
     -9.629  0.0000E+00  0.6200E+02
     -9.611  0.0000E+00  0.6200E+02
     -9.593  0.0000E+00  0.6200E+02
     -9.575  0.0000E+00  0.6200E+02
     -9.557  0.0000E+00  0.6200E+02
     -9.538  0.0000E+00  0.6200E+02
     -9.520  0.0000E+00  0.6200E+02
     -9.502  0.0000E+00  0.6200E+02
     -9.484  0.0000E+00  0.6200E+02
     -9.466  0.0000E+00  0.6200E+02
     -9.448  0.0000E+00  0.6200E+02
     -9.429  0.0000E+00  0.6200E+02
     -9.411  0.0000E+00  0.6200E+02
     -9.393  0.0000E+00  0.6200E+02
     -9.375  0.0000E+00  0.6200E+02
     -9.357  0.0000E+00  0.6200E+02
     -9.339  0.0000E+00  0.6200E+02
     -9.321  0.0000E+00  0.6200E+02
     -9.302  0.0000E+00  0.6200E+02
     -9.284  0.0000E+00  0.6200E+02
     -9.266  0.0000E+00  0.6200E+02
     -9.248  0.0000E+00  0.6200E+02
     -9.230  0.0000E+00  0.6200E+02
     -9.212  0.0000E+00  0.6200E+02
     -9.193  0.0000E+00  0.6200E+02
     -9.175  0.0000E+00  0.6200E+02
     -9.157  0.0000E+00  0.6200E+02
     -9.139  0.0000E+00  0.6200E+02
     -9.121  0.0000E+00  0.6200E+02
     -9.103  0.0000E+00  0.6200E+02
     -9.084  0.0000E+00  0.6200E+02
     -9.066  0.0000E+00  0.6200E+02
     -9.048  0.0000E+00  0.6200E+02
     -9.030  0.0000E+00  0.6200E+02
     -9.012  0.0000E+00  0.6200E+02
     -8.994  0.0000E+00  0.6200E+02
     -8.975  0.0000E+00  0.6200E+02
     -8.957  0.0000E+00  0.6200E+02
     -8.939  0.0000E+00  0.6200E+02
     -8.921  0.0000E+00  0.6200E+02
     -8.903  0.0000E+00  0.6200E+02
     -8.885  0.0000E+00  0.6200E+02
     -8.866  0.0000E+00  0.6200E+02
     -8.848  0.0000E+00  0.6200E+02
     -8.830  0.0000E+00  0.6200E+02
     -8.812  0.0000E+00  0.6200E+02
     -8.794  0.0000E+00  0.6200E+02
     -8.776  0.0000E+00  0.6200E+02
     -8.757  0.0000E+00  0.6200E+02
     -8.739  0.0000E+00  0.6200E+02
     -8.721  0.0000E+00  0.6200E+02
     -8.703  0.0000E+00  0.6200E+02
     -8.685  0.0000E+00  0.6200E+02
     -8.667  0.0000E+00  0.6200E+02
     -8.649  0.0000E+00  0.6200E+02
     -8.630  0.0000E+00  0.6200E+02
     -8.612  0.0000E+00  0.6200E+02
     -8.594  0.0000E+00  0.6200E+02
     -8.576  0.0000E+00  0.6200E+02
     -8.558  0.0000E+00  0.6200E+02
     -8.540  0.0000E+00  0.6200E+02
     -8.521  0.0000E+00  0.6200E+02
     -8.503  0.0000E+00  0.6200E+02
     -8.485  0.0000E+00  0.6200E+02
     -8.467  0.0000E+00  0.6200E+02
     -8.449  0.0000E+00  0.6200E+02
     -8.431  0.0000E+00  0.6200E+02
     -8.412  0.0000E+00  0.6200E+02
     -8.394  0.0000E+00  0.6200E+02
     -8.376  0.0000E+00  0.6200E+02
     -8.358  0.0000E+00  0.6200E+02
     -8.340  0.0000E+00  0.6200E+02
     -8.322  0.0000E+00  0.6200E+02
     -8.303  0.0000E+00  0.6200E+02
     -8.285  0.0000E+00  0.6200E+02
     -8.267  0.0000E+00  0.6200E+02
     -8.249  0.0000E+00  0.6200E+02
     -8.231  0.0000E+00  0.6200E+02
     -8.213  0.0000E+00  0.6200E+02
     -8.194  0.0000E+00  0.6200E+02
     -8.176  0.0000E+00  0.6200E+02
     -8.158  0.0000E+00  0.6200E+02
     -8.140  0.0000E+00  0.6200E+02
     -8.122  0.0000E+00  0.6200E+02
     -8.104  0.0000E+00  0.6200E+02
     -8.086  0.0000E+00  0.6200E+02
     -8.067  0.0000E+00  0.6200E+02
     -8.049  0.0000E+00  0.6200E+02
     -8.031  0.0000E+00  0.6200E+02
     -8.013  0.0000E+00  0.6200E+02
     -7.995  0.0000E+00  0.6200E+02
     -7.977  0.0000E+00  0.6200E+02
     -7.958  0.0000E+00  0.6200E+02
     -7.940  0.0000E+00  0.6200E+02
     -7.922  0.0000E+00  0.6200E+02
     -7.904  0.0000E+00  0.6200E+02
     -7.886  0.0000E+00  0.6200E+02
     -7.868  0.0000E+00  0.6200E+02
     -7.849  0.0000E+00  0.6200E+02
     -7.831  0.0000E+00  0.6200E+02
     -7.813  0.0000E+00  0.6200E+02
     -7.795  0.0000E+00  0.6200E+02
     -7.777  0.0000E+00  0.6200E+02
     -7.759  0.0000E+00  0.6200E+02
     -7.740  0.0000E+00  0.6200E+02
     -7.722  0.0000E+00  0.6200E+02
     -7.704  0.0000E+00  0.6200E+02
     -7.686  0.0000E+00  0.6200E+02
     -7.668  0.0000E+00  0.6200E+02
     -7.650  0.0000E+00  0.6200E+02
     -7.631  0.0000E+00  0.6200E+02
     -7.613  0.0000E+00  0.6200E+02
     -7.595  0.0000E+00  0.6200E+02
     -7.577  0.0000E+00  0.6200E+02
     -7.559  0.0000E+00  0.6200E+02
     -7.541  0.0000E+00  0.6200E+02
     -7.522  0.0000E+00  0.6200E+02
     -7.504  0.0000E+00  0.6200E+02
     -7.486  0.0000E+00  0.6200E+02
     -7.468  0.0000E+00  0.6200E+02
     -7.450  0.0000E+00  0.6200E+02
     -7.432  0.0000E+00  0.6200E+02
     -7.414  0.0000E+00  0.6200E+02
     -7.395  0.0000E+00  0.6200E+02
     -7.377  0.0000E+00  0.6200E+02
     -7.359  0.0000E+00  0.6200E+02
     -7.341  0.0000E+00  0.6200E+02
     -7.323  0.0000E+00  0.6200E+02
     -7.305  0.0000E+00  0.6200E+02
     -7.286  0.0000E+00  0.6200E+02
     -7.268  0.0000E+00  0.6200E+02
     -7.250  0.0000E+00  0.6200E+02
     -7.232  0.0000E+00  0.6200E+02
     -7.214  0.0000E+00  0.6200E+02
     -7.196  0.0000E+00  0.6200E+02
     -7.177  0.0000E+00  0.6200E+02
     -7.159  0.0000E+00  0.6200E+02
     -7.141  0.0000E+00  0.6200E+02
     -7.123  0.0000E+00  0.6200E+02
     -7.105  0.0000E+00  0.6200E+02
     -7.087  0.0000E+00  0.6200E+02
     -7.068  0.0000E+00  0.6200E+02
     -7.050  0.0000E+00  0.6200E+02
     -7.032  0.0000E+00  0.6200E+02
     -7.014  0.0000E+00  0.6200E+02
     -6.996  0.0000E+00  0.6200E+02
     -6.978  0.0000E+00  0.6200E+02
     -6.959  0.0000E+00  0.6200E+02
     -6.941  0.0000E+00  0.6200E+02
     -6.923  0.0000E+00  0.6200E+02
     -6.905  0.0000E+00  0.6200E+02
     -6.887  0.0000E+00  0.6200E+02
     -6.869  0.0000E+00  0.6200E+02
     -6.851  0.0000E+00  0.6200E+02
     -6.832  0.0000E+00  0.6200E+02
     -6.814  0.0000E+00  0.6200E+02
     -6.796  0.0000E+00  0.6200E+02
     -6.778  0.0000E+00  0.6200E+02
     -6.760  0.0000E+00  0.6200E+02
     -6.742  0.0000E+00  0.6200E+02
     -6.723  0.0000E+00  0.6200E+02
     -6.705  0.0000E+00  0.6200E+02
     -6.687  0.0000E+00  0.6200E+02
     -6.669  0.0000E+00  0.6200E+02
     -6.651  0.0000E+00  0.6200E+02
     -6.633  0.0000E+00  0.6200E+02
     -6.614  0.0000E+00  0.6200E+02
     -6.596  0.0000E+00  0.6200E+02
     -6.578  0.0000E+00  0.6200E+02
     -6.560  0.0000E+00  0.6200E+02
     -6.542  0.0000E+00  0.6200E+02
     -6.524  0.0000E+00  0.6200E+02
     -6.505  0.0000E+00  0.6200E+02
     -6.487  0.0000E+00  0.6200E+02
     -6.469  0.0000E+00  0.6200E+02
     -6.451  0.0000E+00  0.6200E+02
     -6.433  0.0000E+00  0.6200E+02
     -6.415  0.0000E+00  0.6200E+02
     -6.396  0.0000E+00  0.6200E+02
     -6.378  0.0000E+00  0.6200E+02
     -6.360  0.0000E+00  0.6200E+02
     -6.342  0.0000E+00  0.6200E+02
     -6.324  0.0000E+00  0.6200E+02
     -6.306  0.0000E+00  0.6200E+02
     -6.287  0.0000E+00  0.6200E+02
     -6.269  0.0000E+00  0.6200E+02
     -6.251  0.0000E+00  0.6200E+02
     -6.233  0.0000E+00  0.6200E+02
     -6.215  0.0000E+00  0.6200E+02
     -6.197  0.0000E+00  0.6200E+02
     -6.179  0.0000E+00  0.6200E+02
     -6.160  0.0000E+00  0.6200E+02
     -6.142  0.0000E+00  0.6200E+02
     -6.124  0.0000E+00  0.6200E+02
     -6.106  0.0000E+00  0.6200E+02
     -6.088  0.0000E+00  0.6200E+02
     -6.070  0.0000E+00  0.6200E+02
     -6.051  0.0000E+00  0.6200E+02
     -6.033  0.0000E+00  0.6200E+02
     -6.015  0.0000E+00  0.6200E+02
     -5.997  0.0000E+00  0.6200E+02
     -5.979  0.0000E+00  0.6200E+02
     -5.961  0.0000E+00  0.6200E+02
     -5.942  0.0000E+00  0.6200E+02
     -5.924  0.0000E+00  0.6200E+02
     -5.906  0.0000E+00  0.6200E+02
     -5.888  0.0000E+00  0.6200E+02
     -5.870  0.0000E+00  0.6200E+02
     -5.852  0.0000E+00  0.6200E+02
     -5.833  0.0000E+00  0.6200E+02
     -5.815  0.0000E+00  0.6200E+02
     -5.797  0.0000E+00  0.6200E+02
     -5.779  0.0000E+00  0.6200E+02
     -5.761  0.0000E+00  0.6200E+02
     -5.743  0.0000E+00  0.6200E+02
     -5.724  0.0000E+00  0.6200E+02
     -5.706  0.0000E+00  0.6200E+02
     -5.688  0.0000E+00  0.6200E+02
     -5.670  0.0000E+00  0.6200E+02
     -5.652  0.0000E+00  0.6200E+02
     -5.634  0.0000E+00  0.6200E+02
     -5.616  0.0000E+00  0.6200E+02
     -5.597  0.0000E+00  0.6200E+02
     -5.579  0.0000E+00  0.6200E+02
     -5.561  0.0000E+00  0.6200E+02
     -5.543  0.0000E+00  0.6200E+02
     -5.525  0.0000E+00  0.6200E+02
     -5.507  0.0000E+00  0.6200E+02
     -5.488  0.0000E+00  0.6200E+02
     -5.470  0.0000E+00  0.6200E+02
     -5.452  0.0000E+00  0.6200E+02
     -5.434  0.0000E+00  0.6200E+02
     -5.416  0.0000E+00  0.6200E+02
     -5.398  0.0000E+00  0.6200E+02
     -5.379  0.0000E+00  0.6200E+02
     -5.361  0.0000E+00  0.6200E+02
     -5.343  0.0000E+00  0.6200E+02
     -5.325  0.0000E+00  0.6200E+02
     -5.307  0.0000E+00  0.6200E+02
     -5.289  0.0000E+00  0.6200E+02
     -5.270  0.0000E+00  0.6200E+02
     -5.252  0.0000E+00  0.6200E+02
     -5.234  0.0000E+00  0.6200E+02
     -5.216  0.0000E+00  0.6200E+02
     -5.198  0.0000E+00  0.6200E+02
     -5.180  0.0000E+00  0.6200E+02
     -5.161  0.0000E+00  0.6200E+02
     -5.143  0.0000E+00  0.6200E+02
     -5.125  0.0000E+00  0.6200E+02
     -5.107  0.0000E+00  0.6200E+02
     -5.089  0.0000E+00  0.6200E+02
     -5.071  0.0000E+00  0.6200E+02
     -5.052  0.0000E+00  0.6200E+02
     -5.034  0.0000E+00  0.6200E+02
     -5.016  0.0000E+00  0.6200E+02
     -4.998  0.0000E+00  0.6200E+02
     -4.980  0.0000E+00  0.6200E+02
     -4.962  0.0000E+00  0.6200E+02
     -4.944  0.0000E+00  0.6200E+02
     -4.925  0.0000E+00  0.6200E+02
     -4.907  0.0000E+00  0.6200E+02
     -4.889  0.0000E+00  0.6200E+02
     -4.871  0.0000E+00  0.6200E+02
     -4.853  0.0000E+00  0.6200E+02
     -4.835  0.0000E+00  0.6200E+02
     -4.816  0.0000E+00  0.6200E+02
     -4.798  0.0000E+00  0.6200E+02
     -4.780  0.0000E+00  0.6200E+02
     -4.762  0.0000E+00  0.6200E+02
     -4.744  0.0000E+00  0.6200E+02
     -4.726  0.0000E+00  0.6200E+02
     -4.707  0.0000E+00  0.6200E+02
     -4.689  0.0000E+00  0.6200E+02
     -4.671  0.0000E+00  0.6200E+02
     -4.653  0.0000E+00  0.6200E+02
     -4.635  0.0000E+00  0.6200E+02
     -4.617  0.0000E+00  0.6200E+02
     -4.598  0.0000E+00  0.6200E+02
     -4.580  0.0000E+00  0.6200E+02
     -4.562  0.0000E+00  0.6200E+02
     -4.544  0.0000E+00  0.6200E+02
     -4.526  0.0000E+00  0.6200E+02
     -4.508  0.0000E+00  0.6200E+02
     -4.489  0.0000E+00  0.6200E+02
     -4.471  0.0000E+00  0.6200E+02
     -4.453  0.0000E+00  0.6200E+02
     -4.435  0.0000E+00  0.6200E+02
     -4.417  0.0000E+00  0.6200E+02
     -4.399  0.0000E+00  0.6200E+02
     -4.381  0.0000E+00  0.6200E+02
     -4.362  0.0000E+00  0.6200E+02
     -4.344  0.0000E+00  0.6200E+02
     -4.326  0.0000E+00  0.6200E+02
     -4.308  0.0000E+00  0.6200E+02
     -4.290  0.0000E+00  0.6200E+02
     -4.272  0.0000E+00  0.6200E+02
     -4.253  0.0000E+00  0.6200E+02
     -4.235  0.0000E+00  0.6200E+02
     -4.217  0.0000E+00  0.6200E+02
     -4.199  0.0000E+00  0.6200E+02
     -4.181  0.0000E+00  0.6200E+02
     -4.163  0.0000E+00  0.6200E+02
     -4.144  0.0000E+00  0.6200E+02
     -4.126  0.0000E+00  0.6200E+02
     -4.108  0.0000E+00  0.6200E+02
     -4.090  0.0000E+00  0.6200E+02
     -4.072  0.0000E+00  0.6200E+02
     -4.054  0.0000E+00  0.6200E+02
     -4.035  0.0000E+00  0.6200E+02
     -4.017  0.0000E+00  0.6200E+02
     -3.999  0.0000E+00  0.6200E+02
     -3.981  0.0000E+00  0.6200E+02
     -3.963  0.0000E+00  0.6200E+02
     -3.945  0.0000E+00  0.6200E+02
     -3.926  0.0000E+00  0.6200E+02
     -3.908  0.0000E+00  0.6200E+02
     -3.890  0.0000E+00  0.6200E+02
     -3.872  0.0000E+00  0.6200E+02
     -3.854  0.0000E+00  0.6200E+02
     -3.836  0.0000E+00  0.6200E+02
     -3.817  0.0000E+00  0.6200E+02
     -3.799  0.0000E+00  0.6200E+02
     -3.781  0.0000E+00  0.6200E+02
     -3.763  0.0000E+00  0.6200E+02
     -3.745  0.0000E+00  0.6200E+02
     -3.727  0.0000E+00  0.6200E+02
     -3.709  0.0000E+00  0.6200E+02
     -3.690  0.0000E+00  0.6200E+02
     -3.672  0.0000E+00  0.6200E+02
     -3.654  0.0000E+00  0.6200E+02
     -3.636  0.0000E+00  0.6200E+02
     -3.618  0.0000E+00  0.6200E+02
     -3.600  0.0000E+00  0.6200E+02
     -3.581  0.0000E+00  0.6200E+02
     -3.563  0.0000E+00  0.6200E+02
     -3.545  0.0000E+00  0.6200E+02
     -3.527  0.0000E+00  0.6200E+02
     -3.509  0.0000E+00  0.6200E+02
     -3.491  0.0000E+00  0.6200E+02
     -3.472  0.0000E+00  0.6200E+02
     -3.454  0.0000E+00  0.6200E+02
     -3.436  0.0000E+00  0.6200E+02
     -3.418  0.0000E+00  0.6200E+02
     -3.400  0.0000E+00  0.6200E+02
     -3.382  0.0000E+00  0.6200E+02
     -3.363  0.0000E+00  0.6200E+02
     -3.345  0.0000E+00  0.6200E+02
     -3.327  0.0000E+00  0.6200E+02
     -3.309  0.0000E+00  0.6200E+02
     -3.291  0.0000E+00  0.6200E+02
     -3.273  0.0000E+00  0.6200E+02
     -3.254  0.0000E+00  0.6200E+02
     -3.236  0.0000E+00  0.6200E+02
     -3.218  0.0000E+00  0.6200E+02
     -3.200  0.0000E+00  0.6200E+02
     -3.182  0.0000E+00  0.6200E+02
     -3.164  0.0000E+00  0.6200E+02
     -3.146  0.0000E+00  0.6200E+02
     -3.127  0.0000E+00  0.6200E+02
     -3.109  0.0000E+00  0.6200E+02
     -3.091  0.0000E+00  0.6200E+02
     -3.073  0.0000E+00  0.6200E+02
     -3.055  0.0000E+00  0.6200E+02
     -3.037  0.0000E+00  0.6200E+02
     -3.018  0.0000E+00  0.6200E+02
     -3.000  0.0000E+00  0.6200E+02
     -2.982  0.0000E+00  0.6200E+02
     -2.964  0.0000E+00  0.6200E+02
     -2.946  0.0000E+00  0.6200E+02
     -2.928  0.0000E+00  0.6200E+02
     -2.909  0.0000E+00  0.6200E+02
     -2.891  0.0000E+00  0.6200E+02
     -2.873  0.0000E+00  0.6200E+02
     -2.855  0.0000E+00  0.6200E+02
     -2.837  0.0000E+00  0.6200E+02
     -2.819  0.0000E+00  0.6200E+02
     -2.800  0.0000E+00  0.6200E+02
     -2.782  0.0000E+00  0.6200E+02
     -2.764  0.0000E+00  0.6200E+02
     -2.746  0.0000E+00  0.6200E+02
     -2.728  0.0000E+00  0.6200E+02
     -2.710  0.0000E+00  0.6200E+02
     -2.691  0.0000E+00  0.6200E+02
     -2.673  0.0000E+00  0.6200E+02
     -2.655  0.0000E+00  0.6200E+02
     -2.637  0.0000E+00  0.6200E+02
     -2.619  0.0000E+00  0.6200E+02
     -2.601  0.0000E+00  0.6200E+02
     -2.583  0.0000E+00  0.6200E+02
     -2.564  0.0000E+00  0.6200E+02
     -2.546  0.0000E+00  0.6200E+02
     -2.528  0.0000E+00  0.6200E+02
     -2.510  0.0000E+00  0.6200E+02
     -2.492  0.0000E+00  0.6200E+02
     -2.474  0.0000E+00  0.6200E+02
     -2.455  0.0000E+00  0.6200E+02
     -2.437  0.0000E+00  0.6200E+02
     -2.419  0.0000E+00  0.6200E+02
     -2.401  0.0000E+00  0.6200E+02
     -2.383  0.0000E+00  0.6200E+02
     -2.365  0.0000E+00  0.6200E+02
     -2.346  0.0000E+00  0.6200E+02
     -2.328  0.0000E+00  0.6200E+02
     -2.310  0.0000E+00  0.6200E+02
     -2.292  0.0000E+00  0.6200E+02
     -2.274  0.0000E+00  0.6200E+02
     -2.256  0.0000E+00  0.6200E+02
     -2.237  0.0000E+00  0.6200E+02
     -2.219  0.0000E+00  0.6200E+02
     -2.201  0.0000E+00  0.6200E+02
     -2.183  0.0000E+00  0.6200E+02
     -2.165  0.0000E+00  0.6200E+02
     -2.147  0.0000E+00  0.6200E+02
     -2.128  0.0000E+00  0.6200E+02
     -2.110  0.0000E+00  0.6200E+02
     -2.092  0.0000E+00  0.6200E+02
     -2.074  0.0000E+00  0.6200E+02
     -2.056  0.0000E+00  0.6200E+02
     -2.038  0.0000E+00  0.6200E+02
     -2.019  0.0000E+00  0.6200E+02
     -2.001  0.0000E+00  0.6200E+02
     -1.983  0.0000E+00  0.6200E+02
     -1.965  0.0000E+00  0.6200E+02
     -1.947  0.0000E+00  0.6200E+02
     -1.929  0.0000E+00  0.6200E+02
     -1.911  0.0000E+00  0.6200E+02
     -1.892  0.0000E+00  0.6200E+02
     -1.874  0.0000E+00  0.6200E+02
     -1.856  0.0000E+00  0.6200E+02
     -1.838  0.0000E+00  0.6200E+02
     -1.820  0.0000E+00  0.6200E+02
     -1.802  0.0000E+00  0.6200E+02
     -1.783  0.0000E+00  0.6200E+02
     -1.765  0.0000E+00  0.6200E+02
     -1.747  0.0000E+00  0.6200E+02
     -1.729  0.0000E+00  0.6200E+02
     -1.711  0.0000E+00  0.6200E+02
     -1.693  0.0000E+00  0.6200E+02
     -1.674  0.0000E+00  0.6200E+02
     -1.656  0.0000E+00  0.6200E+02
     -1.638  0.0000E+00  0.6200E+02
     -1.620  0.0000E+00  0.6200E+02
     -1.602  0.0000E+00  0.6200E+02
     -1.584  0.0000E+00  0.6200E+02
     -1.565  0.0000E+00  0.6200E+02
     -1.547  0.0000E+00  0.6200E+02
     -1.529  0.0000E+00  0.6200E+02
     -1.511  0.0000E+00  0.6200E+02
     -1.493  0.0000E+00  0.6200E+02
     -1.475  0.0000E+00  0.6200E+02
     -1.456  0.0000E+00  0.6200E+02
     -1.438  0.0000E+00  0.6200E+02
     -1.420  0.0000E+00  0.6200E+02
     -1.402  0.0000E+00  0.6200E+02
     -1.384  0.0000E+00  0.6200E+02
     -1.366  0.0000E+00  0.6200E+02
     -1.348  0.0000E+00  0.6200E+02
     -1.329  0.0000E+00  0.6200E+02
     -1.311  0.0000E+00  0.6200E+02
     -1.293  0.0000E+00  0.6200E+02
     -1.275  0.0000E+00  0.6200E+02
     -1.257  0.0000E+00  0.6200E+02
     -1.239  0.0000E+00  0.6200E+02
     -1.220  0.0000E+00  0.6200E+02
     -1.202  0.0000E+00  0.6200E+02
     -1.184  0.0000E+00  0.6200E+02
     -1.166  0.0000E+00  0.6200E+02
     -1.148  0.0000E+00  0.6200E+02
     -1.130  0.0000E+00  0.6200E+02
     -1.111  0.5180E+01  0.6201E+02
     -1.093  0.3595E+02  0.6249E+02
     -1.075  0.3904E+02  0.6319E+02
     -1.057  0.3111E+02  0.6384E+02
     -1.039  0.4442E+00  0.6401E+02
     -1.021  0.6778E+00  0.6402E+02
     -1.002  0.9606E+00  0.6404E+02
     -0.984  0.1293E+01  0.6406E+02
     -0.966  0.1675E+01  0.6408E+02
     -0.948  0.2151E+01  0.6412E+02
     -0.930  0.2738E+01  0.6416E+02
     -0.912  0.3438E+01  0.6422E+02
     -0.893  0.4250E+01  0.6429E+02
     -0.875  0.5175E+01  0.6437E+02
     -0.857  0.6211E+01  0.6448E+02
     -0.839  0.7360E+01  0.6460E+02
     -0.821  0.8621E+01  0.6474E+02
     -0.803  0.9995E+01  0.6491E+02
     -0.784  0.1148E+02  0.6511E+02
     -0.766  0.1308E+02  0.6533E+02
     -0.748  0.1489E+02  0.6558E+02
     -0.730  0.2209E+02  0.6592E+02
     -0.712  0.2680E+02  0.6637E+02
     -0.694  0.2901E+02  0.6688E+02
     -0.676  0.2897E+02  0.6741E+02
     -0.657  0.2588E+02  0.6792E+02
     -0.639  0.2280E+02  0.6836E+02
     -0.621  0.2122E+02  0.6875E+02
     -0.603  0.2112E+02  0.6913E+02
     -0.585  0.2341E+02  0.6953E+02
     -0.567  0.3483E+02  0.7004E+02
     -0.548  0.4637E+02  0.7079E+02
     -0.530  0.5027E+02  0.7168E+02
     -0.512  0.6904E+02  0.7281E+02
     -0.494  0.6794E+02  0.7406E+02
     -0.476  0.5911E+02  0.7522E+02
     -0.458  0.4808E+02  0.7620E+02
     -0.439  0.1697E+02  0.7679E+02
     -0.421  0.1337E+02  0.7706E+02
     -0.403  0.2654E+02  0.7741E+02
     -0.385  0.2915E+02  0.7793E+02
     -0.367  0.1800E+02  0.7837E+02
     -0.349  0.1537E+02  0.7868E+02
     -0.330  0.1299E+02  0.7893E+02
     -0.312  0.1085E+02  0.7915E+02
     -0.294  0.8964E+01  0.7933E+02
     -0.276  0.7325E+01  0.7948E+02
     -0.258  0.5934E+01  0.7960E+02
     -0.240  0.4791E+01  0.7969E+02
     -0.221  0.7743E+01  0.7977E+02
     -0.203  0.5399E+02  0.8071E+02
     -0.185  0.2601E+02  0.8126E+02
     -0.167  0.3636E+02  0.8182E+02
     -0.149  0.4516E+02  0.8257E+02
     -0.131  0.6014E+02  0.8349E+02
     -0.113  0.6773E+02  0.8468E+02
     -0.094  0.6826E+02  0.8592E+02
     -0.076  0.5954E+02  0.8709E+02
     -0.058  0.4299E+02  0.8801E+02
     -0.040  0.5097E+02  0.8886E+02
     -0.022  0.5219E+02  0.9026E+02
     -0.004  0.5750E+02  0.9126E+02
      0.015  0.5877E+02  0.9232E+02
      0.033  0.5637E+02  0.9337E+02
      0.051  0.5606E+02  0.9439E+02
      0.069  0.5738E+02  0.9541E+02
      0.087  0.5816E+02  0.9647E+02
      0.105  0.5808E+02  0.9752E+02
      0.124  0.5771E+02  0.9858E+02
      0.142  0.5677E+02  0.9962E+02
      0.160  0.5593E+02  0.1006E+03
      0.178  0.5433E+02  0.1016E+03
      0.196  0.5242E+02  0.1026E+03
      0.214  0.4521E+02  0.1035E+03
      0.233  0.4114E+02  0.1043E+03
      0.251  0.2607E+02  0.1049E+03
      0.269  0.2425E+02  0.1054E+03
      0.287  0.2327E+02  0.1058E+03
      0.305  0.2391E+02  0.1062E+03
      0.323  0.2434E+02  0.1067E+03
      0.342  0.2455E+02  0.1071E+03
      0.360  0.2454E+02  0.1076E+03
      0.378  0.2514E+02  0.1080E+03
      0.396  0.2607E+02  0.1085E+03
      0.414  0.2729E+02  0.1090E+03
      0.432  0.2836E+02  0.1095E+03
      0.451  0.2926E+02  0.1100E+03
      0.469  0.3000E+02  0.1105E+03
      0.487  0.3058E+02  0.1111E+03
      0.505  0.3089E+02  0.1116E+03
      0.523  0.3098E+02  0.1122E+03
      0.541  0.3098E+02  0.1128E+03
      0.559  0.3088E+02  0.1133E+03
      0.578  0.3062E+02  0.1139E+03
      0.596  0.2963E+02  0.1144E+03
      0.614  0.2861E+02  0.1150E+03
      0.632  0.2751E+02  0.1155E+03
      0.650  0.2400E+02  0.1159E+03
      0.668  0.2128E+02  0.1163E+03
      0.687  0.1932E+02  0.1167E+03
      0.705  0.1225E+02  0.1170E+03
      0.723  0.8330E+01  0.1172E+03
      0.741  0.7717E+01  0.1173E+03
      0.759  0.1421E+02  0.1175E+03
      0.777  0.2106E+02  0.1179E+03
      0.796  0.2311E+02  0.1183E+03
      0.814  0.2454E+02  0.1187E+03
      0.832  0.2536E+02  0.1192E+03
      0.850  0.2556E+02  0.1196E+03
      0.868  0.2538E+02  0.1201E+03
      0.886  0.2612E+02  0.1205E+03
      0.905  0.3158E+02  0.1211E+03
      0.923  0.3589E+02  0.1217E+03
      0.941  0.3662E+02  0.1223E+03
      0.959  0.3464E+02  0.1230E+03
      0.977  0.3153E+02  0.1236E+03
      0.995  0.2824E+02  0.1241E+03
      1.014  0.2628E+02  0.1246E+03
      1.032  0.2565E+02  0.1251E+03
      1.050  0.2449E+02  0.1256E+03
      1.068  0.2127E+02  0.1260E+03
      1.086  0.1864E+02  0.1263E+03
      1.104  0.1784E+02  0.1267E+03
      1.122  0.1934E+02  0.1270E+03
      1.141  0.2026E+02  0.1274E+03
      1.159  0.2273E+02  0.1277E+03
      1.177  0.2246E+02  0.1282E+03
      1.195  0.2207E+02  0.1286E+03
      1.213  0.2178E+02  0.1290E+03
      1.231  0.2152E+02  0.1294E+03
      1.250  0.2113E+02  0.1297E+03
      1.268  0.2060E+02  0.1301E+03
      1.286  0.1993E+02  0.1305E+03
      1.304  0.1913E+02  0.1308E+03
      1.322  0.1819E+02  0.1312E+03
      1.340  0.1740E+02  0.1315E+03
      1.359  0.1765E+02  0.1318E+03
      1.377  0.1784E+02  0.1321E+03
      1.395  0.1798E+02  0.1325E+03
      1.413  0.1806E+02  0.1328E+03
      1.431  0.1808E+02  0.1331E+03
      1.449  0.1804E+02  0.1335E+03
      1.468  0.1774E+02  0.1338E+03
      1.486  0.1743E+02  0.1341E+03
      1.504  0.1711E+02  0.1344E+03
      1.522  0.1679E+02  0.1347E+03
      1.540  0.1646E+02  0.1350E+03
      1.558  0.1613E+02  0.1353E+03
      1.577  0.1579E+02  0.1356E+03
      1.595  0.1545E+02  0.1359E+03
      1.613  0.1514E+02  0.1362E+03
      1.631  0.1563E+02  0.1364E+03
      1.649  0.1726E+02  0.1367E+03
      1.667  0.2001E+02  0.1371E+03
      1.686  0.2390E+02  0.1375E+03
      1.704  0.2865E+02  0.1380E+03
      1.722  0.3378E+02  0.1385E+03
      1.740  0.4511E+02  0.1392E+03
      1.758  0.5943E+02  0.1402E+03
      1.776  0.5677E+02  0.1412E+03
      1.794  0.4490E+02  0.1421E+03
      1.813  0.5168E+02  0.1431E+03
      1.831  0.1417E+03  0.1447E+03
      1.849  0.2195E+02  0.1466E+03
      1.867  0.3207E+02  0.1471E+03
      1.885  0.4376E+02  0.1478E+03
      1.903  0.4973E+02  0.1486E+03
      1.922  0.4564E+02  0.1495E+03
      1.940  0.4469E+02  0.1503E+03
      1.958  0.4379E+02  0.1511E+03
      1.976  0.2558E+02  0.1517E+03
      1.994  0.2761E+02  0.1522E+03
      2.012  0.3069E+02  0.1527E+03
      2.031  0.3491E+02  0.1533E+03
      2.049  0.3933E+02  0.1540E+03
      2.067  0.4384E+02  0.1547E+03
      2.085  0.4845E+02  0.1556E+03
      2.103  0.5312E+02  0.1565E+03
      2.121  0.5890E+02  0.1575E+03
      2.140  0.6228E+02  0.1586E+03
      2.158  0.6250E+02  0.1598E+03
      2.176  0.6060E+02  0.1609E+03
      2.194  0.5701E+02  0.1620E+03
      2.212  0.5314E+02  0.1630E+03
      2.230  0.5121E+02  0.1639E+03
      2.249  0.5088E+02  0.1648E+03
      2.267  0.5032E+02  0.1657E+03
      2.285  0.5028E+02  0.1667E+03
      2.303  0.4873E+02  0.1676E+03
      2.321  0.4565E+02  0.1684E+03
      2.339  0.4397E+02  0.1692E+03
      2.357  0.4192E+02  0.1700E+03
      2.376  0.3879E+02  0.1707E+03
      2.394  0.3496E+02  0.1714E+03
      2.412  0.3365E+02  0.1720E+03
      2.430  0.4186E+02  0.1727E+03
      2.448  0.4768E+02  0.1735E+03
      2.466  0.5102E+02  0.1744E+03
      2.485  0.5170E+02  0.1754E+03
      2.503  0.4982E+02  0.1763E+03
      2.521  0.5115E+02  0.1772E+03
      2.539  0.5441E+02  0.1782E+03
      2.557  0.5660E+02  0.1792E+03
      2.575  0.5214E+02  0.1802E+03
      2.594  0.4860E+02  0.1811E+03
      2.612  0.4437E+02  0.1819E+03
      2.630  0.6221E+02  0.1828E+03
      2.648  0.5411E+02  0.1839E+03
      2.666  0.4377E+02  0.1854E+03
      2.684  0.1769E+03  0.1868E+03
      2.703  0.1036E+03  0.1895E+03
      2.721  0.1130E+03  0.1910E+03
      2.739  0.6361E+02  0.1925E+03
      2.757  0.6152E+02  0.1936E+03
      2.775  0.6295E+02  0.1947E+03
      2.793  0.6786E+02  0.1959E+03
      2.812  0.7344E+02  0.1972E+03
      2.830  0.7476E+02  0.1986E+03
      2.848  0.7808E+02  0.1999E+03
      2.866  0.8522E+02  0.2014E+03
      2.884  0.9011E+02  0.2030E+03
      2.902  0.8826E+02  0.2047E+03
      2.921  0.7960E+02  0.2062E+03
      2.939  0.7084E+02  0.2075E+03
      2.957  0.6245E+02  0.2088E+03
      2.975  0.5301E+02  0.2098E+03
      2.993  0.4481E+02  0.2107E+03
      3.011  0.3655E+02  0.2114E+03
      3.029  0.3548E+02  0.2121E+03
      3.048  0.4563E+02  0.2128E+03
      3.066  0.6473E+02  0.2138E+03
      3.084  0.7439E+02  0.2151E+03
      3.102  0.7316E+02  0.2164E+03
      3.120  0.6917E+02  0.2177E+03
      3.138  0.6219E+02  0.2189E+03
      3.157  0.5980E+02  0.2200E+03
      3.175  0.5949E+02  0.2211E+03
      3.193  0.5951E+02  0.2221E+03
      3.211  0.5747E+02  0.2232E+03
      3.229  0.1002E+03  0.2246E+03
      3.247  0.1362E+03  0.2268E+03
      3.266  0.1494E+03  0.2294E+03
      3.284  0.7734E+02  0.2312E+03
      3.302  0.7042E+02  0.2341E+03
      3.320  0.6107E+02  0.2353E+03
      3.338  0.5249E+02  0.2363E+03
      3.356  0.4466E+02  0.2372E+03
      3.375  0.3758E+02  0.2379E+03
      3.393  0.3124E+02  0.2385E+03
      3.411  0.2556E+02  0.2391E+03
      3.429  0.2073E+02  0.2395E+03
      3.447  0.1757E+02  0.2398E+03
      3.465  0.1593E+02  0.2401E+03
      3.484  0.1773E+02  0.2404E+03
      3.502  0.1972E+02  0.2408E+03
      3.520  0.2164E+02  0.2411E+03
      3.538  0.2349E+02  0.2415E+03
      3.556  0.2519E+02  0.2420E+03
      3.574  0.2650E+02  0.2425E+03
      3.592  0.2740E+02  0.2430E+03
      3.611  0.2650E+02  0.2434E+03
      3.629  0.3116E+02  0.2439E+03
      3.647  0.3420E+02  0.2445E+03
      3.665  0.3172E+02  0.2452E+03
      3.683  0.3562E+02  0.2457E+03
      3.701  0.4641E+02  0.2465E+03
      3.720  0.3043E+02  0.2472E+03
      3.738  0.1429E+02  0.2476E+03
      3.756  0.9055E+01  0.2478E+03
      3.774  0.5007E+01  0.2479E+03
      3.792  0.2150E+01  0.2480E+03
      3.810  0.4830E+00  0.2480E+03
      3.829  0.0000E+00  0.2480E+03
      3.847  0.0000E+00  0.2480E+03
      3.865  0.0000E+00  0.2480E+03
      3.883  0.0000E+00  0.2480E+03
      3.901  0.0000E+00  0.2480E+03
      3.919  0.0000E+00  0.2480E+03
      3.938  0.0000E+00  0.2480E+03
      3.956  0.0000E+00  0.2480E+03
      3.974  0.0000E+00  0.2480E+03
      3.992  0.0000E+00  0.2480E+03
      4.010  0.0000E+00  0.2480E+03
      4.028  0.0000E+00  0.2480E+03
      4.047  0.0000E+00  0.2480E+03
      4.065  0.0000E+00  0.2480E+03
      4.083  0.0000E+00  0.2480E+03
      4.101  0.0000E+00  0.2480E+03
      4.119  0.0000E+00  0.2480E+03
      4.137  0.0000E+00  0.2480E+03
      4.156  0.0000E+00  0.2480E+03
      4.174  0.0000E+00  0.2480E+03
      4.192  0.0000E+00  0.2480E+03
      4.210  0.0000E+00  0.2480E+03
      4.228  0.0000E+00  0.2480E+03
      4.246  0.0000E+00  0.2480E+03
      4.264  0.0000E+00  0.2480E+03
      4.283  0.0000E+00  0.2480E+03
      4.301  0.0000E+00  0.2480E+03
      4.319  0.0000E+00  0.2480E+03
      4.337  0.0000E+00  0.2480E+03
      4.355  0.0000E+00  0.2480E+03
      4.373  0.0000E+00  0.2480E+03
      4.392  0.0000E+00  0.2480E+03
      4.410  0.0000E+00  0.2480E+03
      4.428  0.0000E+00  0.2480E+03
      4.446  0.0000E+00  0.2480E+03
      4.464  0.0000E+00  0.2480E+03
      4.482  0.0000E+00  0.2480E+03
      4.501  0.0000E+00  0.2480E+03
      4.519  0.0000E+00  0.2480E+03
      4.537  0.0000E+00  0.2480E+03
      4.555  0.0000E+00  0.2480E+03
      4.573  0.0000E+00  0.2480E+03
      4.591  0.0000E+00  0.2480E+03
      4.610  0.0000E+00  0.2480E+03
      4.628  0.0000E+00  0.2480E+03
      4.646  0.0000E+00  0.2480E+03
      4.664  0.0000E+00  0.2480E+03
      4.682  0.0000E+00  0.2480E+03
      4.700  0.0000E+00  0.2480E+03
      4.719  0.0000E+00  0.2480E+03
      4.737  0.0000E+00  0.2480E+03
      4.755  0.0000E+00  0.2480E+03
      4.773  0.0000E+00  0.2480E+03
      4.791  0.0000E+00  0.2480E+03
      4.809  0.0000E+00  0.2480E+03
      4.827  0.0000E+00  0.2480E+03
      4.846  0.0000E+00  0.2480E+03
      4.864  0.0000E+00  0.2480E+03
      4.882  0.0000E+00  0.2480E+03
      4.900  0.0000E+00  0.2480E+03
      4.918  0.0000E+00  0.2480E+03
      4.936  0.0000E+00  0.2480E+03
      4.955  0.0000E+00  0.2480E+03
      4.973  0.0000E+00  0.2480E+03
      4.991  0.0000E+00  0.2480E+03
      5.009  0.0000E+00  0.2480E+03
      5.027  0.0000E+00  0.2480E+03
      5.045  0.0000E+00  0.2480E+03
      5.064  0.0000E+00  0.2480E+03
      5.082  0.0000E+00  0.2480E+03
      5.100  0.0000E+00  0.2480E+03
      5.118  0.0000E+00  0.2480E+03
      5.136  0.0000E+00  0.2480E+03
      5.154  0.0000E+00  0.2480E+03
      5.173  0.0000E+00  0.2480E+03
      5.191  0.0000E+00  0.2480E+03
      5.209  0.0000E+00  0.2480E+03
      5.227  0.0000E+00  0.2480E+03
      5.245  0.0000E+00  0.2480E+03
      5.263  0.0000E+00  0.2480E+03
      5.282  0.0000E+00  0.2480E+03
      5.300  0.0000E+00  0.2480E+03
      5.318  0.0000E+00  0.2480E+03
      5.336  0.0000E+00  0.2480E+03
      5.354  0.0000E+00  0.2480E+03
      5.372  0.0000E+00  0.2480E+03
      5.391  0.0000E+00  0.2480E+03
      5.409  0.0000E+00  0.2480E+03
      5.427  0.0000E+00  0.2480E+03
      5.445  0.0000E+00  0.2480E+03
      5.463  0.0000E+00  0.2480E+03
      5.481  0.0000E+00  0.2480E+03
      5.499  0.0000E+00  0.2480E+03
      5.518  0.0000E+00  0.2480E+03
      5.536  0.0000E+00  0.2480E+03
      5.554  0.0000E+00  0.2480E+03
      5.572  0.0000E+00  0.2480E+03
      5.590  0.0000E+00  0.2480E+03
      5.608  0.0000E+00  0.2480E+03
      5.627  0.0000E+00  0.2480E+03
      5.645  0.0000E+00  0.2480E+03
      5.663  0.0000E+00  0.2480E+03
      5.681  0.0000E+00  0.2480E+03
      5.699  0.0000E+00  0.2480E+03
      5.717  0.0000E+00  0.2480E+03
      5.736  0.0000E+00  0.2480E+03
      5.754  0.0000E+00  0.2480E+03
      5.772  0.0000E+00  0.2480E+03
      5.790  0.0000E+00  0.2480E+03
      5.808  0.0000E+00  0.2480E+03
      5.826  0.0000E+00  0.2480E+03
      5.845  0.0000E+00  0.2480E+03
      5.863  0.0000E+00  0.2480E+03
      5.881  0.0000E+00  0.2480E+03
      5.899  0.0000E+00  0.2480E+03
      5.917  0.0000E+00  0.2480E+03
      5.935  0.0000E+00  0.2480E+03
      5.954  0.0000E+00  0.2480E+03
      5.972  0.0000E+00  0.2480E+03
      5.990  0.0000E+00  0.2480E+03
      6.008  0.0000E+00  0.2480E+03
      6.026  0.0000E+00  0.2480E+03
      6.044  0.0000E+00  0.2480E+03
      6.062  0.5040E-03  0.2480E+03
      6.081  0.6452E-01  0.2480E+03
      6.099  0.2358E+00  0.2480E+03
      6.117  0.5143E+00  0.2480E+03
      6.135  0.9000E+00  0.2480E+03
      6.153  0.1393E+01  0.2480E+03
      6.171  0.1993E+01  0.2481E+03
      6.190  0.2701E+01  0.2481E+03
      6.208  0.3515E+01  0.2482E+03
      6.226  0.4437E+01  0.2482E+03
      6.244  0.5467E+01  0.2483E+03
      6.262  0.6603E+01  0.2484E+03
      6.280  0.7847E+01  0.2486E+03
      6.299  0.1008E+02  0.2487E+03
      6.317  0.1622E+02  0.2490E+03
      6.335  0.3273E+02  0.2495E+03
      6.353  0.1548E+02  0.2499E+03
      6.371  0.0000E+00  0.2500E+03
      6.389  0.0000E+00  0.2500E+03
      6.408  0.0000E+00  0.2500E+03
      6.426  0.0000E+00  0.2500E+03
      6.444  0.0000E+00  0.2500E+03
      6.462  0.0000E+00  0.2500E+03
      6.480  0.0000E+00  0.2500E+03
      6.498  0.0000E+00  0.2500E+03
      6.517  0.0000E+00  0.2500E+03
      6.535  0.0000E+00  0.2500E+03
      6.553  0.0000E+00  0.2500E+03
      6.571  0.0000E+00  0.2500E+03
      6.589  0.0000E+00  0.2500E+03
      6.607  0.0000E+00  0.2500E+03
      6.626  0.0000E+00  0.2500E+03
      6.644  0.0000E+00  0.2500E+03
      6.662  0.0000E+00  0.2500E+03
      6.680  0.0000E+00  0.2500E+03
      6.698  0.0000E+00  0.2500E+03
      6.716  0.0000E+00  0.2500E+03
      6.734  0.0000E+00  0.2500E+03
      6.753  0.0000E+00  0.2500E+03
      6.771  0.0000E+00  0.2500E+03
      6.789  0.0000E+00  0.2500E+03
      6.807  0.0000E+00  0.2500E+03
      6.825  0.0000E+00  0.2500E+03
      6.843  0.0000E+00  0.2500E+03
      6.862  0.0000E+00  0.2500E+03
      6.880  0.0000E+00  0.2500E+03
      6.898  0.0000E+00  0.2500E+03
      6.916  0.0000E+00  0.2500E+03
      6.934  0.0000E+00  0.2500E+03
      6.952  0.0000E+00  0.2500E+03
      6.971  0.0000E+00  0.2500E+03
      6.989  0.0000E+00  0.2500E+03
      7.007  0.0000E+00  0.2500E+03
      7.025  0.0000E+00  0.2500E+03
      7.043  0.0000E+00  0.2500E+03
      7.061  0.0000E+00  0.2500E+03
      7.080  0.0000E+00  0.2500E+03
      7.098  0.0000E+00  0.2500E+03
      7.116  0.0000E+00  0.2500E+03
      7.134  0.0000E+00  0.2500E+03
      7.152  0.0000E+00  0.2500E+03
      7.170  0.0000E+00  0.2500E+03
      7.189  0.0000E+00  0.2500E+03
      7.207  0.0000E+00  0.2500E+03
      7.225  0.0000E+00  0.2500E+03
      7.243  0.0000E+00  0.2500E+03
      7.261  0.0000E+00  0.2500E+03
      7.279  0.0000E+00  0.2500E+03
      7.297  0.0000E+00  0.2500E+03
      7.316  0.0000E+00  0.2500E+03
      7.334  0.0000E+00  0.2500E+03
      7.352  0.0000E+00  0.2500E+03
      7.370  0.0000E+00  0.2500E+03
      7.388  0.0000E+00  0.2500E+03
      7.406  0.0000E+00  0.2500E+03
      7.425  0.0000E+00  0.2500E+03
      7.443  0.0000E+00  0.2500E+03
      7.461  0.0000E+00  0.2500E+03
      7.479  0.0000E+00  0.2500E+03
      7.497  0.0000E+00  0.2500E+03
      7.515  0.0000E+00  0.2500E+03
      7.534  0.0000E+00  0.2500E+03
      7.552  0.0000E+00  0.2500E+03
      7.570  0.0000E+00  0.2500E+03
      7.588  0.0000E+00  0.2500E+03
      7.606  0.0000E+00  0.2500E+03
      7.624  0.0000E+00  0.2500E+03
      7.643  0.0000E+00  0.2500E+03
      7.661  0.0000E+00  0.2500E+03
      7.679  0.0000E+00  0.2500E+03
      7.697  0.0000E+00  0.2500E+03
      7.715  0.0000E+00  0.2500E+03
      7.733  0.0000E+00  0.2500E+03
      7.752  0.0000E+00  0.2500E+03
      7.770  0.0000E+00  0.2500E+03
      7.788  0.0000E+00  0.2500E+03
      7.806  0.0000E+00  0.2500E+03
      7.824  0.0000E+00  0.2500E+03
      7.842  0.0000E+00  0.2500E+03
      7.861  0.0000E+00  0.2500E+03
      7.879  0.0000E+00  0.2500E+03
      7.897  0.0000E+00  0.2500E+03
      7.915  0.0000E+00  0.2500E+03
      7.933  0.0000E+00  0.2500E+03
      7.951  0.0000E+00  0.2500E+03
      7.969  0.0000E+00  0.2500E+03
      7.988  0.0000E+00  0.2500E+03
      8.006  0.0000E+00  0.2500E+03
      8.024  0.0000E+00  0.2500E+03
      8.042  0.0000E+00  0.2500E+03
      8.060  0.0000E+00  0.2500E+03
      8.078  0.0000E+00  0.2500E+03
      8.097  0.0000E+00  0.2500E+03
      8.115  0.0000E+00  0.2500E+03
      8.133  0.0000E+00  0.2500E+03
      8.151  0.0000E+00  0.2500E+03
      8.169  0.0000E+00  0.2500E+03
      8.187  0.0000E+00  0.2500E+03
      8.206  0.0000E+00  0.2500E+03
      8.224  0.0000E+00  0.2500E+03
      8.242  0.0000E+00  0.2500E+03
      8.260  0.0000E+00  0.2500E+03
      8.278  0.0000E+00  0.2500E+03
      8.296  0.0000E+00  0.2500E+03
      8.315  0.0000E+00  0.2500E+03
      8.333  0.0000E+00  0.2500E+03
      8.351  0.0000E+00  0.2500E+03
      8.369  0.0000E+00  0.2500E+03
      8.387  0.0000E+00  0.2500E+03
      8.405  0.0000E+00  0.2500E+03
      8.424  0.0000E+00  0.2500E+03
      8.442  0.0000E+00  0.2500E+03
      8.460  0.0000E+00  0.2500E+03
      8.478  0.0000E+00  0.2500E+03
      8.496  0.0000E+00  0.2500E+03
      8.514  0.0000E+00  0.2500E+03
      8.532  0.0000E+00  0.2500E+03
      8.551  0.0000E+00  0.2500E+03
      8.569  0.0000E+00  0.2500E+03
      8.587  0.0000E+00  0.2500E+03
      8.605  0.0000E+00  0.2500E+03
      8.623  0.0000E+00  0.2500E+03
      8.641  0.0000E+00  0.2500E+03
      8.660  0.0000E+00  0.2500E+03
      8.678  0.0000E+00  0.2500E+03
      8.696  0.0000E+00  0.2500E+03
      8.714  0.0000E+00  0.2500E+03
      8.732  0.0000E+00  0.2500E+03
      8.750  0.0000E+00  0.2500E+03
      8.769  0.0000E+00  0.2500E+03
      8.787  0.0000E+00  0.2500E+03
      8.805  0.0000E+00  0.2500E+03
      8.823  0.0000E+00  0.2500E+03
      8.841  0.0000E+00  0.2500E+03
      8.859  0.0000E+00  0.2500E+03
      8.878  0.0000E+00  0.2500E+03
      8.896  0.0000E+00  0.2500E+03
      8.914  0.0000E+00  0.2500E+03
      8.932  0.0000E+00  0.2500E+03
      8.950  0.0000E+00  0.2500E+03
      8.968  0.0000E+00  0.2500E+03
      8.987  0.0000E+00  0.2500E+03
      9.005  0.0000E+00  0.2500E+03
      9.023  0.0000E+00  0.2500E+03
      9.041  0.0000E+00  0.2500E+03
      9.059  0.0000E+00  0.2500E+03
      9.077  0.0000E+00  0.2500E+03
      9.095  0.0000E+00  0.2500E+03
      9.114  0.0000E+00  0.2500E+03
      9.132  0.0000E+00  0.2500E+03
      9.150  0.0000E+00  0.2500E+03
      9.168  0.0000E+00  0.2500E+03
      9.186  0.0000E+00  0.2500E+03
      9.204  0.0000E+00  0.2500E+03
      9.223  0.0000E+00  0.2500E+03
      9.241  0.0000E+00  0.2500E+03
      9.259  0.0000E+00  0.2500E+03
      9.277  0.0000E+00  0.2500E+03
      9.295  0.0000E+00  0.2500E+03
      9.313  0.0000E+00  0.2500E+03
      9.332  0.0000E+00  0.2500E+03
      9.350  0.0000E+00  0.2500E+03
      9.368  0.0000E+00  0.2500E+03
      9.386  0.0000E+00  0.2500E+03
      9.404  0.0000E+00  0.2500E+03
      9.422  0.0000E+00  0.2500E+03
      9.441  0.0000E+00  0.2500E+03
      9.459  0.0000E+00  0.2500E+03
      9.477  0.0000E+00  0.2500E+03
      9.495  0.0000E+00  0.2500E+03
      9.513  0.0000E+00  0.2500E+03
      9.531  0.0000E+00  0.2500E+03
      9.550  0.0000E+00  0.2500E+03
      9.568  0.0000E+00  0.2500E+03
      9.586  0.0000E+00  0.2500E+03
      9.604  0.0000E+00  0.2500E+03
      9.622  0.0000E+00  0.2500E+03
      9.640  0.0000E+00  0.2500E+03
      9.659  0.0000E+00  0.2500E+03
      9.677  0.0000E+00  0.2500E+03
      9.695  0.0000E+00  0.2500E+03
      9.713  0.0000E+00  0.2500E+03
      9.731  0.0000E+00  0.2500E+03
      9.749  0.0000E+00  0.2500E+03
      9.767  0.0000E+00  0.2500E+03
      9.786  0.0000E+00  0.2500E+03
      9.804  0.0000E+00  0.2500E+03
      9.822  0.0000E+00  0.2500E+03
      9.840  0.0000E+00  0.2500E+03
      9.858  0.0000E+00  0.2500E+03
      9.876  0.0000E+00  0.2500E+03
      9.895  0.0000E+00  0.2500E+03
      9.913  0.0000E+00  0.2500E+03
      9.931  0.0000E+00  0.2500E+03
      9.949  0.0000E+00  0.2500E+03
      9.967  0.0000E+00  0.2500E+03
      9.985  0.0000E+00  0.2500E+03
     10.004  0.0000E+00  0.2500E+03
     10.022  0.0000E+00  0.2500E+03
     10.040  0.0000E+00  0.2500E+03
     10.058  0.0000E+00  0.2500E+03
     10.076  0.0000E+00  0.2500E+03
     10.094  0.0000E+00  0.2500E+03
     10.113  0.0000E+00  0.2500E+03
     10.131  0.2125E+01  0.2500E+03
     10.149  0.4036E+01  0.2501E+03
     10.167  0.5693E+01  0.2502E+03
     10.185  0.7095E+01  0.2503E+03
     10.203  0.8242E+01  0.2504E+03
     10.222  0.9136E+01  0.2506E+03
     10.240  0.9774E+01  0.2508E+03
     10.258  0.1016E+02  0.2509E+03
     10.276  0.1029E+02  0.2511E+03
     10.294  0.1016E+02  0.2513E+03
     10.312  0.1260E+02  0.2515E+03
     10.330  0.1704E+02  0.2518E+03
     10.349  0.2007E+02  0.2521E+03
     10.367  0.2911E+02  0.2525E+03
     10.385  0.4934E+02  0.2532E+03
     10.403  0.5175E+02  0.2542E+03
     10.421  0.4387E+02  0.2551E+03
     10.439  0.2450E+02  0.2557E+03
     10.458  0.5298E+01  0.2560E+03
     10.476  0.0000E+00  0.2560E+03
     10.494  0.0000E+00  0.2560E+03
     10.512  0.0000E+00  0.2560E+03
     10.530  0.0000E+00  0.2560E+03
     10.548  0.0000E+00  0.2560E+03
     10.567  0.0000E+00  0.2560E+03
     10.585  0.0000E+00  0.2560E+03
     10.603  0.0000E+00  0.2560E+03
     10.621  0.0000E+00  0.2560E+03
     10.639  0.0000E+00  0.2560E+03
     10.657  0.0000E+00  0.2560E+03
     10.676  0.0000E+00  0.2560E+03
     10.694  0.0000E+00  0.2560E+03
     10.712  0.0000E+00  0.2560E+03
     10.730  0.0000E+00  0.2560E+03
     10.748  0.0000E+00  0.2560E+03
     10.766  0.0000E+00  0.2560E+03
     10.785  0.0000E+00  0.2560E+03
     10.803  0.0000E+00  0.2560E+03
     10.821  0.0000E+00  0.2560E+03
     10.839  0.0000E+00  0.2560E+03
     10.857  0.0000E+00  0.2560E+03
     10.875  0.0000E+00  0.2560E+03
     10.894  0.0000E+00  0.2560E+03
     10.912  0.0000E+00  0.2560E+03
     10.930  0.0000E+00  0.2560E+03
     10.948  0.0000E+00  0.2560E+03
     10.966  0.1410E-03  0.2560E+03
     10.984  0.9370E-03  0.2560E+03
     11.002  0.2435E-02  0.2560E+03
     11.021  0.4636E-02  0.2560E+03
     11.039  0.7539E-02  0.2560E+03
     11.057  0.1114E-01  0.2560E+03
     11.075  0.1545E-01  0.2560E+03
     11.093  0.2046E-01  0.2560E+03
     11.111  0.2617E-01  0.2560E+03
     11.130  0.3259E-01  0.2560E+03
     11.148  0.3970E-01  0.2560E+03
     11.166  0.4752E-01  0.2560E+03
     11.184  0.5604E-01  0.2560E+03
     11.202  0.6527E-01  0.2560E+03
     11.220  0.7519E-01  0.2560E+03
     11.239  0.8582E-01  0.2560E+03
     11.257  0.9715E-01  0.2560E+03
     11.275  0.1092E+00  0.2560E+03
     11.293  0.1219E+00  0.2560E+03
     11.311  0.1354E+00  0.2560E+03
     11.329  0.1495E+00  0.2560E+03
     11.348  0.1643E+00  0.2560E+03
     11.366  0.1799E+00  0.2560E+03
     11.384  0.1961E+00  0.2560E+03
     11.402  0.2131E+00  0.2560E+03
     11.420  0.2307E+00  0.2560E+03
     11.438  0.2491E+00  0.2560E+03
     11.457  0.2681E+00  0.2560E+03
     11.475  0.2879E+00  0.2560E+03
     11.493  0.3083E+00  0.2561E+03
     11.511  0.3295E+00  0.2561E+03
     11.529  0.3514E+00  0.2561E+03
     11.547  0.3739E+00  0.2561E+03
     11.565  0.3972E+00  0.2561E+03
     11.584  0.4212E+00  0.2561E+03
     11.602  0.4459E+00  0.2561E+03
     11.620  0.4712E+00  0.2561E+03
     11.638  0.4973E+00  0.2561E+03
     11.656  0.5241E+00  0.2561E+03
     11.674  0.5516E+00  0.2561E+03
     11.693  0.5798E+00  0.2561E+03
     11.711  0.6086E+00  0.2562E+03
     11.729  0.6382E+00  0.2562E+03
     11.747  0.6685E+00  0.2562E+03
     11.765  0.6995E+00  0.2562E+03
     11.783  0.7312E+00  0.2562E+03
     11.802  0.7636E+00  0.2562E+03
     11.820  0.7967E+00  0.2562E+03
     11.838  0.8305E+00  0.2562E+03
     11.856  0.8650E+00  0.2563E+03
     11.874  0.9002E+00  0.2563E+03
     11.892  0.9361E+00  0.2563E+03
     11.911  0.9727E+00  0.2563E+03
     11.929  0.1010E+01  0.2563E+03
     11.947  0.1048E+01  0.2563E+03
     11.965  0.1087E+01  0.2564E+03
     11.983  0.1126E+01  0.2564E+03
     12.001  0.1166E+01  0.2564E+03
     12.020  0.1207E+01  0.2564E+03
     12.038  0.1249E+01  0.2565E+03
     12.056  0.1291E+01  0.2565E+03
     12.074  0.1334E+01  0.2565E+03
     12.092  0.1377E+01  0.2565E+03
     12.110  0.1422E+01  0.2565E+03
     12.129  0.1467E+01  0.2566E+03
     12.147  0.1513E+01  0.2566E+03
     12.165  0.1559E+01  0.2566E+03
     12.183  0.1740E+01  0.2567E+03
     12.201  0.2163E+01  0.2567E+03
     12.219  0.2619E+01  0.2567E+03
     12.237  0.3040E+01  0.2568E+03
     12.256  0.3427E+01  0.2568E+03
     12.274  0.3780E+01  0.2569E+03
     12.292  0.4098E+01  0.2570E+03
     12.310  0.4383E+01  0.2571E+03
     12.328  0.4634E+01  0.2571E+03
     12.346  0.4850E+01  0.2572E+03
     12.365  0.5032E+01  0.2573E+03
     12.383  0.5180E+01  0.2574E+03
     12.401  0.5294E+01  0.2575E+03
     12.419  0.5374E+01  0.2576E+03
     12.437  0.5420E+01  0.2577E+03
     12.455  0.5431E+01  0.2578E+03
     12.474  0.5409E+01  0.2579E+03
     12.492  0.5352E+01  0.2580E+03
     12.510  0.5261E+01  0.2581E+03
     12.528  0.5122E+01  0.2582E+03
     12.546  0.4882E+01  0.2583E+03
     12.564  0.4655E+01  0.2584E+03
     12.583  0.4449E+01  0.2584E+03
     12.601  0.4264E+01  0.2585E+03
     12.619  0.4101E+01  0.2586E+03
     12.637  0.3958E+01  0.2587E+03
     12.655  0.3837E+01  0.2587E+03
     12.673  0.3737E+01  0.2588E+03
     12.692  0.3658E+01  0.2589E+03
     12.710  0.3600E+01  0.2589E+03
     12.728  0.3563E+01  0.2590E+03
     12.746  0.3547E+01  0.2591E+03
     12.764  0.3553E+01  0.2591E+03
     12.782  0.3579E+01  0.2592E+03
     12.800  0.3627E+01  0.2593E+03
     12.819  0.3685E+01  0.2593E+03
     12.837  0.3740E+01  0.2594E+03
     12.855  0.3792E+01  0.2595E+03
     12.873  0.3755E+01  0.2595E+03
     12.891  0.3359E+01  0.2596E+03
     12.909  0.2607E+01  0.2597E+03
     12.928  0.1823E+01  0.2597E+03
     12.946  0.1913E+01  0.2597E+03
     12.964  0.2105E+01  0.2598E+03
     12.982  0.2297E+01  0.2598E+03
     13.000  0.2397E+01  0.2599E+03
     13.018  0.2479E+01  0.2599E+03
     13.037  0.2576E+01  0.2599E+03
     13.055  0.2712E+01  0.2600E+03
     13.073  0.2911E+01  0.2600E+03
     13.091  0.3172E+01  0.2601E+03
     13.109  0.3466E+01  0.2602E+03
     13.127  0.3688E+01  0.2602E+03
     13.146  0.3837E+01  0.2603E+03
     13.164  0.3921E+01  0.2604E+03
     13.182  0.3974E+01  0.2604E+03
     13.200  0.4025E+01  0.2605E+03
     13.218  0.4072E+01  0.2606E+03
     13.236  0.4116E+01  0.2607E+03
     13.255  0.4158E+01  0.2607E+03
     13.273  0.4196E+01  0.2608E+03
     13.291  0.4232E+01  0.2609E+03
     13.309  0.4269E+01  0.2610E+03
     13.327  0.4306E+01  0.2610E+03
     13.345  0.4345E+01  0.2611E+03
     13.364  0.4388E+01  0.2612E+03
     13.382  0.4435E+01  0.2613E+03
     13.400  0.4490E+01  0.2614E+03
     13.418  0.4552E+01  0.2614E+03
     13.436  0.4622E+01  0.2615E+03
     13.454  0.4700E+01  0.2616E+03
     13.472  0.4785E+01  0.2617E+03
     13.491  0.4878E+01  0.2618E+03
     13.509  0.4978E+01  0.2619E+03
     13.527  0.5086E+01  0.2620E+03
     13.545  0.5201E+01  0.2621E+03
     13.563  0.5320E+01  0.2622E+03
     13.581  0.5445E+01  0.2622E+03
     13.600  0.5574E+01  0.2623E+03
     13.618  0.5709E+01  0.2625E+03
     13.636  0.5849E+01  0.2626E+03
     13.654  0.5994E+01  0.2627E+03
     13.672  0.6144E+01  0.2628E+03
     13.690  0.6300E+01  0.2629E+03
     13.709  0.6462E+01  0.2630E+03
     13.727  0.6628E+01  0.2631E+03
     13.745  0.6800E+01  0.2632E+03
     13.763  0.6978E+01  0.2634E+03
     13.781  0.7161E+01  0.2635E+03
     13.799  0.7349E+01  0.2636E+03
     13.818  0.7542E+01  0.2638E+03
     13.836  0.7741E+01  0.2639E+03
     13.854  0.7946E+01  0.2640E+03
     13.872  0.8156E+01  0.2642E+03
     13.890  0.8372E+01  0.2643E+03
     13.908  0.8597E+01  0.2645E+03
     13.927  0.8831E+01  0.2647E+03
     13.945  0.9074E+01  0.2648E+03
     13.963  0.9327E+01  0.2650E+03
     13.981  0.9590E+01  0.2652E+03
     13.999  0.9862E+01  0.2653E+03
     14.017  0.1014E+02  0.2655E+03
     14.035  0.1043E+02  0.2657E+03
     14.054  0.1075E+02  0.2659E+03
     14.072  0.1112E+02  0.2661E+03
     14.090  0.1153E+02  0.2663E+03
     14.108  0.1200E+02  0.2665E+03
     14.126  0.1281E+02  0.2667E+03
     14.144  0.1437E+02  0.2670E+03
     14.163  0.1629E+02  0.2673E+03
     14.181  0.1829E+02  0.2676E+03
     14.199  0.2000E+02  0.2679E+03
     14.217  0.2114E+02  0.2683E+03
     14.235  0.2296E+02  0.2687E+03
     14.253  0.2502E+02  0.2691E+03
     14.272  0.2714E+02  0.2696E+03
     14.290  0.2941E+02  0.2701E+03
     14.308  0.3158E+02  0.2707E+03
     14.326  0.3291E+02  0.2713E+03
     14.344  0.2750E+02  0.2718E+03
     14.362  0.1228E+02  0.2722E+03
     14.381  0.1758E+02  0.2724E+03
     14.399  0.3274E+02  0.2729E+03
     14.417  0.2221E+02  0.2735E+03
     14.435  0.1903E+02  0.2738E+03
     14.453  0.2062E+02  0.2742E+03
     14.471  0.2087E+02  0.2745E+03
     14.490  0.1807E+02  0.2749E+03
     14.508  0.1403E+02  0.2752E+03
     14.526  0.1161E+02  0.2754E+03
     14.544  0.1142E+02  0.2756E+03
     14.562  0.1135E+02  0.2758E+03
     14.580  0.1144E+02  0.2760E+03
     14.599  0.1174E+02  0.2763E+03
     14.617  0.1202E+02  0.2765E+03
     14.635  0.1221E+02  0.2767E+03
     14.653  0.1229E+02  0.2769E+03
     14.671  0.1227E+02  0.2771E+03
     14.689  0.1231E+02  0.2774E+03
     14.707  0.1233E+02  0.2776E+03
     14.726  0.1228E+02  0.2778E+03
     14.744  0.1227E+02  0.2780E+03
     14.762  0.1289E+02  0.2783E+03
     14.780  0.1358E+02  0.2785E+03
     14.798  0.1400E+02  0.2788E+03
     14.816  0.1424E+02  0.2790E+03
     14.835  0.1431E+02  0.2793E+03
     14.853  0.1417E+02  0.2795E+03
     14.871  0.1392E+02  0.2798E+03
     14.889  0.1364E+02  0.2800E+03
     14.907  0.1333E+02  0.2803E+03
     14.925  0.1312E+02  0.2805E+03
     14.944  0.1319E+02  0.2808E+03
     14.962  0.1355E+02  0.2810E+03
     14.980  0.1447E+02  0.2813E+03
     14.998  0.1486E+02  0.2815E+03
     15.016  0.1462E+02  0.2818E+03
     15.034  0.1435E+02  0.2821E+03
     15.053  0.1406E+02  0.2823E+03
     15.071  0.1389E+02  0.2826E+03
     15.089  0.1417E+02  0.2828E+03
     15.107  0.1472E+02  0.2831E+03
     15.125  0.1509E+02  0.2833E+03
     15.143  0.1523E+02  0.2836E+03
     15.162  0.1503E+02  0.2839E+03
     15.180  0.1478E+02  0.2842E+03
     15.198  0.1467E+02  0.2844E+03
     15.216  0.1464E+02  0.2847E+03
     15.234  0.1469E+02  0.2850E+03
     15.252  0.1481E+02  0.2852E+03
     15.270  0.1485E+02  0.2855E+03
     15.289  0.1474E+02  0.2858E+03
     15.307  0.1482E+02  0.2860E+03
     15.325  0.1530E+02  0.2863E+03
     15.343  0.1594E+02  0.2866E+03
     15.361  0.1654E+02  0.2869E+03
     15.379  0.1710E+02  0.2872E+03
     15.398  0.1757E+02  0.2875E+03
     15.416  0.1796E+02  0.2878E+03
     15.434  0.1828E+02  0.2882E+03
     15.452  0.1857E+02  0.2885E+03
     15.470  0.1887E+02  0.2888E+03
     15.488  0.1918E+02  0.2892E+03
     15.507  0.1943E+02  0.2895E+03
     15.525  0.1958E+02  0.2899E+03
     15.543  0.1961E+02  0.2902E+03
     15.561  0.1951E+02  0.2906E+03
     15.579  0.1942E+02  0.2910E+03
     15.597  0.1956E+02  0.2913E+03
     15.616  0.1943E+02  0.2917E+03
     15.634  0.1976E+02  0.2920E+03
     15.652  0.2027E+02  0.2924E+03
     15.670  0.2068E+02  0.2928E+03
     15.688  0.2080E+02  0.2931E+03
     15.706  0.2047E+02  0.2935E+03
     15.725  0.1967E+02  0.2939E+03
     15.743  0.1918E+02  0.2942E+03
     15.761  0.1913E+02  0.2946E+03
     15.779  0.2017E+02  0.2949E+03
     15.797  0.2366E+02  0.2953E+03
     15.815  0.2184E+02  0.2957E+03
     15.834  0.1976E+02  0.2961E+03
     15.852  0.1763E+02  0.2965E+03
     15.870  0.1578E+02  0.2968E+03
     15.888  0.1461E+02  0.2970E+03
     15.906  0.1402E+02  0.2973E+03
     15.924  0.1419E+02  0.2975E+03
     15.942  0.1514E+02  0.2978E+03
     15.961  0.1747E+02  0.2981E+03
     15.979  0.2029E+02  0.2984E+03
     15.997  0.2135E+02  0.2988E+03
     16.015  0.2077E+02  0.2992E+03
     16.033  0.1914E+02  0.2996E+03
     16.051  0.1608E+02  0.2999E+03
     16.070  0.1379E+02  0.3002E+03
     16.088  0.1525E+02  0.3004E+03
     16.106  0.2434E+02  0.3008E+03
     16.124  0.2745E+02  0.3013E+03
     16.142  0.2442E+02  0.3017E+03
     16.160  0.1823E+02  0.3021E+03
     16.179  0.1560E+02  0.3024E+03
     16.197  0.1905E+02  0.3027E+03
     16.215  0.2250E+02  0.3031E+03
     16.233  0.2495E+02  0.3035E+03
     16.251  0.2022E+02  0.3040E+03
     16.269  0.6778E+01  0.3042E+03
     16.288  0.4977E+01  0.3043E+03
     16.306  0.6008E+01  0.3044E+03
     16.324  0.7786E+01  0.3045E+03
     16.342  0.1109E+02  0.3047E+03
     16.360  0.1459E+02  0.3049E+03
     16.378  0.1600E+02  0.3052E+03
     16.397  0.1455E+02  0.3055E+03
     16.415  0.1343E+02  0.3057E+03
     16.433  0.1305E+02  0.3060E+03
     16.451  0.9934E+01  0.3062E+03
     16.469  0.8921E+01  0.3064E+03
     16.487  0.1070E+02  0.3065E+03
     16.505  0.1283E+02  0.3068E+03
     16.524  0.1409E+02  0.3070E+03
     16.542  0.1442E+02  0.3073E+03
     16.560  0.1399E+02  0.3075E+03
     16.578  0.1515E+02  0.3078E+03
     16.596  0.1610E+02  0.3081E+03
     16.614  0.1655E+02  0.3084E+03
     16.633  0.1667E+02  0.3087E+03
     16.651  0.1646E+02  0.3090E+03
     16.669  0.1598E+02  0.3093E+03
     16.687  0.1536E+02  0.3095E+03
     16.705  0.1458E+02  0.3098E+03
     16.723  0.1427E+02  0.3101E+03
     16.742  0.1505E+02  0.3103E+03
     16.760  0.1631E+02  0.3106E+03
     16.778  0.1591E+02  0.3109E+03
     16.796  0.1516E+02  0.3112E+03
     16.814  0.1442E+02  0.3115E+03
     16.832  0.1376E+02  0.3117E+03
     16.851  0.1320E+02  0.3120E+03
     16.869  0.1275E+02  0.3122E+03
     16.887  0.1251E+02  0.3124E+03
     16.905  0.1251E+02  0.3127E+03
     16.923  0.1272E+02  0.3129E+03
     16.941  0.1294E+02  0.3131E+03
     16.960  0.1318E+02  0.3134E+03
     16.978  0.1327E+02  0.3136E+03
     16.996  0.1297E+02  0.3138E+03
     17.014  0.1238E+02  0.3141E+03
     17.032  0.1249E+02  0.3143E+03
     17.050  0.1271E+02  0.3145E+03
     17.069  0.1293E+02  0.3148E+03
     17.087  0.1271E+02  0.3150E+03
     17.105  0.1202E+02  0.3152E+03
     17.123  0.1155E+02  0.3154E+03
     17.141  0.1131E+02  0.3156E+03
     17.159  0.1129E+02  0.3158E+03
     17.177  0.1138E+02  0.3161E+03
     17.196  0.1132E+02  0.3163E+03
     17.214  0.1086E+02  0.3165E+03
     17.232  0.1032E+02  0.3167E+03
     17.250  0.9787E+01  0.3168E+03
     17.268  0.9288E+01  0.3170E+03
     17.286  0.8904E+01  0.3172E+03
     17.305  0.8505E+01  0.3173E+03
     17.323  0.8161E+01  0.3175E+03
     17.341  0.7874E+01  0.3176E+03
     17.359  0.7657E+01  0.3178E+03
     17.377  0.7656E+01  0.3179E+03
     17.395  0.7873E+01  0.3180E+03
     17.414  0.8310E+01  0.3182E+03
     17.432  0.9030E+01  0.3184E+03
     17.450  0.1028E+02  0.3185E+03
     17.468  0.1286E+02  0.3187E+03
     17.486  0.1278E+02  0.3190E+03
     17.504  0.1118E+02  0.3192E+03
     17.523  0.9969E+01  0.3194E+03
     17.541  0.9047E+01  0.3196E+03
     17.559  0.8356E+01  0.3197E+03
     17.577  0.7897E+01  0.3199E+03
     17.595  0.7620E+01  0.3200E+03
     17.613  0.7415E+01  0.3201E+03
     17.632  0.7278E+01  0.3203E+03
     17.650  0.7209E+01  0.3204E+03
     17.668  0.7207E+01  0.3205E+03
     17.686  0.7274E+01  0.3207E+03
     17.704  0.7682E+01  0.3208E+03
     17.722  0.8164E+01  0.3209E+03
     17.740  0.8412E+01  0.3211E+03
     17.759  0.8425E+01  0.3212E+03
     17.777  0.8202E+01  0.3214E+03
     17.795  0.7704E+01  0.3215E+03
     17.813  0.6844E+01  0.3217E+03
     17.831  0.5551E+01  0.3218E+03
     17.849  0.3986E+01  0.3219E+03
     17.868  0.2585E+01  0.3219E+03
     17.886  0.1486E+01  0.3220E+03
     17.904  0.6896E+00  0.3220E+03
     17.922  0.1951E+00  0.3220E+03
     17.940  0.2810E-02  0.3220E+03
     17.958  0.0000E+00  0.3220E+03
     17.977  0.0000E+00  0.3220E+03
     17.995  0.0000E+00  0.3220E+03
     18.013  0.0000E+00  0.3220E+03
     18.031  0.0000E+00  0.3220E+03
     18.049  0.0000E+00  0.3220E+03
     18.067  0.0000E+00  0.3220E+03
     18.086  0.0000E+00  0.3220E+03
     18.104  0.0000E+00  0.3220E+03
     18.122  0.0000E+00  0.3220E+03
     18.140  0.0000E+00  0.3220E+03
     18.158  0.0000E+00  0.3220E+03
     18.176  0.0000E+00  0.3220E+03
     18.195  0.0000E+00  0.3220E+03
     18.213  0.0000E+00  0.3220E+03
     18.231  0.0000E+00  0.3220E+03
     18.249  0.0000E+00  0.3220E+03
     18.267  0.0000E+00  0.3220E+03
     18.285  0.0000E+00  0.3220E+03
     18.304  0.0000E+00  0.3220E+03
     18.322  0.0000E+00  0.3220E+03
     18.340  0.0000E+00  0.3220E+03
     18.358  0.0000E+00  0.3220E+03
     18.376  0.0000E+00  0.3220E+03
     18.394  0.0000E+00  0.3220E+03
     18.412  0.0000E+00  0.3220E+03
     18.431  0.0000E+00  0.3220E+03
     18.449  0.0000E+00  0.3220E+03
     18.467  0.0000E+00  0.3220E+03
     18.485  0.0000E+00  0.3220E+03
     18.503  0.0000E+00  0.3220E+03
     18.521  0.0000E+00  0.3220E+03
     18.540  0.0000E+00  0.3220E+03
     18.558  0.0000E+00  0.3220E+03
     18.576  0.0000E+00  0.3220E+03
     18.594  0.0000E+00  0.3220E+03
     18.612  0.0000E+00  0.3220E+03
     18.630  0.0000E+00  0.3220E+03
     18.649  0.0000E+00  0.3220E+03
     18.667  0.0000E+00  0.3220E+03
     18.685  0.0000E+00  0.3220E+03
     18.703  0.0000E+00  0.3220E+03
     18.721  0.0000E+00  0.3220E+03
     18.739  0.0000E+00  0.3220E+03
     18.758  0.0000E+00  0.3220E+03
     18.776  0.0000E+00  0.3220E+03
     18.794  0.0000E+00  0.3220E+03
     18.812  0.0000E+00  0.3220E+03
     18.830  0.0000E+00  0.3220E+03
     18.848  0.0000E+00  0.3220E+03
     18.867  0.0000E+00  0.3220E+03
     18.885  0.0000E+00  0.3220E+03
     18.903  0.0000E+00  0.3220E+03
     18.921  0.0000E+00  0.3220E+03
     18.939  0.0000E+00  0.3220E+03
     18.957  0.0000E+00  0.3220E+03
     18.975  0.0000E+00  0.3220E+03
     18.994  0.0000E+00  0.3220E+03
     19.012  0.0000E+00  0.3220E+03
     19.030  0.0000E+00  0.3220E+03
     19.048  0.0000E+00  0.3220E+03
     19.066  0.0000E+00  0.3220E+03
     19.084  0.0000E+00  0.3220E+03
     19.103  0.0000E+00  0.3220E+03
     19.121  0.0000E+00  0.3220E+03
     19.139  0.0000E+00  0.3220E+03
     19.157  0.0000E+00  0.3220E+03
     19.175  0.0000E+00  0.3220E+03
     19.193  0.0000E+00  0.3220E+03
     19.212  0.0000E+00  0.3220E+03
     19.230  0.0000E+00  0.3220E+03
     19.248  0.0000E+00  0.3220E+03
     19.266  0.0000E+00  0.3220E+03
     19.284  0.0000E+00  0.3220E+03
     19.302  0.0000E+00  0.3220E+03
     19.321  0.0000E+00  0.3220E+03
     19.339  0.0000E+00  0.3220E+03
     19.357  0.0000E+00  0.3220E+03
     19.375  0.0000E+00  0.3220E+03
     19.393  0.0000E+00  0.3220E+03
     19.411  0.0000E+00  0.3220E+03
     19.430  0.0000E+00  0.3220E+03
     19.448  0.0000E+00  0.3220E+03
     19.466  0.0000E+00  0.3220E+03
     19.484  0.0000E+00  0.3220E+03
     19.502  0.0000E+00  0.3220E+03
     19.520  0.0000E+00  0.3220E+03
     19.538  0.0000E+00  0.3220E+03
     19.557  0.0000E+00  0.3220E+03
     19.575  0.0000E+00  0.3220E+03
     19.593  0.0000E+00  0.3220E+03


