 Energy DOS Integrated_DOS
    -16.731  0.0000E+00  0.0000E+00
    -16.713  0.0000E+00  0.0000E+00
    -16.695  0.0000E+00  0.0000E+00
    -16.677  0.0000E+00  0.0000E+00
    -16.659  0.0000E+00  0.0000E+00
    -16.641  0.0000E+00  0.0000E+00
    -16.622  0.0000E+00  0.0000E+00
    -16.604  0.0000E+00  0.0000E+00
    -16.586  0.0000E+00  0.0000E+00
    -16.568  0.0000E+00  0.0000E+00
    -16.550  0.0000E+00  0.0000E+00
    -16.532  0.0000E+00  0.0000E+00
    -16.514  0.0000E+00  0.0000E+00
    -16.495  0.0000E+00  0.0000E+00
    -16.477  0.0000E+00  0.0000E+00
    -16.459  0.0000E+00  0.0000E+00
    -16.441  0.0000E+00  0.0000E+00
    -16.423  0.0000E+00  0.0000E+00
    -16.405  0.0000E+00  0.0000E+00
    -16.387  0.0000E+00  0.0000E+00
    -16.368  0.0000E+00  0.0000E+00
    -16.350  0.0000E+00  0.0000E+00
    -16.332  0.0000E+00  0.0000E+00
    -16.314  0.0000E+00  0.0000E+00
    -16.296  0.0000E+00  0.0000E+00
    -16.278  0.0000E+00  0.0000E+00
    -16.260  0.0000E+00  0.0000E+00
    -16.241  0.0000E+00  0.0000E+00
    -16.223  0.0000E+00  0.0000E+00
    -16.205  0.0000E+00  0.0000E+00
    -16.187  0.0000E+00  0.0000E+00
    -16.169  0.0000E+00  0.0000E+00
    -16.151  0.0000E+00  0.0000E+00
    -16.133  0.0000E+00  0.0000E+00
    -16.114  0.0000E+00  0.0000E+00
    -16.096  0.0000E+00  0.0000E+00
    -16.078  0.0000E+00  0.0000E+00
    -16.060  0.0000E+00  0.0000E+00
    -16.042  0.0000E+00  0.0000E+00
    -16.024  0.0000E+00  0.0000E+00
    -16.006  0.0000E+00  0.0000E+00
    -15.987  0.0000E+00  0.0000E+00
    -15.969  0.0000E+00  0.0000E+00
    -15.951  0.0000E+00  0.0000E+00
    -15.933  0.0000E+00  0.0000E+00
    -15.915  0.0000E+00  0.0000E+00
    -15.897  0.0000E+00  0.0000E+00
    -15.879  0.0000E+00  0.0000E+00
    -15.860  0.0000E+00  0.0000E+00
    -15.842  0.0000E+00  0.0000E+00
    -15.824  0.0000E+00  0.0000E+00
    -15.806  0.0000E+00  0.0000E+00
    -15.788  0.0000E+00  0.0000E+00
    -15.770  0.0000E+00  0.0000E+00
    -15.752  0.0000E+00  0.0000E+00
    -15.733  0.0000E+00  0.0000E+00
    -15.715  0.0000E+00  0.0000E+00
    -15.697  0.0000E+00  0.0000E+00
    -15.679  0.0000E+00  0.0000E+00
    -15.661  0.0000E+00  0.0000E+00
    -15.643  0.0000E+00  0.0000E+00
    -15.625  0.0000E+00  0.0000E+00
    -15.607  0.0000E+00  0.0000E+00
    -15.588  0.0000E+00  0.0000E+00
    -15.570  0.0000E+00  0.0000E+00
    -15.552  0.0000E+00  0.0000E+00
    -15.534  0.0000E+00  0.0000E+00
    -15.516  0.0000E+00  0.0000E+00
    -15.498  0.0000E+00  0.0000E+00
    -15.480  0.0000E+00  0.0000E+00
    -15.461  0.0000E+00  0.0000E+00
    -15.443  0.0000E+00  0.0000E+00
    -15.425  0.0000E+00  0.0000E+00
    -15.407  0.0000E+00  0.0000E+00
    -15.389  0.0000E+00  0.0000E+00
    -15.371  0.0000E+00  0.0000E+00
    -15.353  0.0000E+00  0.0000E+00
    -15.334  0.0000E+00  0.0000E+00
    -15.316  0.0000E+00  0.0000E+00
    -15.298  0.0000E+00  0.0000E+00
    -15.280  0.0000E+00  0.0000E+00
    -15.262  0.0000E+00  0.0000E+00
    -15.244  0.0000E+00  0.0000E+00
    -15.226  0.0000E+00  0.0000E+00
    -15.207  0.0000E+00  0.0000E+00
    -15.189  0.0000E+00  0.0000E+00
    -15.171  0.0000E+00  0.0000E+00
    -15.153  0.0000E+00  0.0000E+00
    -15.135  0.0000E+00  0.0000E+00
    -15.117  0.0000E+00  0.0000E+00
    -15.099  0.0000E+00  0.0000E+00
    -15.080  0.2468E-02  0.2035E-05
    -15.062  0.1714E+00  0.1178E-02
    -15.044  0.6057E+00  0.7825E-02
    -15.026  0.1306E+01  0.2476E-01
    -15.008  0.2271E+01  0.5680E-01
    -14.990  0.3501E+01  0.1088E+00
    -14.972  0.4998E+01  0.1854E+00
    -14.953  0.6759E+01  0.2917E+00
    -14.935  0.8460E+01  0.4305E+00
    -14.917  0.9704E+01  0.5959E+00
    -14.899  0.1052E+02  0.7800E+00
    -14.881  0.1091E+02  0.9750E+00
    -14.863  0.1087E+02  0.1173E+01
    -14.845  0.1040E+02  0.1367E+01
    -14.826  0.9506E+01  0.1548E+01
    -14.808  0.8183E+01  0.1709E+01
    -14.790  0.1971E+02  0.1951E+01
    -14.772  0.2672E+02  0.2383E+01
    -14.754  0.2625E+02  0.2875E+01
    -14.736  0.2091E+02  0.3300E+01
    -14.718  0.1784E+02  0.3649E+01
    -14.699  0.1677E+02  0.3960E+01
    -14.681  0.1604E+02  0.4258E+01
    -14.663  0.1524E+02  0.4542E+01
    -14.645  0.1435E+02  0.4810E+01
    -14.627  0.1337E+02  0.5062E+01
    -14.609  0.1230E+02  0.5295E+01
    -14.591  0.1115E+02  0.5508E+01
    -14.572  0.9915E+01  0.5699E+01
    -14.554  0.8591E+01  0.5867E+01
    -14.536  0.3295E+01  0.5992E+01
    -14.518  0.5911E-01  0.6000E+01
    -14.500  0.2521E+00  0.6003E+01
    -14.482  0.5791E+00  0.6010E+01
    -14.464  0.1040E+01  0.6025E+01
    -14.446  0.1636E+01  0.6049E+01
    -14.427  0.2365E+01  0.6085E+01
    -14.409  0.3228E+01  0.6135E+01
    -14.391  0.4226E+01  0.6203E+01
    -14.373  0.5358E+01  0.6290E+01
    -14.355  0.6624E+01  0.6398E+01
    -14.337  0.8023E+01  0.6531E+01
    -14.319  0.1086E+02  0.6695E+01
    -14.300  0.1483E+02  0.6929E+01
    -14.282  0.1816E+02  0.7230E+01
    -14.264  0.5560E+02  0.7689E+01
    -14.246  0.9576E+02  0.9289E+01
    -14.228  0.3986E+02  0.1052E+02
    -14.210  0.5068E+02  0.1132E+02
    -14.192  0.2359E+02  0.1207E+02
    -14.173  0.1352E+02  0.1231E+02
    -14.155  0.3441E+02  0.1267E+02
    -14.137  0.4584E+02  0.1354E+02
    -14.119  0.3492E-05  0.1400E+02
    -14.101  0.5754E+01  0.1405E+02
    -14.083  0.1089E+02  0.1420E+02
    -14.065  0.1536E+02  0.1444E+02
    -14.046  0.1916E+02  0.1476E+02
    -14.028  0.2230E+02  0.1514E+02
    -14.010  0.2478E+02  0.1556E+02
    -13.992  0.1218E+02  0.1593E+02
    -13.974  0.1983E+02  0.1614E+02
    -13.956  0.8078E+02  0.1710E+02
    -13.938  0.1362E+03  0.1923E+02
    -13.919  0.3544E+02  0.2068E+02
    -13.901  0.2934E+02  0.2123E+02
    -13.883  0.2139E+02  0.2171E+02
    -13.865  0.1371E+03  0.2252E+02
    -13.847  0.1784E+02  0.2319E+02
    -13.829  0.3368E+02  0.2354E+02
    -13.811  0.3330E+02  0.2415E+02
    -13.792  0.2974E+02  0.2472E+02
    -13.774  0.2300E+02  0.2521E+02
    -13.756  0.1513E+02  0.2555E+02
    -13.738  0.9630E+01  0.2577E+02
    -13.720  0.5368E+01  0.2590E+02
    -13.702  0.2343E+01  0.2597E+02
    -13.684  0.5551E+00  0.2600E+02
    -13.665  0.0000E+00  0.2600E+02
    -13.647  0.7421E+02  0.2650E+02
    -13.629  0.9105E+02  0.2800E+02
    -13.611  0.7806E+02  0.3038E+02
    -13.593  0.2250E+02  0.3201E+02
    -13.575  0.4905E+02  0.3367E+02
    -13.557  0.1214E+03  0.3459E+02
    -13.538  0.1906E+03  0.3797E+02
    -13.520  0.1247E+02  0.3924E+02
    -13.502  0.1013E+02  0.3944E+02
    -13.484  0.1908E+02  0.3969E+02
    -13.466  0.1942E+02  0.4004E+02
    -13.448  0.2027E+02  0.4040E+02
    -13.430  0.2161E+02  0.4077E+02
    -13.411  0.2345E+02  0.4118E+02
    -13.393  0.2578E+02  0.4163E+02
    -13.375  0.2862E+02  0.4212E+02
    -13.357  0.5164E+02  0.4270E+02
    -13.339  0.1107E+03  0.4452E+02
    -13.321  0.1494E+03  0.4678E+02
    -13.303  0.1012E+03  0.4993E+02
    -13.285  0.0000E+00  0.5000E+02
    -13.266  0.0000E+00  0.5000E+02
    -13.248  0.0000E+00  0.5000E+02
    -13.230  0.7167E+02  0.5053E+02
    -13.212  0.2581E+02  0.5141E+02
    -13.194  0.9700E+02  0.5238E+02
    -13.176  0.2715E+03  0.5523E+02
    -13.158  0.1178E+03  0.5808E+02
    -13.139  0.6459E+02  0.5967E+02
    -13.121  0.4811E+02  0.6072E+02
    -13.103  0.0000E+00  0.6200E+02
    -13.085  0.0000E+00  0.6200E+02
    -13.067  0.0000E+00  0.6200E+02
    -13.049  0.0000E+00  0.6200E+02
    -13.031  0.0000E+00  0.6200E+02
    -13.012  0.0000E+00  0.6200E+02
    -12.994  0.0000E+00  0.6200E+02
    -12.976  0.0000E+00  0.6200E+02
    -12.958  0.0000E+00  0.6200E+02
    -12.940  0.0000E+00  0.6200E+02
    -12.922  0.0000E+00  0.6200E+02
    -12.904  0.0000E+00  0.6200E+02
    -12.885  0.0000E+00  0.6200E+02
    -12.867  0.0000E+00  0.6200E+02
    -12.849  0.0000E+00  0.6200E+02
    -12.831  0.0000E+00  0.6200E+02
    -12.813  0.0000E+00  0.6200E+02
    -12.795  0.0000E+00  0.6200E+02
    -12.777  0.0000E+00  0.6200E+02
    -12.758  0.0000E+00  0.6200E+02
    -12.740  0.0000E+00  0.6200E+02
    -12.722  0.0000E+00  0.6200E+02
    -12.704  0.0000E+00  0.6200E+02
    -12.686  0.0000E+00  0.6200E+02
    -12.668  0.0000E+00  0.6200E+02
    -12.650  0.0000E+00  0.6200E+02
    -12.631  0.0000E+00  0.6200E+02
    -12.613  0.0000E+00  0.6200E+02
    -12.595  0.0000E+00  0.6200E+02
    -12.577  0.0000E+00  0.6200E+02
    -12.559  0.0000E+00  0.6200E+02
    -12.541  0.0000E+00  0.6200E+02
    -12.523  0.0000E+00  0.6200E+02
    -12.504  0.0000E+00  0.6200E+02
    -12.486  0.0000E+00  0.6200E+02
    -12.468  0.0000E+00  0.6200E+02
    -12.450  0.0000E+00  0.6200E+02
    -12.432  0.0000E+00  0.6200E+02
    -12.414  0.0000E+00  0.6200E+02
    -12.396  0.0000E+00  0.6200E+02
    -12.377  0.0000E+00  0.6200E+02
    -12.359  0.0000E+00  0.6200E+02
    -12.341  0.0000E+00  0.6200E+02
    -12.323  0.0000E+00  0.6200E+02
    -12.305  0.0000E+00  0.6200E+02
    -12.287  0.0000E+00  0.6200E+02
    -12.269  0.0000E+00  0.6200E+02
    -12.250  0.0000E+00  0.6200E+02
    -12.232  0.0000E+00  0.6200E+02
    -12.214  0.0000E+00  0.6200E+02
    -12.196  0.0000E+00  0.6200E+02
    -12.178  0.0000E+00  0.6200E+02
    -12.160  0.0000E+00  0.6200E+02
    -12.142  0.0000E+00  0.6200E+02
    -12.124  0.0000E+00  0.6200E+02
    -12.105  0.0000E+00  0.6200E+02
    -12.087  0.0000E+00  0.6200E+02
    -12.069  0.0000E+00  0.6200E+02
    -12.051  0.0000E+00  0.6200E+02
    -12.033  0.0000E+00  0.6200E+02
    -12.015  0.0000E+00  0.6200E+02
    -11.997  0.0000E+00  0.6200E+02
    -11.978  0.0000E+00  0.6200E+02
    -11.960  0.0000E+00  0.6200E+02
    -11.942  0.0000E+00  0.6200E+02
    -11.924  0.0000E+00  0.6200E+02
    -11.906  0.0000E+00  0.6200E+02
    -11.888  0.0000E+00  0.6200E+02
    -11.870  0.0000E+00  0.6200E+02
    -11.851  0.0000E+00  0.6200E+02
    -11.833  0.0000E+00  0.6200E+02
    -11.815  0.0000E+00  0.6200E+02
    -11.797  0.0000E+00  0.6200E+02
    -11.779  0.0000E+00  0.6200E+02
    -11.761  0.0000E+00  0.6200E+02
    -11.743  0.0000E+00  0.6200E+02
    -11.724  0.0000E+00  0.6200E+02
    -11.706  0.0000E+00  0.6200E+02
    -11.688  0.0000E+00  0.6200E+02
    -11.670  0.0000E+00  0.6200E+02
    -11.652  0.0000E+00  0.6200E+02
    -11.634  0.0000E+00  0.6200E+02
    -11.616  0.0000E+00  0.6200E+02
    -11.597  0.0000E+00  0.6200E+02
    -11.579  0.0000E+00  0.6200E+02
    -11.561  0.0000E+00  0.6200E+02
    -11.543  0.0000E+00  0.6200E+02
    -11.525  0.0000E+00  0.6200E+02
    -11.507  0.0000E+00  0.6200E+02
    -11.489  0.0000E+00  0.6200E+02
    -11.470  0.0000E+00  0.6200E+02
    -11.452  0.0000E+00  0.6200E+02
    -11.434  0.0000E+00  0.6200E+02
    -11.416  0.0000E+00  0.6200E+02
    -11.398  0.0000E+00  0.6200E+02
    -11.380  0.0000E+00  0.6200E+02
    -11.362  0.0000E+00  0.6200E+02
    -11.343  0.0000E+00  0.6200E+02
    -11.325  0.0000E+00  0.6200E+02
    -11.307  0.0000E+00  0.6200E+02
    -11.289  0.0000E+00  0.6200E+02
    -11.271  0.0000E+00  0.6200E+02
    -11.253  0.0000E+00  0.6200E+02
    -11.235  0.0000E+00  0.6200E+02
    -11.216  0.0000E+00  0.6200E+02
    -11.198  0.0000E+00  0.6200E+02
    -11.180  0.0000E+00  0.6200E+02
    -11.162  0.0000E+00  0.6200E+02
    -11.144  0.0000E+00  0.6200E+02
    -11.126  0.0000E+00  0.6200E+02
    -11.108  0.0000E+00  0.6200E+02
    -11.089  0.0000E+00  0.6200E+02
    -11.071  0.0000E+00  0.6200E+02
    -11.053  0.0000E+00  0.6200E+02
    -11.035  0.0000E+00  0.6200E+02
    -11.017  0.0000E+00  0.6200E+02
    -10.999  0.0000E+00  0.6200E+02
    -10.981  0.0000E+00  0.6200E+02
    -10.963  0.0000E+00  0.6200E+02
    -10.944  0.0000E+00  0.6200E+02
    -10.926  0.0000E+00  0.6200E+02
    -10.908  0.0000E+00  0.6200E+02
    -10.890  0.0000E+00  0.6200E+02
    -10.872  0.0000E+00  0.6200E+02
    -10.854  0.0000E+00  0.6200E+02
    -10.836  0.0000E+00  0.6200E+02
    -10.817  0.0000E+00  0.6200E+02
    -10.799  0.0000E+00  0.6200E+02
    -10.781  0.0000E+00  0.6200E+02
    -10.763  0.0000E+00  0.6200E+02
    -10.745  0.0000E+00  0.6200E+02
    -10.727  0.0000E+00  0.6200E+02
    -10.709  0.0000E+00  0.6200E+02
    -10.690  0.0000E+00  0.6200E+02
    -10.672  0.0000E+00  0.6200E+02
    -10.654  0.0000E+00  0.6200E+02
    -10.636  0.0000E+00  0.6200E+02
    -10.618  0.0000E+00  0.6200E+02
    -10.600  0.0000E+00  0.6200E+02
    -10.582  0.0000E+00  0.6200E+02
    -10.563  0.0000E+00  0.6200E+02
    -10.545  0.0000E+00  0.6200E+02
    -10.527  0.0000E+00  0.6200E+02
    -10.509  0.0000E+00  0.6200E+02
    -10.491  0.0000E+00  0.6200E+02
    -10.473  0.0000E+00  0.6200E+02
    -10.455  0.0000E+00  0.6200E+02
    -10.436  0.0000E+00  0.6200E+02
    -10.418  0.0000E+00  0.6200E+02
    -10.400  0.0000E+00  0.6200E+02
    -10.382  0.0000E+00  0.6200E+02
    -10.364  0.0000E+00  0.6200E+02
    -10.346  0.0000E+00  0.6200E+02
    -10.328  0.0000E+00  0.6200E+02
    -10.309  0.0000E+00  0.6200E+02
    -10.291  0.0000E+00  0.6200E+02
    -10.273  0.0000E+00  0.6200E+02
    -10.255  0.0000E+00  0.6200E+02
    -10.237  0.0000E+00  0.6200E+02
    -10.219  0.0000E+00  0.6200E+02
    -10.201  0.0000E+00  0.6200E+02
    -10.182  0.0000E+00  0.6200E+02
    -10.164  0.0000E+00  0.6200E+02
    -10.146  0.0000E+00  0.6200E+02
    -10.128  0.0000E+00  0.6200E+02
    -10.110  0.0000E+00  0.6200E+02
    -10.092  0.0000E+00  0.6200E+02
    -10.074  0.0000E+00  0.6200E+02
    -10.055  0.0000E+00  0.6200E+02
    -10.037  0.0000E+00  0.6200E+02
    -10.019  0.0000E+00  0.6200E+02
    -10.001  0.0000E+00  0.6200E+02
     -9.983  0.0000E+00  0.6200E+02
     -9.965  0.0000E+00  0.6200E+02
     -9.947  0.0000E+00  0.6200E+02
     -9.928  0.0000E+00  0.6200E+02
     -9.910  0.0000E+00  0.6200E+02
     -9.892  0.0000E+00  0.6200E+02
     -9.874  0.0000E+00  0.6200E+02
     -9.856  0.0000E+00  0.6200E+02
     -9.838  0.0000E+00  0.6200E+02
     -9.820  0.0000E+00  0.6200E+02
     -9.802  0.0000E+00  0.6200E+02
     -9.783  0.0000E+00  0.6200E+02
     -9.765  0.0000E+00  0.6200E+02
     -9.747  0.0000E+00  0.6200E+02
     -9.729  0.0000E+00  0.6200E+02
     -9.711  0.0000E+00  0.6200E+02
     -9.693  0.0000E+00  0.6200E+02
     -9.675  0.0000E+00  0.6200E+02
     -9.656  0.0000E+00  0.6200E+02
     -9.638  0.0000E+00  0.6200E+02
     -9.620  0.0000E+00  0.6200E+02
     -9.602  0.0000E+00  0.6200E+02
     -9.584  0.0000E+00  0.6200E+02
     -9.566  0.0000E+00  0.6200E+02
     -9.548  0.0000E+00  0.6200E+02
     -9.529  0.0000E+00  0.6200E+02
     -9.511  0.0000E+00  0.6200E+02
     -9.493  0.0000E+00  0.6200E+02
     -9.475  0.0000E+00  0.6200E+02
     -9.457  0.0000E+00  0.6200E+02
     -9.439  0.0000E+00  0.6200E+02
     -9.421  0.0000E+00  0.6200E+02
     -9.402  0.0000E+00  0.6200E+02
     -9.384  0.0000E+00  0.6200E+02
     -9.366  0.0000E+00  0.6200E+02
     -9.348  0.0000E+00  0.6200E+02
     -9.330  0.0000E+00  0.6200E+02
     -9.312  0.0000E+00  0.6200E+02
     -9.294  0.0000E+00  0.6200E+02
     -9.275  0.0000E+00  0.6200E+02
     -9.257  0.0000E+00  0.6200E+02
     -9.239  0.0000E+00  0.6200E+02
     -9.221  0.0000E+00  0.6200E+02
     -9.203  0.0000E+00  0.6200E+02
     -9.185  0.0000E+00  0.6200E+02
     -9.167  0.0000E+00  0.6200E+02
     -9.148  0.0000E+00  0.6200E+02
     -9.130  0.0000E+00  0.6200E+02
     -9.112  0.0000E+00  0.6200E+02
     -9.094  0.0000E+00  0.6200E+02
     -9.076  0.0000E+00  0.6200E+02
     -9.058  0.0000E+00  0.6200E+02
     -9.040  0.0000E+00  0.6200E+02
     -9.021  0.0000E+00  0.6200E+02
     -9.003  0.0000E+00  0.6200E+02
     -8.985  0.0000E+00  0.6200E+02
     -8.967  0.0000E+00  0.6200E+02
     -8.949  0.0000E+00  0.6200E+02
     -8.931  0.0000E+00  0.6200E+02
     -8.913  0.0000E+00  0.6200E+02
     -8.894  0.0000E+00  0.6200E+02
     -8.876  0.0000E+00  0.6200E+02
     -8.858  0.0000E+00  0.6200E+02
     -8.840  0.0000E+00  0.6200E+02
     -8.822  0.0000E+00  0.6200E+02
     -8.804  0.0000E+00  0.6200E+02
     -8.786  0.0000E+00  0.6200E+02
     -8.767  0.0000E+00  0.6200E+02
     -8.749  0.0000E+00  0.6200E+02
     -8.731  0.0000E+00  0.6200E+02
     -8.713  0.0000E+00  0.6200E+02
     -8.695  0.0000E+00  0.6200E+02
     -8.677  0.0000E+00  0.6200E+02
     -8.659  0.0000E+00  0.6200E+02
     -8.641  0.0000E+00  0.6200E+02
     -8.622  0.0000E+00  0.6200E+02
     -8.604  0.0000E+00  0.6200E+02
     -8.586  0.0000E+00  0.6200E+02
     -8.568  0.0000E+00  0.6200E+02
     -8.550  0.0000E+00  0.6200E+02
     -8.532  0.0000E+00  0.6200E+02
     -8.514  0.0000E+00  0.6200E+02
     -8.495  0.0000E+00  0.6200E+02
     -8.477  0.0000E+00  0.6200E+02
     -8.459  0.0000E+00  0.6200E+02
     -8.441  0.0000E+00  0.6200E+02
     -8.423  0.0000E+00  0.6200E+02
     -8.405  0.0000E+00  0.6200E+02
     -8.387  0.0000E+00  0.6200E+02
     -8.368  0.0000E+00  0.6200E+02
     -8.350  0.0000E+00  0.6200E+02
     -8.332  0.0000E+00  0.6200E+02
     -8.314  0.0000E+00  0.6200E+02
     -8.296  0.0000E+00  0.6200E+02
     -8.278  0.0000E+00  0.6200E+02
     -8.260  0.0000E+00  0.6200E+02
     -8.241  0.0000E+00  0.6200E+02
     -8.223  0.0000E+00  0.6200E+02
     -8.205  0.0000E+00  0.6200E+02
     -8.187  0.0000E+00  0.6200E+02
     -8.169  0.0000E+00  0.6200E+02
     -8.151  0.0000E+00  0.6200E+02
     -8.133  0.0000E+00  0.6200E+02
     -8.114  0.0000E+00  0.6200E+02
     -8.096  0.0000E+00  0.6200E+02
     -8.078  0.0000E+00  0.6200E+02
     -8.060  0.0000E+00  0.6200E+02
     -8.042  0.0000E+00  0.6200E+02
     -8.024  0.0000E+00  0.6200E+02
     -8.006  0.0000E+00  0.6200E+02
     -7.987  0.0000E+00  0.6200E+02
     -7.969  0.0000E+00  0.6200E+02
     -7.951  0.0000E+00  0.6200E+02
     -7.933  0.0000E+00  0.6200E+02
     -7.915  0.0000E+00  0.6200E+02
     -7.897  0.0000E+00  0.6200E+02
     -7.879  0.0000E+00  0.6200E+02
     -7.860  0.0000E+00  0.6200E+02
     -7.842  0.0000E+00  0.6200E+02
     -7.824  0.0000E+00  0.6200E+02
     -7.806  0.0000E+00  0.6200E+02
     -7.788  0.0000E+00  0.6200E+02
     -7.770  0.0000E+00  0.6200E+02
     -7.752  0.0000E+00  0.6200E+02
     -7.733  0.0000E+00  0.6200E+02
     -7.715  0.0000E+00  0.6200E+02
     -7.697  0.0000E+00  0.6200E+02
     -7.679  0.0000E+00  0.6200E+02
     -7.661  0.0000E+00  0.6200E+02
     -7.643  0.0000E+00  0.6200E+02
     -7.625  0.0000E+00  0.6200E+02
     -7.606  0.0000E+00  0.6200E+02
     -7.588  0.0000E+00  0.6200E+02
     -7.570  0.0000E+00  0.6200E+02
     -7.552  0.0000E+00  0.6200E+02
     -7.534  0.0000E+00  0.6200E+02
     -7.516  0.0000E+00  0.6200E+02
     -7.498  0.0000E+00  0.6200E+02
     -7.480  0.0000E+00  0.6200E+02
     -7.461  0.0000E+00  0.6200E+02
     -7.443  0.0000E+00  0.6200E+02
     -7.425  0.0000E+00  0.6200E+02
     -7.407  0.0000E+00  0.6200E+02
     -7.389  0.0000E+00  0.6200E+02
     -7.371  0.0000E+00  0.6200E+02
     -7.353  0.0000E+00  0.6200E+02
     -7.334  0.0000E+00  0.6200E+02
     -7.316  0.0000E+00  0.6200E+02
     -7.298  0.0000E+00  0.6200E+02
     -7.280  0.0000E+00  0.6200E+02
     -7.262  0.0000E+00  0.6200E+02
     -7.244  0.0000E+00  0.6200E+02
     -7.226  0.0000E+00  0.6200E+02
     -7.207  0.0000E+00  0.6200E+02
     -7.189  0.0000E+00  0.6200E+02
     -7.171  0.0000E+00  0.6200E+02
     -7.153  0.0000E+00  0.6200E+02
     -7.135  0.0000E+00  0.6200E+02
     -7.117  0.0000E+00  0.6200E+02
     -7.099  0.0000E+00  0.6200E+02
     -7.080  0.0000E+00  0.6200E+02
     -7.062  0.0000E+00  0.6200E+02
     -7.044  0.0000E+00  0.6200E+02
     -7.026  0.0000E+00  0.6200E+02
     -7.008  0.0000E+00  0.6200E+02
     -6.990  0.0000E+00  0.6200E+02
     -6.972  0.0000E+00  0.6200E+02
     -6.953  0.0000E+00  0.6200E+02
     -6.935  0.0000E+00  0.6200E+02
     -6.917  0.0000E+00  0.6200E+02
     -6.899  0.0000E+00  0.6200E+02
     -6.881  0.0000E+00  0.6200E+02
     -6.863  0.0000E+00  0.6200E+02
     -6.845  0.0000E+00  0.6200E+02
     -6.826  0.0000E+00  0.6200E+02
     -6.808  0.0000E+00  0.6200E+02
     -6.790  0.0000E+00  0.6200E+02
     -6.772  0.0000E+00  0.6200E+02
     -6.754  0.0000E+00  0.6200E+02
     -6.736  0.0000E+00  0.6200E+02
     -6.718  0.0000E+00  0.6200E+02
     -6.699  0.0000E+00  0.6200E+02
     -6.681  0.0000E+00  0.6200E+02
     -6.663  0.0000E+00  0.6200E+02
     -6.645  0.0000E+00  0.6200E+02
     -6.627  0.0000E+00  0.6200E+02
     -6.609  0.0000E+00  0.6200E+02
     -6.591  0.0000E+00  0.6200E+02
     -6.572  0.0000E+00  0.6200E+02
     -6.554  0.0000E+00  0.6200E+02
     -6.536  0.0000E+00  0.6200E+02
     -6.518  0.0000E+00  0.6200E+02
     -6.500  0.0000E+00  0.6200E+02
     -6.482  0.0000E+00  0.6200E+02
     -6.464  0.0000E+00  0.6200E+02
     -6.445  0.0000E+00  0.6200E+02
     -6.427  0.0000E+00  0.6200E+02
     -6.409  0.0000E+00  0.6200E+02
     -6.391  0.0000E+00  0.6200E+02
     -6.373  0.0000E+00  0.6200E+02
     -6.355  0.0000E+00  0.6200E+02
     -6.337  0.0000E+00  0.6200E+02
     -6.319  0.0000E+00  0.6200E+02
     -6.300  0.0000E+00  0.6200E+02
     -6.282  0.0000E+00  0.6200E+02
     -6.264  0.0000E+00  0.6200E+02
     -6.246  0.0000E+00  0.6200E+02
     -6.228  0.0000E+00  0.6200E+02
     -6.210  0.0000E+00  0.6200E+02
     -6.192  0.0000E+00  0.6200E+02
     -6.173  0.0000E+00  0.6200E+02
     -6.155  0.0000E+00  0.6200E+02
     -6.137  0.0000E+00  0.6200E+02
     -6.119  0.0000E+00  0.6200E+02
     -6.101  0.0000E+00  0.6200E+02
     -6.083  0.0000E+00  0.6200E+02
     -6.065  0.0000E+00  0.6200E+02
     -6.046  0.0000E+00  0.6200E+02
     -6.028  0.0000E+00  0.6200E+02
     -6.010  0.0000E+00  0.6200E+02
     -5.992  0.0000E+00  0.6200E+02
     -5.974  0.0000E+00  0.6200E+02
     -5.956  0.0000E+00  0.6200E+02
     -5.938  0.0000E+00  0.6200E+02
     -5.919  0.0000E+00  0.6200E+02
     -5.901  0.0000E+00  0.6200E+02
     -5.883  0.0000E+00  0.6200E+02
     -5.865  0.0000E+00  0.6200E+02
     -5.847  0.0000E+00  0.6200E+02
     -5.829  0.0000E+00  0.6200E+02
     -5.811  0.0000E+00  0.6200E+02
     -5.792  0.0000E+00  0.6200E+02
     -5.774  0.0000E+00  0.6200E+02
     -5.756  0.0000E+00  0.6200E+02
     -5.738  0.0000E+00  0.6200E+02
     -5.720  0.0000E+00  0.6200E+02
     -5.702  0.0000E+00  0.6200E+02
     -5.684  0.0000E+00  0.6200E+02
     -5.665  0.0000E+00  0.6200E+02
     -5.647  0.0000E+00  0.6200E+02
     -5.629  0.0000E+00  0.6200E+02
     -5.611  0.0000E+00  0.6200E+02
     -5.593  0.0000E+00  0.6200E+02
     -5.575  0.0000E+00  0.6200E+02
     -5.557  0.0000E+00  0.6200E+02
     -5.538  0.0000E+00  0.6200E+02
     -5.520  0.0000E+00  0.6200E+02
     -5.502  0.0000E+00  0.6200E+02
     -5.484  0.0000E+00  0.6200E+02
     -5.466  0.0000E+00  0.6200E+02
     -5.448  0.0000E+00  0.6200E+02
     -5.430  0.0000E+00  0.6200E+02
     -5.411  0.0000E+00  0.6200E+02
     -5.393  0.0000E+00  0.6200E+02
     -5.375  0.0000E+00  0.6200E+02
     -5.357  0.0000E+00  0.6200E+02
     -5.339  0.0000E+00  0.6200E+02
     -5.321  0.0000E+00  0.6200E+02
     -5.303  0.0000E+00  0.6200E+02
     -5.284  0.0000E+00  0.6200E+02
     -5.266  0.0000E+00  0.6200E+02
     -5.248  0.0000E+00  0.6200E+02
     -5.230  0.0000E+00  0.6200E+02
     -5.212  0.0000E+00  0.6200E+02
     -5.194  0.0000E+00  0.6200E+02
     -5.176  0.0000E+00  0.6200E+02
     -5.158  0.0000E+00  0.6200E+02
     -5.139  0.0000E+00  0.6200E+02
     -5.121  0.0000E+00  0.6200E+02
     -5.103  0.0000E+00  0.6200E+02
     -5.085  0.0000E+00  0.6200E+02
     -5.067  0.0000E+00  0.6200E+02
     -5.049  0.0000E+00  0.6200E+02
     -5.031  0.0000E+00  0.6200E+02
     -5.012  0.0000E+00  0.6200E+02
     -4.994  0.0000E+00  0.6200E+02
     -4.976  0.0000E+00  0.6200E+02
     -4.958  0.0000E+00  0.6200E+02
     -4.940  0.0000E+00  0.6200E+02
     -4.922  0.0000E+00  0.6200E+02
     -4.904  0.0000E+00  0.6200E+02
     -4.885  0.0000E+00  0.6200E+02
     -4.867  0.0000E+00  0.6200E+02
     -4.849  0.0000E+00  0.6200E+02
     -4.831  0.0000E+00  0.6200E+02
     -4.813  0.0000E+00  0.6200E+02
     -4.795  0.0000E+00  0.6200E+02
     -4.777  0.0000E+00  0.6200E+02
     -4.758  0.0000E+00  0.6200E+02
     -4.740  0.0000E+00  0.6200E+02
     -4.722  0.0000E+00  0.6200E+02
     -4.704  0.0000E+00  0.6200E+02
     -4.686  0.0000E+00  0.6200E+02
     -4.668  0.0000E+00  0.6200E+02
     -4.650  0.0000E+00  0.6200E+02
     -4.631  0.0000E+00  0.6200E+02
     -4.613  0.0000E+00  0.6200E+02
     -4.595  0.0000E+00  0.6200E+02
     -4.577  0.0000E+00  0.6200E+02
     -4.559  0.0000E+00  0.6200E+02
     -4.541  0.0000E+00  0.6200E+02
     -4.523  0.0000E+00  0.6200E+02
     -4.504  0.0000E+00  0.6200E+02
     -4.486  0.0000E+00  0.6200E+02
     -4.468  0.0000E+00  0.6200E+02
     -4.450  0.0000E+00  0.6200E+02
     -4.432  0.0000E+00  0.6200E+02
     -4.414  0.0000E+00  0.6200E+02
     -4.396  0.0000E+00  0.6200E+02
     -4.377  0.0000E+00  0.6200E+02
     -4.359  0.0000E+00  0.6200E+02
     -4.341  0.0000E+00  0.6200E+02
     -4.323  0.0000E+00  0.6200E+02
     -4.305  0.0000E+00  0.6200E+02
     -4.287  0.0000E+00  0.6200E+02
     -4.269  0.0000E+00  0.6200E+02
     -4.250  0.0000E+00  0.6200E+02
     -4.232  0.0000E+00  0.6200E+02
     -4.214  0.0000E+00  0.6200E+02
     -4.196  0.0000E+00  0.6200E+02
     -4.178  0.0000E+00  0.6200E+02
     -4.160  0.0000E+00  0.6200E+02
     -4.142  0.0000E+00  0.6200E+02
     -4.123  0.0000E+00  0.6200E+02
     -4.105  0.0000E+00  0.6200E+02
     -4.087  0.0000E+00  0.6200E+02
     -4.069  0.0000E+00  0.6200E+02
     -4.051  0.0000E+00  0.6200E+02
     -4.033  0.0000E+00  0.6200E+02
     -4.015  0.0000E+00  0.6200E+02
     -3.997  0.0000E+00  0.6200E+02
     -3.978  0.0000E+00  0.6200E+02
     -3.960  0.0000E+00  0.6200E+02
     -3.942  0.0000E+00  0.6200E+02
     -3.924  0.0000E+00  0.6200E+02
     -3.906  0.0000E+00  0.6200E+02
     -3.888  0.0000E+00  0.6200E+02
     -3.870  0.0000E+00  0.6200E+02
     -3.851  0.0000E+00  0.6200E+02
     -3.833  0.0000E+00  0.6200E+02
     -3.815  0.0000E+00  0.6200E+02
     -3.797  0.0000E+00  0.6200E+02
     -3.779  0.0000E+00  0.6200E+02
     -3.761  0.0000E+00  0.6200E+02
     -3.743  0.0000E+00  0.6200E+02
     -3.724  0.0000E+00  0.6200E+02
     -3.706  0.0000E+00  0.6200E+02
     -3.688  0.0000E+00  0.6200E+02
     -3.670  0.0000E+00  0.6200E+02
     -3.652  0.0000E+00  0.6200E+02
     -3.634  0.0000E+00  0.6200E+02
     -3.616  0.0000E+00  0.6200E+02
     -3.597  0.0000E+00  0.6200E+02
     -3.579  0.0000E+00  0.6200E+02
     -3.561  0.0000E+00  0.6200E+02
     -3.543  0.0000E+00  0.6200E+02
     -3.525  0.0000E+00  0.6200E+02
     -3.507  0.0000E+00  0.6200E+02
     -3.489  0.0000E+00  0.6200E+02
     -3.470  0.0000E+00  0.6200E+02
     -3.452  0.0000E+00  0.6200E+02
     -3.434  0.0000E+00  0.6200E+02
     -3.416  0.0000E+00  0.6200E+02
     -3.398  0.0000E+00  0.6200E+02
     -3.380  0.0000E+00  0.6200E+02
     -3.362  0.0000E+00  0.6200E+02
     -3.343  0.0000E+00  0.6200E+02
     -3.325  0.0000E+00  0.6200E+02
     -3.307  0.0000E+00  0.6200E+02
     -3.289  0.0000E+00  0.6200E+02
     -3.271  0.0000E+00  0.6200E+02
     -3.253  0.0000E+00  0.6200E+02
     -3.235  0.0000E+00  0.6200E+02
     -3.216  0.0000E+00  0.6200E+02
     -3.198  0.0000E+00  0.6200E+02
     -3.180  0.0000E+00  0.6200E+02
     -3.162  0.0000E+00  0.6200E+02
     -3.144  0.0000E+00  0.6200E+02
     -3.126  0.0000E+00  0.6200E+02
     -3.108  0.0000E+00  0.6200E+02
     -3.089  0.0000E+00  0.6200E+02
     -3.071  0.0000E+00  0.6200E+02
     -3.053  0.0000E+00  0.6200E+02
     -3.035  0.0000E+00  0.6200E+02
     -3.017  0.0000E+00  0.6200E+02
     -2.999  0.0000E+00  0.6200E+02
     -2.981  0.0000E+00  0.6200E+02
     -2.962  0.0000E+00  0.6200E+02
     -2.944  0.0000E+00  0.6200E+02
     -2.926  0.0000E+00  0.6200E+02
     -2.908  0.0000E+00  0.6200E+02
     -2.890  0.0000E+00  0.6200E+02
     -2.872  0.0000E+00  0.6200E+02
     -2.854  0.0000E+00  0.6200E+02
     -2.836  0.0000E+00  0.6200E+02
     -2.817  0.0000E+00  0.6200E+02
     -2.799  0.0000E+00  0.6200E+02
     -2.781  0.0000E+00  0.6200E+02
     -2.763  0.0000E+00  0.6200E+02
     -2.745  0.0000E+00  0.6200E+02
     -2.727  0.0000E+00  0.6200E+02
     -2.709  0.0000E+00  0.6200E+02
     -2.690  0.0000E+00  0.6200E+02
     -2.672  0.0000E+00  0.6200E+02
     -2.654  0.0000E+00  0.6200E+02
     -2.636  0.0000E+00  0.6200E+02
     -2.618  0.0000E+00  0.6200E+02
     -2.600  0.0000E+00  0.6200E+02
     -2.582  0.0000E+00  0.6200E+02
     -2.563  0.0000E+00  0.6200E+02
     -2.545  0.0000E+00  0.6200E+02
     -2.527  0.0000E+00  0.6200E+02
     -2.509  0.0000E+00  0.6200E+02
     -2.491  0.0000E+00  0.6200E+02
     -2.473  0.0000E+00  0.6200E+02
     -2.455  0.0000E+00  0.6200E+02
     -2.436  0.0000E+00  0.6200E+02
     -2.418  0.0000E+00  0.6200E+02
     -2.400  0.0000E+00  0.6200E+02
     -2.382  0.0000E+00  0.6200E+02
     -2.364  0.0000E+00  0.6200E+02
     -2.346  0.0000E+00  0.6200E+02
     -2.328  0.0000E+00  0.6200E+02
     -2.309  0.0000E+00  0.6200E+02
     -2.291  0.0000E+00  0.6200E+02
     -2.273  0.0000E+00  0.6200E+02
     -2.255  0.0000E+00  0.6200E+02
     -2.237  0.0000E+00  0.6200E+02
     -2.219  0.0000E+00  0.6200E+02
     -2.201  0.0000E+00  0.6200E+02
     -2.182  0.0000E+00  0.6200E+02
     -2.164  0.0000E+00  0.6200E+02
     -2.146  0.0000E+00  0.6200E+02
     -2.128  0.0000E+00  0.6200E+02
     -2.110  0.0000E+00  0.6200E+02
     -2.092  0.0000E+00  0.6200E+02
     -2.074  0.0000E+00  0.6200E+02
     -2.055  0.0000E+00  0.6200E+02
     -2.037  0.0000E+00  0.6200E+02
     -2.019  0.0000E+00  0.6200E+02
     -2.001  0.0000E+00  0.6200E+02
     -1.983  0.0000E+00  0.6200E+02
     -1.965  0.0000E+00  0.6200E+02
     -1.947  0.0000E+00  0.6200E+02
     -1.928  0.0000E+00  0.6200E+02
     -1.910  0.0000E+00  0.6200E+02
     -1.892  0.0000E+00  0.6200E+02
     -1.874  0.0000E+00  0.6200E+02
     -1.856  0.0000E+00  0.6200E+02
     -1.838  0.0000E+00  0.6200E+02
     -1.820  0.0000E+00  0.6200E+02
     -1.801  0.0000E+00  0.6200E+02
     -1.783  0.0000E+00  0.6200E+02
     -1.765  0.0000E+00  0.6200E+02
     -1.747  0.0000E+00  0.6200E+02
     -1.729  0.0000E+00  0.6200E+02
     -1.711  0.0000E+00  0.6200E+02
     -1.693  0.0000E+00  0.6200E+02
     -1.674  0.0000E+00  0.6200E+02
     -1.656  0.0000E+00  0.6200E+02
     -1.638  0.0000E+00  0.6200E+02
     -1.620  0.0000E+00  0.6200E+02
     -1.602  0.0000E+00  0.6200E+02
     -1.584  0.0000E+00  0.6200E+02
     -1.566  0.0000E+00  0.6200E+02
     -1.548  0.0000E+00  0.6200E+02
     -1.529  0.0000E+00  0.6200E+02
     -1.511  0.0000E+00  0.6200E+02
     -1.493  0.0000E+00  0.6200E+02
     -1.475  0.0000E+00  0.6200E+02
     -1.457  0.0000E+00  0.6200E+02
     -1.439  0.0000E+00  0.6200E+02
     -1.421  0.0000E+00  0.6200E+02
     -1.402  0.0000E+00  0.6200E+02
     -1.384  0.0000E+00  0.6200E+02
     -1.366  0.0000E+00  0.6200E+02
     -1.348  0.0000E+00  0.6200E+02
     -1.330  0.0000E+00  0.6200E+02
     -1.312  0.0000E+00  0.6200E+02
     -1.294  0.0000E+00  0.6200E+02
     -1.275  0.0000E+00  0.6200E+02
     -1.257  0.0000E+00  0.6200E+02
     -1.239  0.0000E+00  0.6200E+02
     -1.221  0.6138E+02  0.6234E+02
     -1.203  0.2398E+02  0.6351E+02
     -1.185  0.1179E+02  0.6383E+02
     -1.167  0.3877E+01  0.6397E+02
     -1.148  0.2552E+00  0.6400E+02
     -1.130  0.0000E+00  0.6400E+02
     -1.112  0.0000E+00  0.6400E+02
     -1.094  0.1700E-02  0.6400E+02
     -1.076  0.5246E-01  0.6400E+02
     -1.058  0.1755E+00  0.6400E+02
     -1.040  0.3709E+00  0.6401E+02
     -1.021  0.6386E+00  0.6402E+02
     -1.003  0.9786E+00  0.6403E+02
     -0.985  0.1391E+01  0.6405E+02
     -0.967  0.1876E+01  0.6408E+02
     -0.949  0.2435E+01  0.6412E+02
     -0.931  0.3088E+01  0.6417E+02
     -0.913  0.3839E+01  0.6423E+02
     -0.894  0.4688E+01  0.6431E+02
     -0.876  0.5635E+01  0.6440E+02
     -0.858  0.6680E+01  0.6452E+02
     -0.840  0.7822E+01  0.6465E+02
     -0.822  0.9063E+01  0.6480E+02
     -0.804  0.1040E+02  0.6498E+02
     -0.786  0.1184E+02  0.6518E+02
     -0.767  0.1337E+02  0.6541E+02
     -0.749  0.1500E+02  0.6566E+02
     -0.731  0.2182E+02  0.6600E+02
     -0.713  0.2641E+02  0.6644E+02
     -0.695  0.2888E+02  0.6694E+02
     -0.677  0.2906E+02  0.6747E+02
     -0.659  0.2517E+02  0.6798E+02
     -0.640  0.2070E+02  0.6839E+02
     -0.622  0.1911E+02  0.6875E+02
     -0.604  0.1983E+02  0.6910E+02
     -0.586  0.2127E+02  0.6947E+02
     -0.568  0.2192E+02  0.6986E+02
     -0.550  0.2739E+02  0.7027E+02
     -0.532  0.5750E+02  0.7103E+02
     -0.513  0.6899E+02  0.7222E+02
     -0.495  0.6716E+02  0.7345E+02
     -0.477  0.6232E+02  0.7464E+02
     -0.459  0.5409E+02  0.7570E+02
     -0.441  0.3755E+02  0.7657E+02
     -0.423  0.1676E+02  0.7703E+02
     -0.405  0.1304E+02  0.7729E+02
     -0.387  0.3013E+02  0.7768E+02
     -0.368  0.2841E+02  0.7825E+02
     -0.350  0.1526E+02  0.7861E+02
     -0.332  0.1265E+02  0.7886E+02
     -0.314  0.1050E+02  0.7907E+02
     -0.296  0.8827E+01  0.7924E+02
     -0.278  0.7520E+01  0.7939E+02
     -0.260  0.6346E+01  0.7952E+02
     -0.241  0.5296E+01  0.7962E+02
     -0.223  0.4398E+02  0.8042E+02
     -0.205  0.2737E+02  0.8105E+02
     -0.187  0.2339E+02  0.8149E+02
     -0.169  0.2551E+02  0.8193E+02
     -0.151  0.2772E+02  0.8241E+02
     -0.133  0.3025E+02  0.8294E+02
     -0.114  0.3308E+02  0.8351E+02
     -0.096  0.3672E+02  0.8414E+02
     -0.078  0.7858E+02  0.8495E+02
     -0.060  0.7591E+02  0.8672E+02
     -0.042  0.4768E+02  0.8761E+02
     -0.024  0.1846E+03  0.8889E+02
     -0.006  0.5350E+02  0.9000E+02
      0.013  0.5517E+02  0.9098E+02
      0.031  0.5590E+02  0.9199E+02
      0.049  0.5578E+02  0.9301E+02
      0.067  0.5461E+02  0.9401E+02
      0.085  0.5519E+02  0.9500E+02
      0.103  0.5617E+02  0.9601E+02
      0.121  0.5707E+02  0.9704E+02
      0.140  0.5651E+02  0.9807E+02
      0.158  0.5587E+02  0.9909E+02
      0.176  0.5508E+02  0.1001E+03
      0.194  0.5410E+02  0.1011E+03
      0.212  0.5080E+02  0.1020E+03
      0.230  0.4725E+02  0.1029E+03
      0.248  0.4446E+02  0.1038E+03
      0.267  0.2646E+02  0.1044E+03
      0.285  0.2467E+02  0.1049E+03
      0.303  0.2399E+02  0.1053E+03
      0.321  0.2481E+02  0.1058E+03
      0.339  0.2544E+02  0.1062E+03
      0.357  0.2588E+02  0.1067E+03
      0.375  0.2613E+02  0.1072E+03
      0.394  0.2650E+02  0.1077E+03
      0.412  0.2706E+02  0.1081E+03
      0.430  0.2739E+02  0.1086E+03
      0.448  0.2751E+02  0.1091E+03
      0.466  0.2784E+02  0.1096E+03
      0.484  0.2882E+02  0.1101E+03
      0.502  0.2948E+02  0.1107E+03
      0.521  0.2997E+02  0.1112E+03
      0.539  0.3042E+02  0.1118E+03
      0.557  0.3083E+02  0.1123E+03
      0.575  0.3120E+02  0.1129E+03
      0.593  0.3152E+02  0.1134E+03
      0.611  0.3090E+02  0.1140E+03
      0.629  0.3014E+02  0.1146E+03
      0.648  0.2933E+02  0.1151E+03
      0.666  0.2847E+02  0.1156E+03
      0.684  0.2528E+02  0.1161E+03
      0.702  0.2039E+02  0.1165E+03
      0.720  0.1906E+02  0.1169E+03
      0.738  0.8948E+01  0.1171E+03
      0.756  0.7896E+01  0.1173E+03
      0.774  0.8495E+01  0.1174E+03
      0.793  0.1847E+02  0.1176E+03
      0.811  0.3440E+02  0.1181E+03
      0.829  0.3725E+02  0.1188E+03
      0.847  0.3052E+02  0.1194E+03
      0.865  0.2489E+02  0.1199E+03
      0.883  0.2406E+02  0.1203E+03
      0.901  0.2561E+02  0.1208E+03
      0.920  0.2777E+02  0.1213E+03
      0.938  0.2918E+02  0.1218E+03
      0.956  0.2983E+02  0.1223E+03
      0.974  0.2972E+02  0.1229E+03
      0.992  0.2885E+02  0.1234E+03
      1.010  0.2733E+02  0.1239E+03
      1.028  0.2542E+02  0.1244E+03
      1.047  0.2229E+02  0.1248E+03
      1.065  0.1983E+02  0.1252E+03
      1.083  0.2209E+02  0.1256E+03
      1.101  0.2276E+02  0.1260E+03
      1.119  0.2289E+02  0.1264E+03
      1.137  0.2323E+02  0.1268E+03
      1.155  0.2350E+02  0.1272E+03
      1.174  0.2335E+02  0.1277E+03
      1.192  0.2549E+02  0.1281E+03
      1.210  0.2493E+02  0.1286E+03
      1.228  0.2418E+02  0.1290E+03
      1.246  0.2323E+02  0.1294E+03
      1.264  0.2209E+02  0.1298E+03
      1.282  0.2075E+02  0.1302E+03
      1.301  0.1922E+02  0.1306E+03
      1.319  0.1788E+02  0.1309E+03
      1.337  0.1661E+02  0.1312E+03
      1.355  0.1708E+02  0.1315E+03
      1.373  0.1749E+02  0.1319E+03
      1.391  0.1780E+02  0.1322E+03
      1.409  0.1803E+02  0.1325E+03
      1.428  0.1817E+02  0.1328E+03
      1.446  0.1813E+02  0.1332E+03
      1.464  0.1805E+02  0.1335E+03
      1.482  0.1795E+02  0.1338E+03
      1.500  0.1781E+02  0.1341E+03
      1.518  0.1764E+02  0.1345E+03
      1.536  0.1744E+02  0.1348E+03
      1.555  0.1721E+02  0.1351E+03
      1.573  0.1695E+02  0.1354E+03
      1.591  0.1666E+02  0.1357E+03
      1.609  0.1633E+02  0.1360E+03
      1.627  0.1604E+02  0.1363E+03
      1.645  0.1803E+02  0.1366E+03
      1.663  0.2350E+02  0.1370E+03
      1.682  0.3266E+02  0.1375E+03
      1.700  0.4163E+02  0.1382E+03
      1.718  0.4535E+02  0.1390E+03
      1.736  0.4591E+02  0.1398E+03
      1.754  0.4813E+02  0.1406E+03
      1.772  0.4460E+02  0.1415E+03
      1.790  0.4062E+02  0.1423E+03
      1.809  0.3482E+02  0.1429E+03
      1.827  0.1397E+03  0.1444E+03
      1.845  0.4335E+02  0.1467E+03
      1.863  0.5500E+02  0.1476E+03
      1.881  0.3204E+02  0.1485E+03
      1.899  0.2307E+02  0.1489E+03
      1.917  0.2896E+02  0.1494E+03
      1.935  0.3505E+02  0.1499E+03
      1.954  0.1571E+02  0.1508E+03
      1.972  0.1886E+02  0.1512E+03
      1.990  0.2145E+02  0.1515E+03
      2.008  0.2506E+02  0.1519E+03
      2.026  0.2971E+02  0.1524E+03
      2.044  0.3419E+02  0.1530E+03
      2.062  0.3851E+02  0.1537E+03
      2.081  0.4414E+02  0.1544E+03
      2.099  0.5022E+02  0.1553E+03
      2.117  0.5692E+02  0.1563E+03
      2.135  0.6215E+02  0.1573E+03
      2.153  0.6565E+02  0.1585E+03
      2.171  0.6699E+02  0.1597E+03
      2.189  0.6545E+02  0.1609E+03
      2.208  0.6299E+02  0.1621E+03
      2.226  0.5811E+02  0.1632E+03
      2.244  0.5507E+02  0.1642E+03
      2.262  0.5302E+02  0.1652E+03
      2.280  0.4932E+02  0.1661E+03
      2.298  0.4597E+02  0.1670E+03
      2.316  0.4581E+02  0.1678E+03
      2.335  0.4502E+02  0.1686E+03
      2.353  0.4268E+02  0.1694E+03
      2.371  0.4264E+02  0.1702E+03
      2.389  0.4456E+02  0.1710E+03
      2.407  0.4618E+02  0.1718E+03
      2.425  0.4650E+02  0.1726E+03
      2.443  0.4547E+02  0.1735E+03
      2.462  0.4463E+02  0.1743E+03
      2.480  0.4717E+02  0.1751E+03
      2.498  0.4836E+02  0.1760E+03
      2.516  0.4856E+02  0.1769E+03
      2.534  0.4779E+02  0.1777E+03
      2.552  0.4727E+02  0.1786E+03
      2.570  0.4515E+02  0.1794E+03
      2.589  0.4145E+02  0.1802E+03
      2.607  0.4191E+02  0.1810E+03
      2.625  0.4158E+02  0.1817E+03
      2.643  0.4277E+02  0.1825E+03
      2.661  0.4778E+02  0.1833E+03
      2.679  0.1552E+03  0.1846E+03
      2.697  0.8794E+02  0.1868E+03
      2.716  0.5231E+02  0.1879E+03
      2.734  0.4525E+02  0.1888E+03
      2.752  0.1322E+03  0.1899E+03
      2.770  0.9178E+02  0.1919E+03
      2.788  0.7842E+02  0.1933E+03
      2.806  0.7728E+02  0.1948E+03
      2.824  0.7168E+02  0.1961E+03
      2.843  0.7065E+02  0.1974E+03
      2.861  0.7333E+02  0.1987E+03
      2.879  0.7729E+02  0.2001E+03
      2.897  0.8254E+02  0.2015E+03
      2.915  0.8708E+02  0.2030E+03
      2.933  0.8678E+02  0.2046E+03
      2.951  0.7936E+02  0.2062E+03
      2.970  0.6911E+02  0.2075E+03
      2.988  0.6056E+02  0.2087E+03
      3.006  0.5431E+02  0.2097E+03
      3.024  0.4639E+02  0.2106E+03
      3.042  0.3966E+02  0.2114E+03
      3.060  0.3988E+02  0.2121E+03
      3.078  0.6983E+02  0.2130E+03
      3.096  0.5122E+02  0.2142E+03
      3.115  0.6328E+02  0.2152E+03
      3.133  0.6457E+02  0.2164E+03
      3.151  0.5935E+02  0.2175E+03
      3.169  0.6022E+02  0.2186E+03
      3.187  0.6160E+02  0.2197E+03
      3.205  0.6338E+02  0.2209E+03
      3.223  0.7458E+02  0.2221E+03
      3.242  0.8898E+02  0.2236E+03
      3.260  0.1166E+03  0.2254E+03
      3.278  0.1279E+03  0.2277E+03
      3.296  0.1125E+03  0.2299E+03
      3.314  0.5651E+02  0.2313E+03
      3.332  0.8486E+02  0.2334E+03
      3.350  0.6309E+02  0.2351E+03
      3.369  0.5603E+02  0.2362E+03
      3.387  0.4868E+02  0.2372E+03
      3.405  0.4121E+02  0.2380E+03
      3.423  0.3342E+02  0.2387E+03
      3.441  0.2619E+02  0.2392E+03
      3.459  0.2251E+02  0.2396E+03
      3.477  0.2106E+02  0.2400E+03
      3.496  0.2147E+02  0.2404E+03
      3.514  0.2218E+02  0.2408E+03
      3.532  0.2319E+02  0.2412E+03
      3.550  0.2426E+02  0.2417E+03
      3.568  0.2522E+02  0.2421E+03
      3.586  0.2576E+02  0.2426E+03
      3.604  0.2584E+02  0.2430E+03
      3.623  0.1587E+02  0.2434E+03
      3.641  0.3137E+02  0.2438E+03
      3.659  0.3442E+02  0.2444E+03
      3.677  0.3143E+02  0.2450E+03
      3.695  0.2851E+02  0.2455E+03
      3.713  0.3900E+02  0.2462E+03
      3.731  0.3767E+02  0.2469E+03
      3.750  0.2451E+02  0.2475E+03
      3.768  0.1072E+02  0.2478E+03
      3.786  0.5733E+01  0.2479E+03
      3.804  0.2296E+01  0.2480E+03
      3.822  0.4051E+00  0.2480E+03
      3.840  0.0000E+00  0.2480E+03
      3.858  0.0000E+00  0.2480E+03
      3.877  0.0000E+00  0.2480E+03
      3.895  0.0000E+00  0.2480E+03
      3.913  0.0000E+00  0.2480E+03
      3.931  0.0000E+00  0.2480E+03
      3.949  0.0000E+00  0.2480E+03
      3.967  0.0000E+00  0.2480E+03
      3.985  0.0000E+00  0.2480E+03
      4.004  0.0000E+00  0.2480E+03
      4.022  0.0000E+00  0.2480E+03
      4.040  0.0000E+00  0.2480E+03
      4.058  0.0000E+00  0.2480E+03
      4.076  0.0000E+00  0.2480E+03
      4.094  0.0000E+00  0.2480E+03
      4.112  0.0000E+00  0.2480E+03
      4.131  0.0000E+00  0.2480E+03
      4.149  0.0000E+00  0.2480E+03
      4.167  0.0000E+00  0.2480E+03
      4.185  0.0000E+00  0.2480E+03
      4.203  0.0000E+00  0.2480E+03
      4.221  0.0000E+00  0.2480E+03
      4.239  0.0000E+00  0.2480E+03
      4.257  0.0000E+00  0.2480E+03
      4.276  0.0000E+00  0.2480E+03
      4.294  0.0000E+00  0.2480E+03
      4.312  0.0000E+00  0.2480E+03
      4.330  0.0000E+00  0.2480E+03
      4.348  0.0000E+00  0.2480E+03
      4.366  0.0000E+00  0.2480E+03
      4.384  0.0000E+00  0.2480E+03
      4.403  0.0000E+00  0.2480E+03
      4.421  0.0000E+00  0.2480E+03
      4.439  0.0000E+00  0.2480E+03
      4.457  0.0000E+00  0.2480E+03
      4.475  0.0000E+00  0.2480E+03
      4.493  0.0000E+00  0.2480E+03
      4.511  0.0000E+00  0.2480E+03
      4.530  0.0000E+00  0.2480E+03
      4.548  0.0000E+00  0.2480E+03
      4.566  0.0000E+00  0.2480E+03
      4.584  0.0000E+00  0.2480E+03
      4.602  0.0000E+00  0.2480E+03
      4.620  0.0000E+00  0.2480E+03
      4.638  0.0000E+00  0.2480E+03
      4.657  0.0000E+00  0.2480E+03
      4.675  0.0000E+00  0.2480E+03
      4.693  0.0000E+00  0.2480E+03
      4.711  0.0000E+00  0.2480E+03
      4.729  0.0000E+00  0.2480E+03
      4.747  0.0000E+00  0.2480E+03
      4.765  0.0000E+00  0.2480E+03
      4.784  0.0000E+00  0.2480E+03
      4.802  0.0000E+00  0.2480E+03
      4.820  0.0000E+00  0.2480E+03
      4.838  0.0000E+00  0.2480E+03
      4.856  0.0000E+00  0.2480E+03
      4.874  0.0000E+00  0.2480E+03
      4.892  0.0000E+00  0.2480E+03
      4.911  0.0000E+00  0.2480E+03
      4.929  0.0000E+00  0.2480E+03
      4.947  0.0000E+00  0.2480E+03
      4.965  0.0000E+00  0.2480E+03
      4.983  0.0000E+00  0.2480E+03
      5.001  0.0000E+00  0.2480E+03
      5.019  0.0000E+00  0.2480E+03
      5.038  0.0000E+00  0.2480E+03
      5.056  0.0000E+00  0.2480E+03
      5.074  0.0000E+00  0.2480E+03
      5.092  0.0000E+00  0.2480E+03
      5.110  0.0000E+00  0.2480E+03
      5.128  0.0000E+00  0.2480E+03
      5.146  0.0000E+00  0.2480E+03
      5.165  0.0000E+00  0.2480E+03
      5.183  0.0000E+00  0.2480E+03
      5.201  0.0000E+00  0.2480E+03
      5.219  0.0000E+00  0.2480E+03
      5.237  0.0000E+00  0.2480E+03
      5.255  0.0000E+00  0.2480E+03
      5.273  0.0000E+00  0.2480E+03
      5.292  0.0000E+00  0.2480E+03
      5.310  0.0000E+00  0.2480E+03
      5.328  0.0000E+00  0.2480E+03
      5.346  0.0000E+00  0.2480E+03
      5.364  0.0000E+00  0.2480E+03
      5.382  0.0000E+00  0.2480E+03
      5.400  0.0000E+00  0.2480E+03
      5.418  0.0000E+00  0.2480E+03
      5.437  0.0000E+00  0.2480E+03
      5.455  0.0000E+00  0.2480E+03
      5.473  0.0000E+00  0.2480E+03
      5.491  0.0000E+00  0.2480E+03
      5.509  0.0000E+00  0.2480E+03
      5.527  0.0000E+00  0.2480E+03
      5.545  0.0000E+00  0.2480E+03
      5.564  0.0000E+00  0.2480E+03
      5.582  0.0000E+00  0.2480E+03
      5.600  0.0000E+00  0.2480E+03
      5.618  0.0000E+00  0.2480E+03
      5.636  0.0000E+00  0.2480E+03
      5.654  0.0000E+00  0.2480E+03
      5.672  0.0000E+00  0.2480E+03
      5.691  0.0000E+00  0.2480E+03
      5.709  0.0000E+00  0.2480E+03
      5.727  0.0000E+00  0.2480E+03
      5.745  0.0000E+00  0.2480E+03
      5.763  0.0000E+00  0.2480E+03
      5.781  0.0000E+00  0.2480E+03
      5.799  0.0000E+00  0.2480E+03
      5.818  0.0000E+00  0.2480E+03
      5.836  0.0000E+00  0.2480E+03
      5.854  0.0000E+00  0.2480E+03
      5.872  0.0000E+00  0.2480E+03
      5.890  0.0000E+00  0.2480E+03
      5.908  0.0000E+00  0.2480E+03
      5.926  0.0000E+00  0.2480E+03
      5.945  0.0000E+00  0.2480E+03
      5.963  0.0000E+00  0.2480E+03
      5.981  0.0000E+00  0.2480E+03
      5.999  0.0000E+00  0.2480E+03
      6.017  0.0000E+00  0.2480E+03
      6.035  0.0000E+00  0.2480E+03
      6.053  0.0000E+00  0.2480E+03
      6.072  0.0000E+00  0.2480E+03
      6.090  0.0000E+00  0.2480E+03
      6.108  0.0000E+00  0.2480E+03
      6.126  0.0000E+00  0.2480E+03
      6.144  0.0000E+00  0.2480E+03
      6.162  0.0000E+00  0.2480E+03
      6.180  0.0000E+00  0.2480E+03
      6.199  0.0000E+00  0.2480E+03
      6.217  0.0000E+00  0.2480E+03
      6.235  0.0000E+00  0.2480E+03
      6.253  0.0000E+00  0.2480E+03
      6.271  0.0000E+00  0.2480E+03
      6.289  0.0000E+00  0.2480E+03
      6.307  0.0000E+00  0.2480E+03
      6.326  0.0000E+00  0.2480E+03
      6.344  0.0000E+00  0.2480E+03
      6.362  0.0000E+00  0.2480E+03
      6.380  0.0000E+00  0.2480E+03
      6.398  0.0000E+00  0.2480E+03
      6.416  0.0000E+00  0.2480E+03
      6.434  0.0000E+00  0.2480E+03
      6.453  0.0000E+00  0.2480E+03
      6.471  0.0000E+00  0.2480E+03
      6.489  0.8167E-02  0.2480E+03
      6.507  0.1053E+00  0.2480E+03
      6.525  0.3119E+00  0.2480E+03
      6.543  0.6282E+00  0.2480E+03
      6.561  0.1054E+01  0.2480E+03
      6.579  0.1589E+01  0.2481E+03
      6.598  0.2234E+01  0.2481E+03
      6.616  0.2989E+01  0.2481E+03
      6.634  0.3853E+01  0.2482E+03
      6.652  0.4827E+01  0.2483E+03
      6.670  0.5910E+01  0.2484E+03
      6.688  0.7103E+01  0.2485E+03
      6.706  0.8405E+01  0.2486E+03
      6.725  0.1147E+02  0.2488E+03
      6.743  0.2827E+02  0.2491E+03
      6.761  0.2940E+02  0.2497E+03
      6.779  0.0000E+00  0.2500E+03
      6.797  0.0000E+00  0.2500E+03
      6.815  0.0000E+00  0.2500E+03
      6.833  0.0000E+00  0.2500E+03
      6.852  0.0000E+00  0.2500E+03
      6.870  0.0000E+00  0.2500E+03
      6.888  0.0000E+00  0.2500E+03
      6.906  0.0000E+00  0.2500E+03
      6.924  0.0000E+00  0.2500E+03
      6.942  0.0000E+00  0.2500E+03
      6.960  0.0000E+00  0.2500E+03
      6.979  0.0000E+00  0.2500E+03
      6.997  0.0000E+00  0.2500E+03
      7.015  0.0000E+00  0.2500E+03
      7.033  0.0000E+00  0.2500E+03
      7.051  0.0000E+00  0.2500E+03
      7.069  0.0000E+00  0.2500E+03
      7.087  0.0000E+00  0.2500E+03
      7.106  0.0000E+00  0.2500E+03
      7.124  0.0000E+00  0.2500E+03
      7.142  0.0000E+00  0.2500E+03
      7.160  0.0000E+00  0.2500E+03
      7.178  0.0000E+00  0.2500E+03
      7.196  0.0000E+00  0.2500E+03
      7.214  0.0000E+00  0.2500E+03
      7.233  0.0000E+00  0.2500E+03
      7.251  0.0000E+00  0.2500E+03
      7.269  0.0000E+00  0.2500E+03
      7.287  0.0000E+00  0.2500E+03
      7.305  0.0000E+00  0.2500E+03
      7.323  0.0000E+00  0.2500E+03
      7.341  0.0000E+00  0.2500E+03
      7.360  0.0000E+00  0.2500E+03
      7.378  0.0000E+00  0.2500E+03
      7.396  0.0000E+00  0.2500E+03
      7.414  0.0000E+00  0.2500E+03
      7.432  0.0000E+00  0.2500E+03
      7.450  0.0000E+00  0.2500E+03
      7.468  0.0000E+00  0.2500E+03
      7.487  0.0000E+00  0.2500E+03
      7.505  0.0000E+00  0.2500E+03
      7.523  0.0000E+00  0.2500E+03
      7.541  0.0000E+00  0.2500E+03
      7.559  0.0000E+00  0.2500E+03
      7.577  0.0000E+00  0.2500E+03
      7.595  0.0000E+00  0.2500E+03
      7.614  0.0000E+00  0.2500E+03
      7.632  0.0000E+00  0.2500E+03
      7.650  0.0000E+00  0.2500E+03
      7.668  0.0000E+00  0.2500E+03
      7.686  0.0000E+00  0.2500E+03
      7.704  0.0000E+00  0.2500E+03
      7.722  0.0000E+00  0.2500E+03
      7.740  0.0000E+00  0.2500E+03
      7.759  0.0000E+00  0.2500E+03
      7.777  0.0000E+00  0.2500E+03
      7.795  0.0000E+00  0.2500E+03
      7.813  0.0000E+00  0.2500E+03
      7.831  0.0000E+00  0.2500E+03
      7.849  0.0000E+00  0.2500E+03
      7.867  0.0000E+00  0.2500E+03
      7.886  0.0000E+00  0.2500E+03
      7.904  0.0000E+00  0.2500E+03
      7.922  0.0000E+00  0.2500E+03
      7.940  0.0000E+00  0.2500E+03
      7.958  0.0000E+00  0.2500E+03
      7.976  0.0000E+00  0.2500E+03
      7.994  0.0000E+00  0.2500E+03
      8.013  0.0000E+00  0.2500E+03
      8.031  0.0000E+00  0.2500E+03
      8.049  0.0000E+00  0.2500E+03
      8.067  0.0000E+00  0.2500E+03
      8.085  0.0000E+00  0.2500E+03
      8.103  0.0000E+00  0.2500E+03
      8.121  0.0000E+00  0.2500E+03
      8.140  0.0000E+00  0.2500E+03
      8.158  0.0000E+00  0.2500E+03
      8.176  0.0000E+00  0.2500E+03
      8.194  0.0000E+00  0.2500E+03
      8.212  0.0000E+00  0.2500E+03
      8.230  0.0000E+00  0.2500E+03
      8.248  0.0000E+00  0.2500E+03
      8.267  0.0000E+00  0.2500E+03
      8.285  0.0000E+00  0.2500E+03
      8.303  0.0000E+00  0.2500E+03
      8.321  0.0000E+00  0.2500E+03
      8.339  0.0000E+00  0.2500E+03
      8.357  0.0000E+00  0.2500E+03
      8.375  0.0000E+00  0.2500E+03
      8.394  0.0000E+00  0.2500E+03
      8.412  0.0000E+00  0.2500E+03
      8.430  0.0000E+00  0.2500E+03
      8.448  0.0000E+00  0.2500E+03
      8.466  0.0000E+00  0.2500E+03
      8.484  0.0000E+00  0.2500E+03
      8.502  0.0000E+00  0.2500E+03
      8.521  0.0000E+00  0.2500E+03
      8.539  0.0000E+00  0.2500E+03
      8.557  0.0000E+00  0.2500E+03
      8.575  0.0000E+00  0.2500E+03
      8.593  0.0000E+00  0.2500E+03
      8.611  0.0000E+00  0.2500E+03
      8.629  0.0000E+00  0.2500E+03
      8.648  0.0000E+00  0.2500E+03
      8.666  0.0000E+00  0.2500E+03
      8.684  0.0000E+00  0.2500E+03
      8.702  0.0000E+00  0.2500E+03
      8.720  0.0000E+00  0.2500E+03
      8.738  0.0000E+00  0.2500E+03
      8.756  0.0000E+00  0.2500E+03
      8.775  0.0000E+00  0.2500E+03
      8.793  0.0000E+00  0.2500E+03
      8.811  0.0000E+00  0.2500E+03
      8.829  0.0000E+00  0.2500E+03
      8.847  0.0000E+00  0.2500E+03
      8.865  0.0000E+00  0.2500E+03
      8.883  0.0000E+00  0.2500E+03
      8.901  0.0000E+00  0.2500E+03
      8.920  0.0000E+00  0.2500E+03
      8.938  0.0000E+00  0.2500E+03
      8.956  0.0000E+00  0.2500E+03
      8.974  0.0000E+00  0.2500E+03
      8.992  0.0000E+00  0.2500E+03
      9.010  0.0000E+00  0.2500E+03
      9.028  0.0000E+00  0.2500E+03
      9.047  0.0000E+00  0.2500E+03
      9.065  0.0000E+00  0.2500E+03
      9.083  0.0000E+00  0.2500E+03
      9.101  0.0000E+00  0.2500E+03
      9.119  0.0000E+00  0.2500E+03
      9.137  0.0000E+00  0.2500E+03
      9.155  0.0000E+00  0.2500E+03
      9.174  0.0000E+00  0.2500E+03
      9.192  0.0000E+00  0.2500E+03
      9.210  0.0000E+00  0.2500E+03
      9.228  0.0000E+00  0.2500E+03
      9.246  0.0000E+00  0.2500E+03
      9.264  0.0000E+00  0.2500E+03
      9.282  0.0000E+00  0.2500E+03
      9.301  0.0000E+00  0.2500E+03
      9.319  0.0000E+00  0.2500E+03
      9.337  0.0000E+00  0.2500E+03
      9.355  0.0000E+00  0.2500E+03
      9.373  0.0000E+00  0.2500E+03
      9.391  0.0000E+00  0.2500E+03
      9.409  0.0000E+00  0.2500E+03
      9.428  0.0000E+00  0.2500E+03
      9.446  0.0000E+00  0.2500E+03
      9.464  0.0000E+00  0.2500E+03
      9.482  0.0000E+00  0.2500E+03
      9.500  0.0000E+00  0.2500E+03
      9.518  0.0000E+00  0.2500E+03
      9.536  0.0000E+00  0.2500E+03
      9.555  0.0000E+00  0.2500E+03
      9.573  0.0000E+00  0.2500E+03
      9.591  0.0000E+00  0.2500E+03
      9.609  0.0000E+00  0.2500E+03
      9.627  0.0000E+00  0.2500E+03
      9.645  0.0000E+00  0.2500E+03
      9.663  0.0000E+00  0.2500E+03
      9.682  0.0000E+00  0.2500E+03
      9.700  0.0000E+00  0.2500E+03
      9.718  0.0000E+00  0.2500E+03
      9.736  0.0000E+00  0.2500E+03
      9.754  0.0000E+00  0.2500E+03
      9.772  0.0000E+00  0.2500E+03
      9.790  0.0000E+00  0.2500E+03
      9.809  0.0000E+00  0.2500E+03
      9.827  0.0000E+00  0.2500E+03
      9.845  0.0000E+00  0.2500E+03
      9.863  0.0000E+00  0.2500E+03
      9.881  0.0000E+00  0.2500E+03
      9.899  0.0000E+00  0.2500E+03
      9.917  0.0000E+00  0.2500E+03
      9.936  0.0000E+00  0.2500E+03
      9.954  0.0000E+00  0.2500E+03
      9.972  0.0000E+00  0.2500E+03
      9.990  0.0000E+00  0.2500E+03
     10.008  0.0000E+00  0.2500E+03
     10.026  0.0000E+00  0.2500E+03
     10.044  0.0000E+00  0.2500E+03
     10.062  0.0000E+00  0.2500E+03
     10.081  0.0000E+00  0.2500E+03
     10.099  0.0000E+00  0.2500E+03
     10.117  0.0000E+00  0.2500E+03
     10.135  0.0000E+00  0.2500E+03
     10.153  0.0000E+00  0.2500E+03
     10.171  0.0000E+00  0.2500E+03
     10.189  0.0000E+00  0.2500E+03
     10.208  0.0000E+00  0.2500E+03
     10.226  0.1298E+01  0.2500E+03
     10.244  0.2899E+01  0.2500E+03
     10.262  0.4322E+01  0.2501E+03
     10.280  0.5567E+01  0.2502E+03
     10.298  0.6634E+01  0.2503E+03
     10.316  0.7523E+01  0.2504E+03
     10.335  0.8234E+01  0.2506E+03
     10.353  0.8766E+01  0.2507E+03
     10.371  0.9121E+01  0.2509E+03
     10.389  0.9298E+01  0.2511E+03
     10.407  0.9296E+01  0.2512E+03
     10.425  0.9091E+01  0.2514E+03
     10.443  0.7823E+01  0.2516E+03
     10.462  0.1173E+02  0.2517E+03
     10.480  0.1594E+02  0.2520E+03
     10.498  0.1877E+02  0.2523E+03
     10.516  0.2416E+02  0.2527E+03
     10.534  0.3960E+02  0.2533E+03
     10.552  0.4619E+02  0.2540E+03
     10.570  0.4302E+02  0.2549E+03
     10.589  0.2982E+02  0.2555E+03
     10.607  0.1066E+02  0.2559E+03
     10.625  0.4847E+00  0.2560E+03
     10.643  0.0000E+00  0.2560E+03
     10.661  0.0000E+00  0.2560E+03
     10.679  0.0000E+00  0.2560E+03
     10.697  0.0000E+00  0.2560E+03
     10.716  0.0000E+00  0.2560E+03
     10.734  0.0000E+00  0.2560E+03
     10.752  0.0000E+00  0.2560E+03
     10.770  0.0000E+00  0.2560E+03
     10.788  0.0000E+00  0.2560E+03
     10.806  0.0000E+00  0.2560E+03
     10.824  0.0000E+00  0.2560E+03
     10.843  0.0000E+00  0.2560E+03
     10.861  0.0000E+00  0.2560E+03
     10.879  0.0000E+00  0.2560E+03
     10.897  0.0000E+00  0.2560E+03
     10.915  0.0000E+00  0.2560E+03
     10.933  0.0000E+00  0.2560E+03
     10.951  0.0000E+00  0.2560E+03
     10.970  0.0000E+00  0.2560E+03
     10.988  0.1106E-03  0.2560E+03
     11.006  0.9532E-03  0.2560E+03
     11.024  0.2624E-02  0.2560E+03
     11.042  0.5124E-02  0.2560E+03
     11.060  0.8453E-02  0.2560E+03
     11.078  0.1261E-01  0.2560E+03
     11.097  0.1760E-01  0.2560E+03
     11.115  0.2341E-01  0.2560E+03
     11.133  0.3005E-01  0.2560E+03
     11.151  0.3752E-01  0.2560E+03
     11.169  0.4583E-01  0.2560E+03
     11.187  0.5495E-01  0.2560E+03
     11.205  0.6491E-01  0.2560E+03
     11.223  0.7570E-01  0.2560E+03
     11.242  0.8731E-01  0.2560E+03
     11.260  0.9976E-01  0.2560E+03
     11.278  0.1130E+00  0.2560E+03
     11.296  0.1271E+00  0.2560E+03
     11.314  0.1421E+00  0.2560E+03
     11.332  0.1578E+00  0.2560E+03
     11.350  0.1744E+00  0.2560E+03
     11.369  0.1918E+00  0.2560E+03
     11.387  0.2101E+00  0.2560E+03
     11.405  0.2291E+00  0.2560E+03
     11.423  0.2490E+00  0.2560E+03
     11.441  0.2698E+00  0.2560E+03
     11.459  0.2913E+00  0.2560E+03
     11.477  0.3137E+00  0.2561E+03
     11.496  0.3369E+00  0.2561E+03
     11.514  0.3610E+00  0.2561E+03
     11.532  0.3858E+00  0.2561E+03
     11.550  0.4115E+00  0.2561E+03
     11.568  0.4381E+00  0.2561E+03
     11.586  0.4654E+00  0.2561E+03
     11.604  0.4936E+00  0.2561E+03
     11.623  0.5226E+00  0.2561E+03
     11.641  0.5525E+00  0.2561E+03
     11.659  0.5832E+00  0.2561E+03
     11.677  0.6147E+00  0.2561E+03
     11.695  0.6470E+00  0.2562E+03
     11.713  0.6802E+00  0.2562E+03
     11.731  0.7141E+00  0.2562E+03
     11.750  0.7490E+00  0.2562E+03
     11.768  0.7846E+00  0.2562E+03
     11.786  0.8211E+00  0.2562E+03
     11.804  0.8584E+00  0.2562E+03
     11.822  0.8965E+00  0.2563E+03
     11.840  0.9355E+00  0.2563E+03
     11.858  0.9753E+00  0.2563E+03
     11.877  0.1016E+01  0.2563E+03
     11.895  0.1057E+01  0.2563E+03
     11.913  0.1100E+01  0.2563E+03
     11.931  0.1143E+01  0.2564E+03
     11.949  0.1187E+01  0.2564E+03
     11.967  0.1231E+01  0.2564E+03
     11.985  0.1277E+01  0.2564E+03
     12.004  0.1323E+01  0.2565E+03
     12.022  0.1371E+01  0.2565E+03
     12.040  0.1419E+01  0.2565E+03
     12.058  0.1468E+01  0.2565E+03
     12.076  0.1517E+01  0.2566E+03
     12.094  0.1568E+01  0.2566E+03
     12.112  0.1619E+01  0.2566E+03
     12.131  0.1672E+01  0.2566E+03
     12.149  0.1746E+01  0.2567E+03
     12.167  0.2103E+01  0.2567E+03
     12.185  0.2653E+01  0.2568E+03
     12.203  0.3285E+01  0.2568E+03
     12.221  0.3877E+01  0.2569E+03
     12.239  0.4391E+01  0.2569E+03
     12.258  0.4828E+01  0.2570E+03
     12.276  0.5189E+01  0.2571E+03
     12.294  0.5472E+01  0.2572E+03
     12.312  0.5679E+01  0.2573E+03
     12.330  0.5808E+01  0.2574E+03
     12.348  0.5861E+01  0.2575E+03
     12.366  0.5836E+01  0.2576E+03
     12.385  0.5735E+01  0.2577E+03
     12.403  0.5557E+01  0.2578E+03
     12.421  0.5302E+01  0.2579E+03
     12.439  0.5023E+01  0.2580E+03
     12.457  0.4772E+01  0.2581E+03
     12.475  0.4547E+01  0.2582E+03
     12.493  0.4346E+01  0.2583E+03
     12.511  0.4170E+01  0.2584E+03
     12.530  0.4018E+01  0.2584E+03
     12.548  0.3892E+01  0.2585E+03
     12.566  0.3790E+01  0.2586E+03
     12.584  0.3713E+01  0.2586E+03
     12.602  0.3661E+01  0.2587E+03
     12.620  0.3633E+01  0.2588E+03
     12.638  0.3631E+01  0.2588E+03
     12.657  0.3653E+01  0.2589E+03
     12.675  0.3700E+01  0.2590E+03
     12.693  0.3772E+01  0.2590E+03
     12.711  0.3863E+01  0.2591E+03
     12.729  0.3954E+01  0.2592E+03
     12.747  0.4042E+01  0.2593E+03
     12.765  0.4083E+01  0.2593E+03
     12.784  0.3987E+01  0.2594E+03
     12.802  0.3774E+01  0.2595E+03
     12.820  0.3457E+01  0.2595E+03
     12.838  0.3036E+01  0.2596E+03
     12.856  0.2512E+01  0.2597E+03
     12.874  0.1976E+01  0.2597E+03
     12.892  0.2075E+01  0.2597E+03
     12.911  0.2214E+01  0.2598E+03
     12.929  0.2330E+01  0.2598E+03
     12.947  0.2432E+01  0.2599E+03
     12.965  0.2530E+01  0.2599E+03
     12.983  0.2602E+01  0.2599E+03
     13.001  0.2685E+01  0.2600E+03
     13.019  0.2797E+01  0.2600E+03
     13.038  0.2939E+01  0.2601E+03
     13.056  0.3110E+01  0.2601E+03
     13.074  0.3310E+01  0.2602E+03
     13.092  0.3532E+01  0.2603E+03
     13.110  0.3728E+01  0.2603E+03
     13.128  0.3886E+01  0.2604E+03
     13.146  0.3992E+01  0.2605E+03
     13.165  0.4048E+01  0.2605E+03
     13.183  0.4099E+01  0.2606E+03
     13.201  0.4147E+01  0.2607E+03
     13.219  0.4192E+01  0.2608E+03
     13.237  0.4234E+01  0.2608E+03
     13.255  0.4272E+01  0.2609E+03
     13.273  0.4308E+01  0.2610E+03
     13.292  0.4340E+01  0.2611E+03
     13.310  0.4372E+01  0.2612E+03
     13.328  0.4405E+01  0.2612E+03
     13.346  0.4440E+01  0.2613E+03
     13.364  0.4480E+01  0.2614E+03
     13.382  0.4527E+01  0.2615E+03
     13.400  0.4580E+01  0.2616E+03
     13.419  0.4640E+01  0.2617E+03
     13.437  0.4712E+01  0.2617E+03
     13.455  0.4795E+01  0.2618E+03
     13.473  0.4888E+01  0.2619E+03
     13.491  0.4993E+01  0.2620E+03
     13.509  0.5109E+01  0.2621E+03
     13.527  0.5236E+01  0.2622E+03
     13.546  0.5372E+01  0.2623E+03
     13.564  0.5516E+01  0.2624E+03
     13.582  0.5668E+01  0.2625E+03
     13.600  0.5828E+01  0.2626E+03
     13.618  0.5995E+01  0.2627E+03
     13.636  0.6170E+01  0.2628E+03
     13.654  0.6352E+01  0.2629E+03
     13.672  0.6541E+01  0.2630E+03
     13.691  0.6738E+01  0.2632E+03
     13.709  0.6942E+01  0.2633E+03
     13.727  0.7154E+01  0.2634E+03
     13.745  0.7373E+01  0.2635E+03
     13.763  0.7600E+01  0.2637E+03
     13.781  0.7834E+01  0.2638E+03
     13.799  0.8077E+01  0.2640E+03
     13.818  0.8328E+01  0.2641E+03
     13.836  0.8587E+01  0.2643E+03
     13.854  0.8856E+01  0.2644E+03
     13.872  0.9134E+01  0.2646E+03
     13.890  0.9421E+01  0.2647E+03
     13.908  0.9717E+01  0.2649E+03
     13.926  0.1002E+02  0.2651E+03
     13.945  0.1035E+02  0.2653E+03
     13.963  0.1069E+02  0.2655E+03
     13.981  0.1105E+02  0.2657E+03
     13.999  0.1143E+02  0.2659E+03
     14.017  0.1183E+02  0.2661E+03
     14.035  0.1225E+02  0.2663E+03
     14.053  0.1268E+02  0.2665E+03
     14.072  0.1332E+02  0.2668E+03
     14.090  0.1444E+02  0.2670E+03
     14.108  0.1650E+02  0.2673E+03
     14.126  0.1915E+02  0.2676E+03
     14.144  0.2145E+02  0.2680E+03
     14.162  0.2276E+02  0.2684E+03
     14.180  0.2271E+02  0.2688E+03
     14.199  0.2164E+02  0.2692E+03
     14.217  0.1980E+02  0.2696E+03
     14.235  0.1911E+02  0.2699E+03
     14.253  0.1941E+02  0.2703E+03
     14.271  0.2201E+02  0.2707E+03
     14.289  0.2832E+02  0.2711E+03
     14.307  0.3500E+02  0.2717E+03
     14.326  0.2140E+02  0.2722E+03
     14.344  0.2682E+02  0.2726E+03
     14.362  0.4086E+02  0.2733E+03
     14.380  0.1796E+02  0.2737E+03
     14.398  0.1902E+02  0.2741E+03
     14.416  0.2238E+02  0.2744E+03
     14.434  0.2542E+02  0.2749E+03
     14.453  0.1976E+02  0.2753E+03
     14.471  0.1589E+02  0.2756E+03
     14.489  0.1415E+02  0.2759E+03
     14.507  0.1324E+02  0.2761E+03
     14.525  0.1246E+02  0.2764E+03
     14.543  0.1152E+02  0.2766E+03
     14.561  0.1047E+02  0.2768E+03
     14.580  0.9540E+01  0.2770E+03
     14.598  0.9160E+01  0.2771E+03
     14.616  0.8968E+01  0.2773E+03
     14.634  0.9067E+01  0.2775E+03
     14.652  0.9416E+01  0.2776E+03
     14.670  0.9737E+01  0.2778E+03
     14.688  0.1003E+02  0.2780E+03
     14.707  0.1040E+02  0.2782E+03
     14.725  0.1103E+02  0.2784E+03
     14.743  0.1194E+02  0.2786E+03
     14.761  0.1287E+02  0.2788E+03
     14.779  0.1349E+02  0.2790E+03
     14.797  0.1384E+02  0.2793E+03
     14.815  0.1395E+02  0.2795E+03
     14.833  0.1385E+02  0.2798E+03
     14.852  0.1361E+02  0.2800E+03
     14.870  0.1340E+02  0.2803E+03
     14.888  0.1331E+02  0.2805E+03
     14.906  0.1337E+02  0.2808E+03
     14.924  0.1358E+02  0.2810E+03
     14.942  0.1393E+02  0.2813E+03
     14.960  0.1457E+02  0.2815E+03
     14.979  0.1504E+02  0.2818E+03
     14.997  0.1514E+02  0.2821E+03
     15.015  0.1490E+02  0.2823E+03
     15.033  0.1458E+02  0.2826E+03
     15.051  0.1421E+02  0.2829E+03
     15.069  0.1382E+02  0.2831E+03
     15.087  0.1364E+02  0.2834E+03
     15.106  0.1377E+02  0.2836E+03
     15.124  0.1402E+02  0.2839E+03
     15.142  0.1412E+02  0.2841E+03
     15.160  0.1406E+02  0.2844E+03
     15.178  0.1375E+02  0.2846E+03
     15.196  0.1329E+02  0.2849E+03
     15.214  0.1282E+02  0.2851E+03
     15.233  0.1274E+02  0.2853E+03
     15.251  0.1286E+02  0.2856E+03
     15.269  0.1320E+02  0.2858E+03
     15.287  0.1352E+02  0.2860E+03
     15.305  0.1443E+02  0.2863E+03
     15.323  0.1563E+02  0.2866E+03
     15.341  0.1654E+02  0.2869E+03
     15.360  0.1656E+02  0.2872E+03
     15.378  0.1660E+02  0.2875E+03
     15.396  0.1674E+02  0.2878E+03
     15.414  0.1697E+02  0.2881E+03
     15.432  0.1728E+02  0.2884E+03
     15.450  0.1768E+02  0.2887E+03
     15.468  0.1821E+02  0.2890E+03
     15.487  0.1878E+02  0.2894E+03
     15.505  0.1912E+02  0.2897E+03
     15.523  0.1922E+02  0.2901E+03
     15.541  0.1924E+02  0.2904E+03
     15.559  0.1940E+02  0.2908E+03
     15.577  0.2002E+02  0.2911E+03
     15.595  0.2078E+02  0.2915E+03
     15.614  0.2119E+02  0.2919E+03
     15.632  0.2102E+02  0.2922E+03
     15.650  0.2034E+02  0.2926E+03
     15.668  0.1989E+02  0.2930E+03
     15.686  0.1939E+02  0.2933E+03
     15.704  0.1871E+02  0.2937E+03
     15.722  0.1751E+02  0.2940E+03
     15.741  0.1619E+02  0.2943E+03
     15.759  0.1457E+02  0.2946E+03
     15.777  0.1333E+02  0.2949E+03
     15.795  0.1677E+02  0.2951E+03
     15.813  0.1928E+02  0.2955E+03
     15.831  0.2042E+02  0.2958E+03
     15.849  0.1935E+02  0.2962E+03
     15.868  0.1776E+02  0.2965E+03
     15.886  0.1610E+02  0.2968E+03
     15.904  0.1423E+02  0.2971E+03
     15.922  0.1217E+02  0.2973E+03
     15.940  0.1133E+02  0.2976E+03
     15.958  0.1197E+02  0.2978E+03
     15.976  0.1411E+02  0.2980E+03
     15.994  0.1833E+02  0.2983E+03
     16.013  0.2103E+02  0.2986E+03
     16.031  0.2280E+02  0.2990E+03
     16.049  0.2380E+02  0.2995E+03
     16.067  0.2407E+02  0.2999E+03
     16.085  0.2309E+02  0.3003E+03
     16.103  0.1964E+02  0.3007E+03
     16.121  0.1886E+02  0.3011E+03
     16.140  0.1912E+02  0.3014E+03
     16.158  0.1821E+02  0.3018E+03
     16.176  0.1766E+02  0.3021E+03
     16.194  0.1958E+02  0.3024E+03
     16.212  0.2690E+02  0.3028E+03
     16.230  0.2901E+02  0.3034E+03
     16.248  0.1658E+02  0.3038E+03
     16.267  0.8549E+01  0.3040E+03
     16.285  0.6019E+01  0.3041E+03
     16.303  0.5590E+01  0.3042E+03
     16.321  0.7302E+01  0.3043E+03
     16.339  0.1053E+02  0.3045E+03
     16.357  0.1502E+02  0.3047E+03
     16.375  0.2028E+02  0.3050E+03
     16.394  0.1912E+02  0.3054E+03
     16.412  0.1818E+02  0.3057E+03
     16.430  0.1649E+02  0.3061E+03
     16.448  0.1274E+02  0.3063E+03
     16.466  0.1036E+02  0.3065E+03
     16.484  0.1235E+02  0.3067E+03
     16.502  0.1363E+02  0.3070E+03
     16.521  0.1390E+02  0.3072E+03
     16.539  0.1382E+02  0.3075E+03
     16.557  0.1357E+02  0.3077E+03
     16.575  0.1319E+02  0.3080E+03
     16.593  0.1271E+02  0.3082E+03
     16.611  0.1246E+02  0.3084E+03
     16.629  0.1297E+02  0.3086E+03
     16.648  0.1366E+02  0.3089E+03
     16.666  0.1454E+02  0.3091E+03
     16.684  0.1437E+02  0.3094E+03
     16.702  0.1351E+02  0.3097E+03
     16.720  0.1287E+02  0.3099E+03
     16.738  0.1254E+02  0.3101E+03
     16.756  0.1195E+02  0.3104E+03
     16.775  0.1165E+02  0.3106E+03
     16.793  0.1265E+02  0.3108E+03
     16.811  0.1417E+02  0.3110E+03
     16.829  0.1382E+02  0.3113E+03
     16.847  0.1349E+02  0.3115E+03
     16.865  0.1322E+02  0.3118E+03
     16.883  0.1299E+02  0.3120E+03
     16.902  0.1282E+02  0.3122E+03
     16.920  0.1266E+02  0.3125E+03
     16.938  0.1251E+02  0.3127E+03
     16.956  0.1236E+02  0.3129E+03
     16.974  0.1214E+02  0.3132E+03
     16.992  0.1178E+02  0.3134E+03
     17.010  0.1138E+02  0.3136E+03
     17.029  0.1187E+02  0.3138E+03
     17.047  0.1278E+02  0.3140E+03
     17.065  0.1377E+02  0.3143E+03
     17.083  0.1448E+02  0.3145E+03
     17.101  0.1450E+02  0.3148E+03
     17.119  0.1357E+02  0.3150E+03
     17.137  0.1280E+02  0.3153E+03
     17.155  0.1233E+02  0.3155E+03
     17.174  0.1214E+02  0.3157E+03
     17.192  0.1223E+02  0.3159E+03
     17.210  0.1232E+02  0.3162E+03
     17.228  0.1172E+02  0.3164E+03
     17.246  0.1086E+02  0.3166E+03
     17.264  0.1042E+02  0.3168E+03
     17.282  0.1019E+02  0.3170E+03
     17.301  0.9730E+01  0.3172E+03
     17.319  0.8996E+01  0.3173E+03
     17.337  0.8109E+01  0.3175E+03
     17.355  0.7894E+01  0.3176E+03
     17.373  0.8762E+01  0.3178E+03
     17.391  0.9866E+01  0.3179E+03
     17.409  0.1002E+02  0.3181E+03
     17.428  0.1003E+02  0.3183E+03
     17.446  0.9922E+01  0.3185E+03
     17.464  0.1023E+02  0.3187E+03
     17.482  0.1151E+02  0.3189E+03
     17.500  0.1214E+02  0.3191E+03
     17.518  0.1153E+02  0.3193E+03
     17.536  0.9922E+01  0.3195E+03
     17.555  0.8871E+01  0.3197E+03
     17.573  0.8411E+01  0.3198E+03
     17.591  0.8214E+01  0.3200E+03
     17.609  0.8321E+01  0.3201E+03
     17.627  0.8587E+01  0.3203E+03
     17.645  0.8929E+01  0.3204E+03
     17.663  0.9179E+01  0.3206E+03
     17.682  0.9309E+01  0.3208E+03
     17.700  0.9317E+01  0.3209E+03
     17.718  0.9206E+01  0.3211E+03
     17.736  0.8960E+01  0.3213E+03
     17.754  0.8470E+01  0.3214E+03
     17.772  0.7708E+01  0.3216E+03
     17.790  0.6674E+01  0.3217E+03
     17.809  0.6177E+01  0.3218E+03
     17.827  0.4596E+01  0.3219E+03
     17.845  0.2146E+01  0.3220E+03
     17.863  0.6072E+00  0.3220E+03
     17.881  0.8744E-02  0.3220E+03
     17.899  0.0000E+00  0.3220E+03
     17.917  0.0000E+00  0.3220E+03
     17.936  0.0000E+00  0.3220E+03
     17.954  0.0000E+00  0.3220E+03
     17.972  0.0000E+00  0.3220E+03
     17.990  0.0000E+00  0.3220E+03
     18.008  0.0000E+00  0.3220E+03
     18.026  0.0000E+00  0.3220E+03
     18.044  0.0000E+00  0.3220E+03
     18.063  0.0000E+00  0.3220E+03
     18.081  0.0000E+00  0.3220E+03
     18.099  0.0000E+00  0.3220E+03
     18.117  0.0000E+00  0.3220E+03
     18.135  0.0000E+00  0.3220E+03
     18.153  0.0000E+00  0.3220E+03
     18.171  0.0000E+00  0.3220E+03
     18.190  0.0000E+00  0.3220E+03
     18.208  0.0000E+00  0.3220E+03
     18.226  0.0000E+00  0.3220E+03
     18.244  0.0000E+00  0.3220E+03
     18.262  0.0000E+00  0.3220E+03
     18.280  0.0000E+00  0.3220E+03
     18.298  0.0000E+00  0.3220E+03
     18.316  0.0000E+00  0.3220E+03
     18.335  0.0000E+00  0.3220E+03
     18.353  0.0000E+00  0.3220E+03
     18.371  0.0000E+00  0.3220E+03
     18.389  0.0000E+00  0.3220E+03
     18.407  0.0000E+00  0.3220E+03
     18.425  0.0000E+00  0.3220E+03
     18.443  0.0000E+00  0.3220E+03
     18.462  0.0000E+00  0.3220E+03
     18.480  0.0000E+00  0.3220E+03
     18.498  0.0000E+00  0.3220E+03
     18.516  0.0000E+00  0.3220E+03
     18.534  0.0000E+00  0.3220E+03
     18.552  0.0000E+00  0.3220E+03
     18.570  0.0000E+00  0.3220E+03
     18.589  0.0000E+00  0.3220E+03
     18.607  0.0000E+00  0.3220E+03
     18.625  0.0000E+00  0.3220E+03
     18.643  0.0000E+00  0.3220E+03
     18.661  0.0000E+00  0.3220E+03
     18.679  0.0000E+00  0.3220E+03
     18.697  0.0000E+00  0.3220E+03
     18.716  0.0000E+00  0.3220E+03
     18.734  0.0000E+00  0.3220E+03
     18.752  0.0000E+00  0.3220E+03
     18.770  0.0000E+00  0.3220E+03
     18.788  0.0000E+00  0.3220E+03
     18.806  0.0000E+00  0.3220E+03
     18.824  0.0000E+00  0.3220E+03
     18.843  0.0000E+00  0.3220E+03
     18.861  0.0000E+00  0.3220E+03
     18.879  0.0000E+00  0.3220E+03
     18.897  0.0000E+00  0.3220E+03
     18.915  0.0000E+00  0.3220E+03
     18.933  0.0000E+00  0.3220E+03
     18.951  0.0000E+00  0.3220E+03
     18.970  0.0000E+00  0.3220E+03
     18.988  0.0000E+00  0.3220E+03
     19.006  0.0000E+00  0.3220E+03
     19.024  0.0000E+00  0.3220E+03
     19.042  0.0000E+00  0.3220E+03
     19.060  0.0000E+00  0.3220E+03
     19.078  0.0000E+00  0.3220E+03
     19.097  0.0000E+00  0.3220E+03
     19.115  0.0000E+00  0.3220E+03
     19.133  0.0000E+00  0.3220E+03
     19.151  0.0000E+00  0.3220E+03
     19.169  0.0000E+00  0.3220E+03
     19.187  0.0000E+00  0.3220E+03
     19.205  0.0000E+00  0.3220E+03
     19.224  0.0000E+00  0.3220E+03
     19.242  0.0000E+00  0.3220E+03
     19.260  0.0000E+00  0.3220E+03
     19.278  0.0000E+00  0.3220E+03
     19.296  0.0000E+00  0.3220E+03
     19.314  0.0000E+00  0.3220E+03
     19.332  0.0000E+00  0.3220E+03
     19.351  0.0000E+00  0.3220E+03
     19.369  0.0000E+00  0.3220E+03
     19.387  0.0000E+00  0.3220E+03
     19.405  0.0000E+00  0.3220E+03
     19.423  0.0000E+00  0.3220E+03
     19.441  0.0000E+00  0.3220E+03
     19.459  0.0000E+00  0.3220E+03
     19.477  0.0000E+00  0.3220E+03
     19.496  0.0000E+00  0.3220E+03
     19.514  0.0000E+00  0.3220E+03
     19.532  0.0000E+00  0.3220E+03

