 Energy DOS Integrated_DOS
    -16.818  0.0000E+00  0.0000E+00
    -16.800  0.0000E+00  0.0000E+00
    -16.782  0.0000E+00  0.0000E+00
    -16.764  0.0000E+00  0.0000E+00
    -16.746  0.0000E+00  0.0000E+00
    -16.727  0.0000E+00  0.0000E+00
    -16.709  0.0000E+00  0.0000E+00
    -16.691  0.0000E+00  0.0000E+00
    -16.673  0.0000E+00  0.0000E+00
    -16.655  0.0000E+00  0.0000E+00
    -16.637  0.0000E+00  0.0000E+00
    -16.618  0.0000E+00  0.0000E+00
    -16.600  0.0000E+00  0.0000E+00
    -16.582  0.0000E+00  0.0000E+00
    -16.564  0.0000E+00  0.0000E+00
    -16.546  0.0000E+00  0.0000E+00
    -16.527  0.0000E+00  0.0000E+00
    -16.509  0.0000E+00  0.0000E+00
    -16.491  0.0000E+00  0.0000E+00
    -16.473  0.0000E+00  0.0000E+00
    -16.455  0.0000E+00  0.0000E+00
    -16.436  0.0000E+00  0.0000E+00
    -16.418  0.0000E+00  0.0000E+00
    -16.400  0.0000E+00  0.0000E+00
    -16.382  0.0000E+00  0.0000E+00
    -16.364  0.0000E+00  0.0000E+00
    -16.345  0.0000E+00  0.0000E+00
    -16.327  0.0000E+00  0.0000E+00
    -16.309  0.0000E+00  0.0000E+00
    -16.291  0.0000E+00  0.0000E+00
    -16.273  0.0000E+00  0.0000E+00
    -16.254  0.0000E+00  0.0000E+00
    -16.236  0.0000E+00  0.0000E+00
    -16.218  0.0000E+00  0.0000E+00
    -16.200  0.0000E+00  0.0000E+00
    -16.182  0.0000E+00  0.0000E+00
    -16.163  0.0000E+00  0.0000E+00
    -16.145  0.0000E+00  0.0000E+00
    -16.127  0.0000E+00  0.0000E+00
    -16.109  0.0000E+00  0.0000E+00
    -16.091  0.0000E+00  0.0000E+00
    -16.073  0.0000E+00  0.0000E+00
    -16.054  0.0000E+00  0.0000E+00
    -16.036  0.0000E+00  0.0000E+00
    -16.018  0.0000E+00  0.0000E+00
    -16.000  0.0000E+00  0.0000E+00
    -15.982  0.0000E+00  0.0000E+00
    -15.963  0.0000E+00  0.0000E+00
    -15.945  0.0000E+00  0.0000E+00
    -15.927  0.0000E+00  0.0000E+00
    -15.909  0.0000E+00  0.0000E+00
    -15.891  0.0000E+00  0.0000E+00
    -15.872  0.0000E+00  0.0000E+00
    -15.854  0.0000E+00  0.0000E+00
    -15.836  0.0000E+00  0.0000E+00
    -15.818  0.0000E+00  0.0000E+00
    -15.800  0.0000E+00  0.0000E+00
    -15.781  0.0000E+00  0.0000E+00
    -15.763  0.0000E+00  0.0000E+00
    -15.745  0.0000E+00  0.0000E+00
    -15.727  0.0000E+00  0.0000E+00
    -15.709  0.0000E+00  0.0000E+00
    -15.690  0.0000E+00  0.0000E+00
    -15.672  0.0000E+00  0.0000E+00
    -15.654  0.0000E+00  0.0000E+00
    -15.636  0.0000E+00  0.0000E+00
    -15.618  0.0000E+00  0.0000E+00
    -15.599  0.0000E+00  0.0000E+00
    -15.581  0.0000E+00  0.0000E+00
    -15.563  0.0000E+00  0.0000E+00
    -15.545  0.0000E+00  0.0000E+00
    -15.527  0.0000E+00  0.0000E+00
    -15.508  0.0000E+00  0.0000E+00
    -15.490  0.0000E+00  0.0000E+00
    -15.472  0.0000E+00  0.0000E+00
    -15.454  0.0000E+00  0.0000E+00
    -15.436  0.0000E+00  0.0000E+00
    -15.418  0.0000E+00  0.0000E+00
    -15.399  0.0000E+00  0.0000E+00
    -15.381  0.0000E+00  0.0000E+00
    -15.363  0.0000E+00  0.0000E+00
    -15.345  0.0000E+00  0.0000E+00
    -15.327  0.0000E+00  0.0000E+00
    -15.308  0.0000E+00  0.0000E+00
    -15.290  0.0000E+00  0.0000E+00
    -15.272  0.0000E+00  0.0000E+00
    -15.254  0.0000E+00  0.0000E+00
    -15.236  0.0000E+00  0.0000E+00
    -15.217  0.0000E+00  0.0000E+00
    -15.199  0.0000E+00  0.0000E+00
    -15.181  0.0000E+00  0.0000E+00
    -15.163  0.1061E-02  0.8771E-06
    -15.145  0.7365E-01  0.5076E-03
    -15.126  0.2603E+00  0.3373E-02
    -15.108  0.5611E+00  0.1067E-01
    -15.090  0.9759E+00  0.2448E-01
    -15.072  0.1505E+01  0.4687E-01
    -15.054  0.2148E+01  0.7993E-01
    -15.035  0.2905E+01  0.1257E+00
    -15.017  0.3776E+01  0.1863E+00
    -14.999  0.4761E+01  0.2638E+00
    -14.981  0.5860E+01  0.3603E+00
    -14.963  0.7262E+01  0.4792E+00
    -14.944  0.8529E+01  0.6234E+00
    -14.926  0.1108E+02  0.7954E+00
    -14.908  0.1554E+02  0.1040E+01
    -14.890  0.1876E+02  0.1353E+01
    -14.872  0.2073E+02  0.1715E+01
    -14.854  0.2145E+02  0.2100E+01
    -14.835  0.2093E+02  0.2488E+01
    -14.817  0.1885E+02  0.2853E+01
    -14.799  0.1539E+02  0.3166E+01
    -14.781  0.1183E+02  0.3413E+01
    -14.763  0.8837E+01  0.3600E+01
    -14.744  0.6402E+01  0.3738E+01
    -14.726  0.4528E+01  0.3836E+01
    -14.708  0.1135E+02  0.3964E+01
    -14.690  0.1780E+02  0.4237E+01
    -14.672  0.2091E+02  0.4591E+01
    -14.653  0.2284E+02  0.4991E+01
    -14.635  0.2360E+02  0.5415E+01
    -14.617  0.2318E+02  0.5843E+01
    -14.599  0.2094E+02  0.6248E+01
    -14.581  0.1575E+02  0.6587E+01
    -14.562  0.9057E+01  0.6807E+01
    -14.544  0.9253E+01  0.6974E+01
    -14.526  0.9279E+01  0.7143E+01
    -14.508  0.9317E+01  0.7312E+01
    -14.490  0.9408E+01  0.7482E+01
    -14.471  0.9581E+01  0.7654E+01
    -14.453  0.9851E+01  0.7831E+01
    -14.435  0.1022E+02  0.8013E+01
    -14.417  0.8581E+01  0.8187E+01
    -14.399  0.8115E+01  0.8335E+01
    -14.380  0.9870E+01  0.8496E+01
    -14.362  0.1242E+02  0.8698E+01
    -14.344  0.1527E+02  0.8950E+01
    -14.326  0.1842E+02  0.9256E+01
    -14.308  0.3002E+02  0.9664E+01
    -14.290  0.4585E+02  0.1037E+02
    -14.271  0.4897E+02  0.1127E+02
    -14.253  0.2410E+02  0.1176E+02
    -14.235  0.2358E+02  0.1222E+02
    -14.217  0.7475E+01  0.1250E+02
    -14.199  0.6964E+01  0.1261E+02
    -14.180  0.8831E+01  0.1276E+02
    -14.162  0.1120E+02  0.1294E+02
    -14.144  0.1490E+02  0.1317E+02
    -14.126  0.6533E+02  0.1362E+02
    -14.108  0.3382E+02  0.1457E+02
    -14.089  0.4354E+02  0.1529E+02
    -14.071  0.4273E+02  0.1609E+02
    -14.053  0.3676E+02  0.1679E+02
    -14.035  0.4102E+02  0.1748E+02
    -14.017  0.4405E+02  0.1827E+02
    -13.998  0.5916E+02  0.1907E+02
    -13.980  0.4927E+02  0.2033E+02
    -13.962  0.3001E+02  0.2104E+02
    -13.944  0.1627E+02  0.2145E+02
    -13.926  0.9134E+01  0.2168E+02
    -13.907  0.3289E+02  0.2224E+02
    -13.889  0.2301E+02  0.2275E+02
    -13.871  0.1627E+02  0.2310E+02
    -13.853  0.1203E+02  0.2336E+02
    -13.835  0.8811E+01  0.2354E+02
    -13.816  0.7315E+01  0.2368E+02
    -13.798  0.1276E+02  0.2386E+02
    -13.780  0.4238E+02  0.2427E+02
    -13.762  0.7724E+02  0.2551E+02
    -13.744  0.6248E+02  0.2675E+02
    -13.725  0.6287E+02  0.2784E+02
    -13.707  0.8179E+02  0.2916E+02
    -13.689  0.9261E+02  0.3072E+02
    -13.671  0.1015E+03  0.3253E+02
    -13.653  0.1054E+03  0.3442E+02
    -13.635  0.9441E+02  0.3626E+02
    -13.616  0.8155E+02  0.3788E+02
    -13.598  0.6318E+02  0.3923E+02
    -13.580  0.6064E+02  0.4030E+02
    -13.562  0.8337E+02  0.4165E+02
    -13.544  0.5209E+02  0.4304E+02
    -13.525  0.5572E+02  0.4480E+02
    -13.507  0.7178E+02  0.4613E+02
    -13.489  0.1002E+03  0.4762E+02
    -13.471  0.1003E+03  0.4952E+02
    -13.453  0.1131E+03  0.5139E+02
    -13.434  0.9265E+02  0.5336E+02
    -13.416  0.8397E+02  0.5476E+02
    -13.398  0.1524E+03  0.5686E+02
    -13.380  0.5860E+02  0.5828E+02
    -13.362  0.8079E+02  0.5959E+02
    -13.343  0.5915E+02  0.6087E+02
    -13.325  0.3143E+02  0.6170E+02
    -13.307  0.3572E+01  0.6199E+02
    -13.289  0.0000E+00  0.6200E+02
    -13.271  0.0000E+00  0.6200E+02
    -13.252  0.0000E+00  0.6200E+02
    -13.234  0.0000E+00  0.6200E+02
    -13.216  0.0000E+00  0.6200E+02
    -13.198  0.0000E+00  0.6200E+02
    -13.180  0.0000E+00  0.6200E+02
    -13.161  0.0000E+00  0.6200E+02
    -13.143  0.0000E+00  0.6200E+02
    -13.125  0.0000E+00  0.6200E+02
    -13.107  0.0000E+00  0.6200E+02
    -13.089  0.0000E+00  0.6200E+02
    -13.071  0.0000E+00  0.6200E+02
    -13.052  0.0000E+00  0.6200E+02
    -13.034  0.0000E+00  0.6200E+02
    -13.016  0.0000E+00  0.6200E+02
    -12.998  0.0000E+00  0.6200E+02
    -12.980  0.0000E+00  0.6200E+02
    -12.961  0.0000E+00  0.6200E+02
    -12.943  0.0000E+00  0.6200E+02
    -12.925  0.0000E+00  0.6200E+02
    -12.907  0.0000E+00  0.6200E+02
    -12.889  0.0000E+00  0.6200E+02
    -12.870  0.0000E+00  0.6200E+02
    -12.852  0.0000E+00  0.6200E+02
    -12.834  0.0000E+00  0.6200E+02
    -12.816  0.0000E+00  0.6200E+02
    -12.798  0.0000E+00  0.6200E+02
    -12.779  0.0000E+00  0.6200E+02
    -12.761  0.0000E+00  0.6200E+02
    -12.743  0.0000E+00  0.6200E+02
    -12.725  0.0000E+00  0.6200E+02
    -12.707  0.0000E+00  0.6200E+02
    -12.688  0.0000E+00  0.6200E+02
    -12.670  0.0000E+00  0.6200E+02
    -12.652  0.0000E+00  0.6200E+02
    -12.634  0.0000E+00  0.6200E+02
    -12.616  0.0000E+00  0.6200E+02
    -12.597  0.0000E+00  0.6200E+02
    -12.579  0.0000E+00  0.6200E+02
    -12.561  0.0000E+00  0.6200E+02
    -12.543  0.0000E+00  0.6200E+02
    -12.525  0.0000E+00  0.6200E+02
    -12.507  0.0000E+00  0.6200E+02
    -12.488  0.0000E+00  0.6200E+02
    -12.470  0.0000E+00  0.6200E+02
    -12.452  0.0000E+00  0.6200E+02
    -12.434  0.0000E+00  0.6200E+02
    -12.416  0.0000E+00  0.6200E+02
    -12.397  0.0000E+00  0.6200E+02
    -12.379  0.0000E+00  0.6200E+02
    -12.361  0.0000E+00  0.6200E+02
    -12.343  0.0000E+00  0.6200E+02
    -12.325  0.0000E+00  0.6200E+02
    -12.306  0.0000E+00  0.6200E+02
    -12.288  0.0000E+00  0.6200E+02
    -12.270  0.0000E+00  0.6200E+02
    -12.252  0.0000E+00  0.6200E+02
    -12.234  0.0000E+00  0.6200E+02
    -12.215  0.0000E+00  0.6200E+02
    -12.197  0.0000E+00  0.6200E+02
    -12.179  0.0000E+00  0.6200E+02
    -12.161  0.0000E+00  0.6200E+02
    -12.143  0.0000E+00  0.6200E+02
    -12.124  0.0000E+00  0.6200E+02
    -12.106  0.0000E+00  0.6200E+02
    -12.088  0.0000E+00  0.6200E+02
    -12.070  0.0000E+00  0.6200E+02
    -12.052  0.0000E+00  0.6200E+02
    -12.033  0.0000E+00  0.6200E+02
    -12.015  0.0000E+00  0.6200E+02
    -11.997  0.0000E+00  0.6200E+02
    -11.979  0.0000E+00  0.6200E+02
    -11.961  0.0000E+00  0.6200E+02
    -11.942  0.0000E+00  0.6200E+02
    -11.924  0.0000E+00  0.6200E+02
    -11.906  0.0000E+00  0.6200E+02
    -11.888  0.0000E+00  0.6200E+02
    -11.870  0.0000E+00  0.6200E+02
    -11.852  0.0000E+00  0.6200E+02
    -11.833  0.0000E+00  0.6200E+02
    -11.815  0.0000E+00  0.6200E+02
    -11.797  0.0000E+00  0.6200E+02
    -11.779  0.0000E+00  0.6200E+02
    -11.761  0.0000E+00  0.6200E+02
    -11.742  0.0000E+00  0.6200E+02
    -11.724  0.0000E+00  0.6200E+02
    -11.706  0.0000E+00  0.6200E+02
    -11.688  0.0000E+00  0.6200E+02
    -11.670  0.0000E+00  0.6200E+02
    -11.651  0.0000E+00  0.6200E+02
    -11.633  0.0000E+00  0.6200E+02
    -11.615  0.0000E+00  0.6200E+02
    -11.597  0.0000E+00  0.6200E+02
    -11.579  0.0000E+00  0.6200E+02
    -11.560  0.0000E+00  0.6200E+02
    -11.542  0.0000E+00  0.6200E+02
    -11.524  0.0000E+00  0.6200E+02
    -11.506  0.0000E+00  0.6200E+02
    -11.488  0.0000E+00  0.6200E+02
    -11.469  0.0000E+00  0.6200E+02
    -11.451  0.0000E+00  0.6200E+02
    -11.433  0.0000E+00  0.6200E+02
    -11.415  0.0000E+00  0.6200E+02
    -11.397  0.0000E+00  0.6200E+02
    -11.378  0.0000E+00  0.6200E+02
    -11.360  0.0000E+00  0.6200E+02
    -11.342  0.0000E+00  0.6200E+02
    -11.324  0.0000E+00  0.6200E+02
    -11.306  0.0000E+00  0.6200E+02
    -11.288  0.0000E+00  0.6200E+02
    -11.269  0.0000E+00  0.6200E+02
    -11.251  0.0000E+00  0.6200E+02
    -11.233  0.0000E+00  0.6200E+02
    -11.215  0.0000E+00  0.6200E+02
    -11.197  0.0000E+00  0.6200E+02
    -11.178  0.0000E+00  0.6200E+02
    -11.160  0.0000E+00  0.6200E+02
    -11.142  0.0000E+00  0.6200E+02
    -11.124  0.0000E+00  0.6200E+02
    -11.106  0.0000E+00  0.6200E+02
    -11.087  0.0000E+00  0.6200E+02
    -11.069  0.0000E+00  0.6200E+02
    -11.051  0.0000E+00  0.6200E+02
    -11.033  0.0000E+00  0.6200E+02
    -11.015  0.0000E+00  0.6200E+02
    -10.996  0.0000E+00  0.6200E+02
    -10.978  0.0000E+00  0.6200E+02
    -10.960  0.0000E+00  0.6200E+02
    -10.942  0.0000E+00  0.6200E+02
    -10.924  0.0000E+00  0.6200E+02
    -10.905  0.0000E+00  0.6200E+02
    -10.887  0.0000E+00  0.6200E+02
    -10.869  0.0000E+00  0.6200E+02
    -10.851  0.0000E+00  0.6200E+02
    -10.833  0.0000E+00  0.6200E+02
    -10.814  0.0000E+00  0.6200E+02
    -10.796  0.0000E+00  0.6200E+02
    -10.778  0.0000E+00  0.6200E+02
    -10.760  0.0000E+00  0.6200E+02
    -10.742  0.0000E+00  0.6200E+02
    -10.724  0.0000E+00  0.6200E+02
    -10.705  0.0000E+00  0.6200E+02
    -10.687  0.0000E+00  0.6200E+02
    -10.669  0.0000E+00  0.6200E+02
    -10.651  0.0000E+00  0.6200E+02
    -10.633  0.0000E+00  0.6200E+02
    -10.614  0.0000E+00  0.6200E+02
    -10.596  0.0000E+00  0.6200E+02
    -10.578  0.0000E+00  0.6200E+02
    -10.560  0.0000E+00  0.6200E+02
    -10.542  0.0000E+00  0.6200E+02
    -10.523  0.0000E+00  0.6200E+02
    -10.505  0.0000E+00  0.6200E+02
    -10.487  0.0000E+00  0.6200E+02
    -10.469  0.0000E+00  0.6200E+02
    -10.451  0.0000E+00  0.6200E+02
    -10.432  0.0000E+00  0.6200E+02
    -10.414  0.0000E+00  0.6200E+02
    -10.396  0.0000E+00  0.6200E+02
    -10.378  0.0000E+00  0.6200E+02
    -10.360  0.0000E+00  0.6200E+02
    -10.341  0.0000E+00  0.6200E+02
    -10.323  0.0000E+00  0.6200E+02
    -10.305  0.0000E+00  0.6200E+02
    -10.287  0.0000E+00  0.6200E+02
    -10.269  0.0000E+00  0.6200E+02
    -10.250  0.0000E+00  0.6200E+02
    -10.232  0.0000E+00  0.6200E+02
    -10.214  0.0000E+00  0.6200E+02
    -10.196  0.0000E+00  0.6200E+02
    -10.178  0.0000E+00  0.6200E+02
    -10.159  0.0000E+00  0.6200E+02
    -10.141  0.0000E+00  0.6200E+02
    -10.123  0.0000E+00  0.6200E+02
    -10.105  0.0000E+00  0.6200E+02
    -10.087  0.0000E+00  0.6200E+02
    -10.069  0.0000E+00  0.6200E+02
    -10.050  0.0000E+00  0.6200E+02
    -10.032  0.0000E+00  0.6200E+02
    -10.014  0.0000E+00  0.6200E+02
     -9.996  0.0000E+00  0.6200E+02
     -9.978  0.0000E+00  0.6200E+02
     -9.959  0.0000E+00  0.6200E+02
     -9.941  0.0000E+00  0.6200E+02
     -9.923  0.0000E+00  0.6200E+02
     -9.905  0.0000E+00  0.6200E+02
     -9.887  0.0000E+00  0.6200E+02
     -9.868  0.0000E+00  0.6200E+02
     -9.850  0.0000E+00  0.6200E+02
     -9.832  0.0000E+00  0.6200E+02
     -9.814  0.0000E+00  0.6200E+02
     -9.796  0.0000E+00  0.6200E+02
     -9.777  0.0000E+00  0.6200E+02
     -9.759  0.0000E+00  0.6200E+02
     -9.741  0.0000E+00  0.6200E+02
     -9.723  0.0000E+00  0.6200E+02
     -9.705  0.0000E+00  0.6200E+02
     -9.686  0.0000E+00  0.6200E+02
     -9.668  0.0000E+00  0.6200E+02
     -9.650  0.0000E+00  0.6200E+02
     -9.632  0.0000E+00  0.6200E+02
     -9.614  0.0000E+00  0.6200E+02
     -9.595  0.0000E+00  0.6200E+02
     -9.577  0.0000E+00  0.6200E+02
     -9.559  0.0000E+00  0.6200E+02
     -9.541  0.0000E+00  0.6200E+02
     -9.523  0.0000E+00  0.6200E+02
     -9.505  0.0000E+00  0.6200E+02
     -9.486  0.0000E+00  0.6200E+02
     -9.468  0.0000E+00  0.6200E+02
     -9.450  0.0000E+00  0.6200E+02
     -9.432  0.0000E+00  0.6200E+02
     -9.414  0.0000E+00  0.6200E+02
     -9.395  0.0000E+00  0.6200E+02
     -9.377  0.0000E+00  0.6200E+02
     -9.359  0.0000E+00  0.6200E+02
     -9.341  0.0000E+00  0.6200E+02
     -9.323  0.0000E+00  0.6200E+02
     -9.304  0.0000E+00  0.6200E+02
     -9.286  0.0000E+00  0.6200E+02
     -9.268  0.0000E+00  0.6200E+02
     -9.250  0.0000E+00  0.6200E+02
     -9.232  0.0000E+00  0.6200E+02
     -9.213  0.0000E+00  0.6200E+02
     -9.195  0.0000E+00  0.6200E+02
     -9.177  0.0000E+00  0.6200E+02
     -9.159  0.0000E+00  0.6200E+02
     -9.141  0.0000E+00  0.6200E+02
     -9.122  0.0000E+00  0.6200E+02
     -9.104  0.0000E+00  0.6200E+02
     -9.086  0.0000E+00  0.6200E+02
     -9.068  0.0000E+00  0.6200E+02
     -9.050  0.0000E+00  0.6200E+02
     -9.031  0.0000E+00  0.6200E+02
     -9.013  0.0000E+00  0.6200E+02
     -8.995  0.0000E+00  0.6200E+02
     -8.977  0.0000E+00  0.6200E+02
     -8.959  0.0000E+00  0.6200E+02
     -8.941  0.0000E+00  0.6200E+02
     -8.922  0.0000E+00  0.6200E+02
     -8.904  0.0000E+00  0.6200E+02
     -8.886  0.0000E+00  0.6200E+02
     -8.868  0.0000E+00  0.6200E+02
     -8.850  0.0000E+00  0.6200E+02
     -8.831  0.0000E+00  0.6200E+02
     -8.813  0.0000E+00  0.6200E+02
     -8.795  0.0000E+00  0.6200E+02
     -8.777  0.0000E+00  0.6200E+02
     -8.759  0.0000E+00  0.6200E+02
     -8.740  0.0000E+00  0.6200E+02
     -8.722  0.0000E+00  0.6200E+02
     -8.704  0.0000E+00  0.6200E+02
     -8.686  0.0000E+00  0.6200E+02
     -8.668  0.0000E+00  0.6200E+02
     -8.649  0.0000E+00  0.6200E+02
     -8.631  0.0000E+00  0.6200E+02
     -8.613  0.0000E+00  0.6200E+02
     -8.595  0.0000E+00  0.6200E+02
     -8.577  0.0000E+00  0.6200E+02
     -8.558  0.0000E+00  0.6200E+02
     -8.540  0.0000E+00  0.6200E+02
     -8.522  0.0000E+00  0.6200E+02
     -8.504  0.0000E+00  0.6200E+02
     -8.486  0.0000E+00  0.6200E+02
     -8.467  0.0000E+00  0.6200E+02
     -8.449  0.0000E+00  0.6200E+02
     -8.431  0.0000E+00  0.6200E+02
     -8.413  0.0000E+00  0.6200E+02
     -8.395  0.0000E+00  0.6200E+02
     -8.376  0.0000E+00  0.6200E+02
     -8.358  0.0000E+00  0.6200E+02
     -8.340  0.0000E+00  0.6200E+02
     -8.322  0.0000E+00  0.6200E+02
     -8.304  0.0000E+00  0.6200E+02
     -8.286  0.0000E+00  0.6200E+02
     -8.267  0.0000E+00  0.6200E+02
     -8.249  0.0000E+00  0.6200E+02
     -8.231  0.0000E+00  0.6200E+02
     -8.213  0.0000E+00  0.6200E+02
     -8.195  0.0000E+00  0.6200E+02
     -8.176  0.0000E+00  0.6200E+02
     -8.158  0.0000E+00  0.6200E+02
     -8.140  0.0000E+00  0.6200E+02
     -8.122  0.0000E+00  0.6200E+02
     -8.104  0.0000E+00  0.6200E+02
     -8.085  0.0000E+00  0.6200E+02
     -8.067  0.0000E+00  0.6200E+02
     -8.049  0.0000E+00  0.6200E+02
     -8.031  0.0000E+00  0.6200E+02
     -8.013  0.0000E+00  0.6200E+02
     -7.994  0.0000E+00  0.6200E+02
     -7.976  0.0000E+00  0.6200E+02
     -7.958  0.0000E+00  0.6200E+02
     -7.940  0.0000E+00  0.6200E+02
     -7.922  0.0000E+00  0.6200E+02
     -7.903  0.0000E+00  0.6200E+02
     -7.885  0.0000E+00  0.6200E+02
     -7.867  0.0000E+00  0.6200E+02
     -7.849  0.0000E+00  0.6200E+02
     -7.831  0.0000E+00  0.6200E+02
     -7.812  0.0000E+00  0.6200E+02
     -7.794  0.0000E+00  0.6200E+02
     -7.776  0.0000E+00  0.6200E+02
     -7.758  0.0000E+00  0.6200E+02
     -7.740  0.0000E+00  0.6200E+02
     -7.722  0.0000E+00  0.6200E+02
     -7.703  0.0000E+00  0.6200E+02
     -7.685  0.0000E+00  0.6200E+02
     -7.667  0.0000E+00  0.6200E+02
     -7.649  0.0000E+00  0.6200E+02
     -7.631  0.0000E+00  0.6200E+02
     -7.612  0.0000E+00  0.6200E+02
     -7.594  0.0000E+00  0.6200E+02
     -7.576  0.0000E+00  0.6200E+02
     -7.558  0.0000E+00  0.6200E+02
     -7.540  0.0000E+00  0.6200E+02
     -7.521  0.0000E+00  0.6200E+02
     -7.503  0.0000E+00  0.6200E+02
     -7.485  0.0000E+00  0.6200E+02
     -7.467  0.0000E+00  0.6200E+02
     -7.449  0.0000E+00  0.6200E+02
     -7.430  0.0000E+00  0.6200E+02
     -7.412  0.0000E+00  0.6200E+02
     -7.394  0.0000E+00  0.6200E+02
     -7.376  0.0000E+00  0.6200E+02
     -7.358  0.0000E+00  0.6200E+02
     -7.339  0.0000E+00  0.6200E+02
     -7.321  0.0000E+00  0.6200E+02
     -7.303  0.0000E+00  0.6200E+02
     -7.285  0.0000E+00  0.6200E+02
     -7.267  0.0000E+00  0.6200E+02
     -7.248  0.0000E+00  0.6200E+02
     -7.230  0.0000E+00  0.6200E+02
     -7.212  0.0000E+00  0.6200E+02
     -7.194  0.0000E+00  0.6200E+02
     -7.176  0.0000E+00  0.6200E+02
     -7.158  0.0000E+00  0.6200E+02
     -7.139  0.0000E+00  0.6200E+02
     -7.121  0.0000E+00  0.6200E+02
     -7.103  0.0000E+00  0.6200E+02
     -7.085  0.0000E+00  0.6200E+02
     -7.067  0.0000E+00  0.6200E+02
     -7.048  0.0000E+00  0.6200E+02
     -7.030  0.0000E+00  0.6200E+02
     -7.012  0.0000E+00  0.6200E+02
     -6.994  0.0000E+00  0.6200E+02
     -6.976  0.0000E+00  0.6200E+02
     -6.957  0.0000E+00  0.6200E+02
     -6.939  0.0000E+00  0.6200E+02
     -6.921  0.0000E+00  0.6200E+02
     -6.903  0.0000E+00  0.6200E+02
     -6.885  0.0000E+00  0.6200E+02
     -6.866  0.0000E+00  0.6200E+02
     -6.848  0.0000E+00  0.6200E+02
     -6.830  0.0000E+00  0.6200E+02
     -6.812  0.0000E+00  0.6200E+02
     -6.794  0.0000E+00  0.6200E+02
     -6.775  0.0000E+00  0.6200E+02
     -6.757  0.0000E+00  0.6200E+02
     -6.739  0.0000E+00  0.6200E+02
     -6.721  0.0000E+00  0.6200E+02
     -6.703  0.0000E+00  0.6200E+02
     -6.684  0.0000E+00  0.6200E+02
     -6.666  0.0000E+00  0.6200E+02
     -6.648  0.0000E+00  0.6200E+02
     -6.630  0.0000E+00  0.6200E+02
     -6.612  0.0000E+00  0.6200E+02
     -6.593  0.0000E+00  0.6200E+02
     -6.575  0.0000E+00  0.6200E+02
     -6.557  0.0000E+00  0.6200E+02
     -6.539  0.0000E+00  0.6200E+02
     -6.521  0.0000E+00  0.6200E+02
     -6.503  0.0000E+00  0.6200E+02
     -6.484  0.0000E+00  0.6200E+02
     -6.466  0.0000E+00  0.6200E+02
     -6.448  0.0000E+00  0.6200E+02
     -6.430  0.0000E+00  0.6200E+02
     -6.412  0.0000E+00  0.6200E+02
     -6.393  0.0000E+00  0.6200E+02
     -6.375  0.0000E+00  0.6200E+02
     -6.357  0.0000E+00  0.6200E+02
     -6.339  0.0000E+00  0.6200E+02
     -6.321  0.0000E+00  0.6200E+02
     -6.302  0.0000E+00  0.6200E+02
     -6.284  0.0000E+00  0.6200E+02
     -6.266  0.0000E+00  0.6200E+02
     -6.248  0.0000E+00  0.6200E+02
     -6.230  0.0000E+00  0.6200E+02
     -6.211  0.0000E+00  0.6200E+02
     -6.193  0.0000E+00  0.6200E+02
     -6.175  0.0000E+00  0.6200E+02
     -6.157  0.0000E+00  0.6200E+02
     -6.139  0.0000E+00  0.6200E+02
     -6.120  0.0000E+00  0.6200E+02
     -6.102  0.0000E+00  0.6200E+02
     -6.084  0.0000E+00  0.6200E+02
     -6.066  0.0000E+00  0.6200E+02
     -6.048  0.0000E+00  0.6200E+02
     -6.029  0.0000E+00  0.6200E+02
     -6.011  0.0000E+00  0.6200E+02
     -5.993  0.0000E+00  0.6200E+02
     -5.975  0.0000E+00  0.6200E+02
     -5.957  0.0000E+00  0.6200E+02
     -5.939  0.0000E+00  0.6200E+02
     -5.920  0.0000E+00  0.6200E+02
     -5.902  0.0000E+00  0.6200E+02
     -5.884  0.0000E+00  0.6200E+02
     -5.866  0.0000E+00  0.6200E+02
     -5.848  0.0000E+00  0.6200E+02
     -5.829  0.0000E+00  0.6200E+02
     -5.811  0.0000E+00  0.6200E+02
     -5.793  0.0000E+00  0.6200E+02
     -5.775  0.0000E+00  0.6200E+02
     -5.757  0.0000E+00  0.6200E+02
     -5.738  0.0000E+00  0.6200E+02
     -5.720  0.0000E+00  0.6200E+02
     -5.702  0.0000E+00  0.6200E+02
     -5.684  0.0000E+00  0.6200E+02
     -5.666  0.0000E+00  0.6200E+02
     -5.647  0.0000E+00  0.6200E+02
     -5.629  0.0000E+00  0.6200E+02
     -5.611  0.0000E+00  0.6200E+02
     -5.593  0.0000E+00  0.6200E+02
     -5.575  0.0000E+00  0.6200E+02
     -5.556  0.0000E+00  0.6200E+02
     -5.538  0.0000E+00  0.6200E+02
     -5.520  0.0000E+00  0.6200E+02
     -5.502  0.0000E+00  0.6200E+02
     -5.484  0.0000E+00  0.6200E+02
     -5.465  0.0000E+00  0.6200E+02
     -5.447  0.0000E+00  0.6200E+02
     -5.429  0.0000E+00  0.6200E+02
     -5.411  0.0000E+00  0.6200E+02
     -5.393  0.0000E+00  0.6200E+02
     -5.375  0.0000E+00  0.6200E+02
     -5.356  0.0000E+00  0.6200E+02
     -5.338  0.0000E+00  0.6200E+02
     -5.320  0.0000E+00  0.6200E+02
     -5.302  0.0000E+00  0.6200E+02
     -5.284  0.0000E+00  0.6200E+02
     -5.265  0.0000E+00  0.6200E+02
     -5.247  0.0000E+00  0.6200E+02
     -5.229  0.0000E+00  0.6200E+02
     -5.211  0.0000E+00  0.6200E+02
     -5.193  0.0000E+00  0.6200E+02
     -5.174  0.0000E+00  0.6200E+02
     -5.156  0.0000E+00  0.6200E+02
     -5.138  0.0000E+00  0.6200E+02
     -5.120  0.0000E+00  0.6200E+02
     -5.102  0.0000E+00  0.6200E+02
     -5.083  0.0000E+00  0.6200E+02
     -5.065  0.0000E+00  0.6200E+02
     -5.047  0.0000E+00  0.6200E+02
     -5.029  0.0000E+00  0.6200E+02
     -5.011  0.0000E+00  0.6200E+02
     -4.992  0.0000E+00  0.6200E+02
     -4.974  0.0000E+00  0.6200E+02
     -4.956  0.0000E+00  0.6200E+02
     -4.938  0.0000E+00  0.6200E+02
     -4.920  0.0000E+00  0.6200E+02
     -4.901  0.0000E+00  0.6200E+02
     -4.883  0.0000E+00  0.6200E+02
     -4.865  0.0000E+00  0.6200E+02
     -4.847  0.0000E+00  0.6200E+02
     -4.829  0.0000E+00  0.6200E+02
     -4.810  0.0000E+00  0.6200E+02
     -4.792  0.0000E+00  0.6200E+02
     -4.774  0.0000E+00  0.6200E+02
     -4.756  0.0000E+00  0.6200E+02
     -4.738  0.0000E+00  0.6200E+02
     -4.720  0.0000E+00  0.6200E+02
     -4.701  0.0000E+00  0.6200E+02
     -4.683  0.0000E+00  0.6200E+02
     -4.665  0.0000E+00  0.6200E+02
     -4.647  0.0000E+00  0.6200E+02
     -4.629  0.0000E+00  0.6200E+02
     -4.610  0.0000E+00  0.6200E+02
     -4.592  0.0000E+00  0.6200E+02
     -4.574  0.0000E+00  0.6200E+02
     -4.556  0.0000E+00  0.6200E+02
     -4.538  0.0000E+00  0.6200E+02
     -4.519  0.0000E+00  0.6200E+02
     -4.501  0.0000E+00  0.6200E+02
     -4.483  0.0000E+00  0.6200E+02
     -4.465  0.0000E+00  0.6200E+02
     -4.447  0.0000E+00  0.6200E+02
     -4.428  0.0000E+00  0.6200E+02
     -4.410  0.0000E+00  0.6200E+02
     -4.392  0.0000E+00  0.6200E+02
     -4.374  0.0000E+00  0.6200E+02
     -4.356  0.0000E+00  0.6200E+02
     -4.337  0.0000E+00  0.6200E+02
     -4.319  0.0000E+00  0.6200E+02
     -4.301  0.0000E+00  0.6200E+02
     -4.283  0.0000E+00  0.6200E+02
     -4.265  0.0000E+00  0.6200E+02
     -4.246  0.0000E+00  0.6200E+02
     -4.228  0.0000E+00  0.6200E+02
     -4.210  0.0000E+00  0.6200E+02
     -4.192  0.0000E+00  0.6200E+02
     -4.174  0.0000E+00  0.6200E+02
     -4.156  0.0000E+00  0.6200E+02
     -4.137  0.0000E+00  0.6200E+02
     -4.119  0.0000E+00  0.6200E+02
     -4.101  0.0000E+00  0.6200E+02
     -4.083  0.0000E+00  0.6200E+02
     -4.065  0.0000E+00  0.6200E+02
     -4.046  0.0000E+00  0.6200E+02
     -4.028  0.0000E+00  0.6200E+02
     -4.010  0.0000E+00  0.6200E+02
     -3.992  0.0000E+00  0.6200E+02
     -3.974  0.0000E+00  0.6200E+02
     -3.955  0.0000E+00  0.6200E+02
     -3.937  0.0000E+00  0.6200E+02
     -3.919  0.0000E+00  0.6200E+02
     -3.901  0.0000E+00  0.6200E+02
     -3.883  0.0000E+00  0.6200E+02
     -3.864  0.0000E+00  0.6200E+02
     -3.846  0.0000E+00  0.6200E+02
     -3.828  0.0000E+00  0.6200E+02
     -3.810  0.0000E+00  0.6200E+02
     -3.792  0.0000E+00  0.6200E+02
     -3.773  0.0000E+00  0.6200E+02
     -3.755  0.0000E+00  0.6200E+02
     -3.737  0.0000E+00  0.6200E+02
     -3.719  0.0000E+00  0.6200E+02
     -3.701  0.0000E+00  0.6200E+02
     -3.682  0.0000E+00  0.6200E+02
     -3.664  0.0000E+00  0.6200E+02
     -3.646  0.0000E+00  0.6200E+02
     -3.628  0.0000E+00  0.6200E+02
     -3.610  0.0000E+00  0.6200E+02
     -3.592  0.0000E+00  0.6200E+02
     -3.573  0.0000E+00  0.6200E+02
     -3.555  0.0000E+00  0.6200E+02
     -3.537  0.0000E+00  0.6200E+02
     -3.519  0.0000E+00  0.6200E+02
     -3.501  0.0000E+00  0.6200E+02
     -3.482  0.0000E+00  0.6200E+02
     -3.464  0.0000E+00  0.6200E+02
     -3.446  0.0000E+00  0.6200E+02
     -3.428  0.0000E+00  0.6200E+02
     -3.410  0.0000E+00  0.6200E+02
     -3.391  0.0000E+00  0.6200E+02
     -3.373  0.0000E+00  0.6200E+02
     -3.355  0.0000E+00  0.6200E+02
     -3.337  0.0000E+00  0.6200E+02
     -3.319  0.0000E+00  0.6200E+02
     -3.300  0.0000E+00  0.6200E+02
     -3.282  0.0000E+00  0.6200E+02
     -3.264  0.0000E+00  0.6200E+02
     -3.246  0.0000E+00  0.6200E+02
     -3.228  0.0000E+00  0.6200E+02
     -3.209  0.0000E+00  0.6200E+02
     -3.191  0.0000E+00  0.6200E+02
     -3.173  0.0000E+00  0.6200E+02
     -3.155  0.0000E+00  0.6200E+02
     -3.137  0.0000E+00  0.6200E+02
     -3.118  0.0000E+00  0.6200E+02
     -3.100  0.0000E+00  0.6200E+02
     -3.082  0.0000E+00  0.6200E+02
     -3.064  0.0000E+00  0.6200E+02
     -3.046  0.0000E+00  0.6200E+02
     -3.027  0.0000E+00  0.6200E+02
     -3.009  0.0000E+00  0.6200E+02
     -2.991  0.0000E+00  0.6200E+02
     -2.973  0.0000E+00  0.6200E+02
     -2.955  0.0000E+00  0.6200E+02
     -2.937  0.0000E+00  0.6200E+02
     -2.918  0.0000E+00  0.6200E+02
     -2.900  0.0000E+00  0.6200E+02
     -2.882  0.0000E+00  0.6200E+02
     -2.864  0.0000E+00  0.6200E+02
     -2.846  0.0000E+00  0.6200E+02
     -2.827  0.0000E+00  0.6200E+02
     -2.809  0.0000E+00  0.6200E+02
     -2.791  0.0000E+00  0.6200E+02
     -2.773  0.0000E+00  0.6200E+02
     -2.755  0.0000E+00  0.6200E+02
     -2.736  0.0000E+00  0.6200E+02
     -2.718  0.0000E+00  0.6200E+02
     -2.700  0.0000E+00  0.6200E+02
     -2.682  0.0000E+00  0.6200E+02
     -2.664  0.0000E+00  0.6200E+02
     -2.645  0.0000E+00  0.6200E+02
     -2.627  0.0000E+00  0.6200E+02
     -2.609  0.0000E+00  0.6200E+02
     -2.591  0.0000E+00  0.6200E+02
     -2.573  0.0000E+00  0.6200E+02
     -2.554  0.0000E+00  0.6200E+02
     -2.536  0.0000E+00  0.6200E+02
     -2.518  0.0000E+00  0.6200E+02
     -2.500  0.0000E+00  0.6200E+02
     -2.482  0.0000E+00  0.6200E+02
     -2.463  0.0000E+00  0.6200E+02
     -2.445  0.0000E+00  0.6200E+02
     -2.427  0.0000E+00  0.6200E+02
     -2.409  0.0000E+00  0.6200E+02
     -2.391  0.0000E+00  0.6200E+02
     -2.373  0.0000E+00  0.6200E+02
     -2.354  0.0000E+00  0.6200E+02
     -2.336  0.0000E+00  0.6200E+02
     -2.318  0.0000E+00  0.6200E+02
     -2.300  0.0000E+00  0.6200E+02
     -2.282  0.0000E+00  0.6200E+02
     -2.263  0.0000E+00  0.6200E+02
     -2.245  0.0000E+00  0.6200E+02
     -2.227  0.0000E+00  0.6200E+02
     -2.209  0.0000E+00  0.6200E+02
     -2.191  0.0000E+00  0.6200E+02
     -2.172  0.0000E+00  0.6200E+02
     -2.154  0.0000E+00  0.6200E+02
     -2.136  0.0000E+00  0.6200E+02
     -2.118  0.0000E+00  0.6200E+02
     -2.100  0.0000E+00  0.6200E+02
     -2.081  0.0000E+00  0.6200E+02
     -2.063  0.0000E+00  0.6200E+02
     -2.045  0.0000E+00  0.6200E+02
     -2.027  0.0000E+00  0.6200E+02
     -2.009  0.0000E+00  0.6200E+02
     -1.990  0.0000E+00  0.6200E+02
     -1.972  0.0000E+00  0.6200E+02
     -1.954  0.0000E+00  0.6200E+02
     -1.936  0.0000E+00  0.6200E+02
     -1.918  0.0000E+00  0.6200E+02
     -1.899  0.0000E+00  0.6200E+02
     -1.881  0.0000E+00  0.6200E+02
     -1.863  0.0000E+00  0.6200E+02
     -1.845  0.0000E+00  0.6200E+02
     -1.827  0.0000E+00  0.6200E+02
     -1.809  0.0000E+00  0.6200E+02
     -1.790  0.0000E+00  0.6200E+02
     -1.772  0.0000E+00  0.6200E+02
     -1.754  0.0000E+00  0.6200E+02
     -1.736  0.0000E+00  0.6200E+02
     -1.718  0.0000E+00  0.6200E+02
     -1.699  0.0000E+00  0.6200E+02
     -1.681  0.0000E+00  0.6200E+02
     -1.663  0.0000E+00  0.6200E+02
     -1.645  0.0000E+00  0.6200E+02
     -1.627  0.0000E+00  0.6200E+02
     -1.608  0.0000E+00  0.6200E+02
     -1.590  0.0000E+00  0.6200E+02
     -1.572  0.0000E+00  0.6200E+02
     -1.554  0.0000E+00  0.6200E+02
     -1.536  0.0000E+00  0.6200E+02
     -1.517  0.0000E+00  0.6200E+02
     -1.499  0.0000E+00  0.6200E+02
     -1.481  0.0000E+00  0.6200E+02
     -1.463  0.0000E+00  0.6200E+02
     -1.445  0.0000E+00  0.6200E+02
     -1.426  0.0000E+00  0.6200E+02
     -1.408  0.0000E+00  0.6200E+02
     -1.390  0.0000E+00  0.6200E+02
     -1.372  0.0000E+00  0.6200E+02
     -1.354  0.0000E+00  0.6200E+02
     -1.335  0.0000E+00  0.6200E+02
     -1.317  0.0000E+00  0.6200E+02
     -1.299  0.0000E+00  0.6200E+02
     -1.281  0.0000E+00  0.6200E+02
     -1.263  0.3433E-02  0.6200E+02
     -1.244  0.2831E-01  0.6200E+02
     -1.226  0.8120E-01  0.6200E+02
     -1.208  0.1764E+00  0.6200E+02
     -1.190  0.3266E+00  0.6201E+02
     -1.172  0.5344E+00  0.6202E+02
     -1.154  0.8004E+00  0.6203E+02
     -1.135  0.1139E+01  0.6205E+02
     -1.117  0.1556E+01  0.6207E+02
     -1.099  0.2051E+01  0.6210E+02
     -1.081  0.2625E+01  0.6214E+02
     -1.063  0.3276E+01  0.6220E+02
     -1.044  0.4006E+01  0.6226E+02
     -1.026  0.4814E+01  0.6234E+02
     -1.008  0.5699E+01  0.6244E+02
     -0.990  0.6664E+01  0.6255E+02
     -0.972  0.7706E+01  0.6268E+02
     -0.953  0.8826E+01  0.6283E+02
     -0.935  0.1009E+02  0.6300E+02
     -0.917  0.1161E+02  0.6320E+02
     -0.899  0.1326E+02  0.6343E+02
     -0.881  0.1485E+02  0.6368E+02
     -0.862  0.1634E+02  0.6397E+02
     -0.844  0.1778E+02  0.6428E+02
     -0.826  0.1947E+02  0.6462E+02
     -0.808  0.2145E+02  0.6499E+02
     -0.790  0.2442E+02  0.6540E+02
     -0.771  0.2834E+02  0.6589E+02
     -0.753  0.3298E+02  0.6644E+02
     -0.735  0.3877E+02  0.6709E+02
     -0.717  0.4964E+02  0.6790E+02
     -0.699  0.5548E+02  0.6887E+02
     -0.680  0.5691E+02  0.6989E+02
     -0.662  0.5612E+02  0.7092E+02
     -0.644  0.5407E+02  0.7193E+02
     -0.626  0.5035E+02  0.7288E+02
     -0.608  0.4872E+02  0.7378E+02
     -0.590  0.4624E+02  0.7465E+02
     -0.571  0.4026E+02  0.7545E+02
     -0.553  0.3288E+02  0.7611E+02
     -0.535  0.2499E+02  0.7664E+02
     -0.517  0.1813E+02  0.7703E+02
     -0.499  0.1287E+02  0.7731E+02
     -0.480  0.2742E+02  0.7761E+02
     -0.462  0.3786E+02  0.7824E+02
     -0.444  0.2347E+02  0.7884E+02
     -0.426  0.1682E+02  0.7914E+02
     -0.408  0.2685E+02  0.7954E+02
     -0.389  0.3243E+02  0.8009E+02
     -0.371  0.3299E+02  0.8069E+02
     -0.353  0.2900E+02  0.8126E+02
     -0.335  0.2286E+02  0.8172E+02
     -0.317  0.3320E+02  0.8221E+02
     -0.298  0.4911E+02  0.8297E+02
     -0.280  0.6582E+02  0.8397E+02
     -0.262  0.6997E+02  0.8526E+02
     -0.244  0.5740E+02  0.8642E+02
     -0.226  0.7329E+02  0.8758E+02
     -0.207  0.7788E+02  0.8924E+02
     -0.189  0.6192E+02  0.9032E+02
     -0.171  0.6461E+02  0.9149E+02
     -0.153  0.5403E+02  0.9258E+02
     -0.135  0.5053E+02  0.9353E+02
     -0.116  0.4855E+02  0.9443E+02
     -0.098  0.4729E+02  0.9530E+02
     -0.080  0.4615E+02  0.9615E+02
     -0.062  0.4504E+02  0.9698E+02
     -0.044  0.4661E+02  0.9781E+02
     -0.026  0.4985E+02  0.9868E+02
     -0.007  0.5260E+02  0.9962E+02
      0.011  0.5451E+02  0.1006E+03
      0.029  0.5579E+02  0.1016E+03
      0.047  0.4992E+02  0.1025E+03
      0.065  0.4518E+02  0.1034E+03
      0.084  0.4347E+02  0.1042E+03
      0.102  0.3746E+02  0.1050E+03
      0.120  0.3061E+02  0.1056E+03
      0.138  0.2961E+02  0.1061E+03
      0.156  0.2823E+02  0.1066E+03
      0.175  0.2664E+02  0.1071E+03
      0.193  0.2492E+02  0.1076E+03
      0.211  0.2327E+02  0.1081E+03
      0.229  0.2227E+02  0.1085E+03
      0.247  0.2197E+02  0.1089E+03
      0.266  0.2222E+02  0.1093E+03
      0.284  0.2252E+02  0.1097E+03
      0.302  0.2282E+02  0.1101E+03
      0.320  0.2311E+02  0.1105E+03
      0.338  0.2338E+02  0.1109E+03
      0.357  0.2362E+02  0.1114E+03
      0.375  0.2379E+02  0.1118E+03
      0.393  0.2379E+02  0.1122E+03
      0.411  0.2302E+02  0.1126E+03
      0.429  0.2188E+02  0.1131E+03
      0.448  0.2014E+02  0.1134E+03
      0.466  0.1828E+02  0.1138E+03
      0.484  0.1673E+02  0.1141E+03
      0.502  0.1342E+02  0.1144E+03
      0.520  0.1224E+02  0.1146E+03
      0.539  0.1138E+02  0.1148E+03
      0.557  0.1767E+02  0.1150E+03
      0.575  0.2784E+02  0.1155E+03
      0.593  0.2751E+02  0.1160E+03
      0.611  0.2121E+02  0.1164E+03
      0.629  0.2194E+02  0.1168E+03
      0.648  0.2210E+02  0.1172E+03
      0.666  0.2166E+02  0.1176E+03
      0.684  0.2056E+02  0.1180E+03
      0.702  0.2632E+02  0.1184E+03
      0.720  0.3164E+02  0.1189E+03
      0.739  0.3055E+02  0.1195E+03
      0.757  0.3563E+02  0.1201E+03
      0.775  0.3535E+02  0.1207E+03
      0.793  0.3448E+02  0.1214E+03
      0.811  0.3335E+02  0.1220E+03
      0.830  0.3196E+02  0.1226E+03
      0.848  0.3057E+02  0.1231E+03
      0.866  0.2956E+02  0.1237E+03
      0.884  0.2857E+02  0.1242E+03
      0.902  0.2810E+02  0.1247E+03
      0.921  0.2684E+02  0.1252E+03
      0.939  0.2511E+02  0.1257E+03
      0.957  0.2241E+02  0.1261E+03
      0.975  0.1847E+02  0.1265E+03
      0.993  0.1486E+02  0.1268E+03
      1.012  0.1264E+02  0.1271E+03
      1.030  0.1180E+02  0.1273E+03
      1.048  0.1227E+02  0.1275E+03
      1.066  0.1353E+02  0.1277E+03
      1.084  0.1543E+02  0.1280E+03
      1.103  0.1615E+02  0.1283E+03
      1.121  0.1665E+02  0.1286E+03
      1.139  0.1713E+02  0.1289E+03
      1.157  0.1758E+02  0.1292E+03
      1.175  0.1801E+02  0.1295E+03
      1.193  0.1842E+02  0.1299E+03
      1.212  0.1882E+02  0.1302E+03
      1.230  0.1919E+02  0.1305E+03
      1.248  0.1946E+02  0.1309E+03
      1.266  0.1954E+02  0.1313E+03
      1.284  0.2003E+02  0.1316E+03
      1.303  0.2070E+02  0.1320E+03
      1.321  0.2123E+02  0.1324E+03
      1.339  0.2163E+02  0.1328E+03
      1.357  0.2189E+02  0.1332E+03
      1.375  0.2202E+02  0.1336E+03
      1.394  0.2201E+02  0.1340E+03
      1.412  0.2189E+02  0.1344E+03
      1.430  0.2179E+02  0.1348E+03
      1.448  0.2181E+02  0.1351E+03
      1.466  0.2018E+02  0.1355E+03
      1.485  0.1918E+02  0.1359E+03
      1.503  0.1859E+02  0.1362E+03
      1.521  0.1743E+02  0.1366E+03
      1.539  0.1608E+02  0.1369E+03
      1.557  0.1531E+02  0.1372E+03
      1.576  0.1523E+02  0.1374E+03
      1.594  0.1700E+02  0.1377E+03
      1.612  0.2036E+02  0.1381E+03
      1.630  0.2546E+02  0.1385E+03
      1.648  0.3310E+02  0.1390E+03
      1.667  0.4516E+02  0.1397E+03
      1.685  0.6786E+02  0.1407E+03
      1.703  0.7576E+02  0.1420E+03
      1.721  0.7525E+02  0.1434E+03
      1.739  0.5430E+02  0.1446E+03
      1.757  0.3410E+02  0.1454E+03
      1.776  0.3503E+02  0.1460E+03
      1.794  0.4480E+02  0.1467E+03
      1.812  0.4624E+02  0.1476E+03
      1.830  0.3043E+02  0.1483E+03
      1.848  0.3556E+02  0.1489E+03
      1.867  0.2570E+02  0.1500E+03
      1.885  0.3007E+02  0.1505E+03
      1.903  0.3676E+02  0.1511E+03
      1.921  0.4506E+02  0.1518E+03
      1.939  0.4913E+02  0.1527E+03
      1.958  0.4904E+02  0.1536E+03
      1.976  0.4874E+02  0.1544E+03
      1.994  0.5221E+02  0.1554E+03
      2.012  0.5306E+02  0.1563E+03
      2.030  0.5162E+02  0.1573E+03
      2.049  0.4944E+02  0.1582E+03
      2.067  0.4983E+02  0.1591E+03
      2.085  0.4866E+02  0.1600E+03
      2.103  0.4656E+02  0.1609E+03
      2.121  0.4564E+02  0.1617E+03
      2.140  0.4402E+02  0.1625E+03
      2.158  0.4162E+02  0.1633E+03
      2.176  0.3861E+02  0.1640E+03
      2.194  0.3672E+02  0.1647E+03
      2.212  0.3660E+02  0.1654E+03
      2.231  0.3704E+02  0.1661E+03
      2.249  0.3739E+02  0.1667E+03
      2.267  0.3762E+02  0.1674E+03
      2.285  0.3791E+02  0.1681E+03
      2.303  0.4182E+02  0.1688E+03
      2.322  0.4773E+02  0.1696E+03
      2.340  0.5884E+02  0.1706E+03
      2.358  0.7623E+02  0.1718E+03
      2.376  0.9200E+02  0.1734E+03
      2.394  0.9478E+02  0.1751E+03
      2.412  0.8410E+02  0.1767E+03
      2.431  0.7867E+02  0.1782E+03
      2.449  0.6322E+02  0.1796E+03
      2.467  0.3320E+02  0.1804E+03
      2.485  0.7485E+02  0.1812E+03
      2.503  0.1370E+03  0.1837E+03
      2.522  0.3720E+02  0.1850E+03
      2.540  0.4048E+02  0.1857E+03
      2.558  0.6046E+02  0.1865E+03
      2.576  0.6859E+02  0.1878E+03
      2.594  0.8031E+02  0.1892E+03
      2.613  0.7732E+02  0.1906E+03
      2.631  0.9310E+02  0.1922E+03
      2.649  0.9370E+02  0.1939E+03
      2.667  0.8582E+02  0.1955E+03
      2.685  0.7288E+02  0.1970E+03
      2.704  0.6644E+02  0.1982E+03
      2.722  0.6655E+02  0.1994E+03
      2.740  0.6914E+02  0.2007E+03
      2.758  0.6992E+02  0.2019E+03
      2.776  0.8415E+02  0.2033E+03
      2.795  0.8043E+02  0.2049E+03
      2.813  0.5700E+02  0.2061E+03
      2.831  0.4402E+02  0.2070E+03
      2.849  0.5033E+02  0.2078E+03
      2.867  0.4961E+02  0.2087E+03
      2.886  0.5690E+02  0.2097E+03
      2.904  0.5491E+02  0.2107E+03
      2.922  0.6221E+02  0.2117E+03
      2.940  0.5950E+02  0.2128E+03
      2.958  0.5931E+02  0.2139E+03
      2.976  0.6798E+02  0.2151E+03
      2.995  0.7947E+02  0.2164E+03
      3.013  0.7024E+02  0.2178E+03
      3.031  0.6181E+02  0.2190E+03
      3.049  0.6665E+02  0.2202E+03
      3.067  0.6425E+02  0.2214E+03
      3.086  0.6825E+02  0.2225E+03
      3.104  0.7603E+02  0.2238E+03
      3.122  0.1157E+03  0.2255E+03
      3.140  0.1207E+03  0.2278E+03
      3.158  0.8444E+02  0.2297E+03
      3.177  0.7260E+02  0.2310E+03
      3.195  0.4164E+02  0.2320E+03
      3.213  0.4698E+02  0.2329E+03
      3.231  0.5248E+02  0.2338E+03
      3.249  0.4775E+02  0.2347E+03
      3.268  0.4335E+02  0.2355E+03
      3.286  0.4720E+02  0.2363E+03
      3.304  0.5637E+02  0.2372E+03
      3.322  0.4742E+02  0.2382E+03
      3.340  0.2657E+02  0.2389E+03
      3.359  0.2201E+02  0.2393E+03
      3.377  0.2032E+02  0.2397E+03
      3.395  0.1979E+02  0.2400E+03
      3.413  0.1914E+02  0.2404E+03
      3.431  0.1957E+02  0.2407E+03
      3.450  0.2227E+02  0.2411E+03
      3.468  0.2661E+02  0.2416E+03
      3.486  0.3242E+02  0.2421E+03
      3.504  0.3274E+02  0.2427E+03
      3.522  0.2185E+02  0.2432E+03
      3.541  0.1193E+02  0.2435E+03
      3.559  0.1501E+02  0.2437E+03
      3.577  0.2869E+02  0.2441E+03
      3.595  0.5154E+02  0.2449E+03
      3.613  0.3334E+02  0.2456E+03
      3.631  0.5893E+02  0.2467E+03
      3.650  0.2056E+02  0.2472E+03
      3.668  0.1426E+02  0.2476E+03
      3.686  0.9144E+01  0.2478E+03
      3.704  0.5206E+01  0.2479E+03
      3.722  0.2446E+01  0.2480E+03
      3.741  0.8278E+00  0.2480E+03
      3.759  0.1414E+00  0.2480E+03
      3.777  0.0000E+00  0.2480E+03
      3.795  0.0000E+00  0.2480E+03
      3.813  0.0000E+00  0.2480E+03
      3.832  0.0000E+00  0.2480E+03
      3.850  0.0000E+00  0.2480E+03
      3.868  0.0000E+00  0.2480E+03
      3.886  0.0000E+00  0.2480E+03
      3.904  0.0000E+00  0.2480E+03
      3.923  0.0000E+00  0.2480E+03
      3.941  0.0000E+00  0.2480E+03
      3.959  0.0000E+00  0.2480E+03
      3.977  0.0000E+00  0.2480E+03
      3.995  0.0000E+00  0.2480E+03
      4.014  0.0000E+00  0.2480E+03
      4.032  0.0000E+00  0.2480E+03
      4.050  0.0000E+00  0.2480E+03
      4.068  0.0000E+00  0.2480E+03
      4.086  0.0000E+00  0.2480E+03
      4.105  0.0000E+00  0.2480E+03
      4.123  0.0000E+00  0.2480E+03
      4.141  0.0000E+00  0.2480E+03
      4.159  0.0000E+00  0.2480E+03
      4.177  0.0000E+00  0.2480E+03
      4.195  0.0000E+00  0.2480E+03
      4.214  0.0000E+00  0.2480E+03
      4.232  0.0000E+00  0.2480E+03
      4.250  0.0000E+00  0.2480E+03
      4.268  0.0000E+00  0.2480E+03
      4.286  0.0000E+00  0.2480E+03
      4.305  0.0000E+00  0.2480E+03
      4.323  0.0000E+00  0.2480E+03
      4.341  0.0000E+00  0.2480E+03
      4.359  0.0000E+00  0.2480E+03
      4.377  0.0000E+00  0.2480E+03
      4.396  0.0000E+00  0.2480E+03
      4.414  0.0000E+00  0.2480E+03
      4.432  0.0000E+00  0.2480E+03
      4.450  0.0000E+00  0.2480E+03
      4.468  0.0000E+00  0.2480E+03
      4.487  0.0000E+00  0.2480E+03
      4.505  0.0000E+00  0.2480E+03
      4.523  0.0000E+00  0.2480E+03
      4.541  0.0000E+00  0.2480E+03
      4.559  0.0000E+00  0.2480E+03
      4.578  0.0000E+00  0.2480E+03
      4.596  0.0000E+00  0.2480E+03
      4.614  0.0000E+00  0.2480E+03
      4.632  0.0000E+00  0.2480E+03
      4.650  0.0000E+00  0.2480E+03
      4.669  0.0000E+00  0.2480E+03
      4.687  0.0000E+00  0.2480E+03
      4.705  0.0000E+00  0.2480E+03
      4.723  0.0000E+00  0.2480E+03
      4.741  0.0000E+00  0.2480E+03
      4.759  0.0000E+00  0.2480E+03
      4.778  0.0000E+00  0.2480E+03
      4.796  0.0000E+00  0.2480E+03
      4.814  0.0000E+00  0.2480E+03
      4.832  0.0000E+00  0.2480E+03
      4.850  0.0000E+00  0.2480E+03
      4.869  0.0000E+00  0.2480E+03
      4.887  0.0000E+00  0.2480E+03
      4.905  0.0000E+00  0.2480E+03
      4.923  0.0000E+00  0.2480E+03
      4.941  0.0000E+00  0.2480E+03
      4.960  0.0000E+00  0.2480E+03
      4.978  0.0000E+00  0.2480E+03
      4.996  0.0000E+00  0.2480E+03
      5.014  0.0000E+00  0.2480E+03
      5.032  0.0000E+00  0.2480E+03
      5.051  0.0000E+00  0.2480E+03
      5.069  0.0000E+00  0.2480E+03
      5.087  0.0000E+00  0.2480E+03
      5.105  0.0000E+00  0.2480E+03
      5.123  0.0000E+00  0.2480E+03
      5.142  0.0000E+00  0.2480E+03
      5.160  0.0000E+00  0.2480E+03
      5.178  0.0000E+00  0.2480E+03
      5.196  0.0000E+00  0.2480E+03
      5.214  0.0000E+00  0.2480E+03
      5.233  0.0000E+00  0.2480E+03
      5.251  0.0000E+00  0.2480E+03
      5.269  0.0000E+00  0.2480E+03
      5.287  0.0000E+00  0.2480E+03
      5.305  0.0000E+00  0.2480E+03
      5.324  0.0000E+00  0.2480E+03
      5.342  0.0000E+00  0.2480E+03
      5.360  0.0000E+00  0.2480E+03
      5.378  0.0000E+00  0.2480E+03
      5.396  0.0000E+00  0.2480E+03
      5.414  0.0000E+00  0.2480E+03
      5.433  0.0000E+00  0.2480E+03
      5.451  0.0000E+00  0.2480E+03
      5.469  0.0000E+00  0.2480E+03
      5.487  0.0000E+00  0.2480E+03
      5.505  0.0000E+00  0.2480E+03
      5.524  0.0000E+00  0.2480E+03
      5.542  0.0000E+00  0.2480E+03
      5.560  0.0000E+00  0.2480E+03
      5.578  0.0000E+00  0.2480E+03
      5.596  0.0000E+00  0.2480E+03
      5.615  0.0000E+00  0.2480E+03
      5.633  0.0000E+00  0.2480E+03
      5.651  0.0000E+00  0.2480E+03
      5.669  0.0000E+00  0.2480E+03
      5.687  0.0000E+00  0.2480E+03
      5.706  0.0000E+00  0.2480E+03
      5.724  0.0000E+00  0.2480E+03
      5.742  0.0000E+00  0.2480E+03
      5.760  0.0000E+00  0.2480E+03
      5.778  0.0000E+00  0.2480E+03
      5.797  0.0000E+00  0.2480E+03
      5.815  0.0000E+00  0.2480E+03
      5.833  0.0000E+00  0.2480E+03
      5.851  0.0000E+00  0.2480E+03
      5.869  0.0000E+00  0.2480E+03
      5.888  0.0000E+00  0.2480E+03
      5.906  0.0000E+00  0.2480E+03
      5.924  0.0000E+00  0.2480E+03
      5.942  0.0000E+00  0.2480E+03
      5.960  0.0000E+00  0.2480E+03
      5.978  0.0000E+00  0.2480E+03
      5.997  0.0000E+00  0.2480E+03
      6.015  0.0000E+00  0.2480E+03
      6.033  0.0000E+00  0.2480E+03
      6.051  0.0000E+00  0.2480E+03
      6.069  0.0000E+00  0.2480E+03
      6.088  0.1926E-01  0.2480E+03
      6.106  0.1960E+00  0.2480E+03
      6.124  0.5574E+00  0.2480E+03
      6.142  0.1103E+01  0.2480E+03
      6.160  0.1834E+01  0.2480E+03
      6.179  0.2750E+01  0.2481E+03
      6.197  0.3850E+01  0.2482E+03
      6.215  0.5135E+01  0.2482E+03
      6.233  0.6605E+01  0.2483E+03
      6.251  0.8401E+01  0.2485E+03
      6.270  0.1108E+02  0.2486E+03
      6.288  0.1470E+02  0.2489E+03
      6.306  0.2382E+02  0.2492E+03
      6.324  0.3169E+02  0.2498E+03
      6.342  0.0000E+00  0.2500E+03
      6.361  0.0000E+00  0.2500E+03
      6.379  0.0000E+00  0.2500E+03
      6.397  0.0000E+00  0.2500E+03
      6.415  0.0000E+00  0.2500E+03
      6.433  0.0000E+00  0.2500E+03
      6.452  0.0000E+00  0.2500E+03
      6.470  0.0000E+00  0.2500E+03
      6.488  0.0000E+00  0.2500E+03
      6.506  0.0000E+00  0.2500E+03
      6.524  0.0000E+00  0.2500E+03
      6.542  0.0000E+00  0.2500E+03
      6.561  0.0000E+00  0.2500E+03
      6.579  0.0000E+00  0.2500E+03
      6.597  0.0000E+00  0.2500E+03
      6.615  0.0000E+00  0.2500E+03
      6.633  0.0000E+00  0.2500E+03
      6.652  0.0000E+00  0.2500E+03
      6.670  0.0000E+00  0.2500E+03
      6.688  0.0000E+00  0.2500E+03
      6.706  0.0000E+00  0.2500E+03
      6.724  0.0000E+00  0.2500E+03
      6.743  0.0000E+00  0.2500E+03
      6.761  0.0000E+00  0.2500E+03
      6.779  0.0000E+00  0.2500E+03
      6.797  0.0000E+00  0.2500E+03
      6.815  0.0000E+00  0.2500E+03
      6.834  0.0000E+00  0.2500E+03
      6.852  0.0000E+00  0.2500E+03
      6.870  0.0000E+00  0.2500E+03
      6.888  0.0000E+00  0.2500E+03
      6.906  0.0000E+00  0.2500E+03
      6.925  0.0000E+00  0.2500E+03
      6.943  0.0000E+00  0.2500E+03
      6.961  0.0000E+00  0.2500E+03
      6.979  0.0000E+00  0.2500E+03
      6.997  0.0000E+00  0.2500E+03
      7.016  0.0000E+00  0.2500E+03
      7.034  0.0000E+00  0.2500E+03
      7.052  0.0000E+00  0.2500E+03
      7.070  0.0000E+00  0.2500E+03
      7.088  0.0000E+00  0.2500E+03
      7.107  0.0000E+00  0.2500E+03
      7.125  0.0000E+00  0.2500E+03
      7.143  0.0000E+00  0.2500E+03
      7.161  0.0000E+00  0.2500E+03
      7.179  0.0000E+00  0.2500E+03
      7.197  0.0000E+00  0.2500E+03
      7.216  0.0000E+00  0.2500E+03
      7.234  0.0000E+00  0.2500E+03
      7.252  0.0000E+00  0.2500E+03
      7.270  0.0000E+00  0.2500E+03
      7.288  0.0000E+00  0.2500E+03
      7.307  0.0000E+00  0.2500E+03
      7.325  0.0000E+00  0.2500E+03
      7.343  0.0000E+00  0.2500E+03
      7.361  0.0000E+00  0.2500E+03
      7.379  0.0000E+00  0.2500E+03
      7.398  0.0000E+00  0.2500E+03
      7.416  0.0000E+00  0.2500E+03
      7.434  0.0000E+00  0.2500E+03
      7.452  0.0000E+00  0.2500E+03
      7.470  0.0000E+00  0.2500E+03
      7.489  0.0000E+00  0.2500E+03
      7.507  0.0000E+00  0.2500E+03
      7.525  0.0000E+00  0.2500E+03
      7.543  0.0000E+00  0.2500E+03
      7.561  0.0000E+00  0.2500E+03
      7.580  0.0000E+00  0.2500E+03
      7.598  0.0000E+00  0.2500E+03
      7.616  0.0000E+00  0.2500E+03
      7.634  0.0000E+00  0.2500E+03
      7.652  0.0000E+00  0.2500E+03
      7.671  0.0000E+00  0.2500E+03
      7.689  0.0000E+00  0.2500E+03
      7.707  0.0000E+00  0.2500E+03
      7.725  0.0000E+00  0.2500E+03
      7.743  0.0000E+00  0.2500E+03
      7.761  0.0000E+00  0.2500E+03
      7.780  0.0000E+00  0.2500E+03
      7.798  0.0000E+00  0.2500E+03
      7.816  0.0000E+00  0.2500E+03
      7.834  0.0000E+00  0.2500E+03
      7.852  0.0000E+00  0.2500E+03
      7.871  0.0000E+00  0.2500E+03
      7.889  0.0000E+00  0.2500E+03
      7.907  0.0000E+00  0.2500E+03
      7.925  0.0000E+00  0.2500E+03
      7.943  0.0000E+00  0.2500E+03
      7.962  0.0000E+00  0.2500E+03
      7.980  0.0000E+00  0.2500E+03
      7.998  0.0000E+00  0.2500E+03
      8.016  0.0000E+00  0.2500E+03
      8.034  0.0000E+00  0.2500E+03
      8.053  0.0000E+00  0.2500E+03
      8.071  0.0000E+00  0.2500E+03
      8.089  0.0000E+00  0.2500E+03
      8.107  0.0000E+00  0.2500E+03
      8.125  0.0000E+00  0.2500E+03
      8.144  0.0000E+00  0.2500E+03
      8.162  0.0000E+00  0.2500E+03
      8.180  0.0000E+00  0.2500E+03
      8.198  0.0000E+00  0.2500E+03
      8.216  0.0000E+00  0.2500E+03
      8.235  0.0000E+00  0.2500E+03
      8.253  0.0000E+00  0.2500E+03
      8.271  0.0000E+00  0.2500E+03
      8.289  0.0000E+00  0.2500E+03
      8.307  0.0000E+00  0.2500E+03
      8.325  0.0000E+00  0.2500E+03
      8.344  0.0000E+00  0.2500E+03
      8.362  0.0000E+00  0.2500E+03
      8.380  0.0000E+00  0.2500E+03
      8.398  0.0000E+00  0.2500E+03
      8.416  0.0000E+00  0.2500E+03
      8.435  0.0000E+00  0.2500E+03
      8.453  0.0000E+00  0.2500E+03
      8.471  0.0000E+00  0.2500E+03
      8.489  0.0000E+00  0.2500E+03
      8.507  0.0000E+00  0.2500E+03
      8.526  0.0000E+00  0.2500E+03
      8.544  0.0000E+00  0.2500E+03
      8.562  0.0000E+00  0.2500E+03
      8.580  0.0000E+00  0.2500E+03
      8.598  0.0000E+00  0.2500E+03
      8.617  0.0000E+00  0.2500E+03
      8.635  0.0000E+00  0.2500E+03
      8.653  0.0000E+00  0.2500E+03
      8.671  0.0000E+00  0.2500E+03
      8.689  0.0000E+00  0.2500E+03
      8.708  0.0000E+00  0.2500E+03
      8.726  0.0000E+00  0.2500E+03
      8.744  0.0000E+00  0.2500E+03
      8.762  0.0000E+00  0.2500E+03
      8.780  0.0000E+00  0.2500E+03
      8.799  0.0000E+00  0.2500E+03
      8.817  0.0000E+00  0.2500E+03
      8.835  0.0000E+00  0.2500E+03
      8.853  0.0000E+00  0.2500E+03
      8.871  0.0000E+00  0.2500E+03
      8.890  0.0000E+00  0.2500E+03
      8.908  0.0000E+00  0.2500E+03
      8.926  0.0000E+00  0.2500E+03
      8.944  0.0000E+00  0.2500E+03
      8.962  0.0000E+00  0.2500E+03
      8.980  0.0000E+00  0.2500E+03
      8.999  0.0000E+00  0.2500E+03
      9.017  0.0000E+00  0.2500E+03
      9.035  0.0000E+00  0.2500E+03
      9.053  0.0000E+00  0.2500E+03
      9.071  0.0000E+00  0.2500E+03
      9.090  0.0000E+00  0.2500E+03
      9.108  0.0000E+00  0.2500E+03
      9.126  0.0000E+00  0.2500E+03
      9.144  0.0000E+00  0.2500E+03
      9.162  0.0000E+00  0.2500E+03
      9.181  0.0000E+00  0.2500E+03
      9.199  0.0000E+00  0.2500E+03
      9.217  0.0000E+00  0.2500E+03
      9.235  0.0000E+00  0.2500E+03
      9.253  0.0000E+00  0.2500E+03
      9.272  0.0000E+00  0.2500E+03
      9.290  0.0000E+00  0.2500E+03
      9.308  0.0000E+00  0.2500E+03
      9.326  0.0000E+00  0.2500E+03
      9.344  0.0000E+00  0.2500E+03
      9.363  0.0000E+00  0.2500E+03
      9.381  0.0000E+00  0.2500E+03
      9.399  0.0000E+00  0.2500E+03
      9.417  0.0000E+00  0.2500E+03
      9.435  0.0000E+00  0.2500E+03
      9.454  0.0000E+00  0.2500E+03
      9.472  0.0000E+00  0.2500E+03
      9.490  0.0000E+00  0.2500E+03
      9.508  0.0000E+00  0.2500E+03
      9.526  0.8876E+01  0.2500E+03
      9.544  0.2661E+02  0.2504E+03
      9.563  0.2748E+02  0.2509E+03
      9.581  0.2063E+02  0.2514E+03
      9.599  0.1376E+02  0.2517E+03
      9.617  0.7748E+01  0.2519E+03
      9.635  0.3480E+01  0.2520E+03
      9.654  0.8977E+00  0.2520E+03
      9.672  0.8684E-03  0.2520E+03
      9.690  0.0000E+00  0.2520E+03
      9.708  0.0000E+00  0.2520E+03
      9.726  0.0000E+00  0.2520E+03
      9.745  0.0000E+00  0.2520E+03
      9.763  0.0000E+00  0.2520E+03
      9.781  0.0000E+00  0.2520E+03
      9.799  0.0000E+00  0.2520E+03
      9.817  0.0000E+00  0.2520E+03
      9.836  0.0000E+00  0.2520E+03
      9.854  0.0000E+00  0.2520E+03
      9.872  0.0000E+00  0.2520E+03
      9.890  0.0000E+00  0.2520E+03
      9.908  0.0000E+00  0.2520E+03
      9.927  0.0000E+00  0.2520E+03
      9.945  0.0000E+00  0.2520E+03
      9.963  0.0000E+00  0.2520E+03
      9.981  0.0000E+00  0.2520E+03
      9.999  0.0000E+00  0.2520E+03
     10.018  0.0000E+00  0.2520E+03
     10.036  0.0000E+00  0.2520E+03
     10.054  0.3527E-01  0.2520E+03
     10.072  0.2640E+00  0.2520E+03
     10.090  0.7052E+00  0.2520E+03
     10.108  0.1359E+01  0.2520E+03
     10.127  0.2225E+01  0.2521E+03
     10.145  0.3304E+01  0.2521E+03
     10.163  0.4596E+01  0.2522E+03
     10.181  0.6099E+01  0.2523E+03
     10.199  0.8173E+01  0.2524E+03
     10.218  0.9878E+01  0.2526E+03
     10.236  0.1118E+02  0.2528E+03
     10.254  0.1209E+02  0.2530E+03
     10.272  0.1262E+02  0.2532E+03
     10.290  0.1239E+02  0.2534E+03
     10.309  0.1085E+02  0.2536E+03
     10.327  0.8015E+01  0.2538E+03
     10.345  0.4291E+01  0.2539E+03
     10.363  0.1607E+01  0.2540E+03
     10.381  0.2149E+00  0.2540E+03
     10.400  0.0000E+00  0.2540E+03
     10.418  0.0000E+00  0.2540E+03
     10.436  0.0000E+00  0.2540E+03
     10.454  0.0000E+00  0.2540E+03
     10.472  0.0000E+00  0.2540E+03
     10.491  0.0000E+00  0.2540E+03
     10.509  0.0000E+00  0.2540E+03
     10.527  0.0000E+00  0.2540E+03
     10.545  0.0000E+00  0.2540E+03
     10.563  0.0000E+00  0.2540E+03
     10.582  0.0000E+00  0.2540E+03
     10.600  0.0000E+00  0.2540E+03
     10.618  0.0000E+00  0.2540E+03
     10.636  0.0000E+00  0.2540E+03
     10.654  0.0000E+00  0.2540E+03
     10.673  0.0000E+00  0.2540E+03
     10.691  0.0000E+00  0.2540E+03
     10.709  0.0000E+00  0.2540E+03
     10.727  0.0000E+00  0.2540E+03
     10.745  0.0000E+00  0.2540E+03
     10.763  0.0000E+00  0.2540E+03
     10.782  0.0000E+00  0.2540E+03
     10.800  0.0000E+00  0.2540E+03
     10.818  0.4235E-01  0.2540E+03
     10.836  0.2047E+01  0.2540E+03
     10.854  0.7049E+01  0.2541E+03
     10.873  0.1199E+02  0.2543E+03
     10.891  0.1391E+02  0.2545E+03
     10.909  0.1374E+02  0.2548E+03
     10.927  0.1362E+02  0.2550E+03
     10.945  0.1365E+02  0.2553E+03
     10.964  0.1116E+02  0.2555E+03
     10.982  0.7568E+01  0.2557E+03
     11.000  0.5386E+01  0.2558E+03
     11.018  0.3911E+01  0.2559E+03
     11.036  0.2671E+01  0.2559E+03
     11.055  0.1666E+01  0.2560E+03
     11.073  0.8978E+00  0.2560E+03
     11.091  0.3650E+00  0.2560E+03
     11.109  0.6805E-01  0.2560E+03
     11.127  0.0000E+00  0.2560E+03
     11.146  0.0000E+00  0.2560E+03
     11.164  0.0000E+00  0.2560E+03
     11.182  0.0000E+00  0.2560E+03
     11.200  0.0000E+00  0.2560E+03
     11.218  0.0000E+00  0.2560E+03
     11.237  0.2853E-03  0.2560E+03
     11.255  0.1895E-02  0.2560E+03
     11.273  0.4924E-02  0.2560E+03
     11.291  0.9372E-02  0.2560E+03
     11.309  0.1524E-01  0.2560E+03
     11.327  0.2253E-01  0.2560E+03
     11.346  0.3123E-01  0.2560E+03
     11.364  0.4136E-01  0.2560E+03
     11.382  0.5290E-01  0.2560E+03
     11.400  0.6587E-01  0.2560E+03
     11.418  0.8025E-01  0.2560E+03
     11.437  0.9605E-01  0.2560E+03
     11.455  0.1133E+00  0.2560E+03
     11.473  0.1319E+00  0.2560E+03
     11.491  0.1520E+00  0.2560E+03
     11.509  0.1735E+00  0.2560E+03
     11.528  0.1964E+00  0.2560E+03
     11.546  0.2207E+00  0.2560E+03
     11.564  0.2464E+00  0.2560E+03
     11.582  0.2736E+00  0.2560E+03
     11.600  0.3021E+00  0.2560E+03
     11.619  0.3321E+00  0.2560E+03
     11.637  0.3636E+00  0.2560E+03
     11.655  0.3964E+00  0.2561E+03
     11.673  0.4306E+00  0.2561E+03
     11.691  0.4663E+00  0.2561E+03
     11.710  0.5034E+00  0.2561E+03
     11.728  0.5419E+00  0.2561E+03
     11.746  0.5818E+00  0.2561E+03
     11.764  0.6232E+00  0.2561E+03
     11.782  0.6660E+00  0.2561E+03
     11.801  0.7102E+00  0.2561E+03
     11.819  0.7558E+00  0.2561E+03
     11.837  0.8028E+00  0.2562E+03
     11.855  0.8512E+00  0.2562E+03
     11.873  0.9011E+00  0.2562E+03
     11.891  0.9524E+00  0.2562E+03
     11.910  0.1005E+01  0.2562E+03
     11.928  0.1059E+01  0.2562E+03
     11.946  0.1115E+01  0.2563E+03
     11.964  0.1172E+01  0.2563E+03
     11.982  0.1230E+01  0.2563E+03
     12.001  0.1290E+01  0.2563E+03
     12.019  0.1351E+01  0.2564E+03
     12.037  0.1414E+01  0.2564E+03
     12.055  0.1478E+01  0.2564E+03
     12.073  0.1543E+01  0.2564E+03
     12.092  0.1610E+01  0.2565E+03
     12.110  0.1730E+01  0.2565E+03
     12.128  0.1863E+01  0.2565E+03
     12.146  0.1988E+01  0.2566E+03
     12.164  0.2104E+01  0.2566E+03
     12.183  0.2212E+01  0.2566E+03
     12.201  0.2311E+01  0.2567E+03
     12.219  0.2401E+01  0.2567E+03
     12.237  0.2484E+01  0.2568E+03
     12.255  0.2567E+01  0.2568E+03
     12.274  0.2670E+01  0.2569E+03
     12.292  0.2793E+01  0.2569E+03
     12.310  0.2935E+01  0.2570E+03
     12.328  0.3104E+01  0.2570E+03
     12.346  0.3338E+01  0.2571E+03
     12.365  0.3569E+01  0.2571E+03
     12.383  0.3786E+01  0.2572E+03
     12.401  0.3990E+01  0.2573E+03
     12.419  0.4180E+01  0.2574E+03
     12.437  0.4356E+01  0.2574E+03
     12.456  0.4519E+01  0.2575E+03
     12.474  0.4668E+01  0.2576E+03
     12.492  0.4803E+01  0.2577E+03
     12.510  0.4925E+01  0.2578E+03
     12.528  0.5034E+01  0.2579E+03
     12.546  0.5129E+01  0.2580E+03
     12.565  0.5210E+01  0.2580E+03
     12.583  0.5276E+01  0.2581E+03
     12.601  0.5313E+01  0.2582E+03
     12.619  0.5316E+01  0.2583E+03
     12.637  0.5285E+01  0.2584E+03
     12.656  0.5215E+01  0.2585E+03
     12.674  0.5066E+01  0.2586E+03
     12.692  0.4927E+01  0.2587E+03
     12.710  0.4806E+01  0.2588E+03
     12.728  0.4704E+01  0.2589E+03
     12.747  0.4619E+01  0.2590E+03
     12.765  0.4553E+01  0.2591E+03
     12.783  0.4505E+01  0.2591E+03
     12.801  0.4476E+01  0.2592E+03
     12.819  0.4464E+01  0.2593E+03
     12.838  0.4471E+01  0.2594E+03
     12.856  0.4496E+01  0.2595E+03
     12.874  0.4539E+01  0.2595E+03
     12.892  0.4597E+01  0.2596E+03
     12.910  0.3984E+01  0.2597E+03
     12.929  0.2901E+01  0.2598E+03
     12.947  0.2231E+01  0.2598E+03
     12.965  0.1737E+01  0.2599E+03
     12.983  0.1492E+01  0.2599E+03
     13.001  0.1882E+01  0.2599E+03
     13.020  0.2582E+01  0.2600E+03
     13.038  0.3536E+01  0.2600E+03
     13.056  0.3706E+01  0.2601E+03
     13.074  0.4025E+01  0.2601E+03
     13.092  0.4523E+01  0.2602E+03
     13.110  0.5121E+01  0.2603E+03
     13.129  0.5723E+01  0.2604E+03
     13.147  0.6327E+01  0.2605E+03
     13.165  0.6934E+01  0.2606E+03
     13.183  0.7418E+01  0.2608E+03
     13.201  0.7675E+01  0.2609E+03
     13.220  0.7894E+01  0.2610E+03
     13.238  0.8078E+01  0.2612E+03
     13.256  0.8217E+01  0.2613E+03
     13.274  0.8307E+01  0.2615E+03
     13.292  0.8364E+01  0.2616E+03
     13.311  0.8395E+01  0.2618E+03
     13.329  0.8399E+01  0.2619E+03
     13.347  0.8376E+01  0.2621E+03
     13.365  0.8331E+01  0.2623E+03
     13.383  0.8278E+01  0.2624E+03
     13.402  0.8217E+01  0.2626E+03
     13.420  0.8151E+01  0.2627E+03
     13.438  0.8079E+01  0.2629E+03
     13.456  0.8000E+01  0.2630E+03
     13.474  0.7915E+01  0.2631E+03
     13.493  0.7824E+01  0.2633E+03
     13.511  0.7727E+01  0.2634E+03
     13.529  0.7624E+01  0.2636E+03
     13.547  0.7514E+01  0.2637E+03
     13.565  0.7399E+01  0.2638E+03
     13.584  0.7277E+01  0.2640E+03
     13.602  0.7149E+01  0.2641E+03
     13.620  0.7015E+01  0.2642E+03
     13.638  0.6875E+01  0.2644E+03
     13.656  0.6733E+01  0.2645E+03
     13.674  0.6733E+01  0.2646E+03
     13.693  0.6870E+01  0.2647E+03
     13.711  0.7054E+01  0.2649E+03
     13.729  0.7244E+01  0.2650E+03
     13.747  0.7449E+01  0.2651E+03
     13.765  0.8014E+01  0.2653E+03
     13.784  0.8940E+01  0.2654E+03
     13.802  0.1017E+02  0.2656E+03
     13.820  0.1174E+02  0.2658E+03
     13.838  0.1400E+02  0.2660E+03
     13.856  0.1577E+02  0.2663E+03
     13.875  0.1645E+02  0.2666E+03
     13.893  0.1621E+02  0.2669E+03
     13.911  0.1490E+02  0.2672E+03
     13.929  0.1230E+02  0.2674E+03
     13.947  0.9999E+01  0.2676E+03
     13.966  0.1101E+02  0.2678E+03
     13.984  0.1152E+02  0.2680E+03
     14.002  0.1148E+02  0.2682E+03
     14.020  0.1089E+02  0.2684E+03
     14.038  0.9752E+01  0.2686E+03
     14.057  0.8234E+01  0.2688E+03
     14.075  0.7660E+01  0.2689E+03
     14.093  0.7766E+01  0.2691E+03
     14.111  0.7833E+01  0.2692E+03
     14.129  0.7720E+01  0.2693E+03
     14.148  0.7429E+01  0.2695E+03
     14.166  0.7231E+01  0.2696E+03
     14.184  0.1022E+02  0.2698E+03
     14.202  0.1356E+02  0.2700E+03
     14.220  0.1384E+02  0.2702E+03
     14.239  0.1358E+02  0.2705E+03
     14.257  0.1348E+02  0.2707E+03
     14.275  0.1345E+02  0.2710E+03
     14.293  0.1368E+02  0.2712E+03
     14.311  0.1423E+02  0.2715E+03
     14.329  0.1513E+02  0.2717E+03
     14.348  0.1538E+02  0.2720E+03
     14.366  0.1440E+02  0.2723E+03
     14.384  0.1311E+02  0.2725E+03
     14.402  0.1457E+02  0.2728E+03
     14.420  0.1864E+02  0.2731E+03
     14.439  0.1969E+02  0.2735E+03
     14.457  0.2044E+02  0.2738E+03
     14.475  0.2335E+02  0.2742E+03
     14.493  0.2715E+02  0.2747E+03
     14.511  0.2140E+02  0.2751E+03
     14.530  0.1571E+02  0.2755E+03
     14.548  0.1079E+02  0.2757E+03
     14.566  0.9145E+01  0.2759E+03
     14.584  0.8975E+01  0.2761E+03
     14.602  0.9265E+01  0.2762E+03
     14.621  0.9610E+01  0.2764E+03
     14.639  0.1063E+02  0.2766E+03
     14.657  0.1292E+02  0.2768E+03
     14.675  0.1509E+02  0.2770E+03
     14.693  0.1631E+02  0.2773E+03
     14.712  0.1655E+02  0.2776E+03
     14.730  0.1649E+02  0.2779E+03
     14.748  0.1710E+02  0.2782E+03
     14.766  0.1768E+02  0.2785E+03
     14.784  0.1824E+02  0.2789E+03
     14.803  0.1842E+02  0.2792E+03
     14.821  0.1707E+02  0.2795E+03
     14.839  0.1574E+02  0.2798E+03
     14.857  0.1481E+02  0.2801E+03
     14.875  0.1429E+02  0.2804E+03
     14.893  0.1435E+02  0.2806E+03
     14.912  0.1502E+02  0.2809E+03
     14.930  0.1574E+02  0.2812E+03
     14.948  0.1655E+02  0.2815E+03
     14.966  0.1722E+02  0.2818E+03
     14.984  0.1769E+02  0.2821E+03
     15.003  0.1798E+02  0.2824E+03
     15.021  0.1814E+02  0.2828E+03
     15.039  0.1818E+02  0.2831E+03
     15.057  0.1811E+02  0.2834E+03
     15.075  0.1792E+02  0.2837E+03
     15.094  0.1757E+02  0.2841E+03
     15.112  0.1720E+02  0.2844E+03
     15.130  0.1646E+02  0.2847E+03
     15.148  0.1569E+02  0.2850E+03
     15.166  0.1495E+02  0.2853E+03
     15.185  0.1555E+02  0.2855E+03
     15.203  0.1737E+02  0.2858E+03
     15.221  0.1907E+02  0.2862E+03
     15.239  0.2025E+02  0.2865E+03
     15.257  0.2054E+02  0.2869E+03
     15.276  0.2002E+02  0.2873E+03
     15.294  0.1844E+02  0.2876E+03
     15.312  0.1788E+02  0.2879E+03
     15.330  0.1946E+02  0.2883E+03
     15.348  0.2025E+02  0.2886E+03
     15.367  0.2049E+02  0.2890E+03
     15.385  0.2031E+02  0.2894E+03
     15.403  0.2033E+02  0.2898E+03
     15.421  0.2069E+02  0.2901E+03
     15.439  0.2130E+02  0.2905E+03
     15.457  0.2216E+02  0.2909E+03
     15.476  0.2165E+02  0.2913E+03
     15.494  0.2021E+02  0.2917E+03
     15.512  0.1931E+02  0.2920E+03
     15.530  0.2038E+02  0.2924E+03
     15.548  0.2021E+02  0.2928E+03
     15.567  0.1965E+02  0.2931E+03
     15.585  0.1857E+02  0.2935E+03
     15.603  0.1749E+02  0.2938E+03
     15.621  0.1725E+02  0.2941E+03
     15.639  0.1739E+02  0.2944E+03
     15.658  0.1788E+02  0.2948E+03
     15.676  0.1845E+02  0.2951E+03
     15.694  0.1717E+02  0.2954E+03
     15.712  0.1565E+02  0.2957E+03
     15.730  0.1500E+02  0.2960E+03
     15.749  0.1547E+02  0.2963E+03
     15.767  0.1644E+02  0.2966E+03
     15.785  0.1834E+02  0.2969E+03
     15.803  0.1762E+02  0.2972E+03
     15.821  0.1583E+02  0.2975E+03
     15.840  0.1383E+02  0.2978E+03
     15.858  0.1342E+02  0.2980E+03
     15.876  0.1384E+02  0.2983E+03
     15.894  0.1442E+02  0.2985E+03
     15.912  0.1515E+02  0.2988E+03
     15.931  0.1679E+02  0.2991E+03
     15.949  0.1896E+02  0.2994E+03
     15.967  0.1704E+02  0.2998E+03
     15.985  0.1307E+02  0.3000E+03
     16.003  0.1237E+02  0.3002E+03
     16.022  0.1402E+02  0.3005E+03
     16.040  0.1654E+02  0.3008E+03
     16.058  0.1801E+02  0.3011E+03
     16.076  0.1827E+02  0.3014E+03
     16.094  0.1734E+02  0.3017E+03
     16.112  0.1461E+02  0.3020E+03
     16.131  0.9801E+01  0.3023E+03
     16.149  0.8048E+01  0.3024E+03
     16.167  0.9975E+01  0.3026E+03
     16.185  0.1267E+02  0.3028E+03
     16.203  0.1598E+02  0.3030E+03
     16.222  0.1941E+02  0.3034E+03
     16.240  0.1908E+02  0.3037E+03
     16.258  0.1563E+02  0.3040E+03
     16.276  0.1441E+02  0.3043E+03
     16.294  0.1513E+02  0.3046E+03
     16.313  0.1652E+02  0.3049E+03
     16.331  0.1875E+02  0.3052E+03
     16.349  0.2222E+02  0.3055E+03
     16.367  0.3486E+02  0.3060E+03
     16.385  0.7972E+01  0.3065E+03
     16.404  0.7713E+01  0.3066E+03
     16.422  0.8737E+01  0.3067E+03
     16.440  0.1013E+02  0.3069E+03
     16.458  0.1161E+02  0.3071E+03
     16.476  0.1279E+02  0.3073E+03
     16.495  0.1367E+02  0.3076E+03
     16.513  0.1421E+02  0.3078E+03
     16.531  0.1434E+02  0.3081E+03
     16.549  0.1404E+02  0.3084E+03
     16.567  0.1362E+02  0.3086E+03
     16.586  0.1365E+02  0.3089E+03
     16.604  0.1339E+02  0.3091E+03
     16.622  0.1348E+02  0.3093E+03
     16.640  0.1359E+02  0.3096E+03
     16.658  0.1366E+02  0.3098E+03
     16.676  0.1365E+02  0.3101E+03
     16.695  0.1327E+02  0.3103E+03
     16.713  0.1242E+02  0.3106E+03
     16.731  0.1192E+02  0.3108E+03
     16.749  0.1219E+02  0.3110E+03
     16.767  0.1324E+02  0.3112E+03
     16.786  0.1501E+02  0.3115E+03
     16.804  0.1632E+02  0.3118E+03
     16.822  0.1645E+02  0.3121E+03
     16.840  0.1540E+02  0.3124E+03
     16.858  0.1346E+02  0.3126E+03
     16.877  0.1198E+02  0.3129E+03
     16.895  0.1120E+02  0.3131E+03
     16.913  0.1152E+02  0.3133E+03
     16.931  0.1276E+02  0.3135E+03
     16.949  0.1196E+02  0.3137E+03
     16.968  0.8058E+01  0.3139E+03
     16.986  0.0000E+00  0.3140E+03
     17.004  0.0000E+00  0.3140E+03
     17.022  0.0000E+00  0.3140E+03
     17.040  0.0000E+00  0.3140E+03
     17.059  0.0000E+00  0.3140E+03
     17.077  0.1758E+02  0.3140E+03
     17.095  0.3868E+02  0.3150E+03
     17.113  0.2533E+02  0.3155E+03
     17.131  0.1245E+02  0.3159E+03
     17.150  0.1840E+01  0.3160E+03
     17.168  0.2962E+01  0.3160E+03
     17.186  0.5650E+01  0.3161E+03
     17.204  0.8635E+01  0.3162E+03
     17.222  0.1192E+02  0.3164E+03
     17.240  0.1535E+02  0.3167E+03
     17.259  0.1565E+02  0.3170E+03
     17.277  0.1343E+02  0.3172E+03
     17.295  0.1068E+02  0.3175E+03
     17.313  0.7532E+01  0.3176E+03
     17.331  0.5355E+01  0.3177E+03
     17.350  0.4126E+01  0.3178E+03
     17.368  0.9862E+01  0.3179E+03
     17.386  0.1619E+02  0.3182E+03
     17.404  0.1274E+02  0.3184E+03
     17.422  0.1197E+02  0.3187E+03
     17.441  0.1115E+02  0.3189E+03
     17.459  0.1027E+02  0.3191E+03
     17.477  0.9332E+01  0.3193E+03
     17.495  0.8307E+01  0.3194E+03
     17.513  0.7082E+01  0.3196E+03
     17.532  0.5649E+01  0.3197E+03
     17.550  0.4394E+01  0.3198E+03
     17.568  0.3813E+01  0.3198E+03
     17.586  0.3634E+01  0.3199E+03
     17.604  0.3818E+01  0.3200E+03
     17.623  0.4297E+01  0.3200E+03
     17.641  0.4938E+01  0.3201E+03
     17.659  0.5737E+01  0.3202E+03
     17.677  0.6695E+01  0.3203E+03
     17.695  0.7811E+01  0.3205E+03
     17.714  0.9086E+01  0.3206E+03
     17.732  0.1030E+02  0.3208E+03
     17.750  0.1098E+02  0.3210E+03
     17.768  0.1092E+02  0.3212E+03
     17.786  0.1029E+02  0.3214E+03
     17.805  0.9276E+01  0.3216E+03
     17.823  0.7883E+01  0.3217E+03
     17.841  0.6114E+01  0.3218E+03
     17.859  0.3975E+01  0.3219E+03
     17.877  0.1466E+01  0.3220E+03
     17.895  0.2111E-01  0.3220E+03
     17.914  0.0000E+00  0.3220E+03
     17.932  0.0000E+00  0.3220E+03
     17.950  0.0000E+00  0.3220E+03
     17.968  0.0000E+00  0.3220E+03
     17.986  0.0000E+00  0.3220E+03
     18.005  0.0000E+00  0.3220E+03
     18.023  0.0000E+00  0.3220E+03
     18.041  0.0000E+00  0.3220E+03
     18.059  0.0000E+00  0.3220E+03
     18.077  0.0000E+00  0.3220E+03
     18.096  0.0000E+00  0.3220E+03
     18.114  0.0000E+00  0.3220E+03
     18.132  0.0000E+00  0.3220E+03
     18.150  0.0000E+00  0.3220E+03
     18.168  0.0000E+00  0.3220E+03
     18.187  0.0000E+00  0.3220E+03
     18.205  0.0000E+00  0.3220E+03
     18.223  0.0000E+00  0.3220E+03
     18.241  0.0000E+00  0.3220E+03
     18.259  0.0000E+00  0.3220E+03
     18.278  0.0000E+00  0.3220E+03
     18.296  0.0000E+00  0.3220E+03
     18.314  0.0000E+00  0.3220E+03
     18.332  0.0000E+00  0.3220E+03
     18.350  0.0000E+00  0.3220E+03
     18.369  0.0000E+00  0.3220E+03
     18.387  0.0000E+00  0.3220E+03
     18.405  0.0000E+00  0.3220E+03
     18.423  0.0000E+00  0.3220E+03
     18.441  0.0000E+00  0.3220E+03
     18.459  0.0000E+00  0.3220E+03
     18.478  0.0000E+00  0.3220E+03
     18.496  0.0000E+00  0.3220E+03
     18.514  0.0000E+00  0.3220E+03
     18.532  0.0000E+00  0.3220E+03
     18.550  0.0000E+00  0.3220E+03
     18.569  0.0000E+00  0.3220E+03
     18.587  0.0000E+00  0.3220E+03
     18.605  0.0000E+00  0.3220E+03
     18.623  0.0000E+00  0.3220E+03
     18.641  0.0000E+00  0.3220E+03
     18.660  0.0000E+00  0.3220E+03
     18.678  0.0000E+00  0.3220E+03
     18.696  0.0000E+00  0.3220E+03
     18.714  0.0000E+00  0.3220E+03
     18.732  0.0000E+00  0.3220E+03
     18.751  0.0000E+00  0.3220E+03
     18.769  0.0000E+00  0.3220E+03
     18.787  0.0000E+00  0.3220E+03
     18.805  0.0000E+00  0.3220E+03
     18.823  0.0000E+00  0.3220E+03
     18.842  0.0000E+00  0.3220E+03
     18.860  0.0000E+00  0.3220E+03
     18.878  0.0000E+00  0.3220E+03
     18.896  0.0000E+00  0.3220E+03
     18.914  0.0000E+00  0.3220E+03
     18.933  0.0000E+00  0.3220E+03
     18.951  0.0000E+00  0.3220E+03
     18.969  0.0000E+00  0.3220E+03
     18.987  0.0000E+00  0.3220E+03
     19.005  0.0000E+00  0.3220E+03
     19.023  0.0000E+00  0.3220E+03
     19.042  0.0000E+00  0.3220E+03
     19.060  0.0000E+00  0.3220E+03
     19.078  0.0000E+00  0.3220E+03
     19.096  0.0000E+00  0.3220E+03
     19.114  0.0000E+00  0.3220E+03
     19.133  0.0000E+00  0.3220E+03
     19.151  0.0000E+00  0.3220E+03
     19.169  0.0000E+00  0.3220E+03
     19.187  0.0000E+00  0.3220E+03
     19.205  0.0000E+00  0.3220E+03
     19.224  0.0000E+00  0.3220E+03
     19.242  0.0000E+00  0.3220E+03
     19.260  0.0000E+00  0.3220E+03
     19.278  0.0000E+00  0.3220E+03
     19.296  0.0000E+00  0.3220E+03
     19.315  0.0000E+00  0.3220E+03
     19.333  0.0000E+00  0.3220E+03
     19.351  0.0000E+00  0.3220E+03
     19.369  0.0000E+00  0.3220E+03
     19.387  0.0000E+00  0.3220E+03
     19.406  0.0000E+00  0.3220E+03
     19.424  0.0000E+00  0.3220E+03
     19.442  0.0000E+00  0.3220E+03
     19.460  0.0000E+00  0.3220E+03
     19.478  0.0000E+00  0.3220E+03
     19.497  0.0000E+00  0.3220E+03
     19.515  0.0000E+00  0.3220E+03
     19.533  0.0000E+00  0.3220E+03
     19.551  0.0000E+00  0.3220E+03

