 Energy DOS Integrated_DOS
    -16.878  0.0000E+00  0.0000E+00
    -16.859  0.0000E+00  0.0000E+00
    -16.841  0.0000E+00  0.0000E+00
    -16.823  0.0000E+00  0.0000E+00
    -16.805  0.0000E+00  0.0000E+00
    -16.786  0.0000E+00  0.0000E+00
    -16.768  0.0000E+00  0.0000E+00
    -16.750  0.0000E+00  0.0000E+00
    -16.732  0.0000E+00  0.0000E+00
    -16.713  0.0000E+00  0.0000E+00
    -16.695  0.0000E+00  0.0000E+00
    -16.677  0.0000E+00  0.0000E+00
    -16.659  0.0000E+00  0.0000E+00
    -16.641  0.0000E+00  0.0000E+00
    -16.622  0.0000E+00  0.0000E+00
    -16.604  0.0000E+00  0.0000E+00
    -16.586  0.0000E+00  0.0000E+00
    -16.568  0.0000E+00  0.0000E+00
    -16.549  0.0000E+00  0.0000E+00
    -16.531  0.0000E+00  0.0000E+00
    -16.513  0.0000E+00  0.0000E+00
    -16.495  0.0000E+00  0.0000E+00
    -16.476  0.0000E+00  0.0000E+00
    -16.458  0.0000E+00  0.0000E+00
    -16.440  0.0000E+00  0.0000E+00
    -16.422  0.0000E+00  0.0000E+00
    -16.403  0.0000E+00  0.0000E+00
    -16.385  0.0000E+00  0.0000E+00
    -16.367  0.0000E+00  0.0000E+00
    -16.349  0.0000E+00  0.0000E+00
    -16.330  0.0000E+00  0.0000E+00
    -16.312  0.0000E+00  0.0000E+00
    -16.294  0.0000E+00  0.0000E+00
    -16.276  0.0000E+00  0.0000E+00
    -16.257  0.0000E+00  0.0000E+00
    -16.239  0.0000E+00  0.0000E+00
    -16.221  0.0000E+00  0.0000E+00
    -16.203  0.0000E+00  0.0000E+00
    -16.184  0.0000E+00  0.0000E+00
    -16.166  0.0000E+00  0.0000E+00
    -16.148  0.0000E+00  0.0000E+00
    -16.130  0.0000E+00  0.0000E+00
    -16.111  0.0000E+00  0.0000E+00
    -16.093  0.0000E+00  0.0000E+00
    -16.075  0.0000E+00  0.0000E+00
    -16.057  0.0000E+00  0.0000E+00
    -16.038  0.0000E+00  0.0000E+00
    -16.020  0.0000E+00  0.0000E+00
    -16.002  0.0000E+00  0.0000E+00
    -15.984  0.0000E+00  0.0000E+00
    -15.965  0.0000E+00  0.0000E+00
    -15.947  0.0000E+00  0.0000E+00
    -15.929  0.0000E+00  0.0000E+00
    -15.911  0.0000E+00  0.0000E+00
    -15.892  0.0000E+00  0.0000E+00
    -15.874  0.0000E+00  0.0000E+00
    -15.856  0.0000E+00  0.0000E+00
    -15.838  0.0000E+00  0.0000E+00
    -15.819  0.0000E+00  0.0000E+00
    -15.801  0.0000E+00  0.0000E+00
    -15.783  0.0000E+00  0.0000E+00
    -15.765  0.0000E+00  0.0000E+00
    -15.746  0.0000E+00  0.0000E+00
    -15.728  0.0000E+00  0.0000E+00
    -15.710  0.0000E+00  0.0000E+00
    -15.692  0.0000E+00  0.0000E+00
    -15.673  0.0000E+00  0.0000E+00
    -15.655  0.0000E+00  0.0000E+00
    -15.637  0.0000E+00  0.0000E+00
    -15.619  0.0000E+00  0.0000E+00
    -15.600  0.0000E+00  0.0000E+00
    -15.582  0.0000E+00  0.0000E+00
    -15.564  0.0000E+00  0.0000E+00
    -15.546  0.0000E+00  0.0000E+00
    -15.527  0.0000E+00  0.0000E+00
    -15.509  0.0000E+00  0.0000E+00
    -15.491  0.0000E+00  0.0000E+00
    -15.473  0.0000E+00  0.0000E+00
    -15.454  0.0000E+00  0.0000E+00
    -15.436  0.0000E+00  0.0000E+00
    -15.418  0.0000E+00  0.0000E+00
    -15.400  0.0000E+00  0.0000E+00
    -15.382  0.0000E+00  0.0000E+00
    -15.363  0.0000E+00  0.0000E+00
    -15.345  0.0000E+00  0.0000E+00
    -15.327  0.0000E+00  0.0000E+00
    -15.309  0.0000E+00  0.0000E+00
    -15.290  0.0000E+00  0.0000E+00
    -15.272  0.0000E+00  0.0000E+00
    -15.254  0.0000E+00  0.0000E+00
    -15.236  0.0000E+00  0.0000E+00
    -15.217  0.1110E-02  0.9203E-06
    -15.199  0.7705E-01  0.5326E-03
    -15.181  0.2723E+00  0.3539E-02
    -15.163  0.5870E+00  0.1120E-01
    -15.144  0.1021E+01  0.2568E-01
    -15.126  0.1574E+01  0.4918E-01
    -15.108  0.2247E+01  0.8386E-01
    -15.090  0.3039E+01  0.1319E+00
    -15.071  0.3950E+01  0.1955E+00
    -15.053  0.4981E+01  0.2768E+00
    -15.035  0.6148E+01  0.3780E+00
    -15.017  0.7295E+01  0.5011E+00
    -14.998  0.8168E+01  0.6425E+00
    -14.980  0.8769E+01  0.7975E+00
    -14.962  0.1201E+02  0.9768E+00
    -14.944  0.1619E+02  0.1236E+01
    -14.925  0.1901E+02  0.1559E+01
    -14.907  0.2048E+02  0.1922E+01
    -14.889  0.2060E+02  0.2298E+01
    -14.871  0.1938E+02  0.2665E+01
    -14.852  0.1630E+02  0.2992E+01
    -14.834  0.1311E+02  0.3260E+01
    -14.816  0.1030E+02  0.3473E+01
    -14.798  0.7886E+01  0.3639E+01
    -14.779  0.9670E+01  0.3787E+01
    -14.761  0.1285E+02  0.3993E+01
    -14.743  0.1556E+02  0.4251E+01
    -14.725  0.1900E+02  0.4568E+01
    -14.706  0.2121E+02  0.4937E+01
    -14.688  0.2230E+02  0.5336E+01
    -14.670  0.2226E+02  0.5744E+01
    -14.652  0.2100E+02  0.6141E+01
    -14.633  0.1799E+02  0.6499E+01
    -14.615  0.1315E+02  0.6786E+01
    -14.597  0.9772E+01  0.6982E+01
    -14.579  0.9880E+01  0.7161E+01
    -14.560  0.1003E+02  0.7342E+01
    -14.542  0.1022E+02  0.7527E+01
    -14.524  0.1045E+02  0.7716E+01
    -14.506  0.1073E+02  0.7909E+01
    -14.487  0.1060E+02  0.8107E+01
    -14.469  0.8434E+01  0.8277E+01
    -14.451  0.8639E+01  0.8429E+01
    -14.433  0.1072E+02  0.8604E+01
    -14.414  0.1316E+02  0.8822E+01
    -14.396  0.1585E+02  0.9086E+01
    -14.378  0.1879E+02  0.9402E+01
    -14.360  0.3772E+02  0.9845E+01
    -14.341  0.5262E+02  0.1072E+02
    -14.323  0.2474E+02  0.1149E+02
    -14.305  0.2189E+02  0.1189E+02
    -14.287  0.2257E+02  0.1229E+02
    -14.268  0.5801E+01  0.1260E+02
    -14.250  0.7563E+01  0.1272E+02
    -14.232  0.1047E+02  0.1289E+02
    -14.214  0.1452E+02  0.1311E+02
    -14.195  0.6944E+02  0.1348E+02
    -14.177  0.1180E+02  0.1410E+02
    -14.159  0.2007E+02  0.1441E+02
    -14.141  0.2569E+02  0.1483E+02
    -14.122  0.3102E+02  0.1535E+02
    -14.104  0.3729E+02  0.1597E+02
    -14.086  0.3863E+02  0.1667E+02
    -14.068  0.6658E+02  0.1763E+02
    -14.050  0.7336E+02  0.1896E+02
    -14.031  0.5269E+02  0.2011E+02
    -14.013  0.3311E+02  0.2089E+02
    -13.995  0.1929E+02  0.2136E+02
    -13.977  0.1050E+02  0.2162E+02
    -13.958  0.6369E+01  0.2177E+02
    -13.940  0.4408E+01  0.2187E+02
    -13.922  0.7072E+01  0.2194E+02
    -13.904  0.3303E+02  0.2235E+02
    -13.885  0.2987E+02  0.2296E+02
    -13.867  0.1767E+02  0.2337E+02
    -13.849  0.1184E+02  0.2364E+02
    -13.831  0.1370E+02  0.2385E+02
    -13.812  0.4905E+02  0.2434E+02
    -13.794  0.9119E+02  0.2575E+02
    -13.776  0.5662E+02  0.2716E+02
    -13.758  0.8070E+02  0.2835E+02
    -13.739  0.8336E+02  0.2990E+02
    -13.721  0.8969E+02  0.3146E+02
    -13.703  0.4599E+02  0.3259E+02
    -13.685  0.8918E+02  0.3378E+02
    -13.666  0.1428E+03  0.3625E+02
    -13.648  0.8829E+02  0.3838E+02
    -13.630  0.4683E+02  0.3959E+02
    -13.612  0.2807E+02  0.4020E+02
    -13.593  0.5789E+02  0.4092E+02
    -13.575  0.8847E+02  0.4232E+02
    -13.557  0.1680E+03  0.4392E+02
    -13.539  0.1330E+03  0.4567E+02
    -13.520  0.7027E+02  0.4681E+02
    -13.502  0.1032E+03  0.4847E+02
    -13.484  0.6314E+02  0.4982E+02
    -13.466  0.1007E+03  0.5110E+02
    -13.447  0.5650E+02  0.5267E+02
    -13.429  0.1010E+03  0.5405E+02
    -13.411  0.1208E+03  0.5633E+02
    -13.393  0.7491E+02  0.5819E+02
    -13.374  0.8399E+02  0.5965E+02
    -13.356  0.5829E+02  0.6101E+02
    -13.338  0.2671E+02  0.6177E+02
    -13.320  0.2582E+01  0.6199E+02
    -13.301  0.0000E+00  0.6200E+02
    -13.283  0.0000E+00  0.6200E+02
    -13.265  0.0000E+00  0.6200E+02
    -13.247  0.0000E+00  0.6200E+02
    -13.228  0.0000E+00  0.6200E+02
    -13.210  0.0000E+00  0.6200E+02
    -13.192  0.0000E+00  0.6200E+02
    -13.174  0.0000E+00  0.6200E+02
    -13.155  0.0000E+00  0.6200E+02
    -13.137  0.0000E+00  0.6200E+02
    -13.119  0.0000E+00  0.6200E+02
    -13.101  0.0000E+00  0.6200E+02
    -13.082  0.0000E+00  0.6200E+02
    -13.064  0.0000E+00  0.6200E+02
    -13.046  0.0000E+00  0.6200E+02
    -13.028  0.0000E+00  0.6200E+02
    -13.009  0.0000E+00  0.6200E+02
    -12.991  0.0000E+00  0.6200E+02
    -12.973  0.0000E+00  0.6200E+02
    -12.955  0.0000E+00  0.6200E+02
    -12.936  0.0000E+00  0.6200E+02
    -12.918  0.0000E+00  0.6200E+02
    -12.900  0.0000E+00  0.6200E+02
    -12.882  0.0000E+00  0.6200E+02
    -12.863  0.0000E+00  0.6200E+02
    -12.845  0.0000E+00  0.6200E+02
    -12.827  0.0000E+00  0.6200E+02
    -12.809  0.0000E+00  0.6200E+02
    -12.791  0.0000E+00  0.6200E+02
    -12.772  0.0000E+00  0.6200E+02
    -12.754  0.0000E+00  0.6200E+02
    -12.736  0.0000E+00  0.6200E+02
    -12.718  0.0000E+00  0.6200E+02
    -12.699  0.0000E+00  0.6200E+02
    -12.681  0.0000E+00  0.6200E+02
    -12.663  0.0000E+00  0.6200E+02
    -12.645  0.0000E+00  0.6200E+02
    -12.626  0.0000E+00  0.6200E+02
    -12.608  0.0000E+00  0.6200E+02
    -12.590  0.0000E+00  0.6200E+02
    -12.572  0.0000E+00  0.6200E+02
    -12.553  0.0000E+00  0.6200E+02
    -12.535  0.0000E+00  0.6200E+02
    -12.517  0.0000E+00  0.6200E+02
    -12.499  0.0000E+00  0.6200E+02
    -12.480  0.0000E+00  0.6200E+02
    -12.462  0.0000E+00  0.6200E+02
    -12.444  0.0000E+00  0.6200E+02
    -12.426  0.0000E+00  0.6200E+02
    -12.407  0.0000E+00  0.6200E+02
    -12.389  0.0000E+00  0.6200E+02
    -12.371  0.0000E+00  0.6200E+02
    -12.353  0.0000E+00  0.6200E+02
    -12.334  0.0000E+00  0.6200E+02
    -12.316  0.0000E+00  0.6200E+02
    -12.298  0.0000E+00  0.6200E+02
    -12.280  0.0000E+00  0.6200E+02
    -12.261  0.0000E+00  0.6200E+02
    -12.243  0.0000E+00  0.6200E+02
    -12.225  0.0000E+00  0.6200E+02
    -12.207  0.0000E+00  0.6200E+02
    -12.188  0.0000E+00  0.6200E+02
    -12.170  0.0000E+00  0.6200E+02
    -12.152  0.0000E+00  0.6200E+02
    -12.134  0.0000E+00  0.6200E+02
    -12.115  0.0000E+00  0.6200E+02
    -12.097  0.0000E+00  0.6200E+02
    -12.079  0.0000E+00  0.6200E+02
    -12.061  0.0000E+00  0.6200E+02
    -12.042  0.0000E+00  0.6200E+02
    -12.024  0.0000E+00  0.6200E+02
    -12.006  0.0000E+00  0.6200E+02
    -11.988  0.0000E+00  0.6200E+02
    -11.969  0.0000E+00  0.6200E+02
    -11.951  0.0000E+00  0.6200E+02
    -11.933  0.0000E+00  0.6200E+02
    -11.915  0.0000E+00  0.6200E+02
    -11.896  0.0000E+00  0.6200E+02
    -11.878  0.0000E+00  0.6200E+02
    -11.860  0.0000E+00  0.6200E+02
    -11.842  0.0000E+00  0.6200E+02
    -11.823  0.0000E+00  0.6200E+02
    -11.805  0.0000E+00  0.6200E+02
    -11.787  0.0000E+00  0.6200E+02
    -11.769  0.0000E+00  0.6200E+02
    -11.750  0.0000E+00  0.6200E+02
    -11.732  0.0000E+00  0.6200E+02
    -11.714  0.0000E+00  0.6200E+02
    -11.696  0.0000E+00  0.6200E+02
    -11.677  0.0000E+00  0.6200E+02
    -11.659  0.0000E+00  0.6200E+02
    -11.641  0.0000E+00  0.6200E+02
    -11.623  0.0000E+00  0.6200E+02
    -11.604  0.0000E+00  0.6200E+02
    -11.586  0.0000E+00  0.6200E+02
    -11.568  0.0000E+00  0.6200E+02
    -11.550  0.0000E+00  0.6200E+02
    -11.532  0.0000E+00  0.6200E+02
    -11.513  0.0000E+00  0.6200E+02
    -11.495  0.0000E+00  0.6200E+02
    -11.477  0.0000E+00  0.6200E+02
    -11.459  0.0000E+00  0.6200E+02
    -11.440  0.0000E+00  0.6200E+02
    -11.422  0.0000E+00  0.6200E+02
    -11.404  0.0000E+00  0.6200E+02
    -11.386  0.0000E+00  0.6200E+02
    -11.367  0.0000E+00  0.6200E+02
    -11.349  0.0000E+00  0.6200E+02
    -11.331  0.0000E+00  0.6200E+02
    -11.313  0.0000E+00  0.6200E+02
    -11.294  0.0000E+00  0.6200E+02
    -11.276  0.0000E+00  0.6200E+02
    -11.258  0.0000E+00  0.6200E+02
    -11.240  0.0000E+00  0.6200E+02
    -11.221  0.0000E+00  0.6200E+02
    -11.203  0.0000E+00  0.6200E+02
    -11.185  0.0000E+00  0.6200E+02
    -11.167  0.0000E+00  0.6200E+02
    -11.148  0.0000E+00  0.6200E+02
    -11.130  0.0000E+00  0.6200E+02
    -11.112  0.0000E+00  0.6200E+02
    -11.094  0.0000E+00  0.6200E+02
    -11.075  0.0000E+00  0.6200E+02
    -11.057  0.0000E+00  0.6200E+02
    -11.039  0.0000E+00  0.6200E+02
    -11.021  0.0000E+00  0.6200E+02
    -11.002  0.0000E+00  0.6200E+02
    -10.984  0.0000E+00  0.6200E+02
    -10.966  0.0000E+00  0.6200E+02
    -10.948  0.0000E+00  0.6200E+02
    -10.929  0.0000E+00  0.6200E+02
    -10.911  0.0000E+00  0.6200E+02
    -10.893  0.0000E+00  0.6200E+02
    -10.875  0.0000E+00  0.6200E+02
    -10.856  0.0000E+00  0.6200E+02
    -10.838  0.0000E+00  0.6200E+02
    -10.820  0.0000E+00  0.6200E+02
    -10.802  0.0000E+00  0.6200E+02
    -10.783  0.0000E+00  0.6200E+02
    -10.765  0.0000E+00  0.6200E+02
    -10.747  0.0000E+00  0.6200E+02
    -10.729  0.0000E+00  0.6200E+02
    -10.710  0.0000E+00  0.6200E+02
    -10.692  0.0000E+00  0.6200E+02
    -10.674  0.0000E+00  0.6200E+02
    -10.656  0.0000E+00  0.6200E+02
    -10.637  0.0000E+00  0.6200E+02
    -10.619  0.0000E+00  0.6200E+02
    -10.601  0.0000E+00  0.6200E+02
    -10.583  0.0000E+00  0.6200E+02
    -10.564  0.0000E+00  0.6200E+02
    -10.546  0.0000E+00  0.6200E+02
    -10.528  0.0000E+00  0.6200E+02
    -10.510  0.0000E+00  0.6200E+02
    -10.491  0.0000E+00  0.6200E+02
    -10.473  0.0000E+00  0.6200E+02
    -10.455  0.0000E+00  0.6200E+02
    -10.437  0.0000E+00  0.6200E+02
    -10.418  0.0000E+00  0.6200E+02
    -10.400  0.0000E+00  0.6200E+02
    -10.382  0.0000E+00  0.6200E+02
    -10.364  0.0000E+00  0.6200E+02
    -10.345  0.0000E+00  0.6200E+02
    -10.327  0.0000E+00  0.6200E+02
    -10.309  0.0000E+00  0.6200E+02
    -10.291  0.0000E+00  0.6200E+02
    -10.273  0.0000E+00  0.6200E+02
    -10.254  0.0000E+00  0.6200E+02
    -10.236  0.0000E+00  0.6200E+02
    -10.218  0.0000E+00  0.6200E+02
    -10.200  0.0000E+00  0.6200E+02
    -10.181  0.0000E+00  0.6200E+02
    -10.163  0.0000E+00  0.6200E+02
    -10.145  0.0000E+00  0.6200E+02
    -10.127  0.0000E+00  0.6200E+02
    -10.108  0.0000E+00  0.6200E+02
    -10.090  0.0000E+00  0.6200E+02
    -10.072  0.0000E+00  0.6200E+02
    -10.054  0.0000E+00  0.6200E+02
    -10.035  0.0000E+00  0.6200E+02
    -10.017  0.0000E+00  0.6200E+02
     -9.999  0.0000E+00  0.6200E+02
     -9.981  0.0000E+00  0.6200E+02
     -9.962  0.0000E+00  0.6200E+02
     -9.944  0.0000E+00  0.6200E+02
     -9.926  0.0000E+00  0.6200E+02
     -9.908  0.0000E+00  0.6200E+02
     -9.889  0.0000E+00  0.6200E+02
     -9.871  0.0000E+00  0.6200E+02
     -9.853  0.0000E+00  0.6200E+02
     -9.835  0.0000E+00  0.6200E+02
     -9.816  0.0000E+00  0.6200E+02
     -9.798  0.0000E+00  0.6200E+02
     -9.780  0.0000E+00  0.6200E+02
     -9.762  0.0000E+00  0.6200E+02
     -9.743  0.0000E+00  0.6200E+02
     -9.725  0.0000E+00  0.6200E+02
     -9.707  0.0000E+00  0.6200E+02
     -9.689  0.0000E+00  0.6200E+02
     -9.670  0.0000E+00  0.6200E+02
     -9.652  0.0000E+00  0.6200E+02
     -9.634  0.0000E+00  0.6200E+02
     -9.616  0.0000E+00  0.6200E+02
     -9.597  0.0000E+00  0.6200E+02
     -9.579  0.0000E+00  0.6200E+02
     -9.561  0.0000E+00  0.6200E+02
     -9.543  0.0000E+00  0.6200E+02
     -9.524  0.0000E+00  0.6200E+02
     -9.506  0.0000E+00  0.6200E+02
     -9.488  0.0000E+00  0.6200E+02
     -9.470  0.0000E+00  0.6200E+02
     -9.451  0.0000E+00  0.6200E+02
     -9.433  0.0000E+00  0.6200E+02
     -9.415  0.0000E+00  0.6200E+02
     -9.397  0.0000E+00  0.6200E+02
     -9.378  0.0000E+00  0.6200E+02
     -9.360  0.0000E+00  0.6200E+02
     -9.342  0.0000E+00  0.6200E+02
     -9.324  0.0000E+00  0.6200E+02
     -9.305  0.0000E+00  0.6200E+02
     -9.287  0.0000E+00  0.6200E+02
     -9.269  0.0000E+00  0.6200E+02
     -9.251  0.0000E+00  0.6200E+02
     -9.232  0.0000E+00  0.6200E+02
     -9.214  0.0000E+00  0.6200E+02
     -9.196  0.0000E+00  0.6200E+02
     -9.178  0.0000E+00  0.6200E+02
     -9.159  0.0000E+00  0.6200E+02
     -9.141  0.0000E+00  0.6200E+02
     -9.123  0.0000E+00  0.6200E+02
     -9.105  0.0000E+00  0.6200E+02
     -9.086  0.0000E+00  0.6200E+02
     -9.068  0.0000E+00  0.6200E+02
     -9.050  0.0000E+00  0.6200E+02
     -9.032  0.0000E+00  0.6200E+02
     -9.013  0.0000E+00  0.6200E+02
     -8.995  0.0000E+00  0.6200E+02
     -8.977  0.0000E+00  0.6200E+02
     -8.959  0.0000E+00  0.6200E+02
     -8.941  0.0000E+00  0.6200E+02
     -8.922  0.0000E+00  0.6200E+02
     -8.904  0.0000E+00  0.6200E+02
     -8.886  0.0000E+00  0.6200E+02
     -8.868  0.0000E+00  0.6200E+02
     -8.849  0.0000E+00  0.6200E+02
     -8.831  0.0000E+00  0.6200E+02
     -8.813  0.0000E+00  0.6200E+02
     -8.795  0.0000E+00  0.6200E+02
     -8.776  0.0000E+00  0.6200E+02
     -8.758  0.0000E+00  0.6200E+02
     -8.740  0.0000E+00  0.6200E+02
     -8.722  0.0000E+00  0.6200E+02
     -8.703  0.0000E+00  0.6200E+02
     -8.685  0.0000E+00  0.6200E+02
     -8.667  0.0000E+00  0.6200E+02
     -8.649  0.0000E+00  0.6200E+02
     -8.630  0.0000E+00  0.6200E+02
     -8.612  0.0000E+00  0.6200E+02
     -8.594  0.0000E+00  0.6200E+02
     -8.576  0.0000E+00  0.6200E+02
     -8.557  0.0000E+00  0.6200E+02
     -8.539  0.0000E+00  0.6200E+02
     -8.521  0.0000E+00  0.6200E+02
     -8.503  0.0000E+00  0.6200E+02
     -8.484  0.0000E+00  0.6200E+02
     -8.466  0.0000E+00  0.6200E+02
     -8.448  0.0000E+00  0.6200E+02
     -8.430  0.0000E+00  0.6200E+02
     -8.411  0.0000E+00  0.6200E+02
     -8.393  0.0000E+00  0.6200E+02
     -8.375  0.0000E+00  0.6200E+02
     -8.357  0.0000E+00  0.6200E+02
     -8.338  0.0000E+00  0.6200E+02
     -8.320  0.0000E+00  0.6200E+02
     -8.302  0.0000E+00  0.6200E+02
     -8.284  0.0000E+00  0.6200E+02
     -8.265  0.0000E+00  0.6200E+02
     -8.247  0.0000E+00  0.6200E+02
     -8.229  0.0000E+00  0.6200E+02
     -8.211  0.0000E+00  0.6200E+02
     -8.192  0.0000E+00  0.6200E+02
     -8.174  0.0000E+00  0.6200E+02
     -8.156  0.0000E+00  0.6200E+02
     -8.138  0.0000E+00  0.6200E+02
     -8.119  0.0000E+00  0.6200E+02
     -8.101  0.0000E+00  0.6200E+02
     -8.083  0.0000E+00  0.6200E+02
     -8.065  0.0000E+00  0.6200E+02
     -8.046  0.0000E+00  0.6200E+02
     -8.028  0.0000E+00  0.6200E+02
     -8.010  0.0000E+00  0.6200E+02
     -7.992  0.0000E+00  0.6200E+02
     -7.973  0.0000E+00  0.6200E+02
     -7.955  0.0000E+00  0.6200E+02
     -7.937  0.0000E+00  0.6200E+02
     -7.919  0.0000E+00  0.6200E+02
     -7.900  0.0000E+00  0.6200E+02
     -7.882  0.0000E+00  0.6200E+02
     -7.864  0.0000E+00  0.6200E+02
     -7.846  0.0000E+00  0.6200E+02
     -7.827  0.0000E+00  0.6200E+02
     -7.809  0.0000E+00  0.6200E+02
     -7.791  0.0000E+00  0.6200E+02
     -7.773  0.0000E+00  0.6200E+02
     -7.754  0.0000E+00  0.6200E+02
     -7.736  0.0000E+00  0.6200E+02
     -7.718  0.0000E+00  0.6200E+02
     -7.700  0.0000E+00  0.6200E+02
     -7.682  0.0000E+00  0.6200E+02
     -7.663  0.0000E+00  0.6200E+02
     -7.645  0.0000E+00  0.6200E+02
     -7.627  0.0000E+00  0.6200E+02
     -7.609  0.0000E+00  0.6200E+02
     -7.590  0.0000E+00  0.6200E+02
     -7.572  0.0000E+00  0.6200E+02
     -7.554  0.0000E+00  0.6200E+02
     -7.536  0.0000E+00  0.6200E+02
     -7.517  0.0000E+00  0.6200E+02
     -7.499  0.0000E+00  0.6200E+02
     -7.481  0.0000E+00  0.6200E+02
     -7.463  0.0000E+00  0.6200E+02
     -7.444  0.0000E+00  0.6200E+02
     -7.426  0.0000E+00  0.6200E+02
     -7.408  0.0000E+00  0.6200E+02
     -7.390  0.0000E+00  0.6200E+02
     -7.371  0.0000E+00  0.6200E+02
     -7.353  0.0000E+00  0.6200E+02
     -7.335  0.0000E+00  0.6200E+02
     -7.317  0.0000E+00  0.6200E+02
     -7.298  0.0000E+00  0.6200E+02
     -7.280  0.0000E+00  0.6200E+02
     -7.262  0.0000E+00  0.6200E+02
     -7.244  0.0000E+00  0.6200E+02
     -7.225  0.0000E+00  0.6200E+02
     -7.207  0.0000E+00  0.6200E+02
     -7.189  0.0000E+00  0.6200E+02
     -7.171  0.0000E+00  0.6200E+02
     -7.152  0.0000E+00  0.6200E+02
     -7.134  0.0000E+00  0.6200E+02
     -7.116  0.0000E+00  0.6200E+02
     -7.098  0.0000E+00  0.6200E+02
     -7.079  0.0000E+00  0.6200E+02
     -7.061  0.0000E+00  0.6200E+02
     -7.043  0.0000E+00  0.6200E+02
     -7.025  0.0000E+00  0.6200E+02
     -7.006  0.0000E+00  0.6200E+02
     -6.988  0.0000E+00  0.6200E+02
     -6.970  0.0000E+00  0.6200E+02
     -6.952  0.0000E+00  0.6200E+02
     -6.933  0.0000E+00  0.6200E+02
     -6.915  0.0000E+00  0.6200E+02
     -6.897  0.0000E+00  0.6200E+02
     -6.879  0.0000E+00  0.6200E+02
     -6.860  0.0000E+00  0.6200E+02
     -6.842  0.0000E+00  0.6200E+02
     -6.824  0.0000E+00  0.6200E+02
     -6.806  0.0000E+00  0.6200E+02
     -6.787  0.0000E+00  0.6200E+02
     -6.769  0.0000E+00  0.6200E+02
     -6.751  0.0000E+00  0.6200E+02
     -6.733  0.0000E+00  0.6200E+02
     -6.714  0.0000E+00  0.6200E+02
     -6.696  0.0000E+00  0.6200E+02
     -6.678  0.0000E+00  0.6200E+02
     -6.660  0.0000E+00  0.6200E+02
     -6.641  0.0000E+00  0.6200E+02
     -6.623  0.0000E+00  0.6200E+02
     -6.605  0.0000E+00  0.6200E+02
     -6.587  0.0000E+00  0.6200E+02
     -6.568  0.0000E+00  0.6200E+02
     -6.550  0.0000E+00  0.6200E+02
     -6.532  0.0000E+00  0.6200E+02
     -6.514  0.0000E+00  0.6200E+02
     -6.495  0.0000E+00  0.6200E+02
     -6.477  0.0000E+00  0.6200E+02
     -6.459  0.0000E+00  0.6200E+02
     -6.441  0.0000E+00  0.6200E+02
     -6.423  0.0000E+00  0.6200E+02
     -6.404  0.0000E+00  0.6200E+02
     -6.386  0.0000E+00  0.6200E+02
     -6.368  0.0000E+00  0.6200E+02
     -6.350  0.0000E+00  0.6200E+02
     -6.331  0.0000E+00  0.6200E+02
     -6.313  0.0000E+00  0.6200E+02
     -6.295  0.0000E+00  0.6200E+02
     -6.277  0.0000E+00  0.6200E+02
     -6.258  0.0000E+00  0.6200E+02
     -6.240  0.0000E+00  0.6200E+02
     -6.222  0.0000E+00  0.6200E+02
     -6.204  0.0000E+00  0.6200E+02
     -6.185  0.0000E+00  0.6200E+02
     -6.167  0.0000E+00  0.6200E+02
     -6.149  0.0000E+00  0.6200E+02
     -6.131  0.0000E+00  0.6200E+02
     -6.112  0.0000E+00  0.6200E+02
     -6.094  0.0000E+00  0.6200E+02
     -6.076  0.0000E+00  0.6200E+02
     -6.058  0.0000E+00  0.6200E+02
     -6.039  0.0000E+00  0.6200E+02
     -6.021  0.0000E+00  0.6200E+02
     -6.003  0.0000E+00  0.6200E+02
     -5.985  0.0000E+00  0.6200E+02
     -5.966  0.0000E+00  0.6200E+02
     -5.948  0.0000E+00  0.6200E+02
     -5.930  0.0000E+00  0.6200E+02
     -5.912  0.0000E+00  0.6200E+02
     -5.893  0.0000E+00  0.6200E+02
     -5.875  0.0000E+00  0.6200E+02
     -5.857  0.0000E+00  0.6200E+02
     -5.839  0.0000E+00  0.6200E+02
     -5.820  0.0000E+00  0.6200E+02
     -5.802  0.0000E+00  0.6200E+02
     -5.784  0.0000E+00  0.6200E+02
     -5.766  0.0000E+00  0.6200E+02
     -5.747  0.0000E+00  0.6200E+02
     -5.729  0.0000E+00  0.6200E+02
     -5.711  0.0000E+00  0.6200E+02
     -5.693  0.0000E+00  0.6200E+02
     -5.674  0.0000E+00  0.6200E+02
     -5.656  0.0000E+00  0.6200E+02
     -5.638  0.0000E+00  0.6200E+02
     -5.620  0.0000E+00  0.6200E+02
     -5.601  0.0000E+00  0.6200E+02
     -5.583  0.0000E+00  0.6200E+02
     -5.565  0.0000E+00  0.6200E+02
     -5.547  0.0000E+00  0.6200E+02
     -5.528  0.0000E+00  0.6200E+02
     -5.510  0.0000E+00  0.6200E+02
     -5.492  0.0000E+00  0.6200E+02
     -5.474  0.0000E+00  0.6200E+02
     -5.455  0.0000E+00  0.6200E+02
     -5.437  0.0000E+00  0.6200E+02
     -5.419  0.0000E+00  0.6200E+02
     -5.401  0.0000E+00  0.6200E+02
     -5.382  0.0000E+00  0.6200E+02
     -5.364  0.0000E+00  0.6200E+02
     -5.346  0.0000E+00  0.6200E+02
     -5.328  0.0000E+00  0.6200E+02
     -5.309  0.0000E+00  0.6200E+02
     -5.291  0.0000E+00  0.6200E+02
     -5.273  0.0000E+00  0.6200E+02
     -5.255  0.0000E+00  0.6200E+02
     -5.236  0.0000E+00  0.6200E+02
     -5.218  0.0000E+00  0.6200E+02
     -5.200  0.0000E+00  0.6200E+02
     -5.182  0.0000E+00  0.6200E+02
     -5.164  0.0000E+00  0.6200E+02
     -5.145  0.0000E+00  0.6200E+02
     -5.127  0.0000E+00  0.6200E+02
     -5.109  0.0000E+00  0.6200E+02
     -5.091  0.0000E+00  0.6200E+02
     -5.072  0.0000E+00  0.6200E+02
     -5.054  0.0000E+00  0.6200E+02
     -5.036  0.0000E+00  0.6200E+02
     -5.018  0.0000E+00  0.6200E+02
     -4.999  0.0000E+00  0.6200E+02
     -4.981  0.0000E+00  0.6200E+02
     -4.963  0.0000E+00  0.6200E+02
     -4.945  0.0000E+00  0.6200E+02
     -4.926  0.0000E+00  0.6200E+02
     -4.908  0.0000E+00  0.6200E+02
     -4.890  0.0000E+00  0.6200E+02
     -4.872  0.0000E+00  0.6200E+02
     -4.853  0.0000E+00  0.6200E+02
     -4.835  0.0000E+00  0.6200E+02
     -4.817  0.0000E+00  0.6200E+02
     -4.799  0.0000E+00  0.6200E+02
     -4.780  0.0000E+00  0.6200E+02
     -4.762  0.0000E+00  0.6200E+02
     -4.744  0.0000E+00  0.6200E+02
     -4.726  0.0000E+00  0.6200E+02
     -4.707  0.0000E+00  0.6200E+02
     -4.689  0.0000E+00  0.6200E+02
     -4.671  0.0000E+00  0.6200E+02
     -4.653  0.0000E+00  0.6200E+02
     -4.634  0.0000E+00  0.6200E+02
     -4.616  0.0000E+00  0.6200E+02
     -4.598  0.0000E+00  0.6200E+02
     -4.580  0.0000E+00  0.6200E+02
     -4.561  0.0000E+00  0.6200E+02
     -4.543  0.0000E+00  0.6200E+02
     -4.525  0.0000E+00  0.6200E+02
     -4.507  0.0000E+00  0.6200E+02
     -4.488  0.0000E+00  0.6200E+02
     -4.470  0.0000E+00  0.6200E+02
     -4.452  0.0000E+00  0.6200E+02
     -4.434  0.0000E+00  0.6200E+02
     -4.415  0.0000E+00  0.6200E+02
     -4.397  0.0000E+00  0.6200E+02
     -4.379  0.0000E+00  0.6200E+02
     -4.361  0.0000E+00  0.6200E+02
     -4.342  0.0000E+00  0.6200E+02
     -4.324  0.0000E+00  0.6200E+02
     -4.306  0.0000E+00  0.6200E+02
     -4.288  0.0000E+00  0.6200E+02
     -4.269  0.0000E+00  0.6200E+02
     -4.251  0.0000E+00  0.6200E+02
     -4.233  0.0000E+00  0.6200E+02
     -4.215  0.0000E+00  0.6200E+02
     -4.196  0.0000E+00  0.6200E+02
     -4.178  0.0000E+00  0.6200E+02
     -4.160  0.0000E+00  0.6200E+02
     -4.142  0.0000E+00  0.6200E+02
     -4.123  0.0000E+00  0.6200E+02
     -4.105  0.0000E+00  0.6200E+02
     -4.087  0.0000E+00  0.6200E+02
     -4.069  0.0000E+00  0.6200E+02
     -4.050  0.0000E+00  0.6200E+02
     -4.032  0.0000E+00  0.6200E+02
     -4.014  0.0000E+00  0.6200E+02
     -3.996  0.0000E+00  0.6200E+02
     -3.977  0.0000E+00  0.6200E+02
     -3.959  0.0000E+00  0.6200E+02
     -3.941  0.0000E+00  0.6200E+02
     -3.923  0.0000E+00  0.6200E+02
     -3.904  0.0000E+00  0.6200E+02
     -3.886  0.0000E+00  0.6200E+02
     -3.868  0.0000E+00  0.6200E+02
     -3.850  0.0000E+00  0.6200E+02
     -3.832  0.0000E+00  0.6200E+02
     -3.813  0.0000E+00  0.6200E+02
     -3.795  0.0000E+00  0.6200E+02
     -3.777  0.0000E+00  0.6200E+02
     -3.759  0.0000E+00  0.6200E+02
     -3.740  0.0000E+00  0.6200E+02
     -3.722  0.0000E+00  0.6200E+02
     -3.704  0.0000E+00  0.6200E+02
     -3.686  0.0000E+00  0.6200E+02
     -3.667  0.0000E+00  0.6200E+02
     -3.649  0.0000E+00  0.6200E+02
     -3.631  0.0000E+00  0.6200E+02
     -3.613  0.0000E+00  0.6200E+02
     -3.594  0.0000E+00  0.6200E+02
     -3.576  0.0000E+00  0.6200E+02
     -3.558  0.0000E+00  0.6200E+02
     -3.540  0.0000E+00  0.6200E+02
     -3.521  0.0000E+00  0.6200E+02
     -3.503  0.0000E+00  0.6200E+02
     -3.485  0.0000E+00  0.6200E+02
     -3.467  0.0000E+00  0.6200E+02
     -3.448  0.0000E+00  0.6200E+02
     -3.430  0.0000E+00  0.6200E+02
     -3.412  0.0000E+00  0.6200E+02
     -3.394  0.0000E+00  0.6200E+02
     -3.375  0.0000E+00  0.6200E+02
     -3.357  0.0000E+00  0.6200E+02
     -3.339  0.0000E+00  0.6200E+02
     -3.321  0.0000E+00  0.6200E+02
     -3.302  0.0000E+00  0.6200E+02
     -3.284  0.0000E+00  0.6200E+02
     -3.266  0.0000E+00  0.6200E+02
     -3.248  0.0000E+00  0.6200E+02
     -3.229  0.0000E+00  0.6200E+02
     -3.211  0.0000E+00  0.6200E+02
     -3.193  0.0000E+00  0.6200E+02
     -3.175  0.0000E+00  0.6200E+02
     -3.156  0.0000E+00  0.6200E+02
     -3.138  0.0000E+00  0.6200E+02
     -3.120  0.0000E+00  0.6200E+02
     -3.102  0.0000E+00  0.6200E+02
     -3.083  0.0000E+00  0.6200E+02
     -3.065  0.0000E+00  0.6200E+02
     -3.047  0.0000E+00  0.6200E+02
     -3.029  0.0000E+00  0.6200E+02
     -3.010  0.0000E+00  0.6200E+02
     -2.992  0.0000E+00  0.6200E+02
     -2.974  0.0000E+00  0.6200E+02
     -2.956  0.0000E+00  0.6200E+02
     -2.937  0.0000E+00  0.6200E+02
     -2.919  0.0000E+00  0.6200E+02
     -2.901  0.0000E+00  0.6200E+02
     -2.883  0.0000E+00  0.6200E+02
     -2.864  0.0000E+00  0.6200E+02
     -2.846  0.0000E+00  0.6200E+02
     -2.828  0.0000E+00  0.6200E+02
     -2.810  0.0000E+00  0.6200E+02
     -2.791  0.0000E+00  0.6200E+02
     -2.773  0.0000E+00  0.6200E+02
     -2.755  0.0000E+00  0.6200E+02
     -2.737  0.0000E+00  0.6200E+02
     -2.718  0.0000E+00  0.6200E+02
     -2.700  0.0000E+00  0.6200E+02
     -2.682  0.0000E+00  0.6200E+02
     -2.664  0.0000E+00  0.6200E+02
     -2.645  0.0000E+00  0.6200E+02
     -2.627  0.0000E+00  0.6200E+02
     -2.609  0.0000E+00  0.6200E+02
     -2.591  0.0000E+00  0.6200E+02
     -2.573  0.0000E+00  0.6200E+02
     -2.554  0.0000E+00  0.6200E+02
     -2.536  0.0000E+00  0.6200E+02
     -2.518  0.0000E+00  0.6200E+02
     -2.500  0.0000E+00  0.6200E+02
     -2.481  0.0000E+00  0.6200E+02
     -2.463  0.0000E+00  0.6200E+02
     -2.445  0.0000E+00  0.6200E+02
     -2.427  0.0000E+00  0.6200E+02
     -2.408  0.0000E+00  0.6200E+02
     -2.390  0.0000E+00  0.6200E+02
     -2.372  0.0000E+00  0.6200E+02
     -2.354  0.0000E+00  0.6200E+02
     -2.335  0.0000E+00  0.6200E+02
     -2.317  0.0000E+00  0.6200E+02
     -2.299  0.0000E+00  0.6200E+02
     -2.281  0.0000E+00  0.6200E+02
     -2.262  0.0000E+00  0.6200E+02
     -2.244  0.0000E+00  0.6200E+02
     -2.226  0.0000E+00  0.6200E+02
     -2.208  0.0000E+00  0.6200E+02
     -2.189  0.0000E+00  0.6200E+02
     -2.171  0.0000E+00  0.6200E+02
     -2.153  0.0000E+00  0.6200E+02
     -2.135  0.0000E+00  0.6200E+02
     -2.116  0.0000E+00  0.6200E+02
     -2.098  0.0000E+00  0.6200E+02
     -2.080  0.0000E+00  0.6200E+02
     -2.062  0.0000E+00  0.6200E+02
     -2.043  0.0000E+00  0.6200E+02
     -2.025  0.0000E+00  0.6200E+02
     -2.007  0.0000E+00  0.6200E+02
     -1.989  0.0000E+00  0.6200E+02
     -1.970  0.0000E+00  0.6200E+02
     -1.952  0.0000E+00  0.6200E+02
     -1.934  0.0000E+00  0.6200E+02
     -1.916  0.0000E+00  0.6200E+02
     -1.897  0.0000E+00  0.6200E+02
     -1.879  0.0000E+00  0.6200E+02
     -1.861  0.0000E+00  0.6200E+02
     -1.843  0.0000E+00  0.6200E+02
     -1.824  0.0000E+00  0.6200E+02
     -1.806  0.0000E+00  0.6200E+02
     -1.788  0.0000E+00  0.6200E+02
     -1.770  0.0000E+00  0.6200E+02
     -1.751  0.0000E+00  0.6200E+02
     -1.733  0.0000E+00  0.6200E+02
     -1.715  0.0000E+00  0.6200E+02
     -1.697  0.0000E+00  0.6200E+02
     -1.678  0.0000E+00  0.6200E+02
     -1.660  0.0000E+00  0.6200E+02
     -1.642  0.0000E+00  0.6200E+02
     -1.624  0.0000E+00  0.6200E+02
     -1.605  0.0000E+00  0.6200E+02
     -1.587  0.0000E+00  0.6200E+02
     -1.569  0.0000E+00  0.6200E+02
     -1.551  0.0000E+00  0.6200E+02
     -1.532  0.0000E+00  0.6200E+02
     -1.514  0.0000E+00  0.6200E+02
     -1.496  0.0000E+00  0.6200E+02
     -1.478  0.0000E+00  0.6200E+02
     -1.459  0.0000E+00  0.6200E+02
     -1.441  0.0000E+00  0.6200E+02
     -1.423  0.0000E+00  0.6200E+02
     -1.405  0.0000E+00  0.6200E+02
     -1.386  0.0000E+00  0.6200E+02
     -1.368  0.0000E+00  0.6200E+02
     -1.350  0.0000E+00  0.6200E+02
     -1.332  0.0000E+00  0.6200E+02
     -1.314  0.8938E-03  0.6200E+02
     -1.295  0.1883E-01  0.6200E+02
     -1.277  0.5980E-01  0.6200E+02
     -1.259  0.1299E+00  0.6200E+02
     -1.241  0.2551E+00  0.6201E+02
     -1.222  0.4382E+00  0.6201E+02
     -1.204  0.6815E+00  0.6202E+02
     -1.186  0.9997E+00  0.6204E+02
     -1.168  0.1395E+01  0.6206E+02
     -1.149  0.1869E+01  0.6209E+02
     -1.131  0.2420E+01  0.6213E+02
     -1.113  0.3049E+01  0.6218E+02
     -1.095  0.3755E+01  0.6224E+02
     -1.076  0.4540E+01  0.6232E+02
     -1.058  0.5401E+01  0.6241E+02
     -1.040  0.6341E+01  0.6251E+02
     -1.022  0.7358E+01  0.6264E+02
     -1.003  0.8453E+01  0.6278E+02
     -0.985  0.9625E+01  0.6295E+02
     -0.967  0.1088E+02  0.6313E+02
     -0.949  0.1284E+02  0.6335E+02
     -0.930  0.1477E+02  0.6360E+02
     -0.912  0.1652E+02  0.6389E+02
     -0.894  0.1809E+02  0.6420E+02
     -0.876  0.1947E+02  0.6455E+02
     -0.857  0.2128E+02  0.6491E+02
     -0.839  0.2474E+02  0.6533E+02
     -0.821  0.2806E+02  0.6582E+02
     -0.803  0.3045E+02  0.6635E+02
     -0.784  0.3810E+02  0.6698E+02
     -0.766  0.4614E+02  0.6774E+02
     -0.748  0.5645E+02  0.6869E+02
     -0.730  0.6083E+02  0.6977E+02
     -0.711  0.5902E+02  0.7086E+02
     -0.693  0.5530E+02  0.7191E+02
     -0.675  0.4992E+02  0.7288E+02
     -0.657  0.4363E+02  0.7373E+02
     -0.638  0.4105E+02  0.7450E+02
     -0.620  0.3647E+02  0.7521E+02
     -0.602  0.3159E+02  0.7583E+02
     -0.584  0.2389E+02  0.7634E+02
     -0.565  0.1892E+02  0.7672E+02
     -0.547  0.1710E+02  0.7705E+02
     -0.529  0.1729E+02  0.7736E+02
     -0.511  0.7360E+02  0.7770E+02
     -0.492  0.2305E+02  0.7881E+02
     -0.474  0.3161E+02  0.7932E+02
     -0.456  0.3358E+02  0.7993E+02
     -0.438  0.2968E+02  0.8051E+02
     -0.419  0.2038E+02  0.8098E+02
     -0.401  0.1810E+02  0.8130E+02
     -0.383  0.2124E+02  0.8166E+02
     -0.365  0.2915E+02  0.8209E+02
     -0.346  0.4802E+02  0.8282E+02
     -0.328  0.5109E+02  0.8375E+02
     -0.310  0.5655E+02  0.8472E+02
     -0.292  0.6274E+02  0.8584E+02
     -0.273  0.1160E+03  0.8696E+02
     -0.255  0.6170E+02  0.8842E+02
     -0.237  0.6897E+02  0.8990E+02
     -0.219  0.7839E+02  0.9144E+02
     -0.200  0.5681E+02  0.9253E+02
     -0.182  0.5419E+02  0.9354E+02
     -0.164  0.5092E+02  0.9450E+02
     -0.146  0.4799E+02  0.9540E+02
     -0.127  0.4580E+02  0.9626E+02
     -0.109  0.4428E+02  0.9708E+02
     -0.091  0.4397E+02  0.9788E+02
     -0.073  0.4627E+02  0.9870E+02
     -0.055  0.4849E+02  0.9957E+02
     -0.036  0.5000E+02  0.1005E+03
     -0.018  0.5073E+02  0.1014E+03
      0.000  0.4414E+02  0.1023E+03
      0.018  0.4206E+02  0.1031E+03
      0.037  0.3953E+02  0.1038E+03
      0.055  0.3431E+02  0.1045E+03
      0.073  0.2919E+02  0.1051E+03
      0.091  0.2934E+02  0.1056E+03
      0.110  0.2896E+02  0.1061E+03
      0.128  0.2815E+02  0.1067E+03
      0.146  0.2725E+02  0.1072E+03
      0.164  0.2627E+02  0.1077E+03
      0.183  0.2536E+02  0.1081E+03
      0.201  0.2506E+02  0.1086E+03
      0.219  0.2507E+02  0.1090E+03
      0.237  0.2433E+02  0.1095E+03
      0.256  0.2375E+02  0.1099E+03
      0.274  0.2348E+02  0.1104E+03
      0.292  0.2350E+02  0.1108E+03
      0.310  0.2382E+02  0.1112E+03
      0.329  0.2409E+02  0.1117E+03
      0.347  0.2408E+02  0.1121E+03
      0.365  0.2369E+02  0.1125E+03
      0.383  0.2162E+02  0.1129E+03
      0.402  0.1911E+02  0.1133E+03
      0.420  0.1736E+02  0.1137E+03
      0.438  0.1636E+02  0.1140E+03
      0.456  0.1266E+02  0.1142E+03
      0.475  0.1256E+02  0.1145E+03
      0.493  0.1191E+02  0.1147E+03
      0.511  0.1055E+02  0.1149E+03
      0.529  0.1309E+02  0.1151E+03
      0.548  0.1540E+02  0.1154E+03
      0.566  0.1786E+02  0.1157E+03
      0.584  0.2318E+02  0.1160E+03
      0.602  0.2648E+02  0.1165E+03
      0.621  0.2807E+02  0.1170E+03
      0.639  0.3109E+02  0.1175E+03
      0.657  0.3329E+02  0.1181E+03
      0.675  0.3573E+02  0.1188E+03
      0.694  0.3631E+02  0.1194E+03
      0.712  0.3545E+02  0.1201E+03
      0.730  0.3374E+02  0.1207E+03
      0.748  0.3221E+02  0.1213E+03
      0.767  0.3066E+02  0.1219E+03
      0.785  0.2908E+02  0.1224E+03
      0.803  0.2748E+02  0.1229E+03
      0.821  0.2587E+02  0.1234E+03
      0.840  0.2590E+02  0.1239E+03
      0.858  0.2706E+02  0.1244E+03
      0.876  0.2664E+02  0.1249E+03
      0.894  0.2525E+02  0.1253E+03
      0.913  0.2235E+02  0.1258E+03
      0.931  0.2206E+02  0.1262E+03
      0.949  0.1814E+02  0.1265E+03
      0.967  0.1389E+02  0.1268E+03
      0.986  0.1179E+02  0.1271E+03
      1.004  0.1120E+02  0.1273E+03
      1.022  0.1140E+02  0.1275E+03
      1.040  0.1190E+02  0.1277E+03
      1.059  0.1253E+02  0.1279E+03
      1.077  0.1331E+02  0.1281E+03
      1.095  0.1423E+02  0.1284E+03
      1.113  0.1530E+02  0.1287E+03
      1.132  0.1650E+02  0.1290E+03
      1.150  0.1734E+02  0.1293E+03
      1.168  0.1791E+02  0.1296E+03
      1.186  0.1845E+02  0.1299E+03
      1.204  0.1896E+02  0.1303E+03
      1.223  0.1941E+02  0.1306E+03
      1.241  0.1982E+02  0.1310E+03
      1.259  0.2017E+02  0.1313E+03
      1.277  0.2047E+02  0.1317E+03
      1.296  0.2062E+02  0.1321E+03
      1.314  0.2210E+02  0.1325E+03
      1.332  0.2342E+02  0.1329E+03
      1.350  0.2449E+02  0.1333E+03
      1.369  0.2530E+02  0.1338E+03
      1.387  0.2586E+02  0.1342E+03
      1.405  0.2616E+02  0.1347E+03
      1.423  0.2607E+02  0.1352E+03
      1.442  0.2531E+02  0.1357E+03
      1.460  0.2331E+02  0.1361E+03
      1.478  0.2198E+02  0.1365E+03
      1.496  0.2044E+02  0.1369E+03
      1.515  0.1958E+02  0.1373E+03
      1.533  0.1788E+02  0.1376E+03
      1.551  0.1689E+02  0.1379E+03
      1.569  0.1821E+02  0.1383E+03
      1.588  0.2362E+02  0.1386E+03
      1.606  0.2969E+02  0.1391E+03
      1.624  0.3903E+02  0.1397E+03
      1.642  0.5204E+02  0.1406E+03
      1.661  0.6398E+02  0.1416E+03
      1.679  0.5812E+02  0.1428E+03
      1.697  0.5355E+02  0.1437E+03
      1.715  0.5062E+02  0.1447E+03
      1.734  0.3781E+02  0.1455E+03
      1.752  0.2985E+02  0.1461E+03
      1.770  0.3481E+02  0.1467E+03
      1.788  0.5607E+02  0.1476E+03
      1.807  0.3351E+02  0.1484E+03
      1.825  0.4227E+02  0.1491E+03
      1.843  0.3661E+02  0.1498E+03
      1.861  0.3051E+02  0.1504E+03
      1.880  0.4159E+02  0.1510E+03
      1.898  0.4873E+02  0.1519E+03
      1.916  0.4810E+02  0.1528E+03
      1.934  0.4245E+02  0.1536E+03
      1.953  0.4471E+02  0.1544E+03
      1.971  0.4516E+02  0.1552E+03
      1.989  0.4303E+02  0.1560E+03
      2.007  0.3974E+02  0.1568E+03
      2.026  0.4179E+02  0.1575E+03
      2.044  0.4368E+02  0.1583E+03
      2.062  0.4627E+02  0.1591E+03
      2.080  0.4922E+02  0.1600E+03
      2.099  0.5004E+02  0.1609E+03
      2.117  0.4837E+02  0.1618E+03
      2.135  0.4520E+02  0.1626E+03
      2.153  0.4363E+02  0.1634E+03
      2.172  0.4482E+02  0.1643E+03
      2.190  0.4547E+02  0.1651E+03
      2.208  0.4529E+02  0.1659E+03
      2.226  0.4427E+02  0.1667E+03
      2.245  0.4433E+02  0.1675E+03
      2.263  0.4356E+02  0.1683E+03
      2.281  0.4082E+02  0.1691E+03
      2.299  0.3600E+02  0.1698E+03
      2.318  0.9069E+02  0.1708E+03
      2.336  0.1115E+03  0.1727E+03
      2.354  0.1093E+03  0.1748E+03
      2.372  0.9452E+02  0.1766E+03
      2.391  0.6931E+02  0.1782E+03
      2.409  0.3480E+02  0.1796E+03
      2.427  0.6644E+01  0.1800E+03
      2.445  0.1967E+03  0.1807E+03
      2.464  0.1118E+03  0.1832E+03
      2.482  0.3373E+02  0.1840E+03
      2.500  0.1218E+02  0.1852E+03
      2.518  0.3076E+02  0.1855E+03
      2.536  0.7202E+02  0.1864E+03
      2.555  0.8145E+02  0.1879E+03
      2.573  0.8036E+02  0.1893E+03
      2.591  0.1251E+03  0.1912E+03
      2.609  0.1228E+03  0.1936E+03
      2.628  0.7981E+02  0.1955E+03
      2.646  0.5673E+02  0.1966E+03
      2.664  0.5071E+02  0.1976E+03
      2.682  0.5044E+02  0.1985E+03
      2.701  0.4935E+02  0.1994E+03
      2.719  0.7282E+02  0.2007E+03
      2.737  0.7763E+02  0.2019E+03
      2.755  0.7095E+02  0.2034E+03
      2.774  0.4820E+02  0.2045E+03
      2.792  0.1431E+03  0.2060E+03
      2.810  0.4481E+02  0.2069E+03
      2.828  0.4958E+02  0.2077E+03
      2.847  0.5174E+02  0.2086E+03
      2.865  0.4005E+02  0.2095E+03
      2.883  0.3563E+02  0.2102E+03
      2.901  0.5974E+02  0.2112E+03
      2.920  0.8306E+02  0.2124E+03
      2.938  0.7699E+02  0.2139E+03
      2.956  0.5820E+02  0.2150E+03
      2.974  0.5847E+02  0.2163E+03
      2.993  0.6886E+02  0.2175E+03
      3.011  0.6165E+02  0.2187E+03
      3.029  0.4577E+02  0.2197E+03
      3.047  0.1303E+03  0.2209E+03
      3.066  0.6456E+02  0.2221E+03
      3.084  0.9193E+02  0.2234E+03
      3.102  0.1286E+03  0.2257E+03
      3.120  0.8966E+02  0.2277E+03
      3.139  0.6271E+02  0.2291E+03
      3.157  0.8146E+02  0.2303E+03
      3.175  0.6071E+02  0.2317E+03
      3.193  0.3042E+02  0.2325E+03
      3.212  0.3607E+02  0.2331E+03
      3.230  0.4735E+02  0.2338E+03
      3.248  0.4282E+02  0.2346E+03
      3.266  0.3911E+02  0.2354E+03
      3.285  0.3691E+02  0.2361E+03
      3.303  0.3588E+02  0.2367E+03
      3.321  0.3778E+02  0.2374E+03
      3.339  0.8446E+02  0.2384E+03
      3.358  0.2519E+02  0.2391E+03
      3.376  0.1913E+02  0.2395E+03
      3.394  0.2660E+02  0.2399E+03
      3.412  0.2480E+02  0.2404E+03
      3.431  0.2286E+02  0.2408E+03
      3.449  0.2200E+02  0.2412E+03
      3.467  0.3079E+02  0.2417E+03
      3.485  0.3753E+02  0.2423E+03
      3.504  0.3007E+02  0.2430E+03
      3.522  0.2142E+02  0.2435E+03
      3.540  0.2044E+02  0.2438E+03
      3.558  0.2735E+02  0.2443E+03
      3.577  0.2748E+02  0.2448E+03
      3.595  0.2324E+02  0.2452E+03
      3.613  0.2593E+02  0.2456E+03
      3.631  0.7210E+02  0.2465E+03
      3.650  0.2165E+02  0.2473E+03
      3.668  0.1392E+02  0.2477E+03
      3.686  0.7930E+01  0.2478E+03
      3.704  0.3671E+01  0.2480E+03
      3.723  0.1071E+01  0.2480E+03
      3.741  0.2390E-01  0.2480E+03
      3.759  0.0000E+00  0.2480E+03
      3.777  0.0000E+00  0.2480E+03
      3.795  0.0000E+00  0.2480E+03
      3.814  0.0000E+00  0.2480E+03
      3.832  0.0000E+00  0.2480E+03
      3.850  0.0000E+00  0.2480E+03
      3.868  0.0000E+00  0.2480E+03
      3.887  0.0000E+00  0.2480E+03
      3.905  0.0000E+00  0.2480E+03
      3.923  0.0000E+00  0.2480E+03
      3.941  0.0000E+00  0.2480E+03
      3.960  0.0000E+00  0.2480E+03
      3.978  0.0000E+00  0.2480E+03
      3.996  0.0000E+00  0.2480E+03
      4.014  0.0000E+00  0.2480E+03
      4.033  0.0000E+00  0.2480E+03
      4.051  0.0000E+00  0.2480E+03
      4.069  0.0000E+00  0.2480E+03
      4.087  0.0000E+00  0.2480E+03
      4.106  0.0000E+00  0.2480E+03
      4.124  0.0000E+00  0.2480E+03
      4.142  0.0000E+00  0.2480E+03
      4.160  0.0000E+00  0.2480E+03
      4.179  0.0000E+00  0.2480E+03
      4.197  0.0000E+00  0.2480E+03
      4.215  0.0000E+00  0.2480E+03
      4.233  0.0000E+00  0.2480E+03
      4.252  0.0000E+00  0.2480E+03
      4.270  0.0000E+00  0.2480E+03
      4.288  0.0000E+00  0.2480E+03
      4.306  0.0000E+00  0.2480E+03
      4.325  0.0000E+00  0.2480E+03
      4.343  0.0000E+00  0.2480E+03
      4.361  0.0000E+00  0.2480E+03
      4.379  0.0000E+00  0.2480E+03
      4.398  0.0000E+00  0.2480E+03
      4.416  0.0000E+00  0.2480E+03
      4.434  0.0000E+00  0.2480E+03
      4.452  0.0000E+00  0.2480E+03
      4.471  0.0000E+00  0.2480E+03
      4.489  0.0000E+00  0.2480E+03
      4.507  0.0000E+00  0.2480E+03
      4.525  0.0000E+00  0.2480E+03
      4.544  0.0000E+00  0.2480E+03
      4.562  0.0000E+00  0.2480E+03
      4.580  0.0000E+00  0.2480E+03
      4.598  0.0000E+00  0.2480E+03
      4.617  0.0000E+00  0.2480E+03
      4.635  0.0000E+00  0.2480E+03
      4.653  0.0000E+00  0.2480E+03
      4.671  0.0000E+00  0.2480E+03
      4.690  0.0000E+00  0.2480E+03
      4.708  0.0000E+00  0.2480E+03
      4.726  0.0000E+00  0.2480E+03
      4.744  0.0000E+00  0.2480E+03
      4.763  0.0000E+00  0.2480E+03
      4.781  0.0000E+00  0.2480E+03
      4.799  0.0000E+00  0.2480E+03
      4.817  0.0000E+00  0.2480E+03
      4.836  0.0000E+00  0.2480E+03
      4.854  0.0000E+00  0.2480E+03
      4.872  0.0000E+00  0.2480E+03
      4.890  0.0000E+00  0.2480E+03
      4.909  0.0000E+00  0.2480E+03
      4.927  0.0000E+00  0.2480E+03
      4.945  0.0000E+00  0.2480E+03
      4.963  0.0000E+00  0.2480E+03
      4.982  0.0000E+00  0.2480E+03
      5.000  0.0000E+00  0.2480E+03
      5.018  0.0000E+00  0.2480E+03
      5.036  0.0000E+00  0.2480E+03
      5.054  0.0000E+00  0.2480E+03
      5.073  0.0000E+00  0.2480E+03
      5.091  0.0000E+00  0.2480E+03
      5.109  0.0000E+00  0.2480E+03
      5.127  0.0000E+00  0.2480E+03
      5.146  0.0000E+00  0.2480E+03
      5.164  0.0000E+00  0.2480E+03
      5.182  0.0000E+00  0.2480E+03
      5.200  0.0000E+00  0.2480E+03
      5.219  0.0000E+00  0.2480E+03
      5.237  0.0000E+00  0.2480E+03
      5.255  0.0000E+00  0.2480E+03
      5.273  0.0000E+00  0.2480E+03
      5.292  0.0000E+00  0.2480E+03
      5.310  0.0000E+00  0.2480E+03
      5.328  0.0000E+00  0.2480E+03
      5.346  0.0000E+00  0.2480E+03
      5.365  0.0000E+00  0.2480E+03
      5.383  0.0000E+00  0.2480E+03
      5.401  0.0000E+00  0.2480E+03
      5.419  0.0000E+00  0.2480E+03
      5.438  0.0000E+00  0.2480E+03
      5.456  0.0000E+00  0.2480E+03
      5.474  0.0000E+00  0.2480E+03
      5.492  0.0000E+00  0.2480E+03
      5.511  0.0000E+00  0.2480E+03
      5.529  0.0000E+00  0.2480E+03
      5.547  0.0000E+00  0.2480E+03
      5.565  0.0000E+00  0.2480E+03
      5.584  0.0000E+00  0.2480E+03
      5.602  0.0000E+00  0.2480E+03
      5.620  0.0000E+00  0.2480E+03
      5.638  0.0000E+00  0.2480E+03
      5.657  0.0000E+00  0.2480E+03
      5.675  0.0000E+00  0.2480E+03
      5.693  0.0000E+00  0.2480E+03
      5.711  0.0000E+00  0.2480E+03
      5.730  0.0000E+00  0.2480E+03
      5.748  0.0000E+00  0.2480E+03
      5.766  0.0000E+00  0.2480E+03
      5.784  0.0000E+00  0.2480E+03
      5.803  0.0000E+00  0.2480E+03
      5.821  0.0000E+00  0.2480E+03
      5.839  0.0000E+00  0.2480E+03
      5.857  0.0000E+00  0.2480E+03
      5.876  0.0000E+00  0.2480E+03
      5.894  0.0000E+00  0.2480E+03
      5.912  0.0000E+00  0.2480E+03
      5.930  0.0000E+00  0.2480E+03
      5.949  0.0000E+00  0.2480E+03
      5.967  0.0000E+00  0.2480E+03
      5.985  0.0000E+00  0.2480E+03
      6.003  0.0000E+00  0.2480E+03
      6.022  0.0000E+00  0.2480E+03
      6.040  0.0000E+00  0.2480E+03
      6.058  0.0000E+00  0.2480E+03
      6.076  0.0000E+00  0.2480E+03
      6.095  0.0000E+00  0.2480E+03
      6.113  0.0000E+00  0.2480E+03
      6.131  0.0000E+00  0.2480E+03
      6.149  0.0000E+00  0.2480E+03
      6.168  0.0000E+00  0.2480E+03
      6.186  0.2386E-01  0.2480E+03
      6.204  0.2209E+00  0.2480E+03
      6.222  0.6172E+00  0.2480E+03
      6.241  0.1213E+01  0.2480E+03
      6.259  0.2007E+01  0.2481E+03
      6.277  0.3001E+01  0.2481E+03
      6.295  0.4194E+01  0.2482E+03
      6.313  0.5586E+01  0.2483E+03
      6.332  0.7199E+01  0.2484E+03
      6.350  0.9342E+01  0.2485E+03
      6.368  0.1212E+02  0.2487E+03
      6.386  0.1553E+02  0.2490E+03
      6.405  0.3195E+02  0.2493E+03
      6.423  0.1752E+02  0.2500E+03
      6.441  0.0000E+00  0.2500E+03
      6.459  0.0000E+00  0.2500E+03
      6.478  0.0000E+00  0.2500E+03
      6.496  0.0000E+00  0.2500E+03
      6.514  0.0000E+00  0.2500E+03
      6.532  0.0000E+00  0.2500E+03
      6.551  0.0000E+00  0.2500E+03
      6.569  0.0000E+00  0.2500E+03
      6.587  0.0000E+00  0.2500E+03
      6.605  0.0000E+00  0.2500E+03
      6.624  0.0000E+00  0.2500E+03
      6.642  0.0000E+00  0.2500E+03
      6.660  0.0000E+00  0.2500E+03
      6.678  0.0000E+00  0.2500E+03
      6.697  0.0000E+00  0.2500E+03
      6.715  0.0000E+00  0.2500E+03
      6.733  0.0000E+00  0.2500E+03
      6.751  0.0000E+00  0.2500E+03
      6.770  0.0000E+00  0.2500E+03
      6.788  0.0000E+00  0.2500E+03
      6.806  0.0000E+00  0.2500E+03
      6.824  0.0000E+00  0.2500E+03
      6.843  0.0000E+00  0.2500E+03
      6.861  0.0000E+00  0.2500E+03
      6.879  0.0000E+00  0.2500E+03
      6.897  0.0000E+00  0.2500E+03
      6.916  0.0000E+00  0.2500E+03
      6.934  0.0000E+00  0.2500E+03
      6.952  0.0000E+00  0.2500E+03
      6.970  0.0000E+00  0.2500E+03
      6.989  0.0000E+00  0.2500E+03
      7.007  0.0000E+00  0.2500E+03
      7.025  0.0000E+00  0.2500E+03
      7.043  0.0000E+00  0.2500E+03
      7.062  0.0000E+00  0.2500E+03
      7.080  0.0000E+00  0.2500E+03
      7.098  0.0000E+00  0.2500E+03
      7.116  0.0000E+00  0.2500E+03
      7.135  0.0000E+00  0.2500E+03
      7.153  0.0000E+00  0.2500E+03
      7.171  0.0000E+00  0.2500E+03
      7.189  0.0000E+00  0.2500E+03
      7.208  0.0000E+00  0.2500E+03
      7.226  0.0000E+00  0.2500E+03
      7.244  0.0000E+00  0.2500E+03
      7.262  0.0000E+00  0.2500E+03
      7.281  0.0000E+00  0.2500E+03
      7.299  0.0000E+00  0.2500E+03
      7.317  0.0000E+00  0.2500E+03
      7.335  0.0000E+00  0.2500E+03
      7.354  0.0000E+00  0.2500E+03
      7.372  0.0000E+00  0.2500E+03
      7.390  0.0000E+00  0.2500E+03
      7.408  0.0000E+00  0.2500E+03
      7.427  0.0000E+00  0.2500E+03
      7.445  0.0000E+00  0.2500E+03
      7.463  0.0000E+00  0.2500E+03
      7.481  0.0000E+00  0.2500E+03
      7.500  0.0000E+00  0.2500E+03
      7.518  0.0000E+00  0.2500E+03
      7.536  0.0000E+00  0.2500E+03
      7.554  0.0000E+00  0.2500E+03
      7.573  0.0000E+00  0.2500E+03
      7.591  0.0000E+00  0.2500E+03
      7.609  0.0000E+00  0.2500E+03
      7.627  0.0000E+00  0.2500E+03
      7.645  0.0000E+00  0.2500E+03
      7.664  0.0000E+00  0.2500E+03
      7.682  0.0000E+00  0.2500E+03
      7.700  0.0000E+00  0.2500E+03
      7.718  0.0000E+00  0.2500E+03
      7.737  0.0000E+00  0.2500E+03
      7.755  0.0000E+00  0.2500E+03
      7.773  0.0000E+00  0.2500E+03
      7.791  0.0000E+00  0.2500E+03
      7.810  0.0000E+00  0.2500E+03
      7.828  0.0000E+00  0.2500E+03
      7.846  0.0000E+00  0.2500E+03
      7.864  0.0000E+00  0.2500E+03
      7.883  0.0000E+00  0.2500E+03
      7.901  0.0000E+00  0.2500E+03
      7.919  0.0000E+00  0.2500E+03
      7.937  0.0000E+00  0.2500E+03
      7.956  0.0000E+00  0.2500E+03
      7.974  0.0000E+00  0.2500E+03
      7.992  0.0000E+00  0.2500E+03
      8.010  0.0000E+00  0.2500E+03
      8.029  0.0000E+00  0.2500E+03
      8.047  0.0000E+00  0.2500E+03
      8.065  0.0000E+00  0.2500E+03
      8.083  0.0000E+00  0.2500E+03
      8.102  0.0000E+00  0.2500E+03
      8.120  0.0000E+00  0.2500E+03
      8.138  0.0000E+00  0.2500E+03
      8.156  0.0000E+00  0.2500E+03
      8.175  0.0000E+00  0.2500E+03
      8.193  0.0000E+00  0.2500E+03
      8.211  0.0000E+00  0.2500E+03
      8.229  0.0000E+00  0.2500E+03
      8.248  0.0000E+00  0.2500E+03
      8.266  0.0000E+00  0.2500E+03
      8.284  0.0000E+00  0.2500E+03
      8.302  0.0000E+00  0.2500E+03
      8.321  0.0000E+00  0.2500E+03
      8.339  0.0000E+00  0.2500E+03
      8.357  0.0000E+00  0.2500E+03
      8.375  0.0000E+00  0.2500E+03
      8.394  0.0000E+00  0.2500E+03
      8.412  0.0000E+00  0.2500E+03
      8.430  0.0000E+00  0.2500E+03
      8.448  0.0000E+00  0.2500E+03
      8.467  0.0000E+00  0.2500E+03
      8.485  0.0000E+00  0.2500E+03
      8.503  0.0000E+00  0.2500E+03
      8.521  0.0000E+00  0.2500E+03
      8.540  0.0000E+00  0.2500E+03
      8.558  0.0000E+00  0.2500E+03
      8.576  0.0000E+00  0.2500E+03
      8.594  0.0000E+00  0.2500E+03
      8.613  0.0000E+00  0.2500E+03
      8.631  0.0000E+00  0.2500E+03
      8.649  0.0000E+00  0.2500E+03
      8.667  0.0000E+00  0.2500E+03
      8.686  0.0000E+00  0.2500E+03
      8.704  0.0000E+00  0.2500E+03
      8.722  0.0000E+00  0.2500E+03
      8.740  0.0000E+00  0.2500E+03
      8.759  0.0000E+00  0.2500E+03
      8.777  0.0000E+00  0.2500E+03
      8.795  0.0000E+00  0.2500E+03
      8.813  0.0000E+00  0.2500E+03
      8.832  0.0000E+00  0.2500E+03
      8.850  0.0000E+00  0.2500E+03
      8.868  0.0000E+00  0.2500E+03
      8.886  0.0000E+00  0.2500E+03
      8.904  0.0000E+00  0.2500E+03
      8.923  0.0000E+00  0.2500E+03
      8.941  0.0000E+00  0.2500E+03
      8.959  0.0000E+00  0.2500E+03
      8.977  0.0000E+00  0.2500E+03
      8.996  0.0000E+00  0.2500E+03
      9.014  0.0000E+00  0.2500E+03
      9.032  0.0000E+00  0.2500E+03
      9.050  0.0000E+00  0.2500E+03
      9.069  0.0000E+00  0.2500E+03
      9.087  0.0000E+00  0.2500E+03
      9.105  0.0000E+00  0.2500E+03
      9.123  0.0000E+00  0.2500E+03
      9.142  0.0000E+00  0.2500E+03
      9.160  0.0000E+00  0.2500E+03
      9.178  0.0000E+00  0.2500E+03
      9.196  0.0000E+00  0.2500E+03
      9.215  0.0000E+00  0.2500E+03
      9.233  0.0000E+00  0.2500E+03
      9.251  0.0000E+00  0.2500E+03
      9.269  0.0000E+00  0.2500E+03
      9.288  0.0000E+00  0.2500E+03
      9.306  0.0000E+00  0.2500E+03
      9.324  0.0000E+00  0.2500E+03
      9.342  0.0000E+00  0.2500E+03
      9.361  0.0000E+00  0.2500E+03
      9.379  0.0000E+00  0.2500E+03
      9.397  0.0000E+00  0.2500E+03
      9.415  0.0000E+00  0.2500E+03
      9.434  0.0000E+00  0.2500E+03
      9.452  0.0000E+00  0.2500E+03
      9.470  0.0000E+00  0.2500E+03
      9.488  0.0000E+00  0.2500E+03
      9.507  0.0000E+00  0.2500E+03
      9.525  0.0000E+00  0.2500E+03
      9.543  0.0000E+00  0.2500E+03
      9.561  0.0000E+00  0.2500E+03
      9.580  0.0000E+00  0.2500E+03
      9.598  0.0000E+00  0.2500E+03
      9.616  0.0000E+00  0.2500E+03
      9.634  0.0000E+00  0.2500E+03
      9.653  0.0000E+00  0.2500E+03
      9.671  0.0000E+00  0.2500E+03
      9.689  0.5379E+01  0.2500E+03
      9.707  0.1827E+02  0.2502E+03
      9.726  0.2320E+02  0.2506E+03
      9.744  0.2020E+02  0.2510E+03
      9.762  0.1485E+02  0.2514E+03
      9.780  0.1987E+02  0.2516E+03
      9.799  0.3147E+02  0.2521E+03
      9.817  0.3155E+02  0.2527E+03
      9.835  0.2672E+02  0.2532E+03
      9.853  0.1918E+02  0.2537E+03
      9.872  0.8286E+01  0.2539E+03
      9.890  0.1868E+01  0.2540E+03
      9.908  0.0000E+00  0.2540E+03
      9.926  0.0000E+00  0.2540E+03
      9.945  0.0000E+00  0.2540E+03
      9.963  0.0000E+00  0.2540E+03
      9.981  0.0000E+00  0.2540E+03
      9.999  0.0000E+00  0.2540E+03
     10.018  0.0000E+00  0.2540E+03
     10.036  0.0000E+00  0.2540E+03
     10.054  0.0000E+00  0.2540E+03
     10.072  0.0000E+00  0.2540E+03
     10.091  0.0000E+00  0.2540E+03
     10.109  0.0000E+00  0.2540E+03
     10.127  0.0000E+00  0.2540E+03
     10.145  0.0000E+00  0.2540E+03
     10.163  0.0000E+00  0.2540E+03
     10.182  0.0000E+00  0.2540E+03
     10.200  0.0000E+00  0.2540E+03
     10.218  0.0000E+00  0.2540E+03
     10.236  0.0000E+00  0.2540E+03
     10.255  0.0000E+00  0.2540E+03
     10.273  0.0000E+00  0.2540E+03
     10.291  0.0000E+00  0.2540E+03
     10.309  0.0000E+00  0.2540E+03
     10.328  0.0000E+00  0.2540E+03
     10.346  0.0000E+00  0.2540E+03
     10.364  0.0000E+00  0.2540E+03
     10.382  0.0000E+00  0.2540E+03
     10.401  0.0000E+00  0.2540E+03
     10.419  0.0000E+00  0.2540E+03
     10.437  0.0000E+00  0.2540E+03
     10.455  0.0000E+00  0.2540E+03
     10.474  0.0000E+00  0.2540E+03
     10.492  0.0000E+00  0.2540E+03
     10.510  0.0000E+00  0.2540E+03
     10.528  0.0000E+00  0.2540E+03
     10.547  0.0000E+00  0.2540E+03
     10.565  0.0000E+00  0.2540E+03
     10.583  0.0000E+00  0.2540E+03
     10.601  0.0000E+00  0.2540E+03
     10.620  0.0000E+00  0.2540E+03
     10.638  0.0000E+00  0.2540E+03
     10.656  0.0000E+00  0.2540E+03
     10.674  0.0000E+00  0.2540E+03
     10.693  0.0000E+00  0.2540E+03
     10.711  0.0000E+00  0.2540E+03
     10.729  0.0000E+00  0.2540E+03
     10.747  0.0000E+00  0.2540E+03
     10.766  0.0000E+00  0.2540E+03
     10.784  0.0000E+00  0.2540E+03
     10.802  0.0000E+00  0.2540E+03
     10.820  0.0000E+00  0.2540E+03
     10.839  0.6856E+00  0.2540E+03
     10.857  0.3222E+01  0.2540E+03
     10.875  0.7628E+01  0.2541E+03
     10.893  0.1390E+02  0.2543E+03
     10.912  0.5345E+02  0.2547E+03
     10.930  0.2193E+02  0.2558E+03
     10.948  0.3882E+01  0.2560E+03
     10.966  0.0000E+00  0.2560E+03
     10.985  0.0000E+00  0.2560E+03
     11.003  0.0000E+00  0.2560E+03
     11.021  0.0000E+00  0.2560E+03
     11.039  0.0000E+00  0.2560E+03
     11.058  0.0000E+00  0.2560E+03
     11.076  0.0000E+00  0.2560E+03
     11.094  0.0000E+00  0.2560E+03
     11.112  0.0000E+00  0.2560E+03
     11.131  0.0000E+00  0.2560E+03
     11.149  0.0000E+00  0.2560E+03
     11.167  0.0000E+00  0.2560E+03
     11.185  0.6292E-03  0.2560E+03
     11.204  0.2574E-02  0.2560E+03
     11.222  0.5836E-02  0.2560E+03
     11.240  0.1041E-01  0.2560E+03
     11.258  0.1631E-01  0.2560E+03
     11.277  0.2352E-01  0.2560E+03
     11.295  0.3205E-01  0.2560E+03
     11.313  0.4189E-01  0.2560E+03
     11.331  0.5305E-01  0.2560E+03
     11.350  0.6553E-01  0.2560E+03
     11.368  0.7932E-01  0.2560E+03
     11.386  0.9443E-01  0.2560E+03
     11.404  0.1109E+00  0.2560E+03
     11.422  0.1286E+00  0.2560E+03
     11.441  0.1477E+00  0.2560E+03
     11.459  0.1680E+00  0.2560E+03
     11.477  0.1897E+00  0.2560E+03
     11.495  0.2127E+00  0.2560E+03
     11.514  0.2371E+00  0.2560E+03
     11.532  0.2627E+00  0.2560E+03
     11.550  0.2896E+00  0.2560E+03
     11.568  0.3179E+00  0.2560E+03
     11.587  0.3475E+00  0.2560E+03
     11.605  0.3784E+00  0.2561E+03
     11.623  0.4106E+00  0.2561E+03
     11.641  0.4442E+00  0.2561E+03
     11.660  0.4790E+00  0.2561E+03
     11.678  0.5152E+00  0.2561E+03
     11.696  0.5527E+00  0.2561E+03
     11.714  0.5915E+00  0.2561E+03
     11.733  0.6316E+00  0.2561E+03
     11.751  0.6731E+00  0.2561E+03
     11.769  0.7158E+00  0.2561E+03
     11.787  0.7599E+00  0.2562E+03
     11.806  0.8053E+00  0.2562E+03
     11.824  0.8520E+00  0.2562E+03
     11.842  0.9000E+00  0.2562E+03
     11.860  0.9493E+00  0.2562E+03
     11.879  0.1000E+01  0.2562E+03
     11.897  0.1052E+01  0.2563E+03
     11.915  0.1105E+01  0.2563E+03
     11.933  0.1160E+01  0.2563E+03
     11.952  0.1216E+01  0.2563E+03
     11.970  0.1273E+01  0.2563E+03
     11.988  0.1332E+01  0.2564E+03
     12.006  0.1391E+01  0.2564E+03
     12.025  0.1453E+01  0.2564E+03
     12.043  0.1515E+01  0.2564E+03
     12.061  0.1579E+01  0.2565E+03
     12.079  0.1697E+01  0.2565E+03
     12.098  0.1821E+01  0.2565E+03
     12.116  0.1937E+01  0.2566E+03
     12.134  0.2046E+01  0.2566E+03
     12.152  0.2147E+01  0.2566E+03
     12.171  0.2240E+01  0.2567E+03
     12.189  0.2326E+01  0.2567E+03
     12.207  0.2405E+01  0.2568E+03
     12.225  0.2476E+01  0.2568E+03
     12.244  0.2540E+01  0.2569E+03
     12.262  0.2602E+01  0.2569E+03
     12.280  0.2722E+01  0.2570E+03
     12.298  0.2922E+01  0.2570E+03
     12.317  0.3192E+01  0.2571E+03
     12.335  0.3454E+01  0.2571E+03
     12.353  0.3703E+01  0.2572E+03
     12.371  0.3937E+01  0.2573E+03
     12.390  0.4158E+01  0.2573E+03
     12.408  0.4365E+01  0.2574E+03
     12.426  0.4558E+01  0.2575E+03
     12.444  0.4737E+01  0.2576E+03
     12.463  0.4903E+01  0.2577E+03
     12.481  0.5055E+01  0.2578E+03
     12.499  0.5192E+01  0.2578E+03
     12.517  0.5316E+01  0.2579E+03
     12.536  0.5427E+01  0.2580E+03
     12.554  0.5523E+01  0.2581E+03
     12.572  0.5606E+01  0.2582E+03
     12.590  0.5674E+01  0.2583E+03
     12.609  0.5729E+01  0.2584E+03
     12.627  0.5638E+01  0.2586E+03
     12.645  0.5431E+01  0.2587E+03
     12.663  0.5249E+01  0.2587E+03
     12.682  0.5091E+01  0.2588E+03
     12.700  0.4957E+01  0.2589E+03
     12.718  0.4847E+01  0.2590E+03
     12.736  0.4761E+01  0.2591E+03
     12.754  0.4699E+01  0.2592E+03
     12.773  0.4661E+01  0.2593E+03
     12.791  0.4647E+01  0.2594E+03
     12.809  0.4658E+01  0.2595E+03
     12.827  0.4692E+01  0.2595E+03
     12.846  0.4747E+01  0.2596E+03
     12.864  0.4799E+01  0.2597E+03
     12.882  0.3265E+01  0.2598E+03
     12.900  0.2349E+01  0.2598E+03
     12.919  0.1745E+01  0.2599E+03
     12.937  0.1531E+01  0.2599E+03
     12.955  0.2081E+01  0.2599E+03
     12.973  0.3095E+01  0.2600E+03
     12.992  0.4031E+01  0.2600E+03
     13.010  0.4400E+01  0.2601E+03
     13.028  0.4660E+01  0.2602E+03
     13.046  0.4875E+01  0.2603E+03
     13.065  0.5284E+01  0.2604E+03
     13.083  0.6596E+01  0.2605E+03
     13.101  0.7901E+01  0.2606E+03
     13.119  0.8798E+01  0.2608E+03
     13.138  0.9510E+01  0.2609E+03
     13.156  0.1003E+02  0.2611E+03
     13.174  0.1038E+02  0.2613E+03
     13.192  0.1061E+02  0.2615E+03
     13.211  0.1072E+02  0.2617E+03
     13.229  0.1074E+02  0.2619E+03
     13.247  0.1065E+02  0.2621E+03
     13.265  0.1050E+02  0.2623E+03
     13.284  0.1031E+02  0.2625E+03
     13.302  0.1008E+02  0.2627E+03
     13.320  0.9822E+01  0.2628E+03
     13.338  0.9540E+01  0.2630E+03
     13.357  0.9230E+01  0.2632E+03
     13.375  0.8893E+01  0.2634E+03
     13.393  0.8529E+01  0.2635E+03
     13.411  0.8138E+01  0.2637E+03
     13.430  0.7720E+01  0.2638E+03
     13.448  0.7274E+01  0.2639E+03
     13.466  0.6802E+01  0.2641E+03
     13.484  0.6302E+01  0.2642E+03
     13.503  0.5776E+01  0.2643E+03
     13.521  0.5407E+01  0.2644E+03
     13.539  0.5284E+01  0.2645E+03
     13.557  0.5205E+01  0.2646E+03
     13.576  0.5363E+01  0.2647E+03
     13.594  0.5859E+01  0.2648E+03
     13.612  0.6462E+01  0.2649E+03
     13.630  0.7485E+01  0.2650E+03
     13.649  0.8643E+01  0.2652E+03
     13.667  0.9777E+01  0.2654E+03
     13.685  0.1089E+02  0.2655E+03
     13.703  0.1198E+02  0.2657E+03
     13.722  0.1304E+02  0.2660E+03
     13.740  0.1371E+02  0.2662E+03
     13.758  0.1379E+02  0.2665E+03
     13.776  0.1340E+02  0.2667E+03
     13.795  0.1300E+02  0.2670E+03
     13.813  0.1261E+02  0.2672E+03
     13.831  0.1169E+02  0.2674E+03
     13.849  0.1172E+02  0.2676E+03
     13.868  0.1201E+02  0.2678E+03
     13.886  0.1167E+02  0.2681E+03
     13.904  0.1067E+02  0.2683E+03
     13.922  0.9002E+01  0.2685E+03
     13.941  0.7113E+01  0.2686E+03
     13.959  0.5986E+01  0.2687E+03
     13.977  0.5364E+01  0.2688E+03
     13.995  0.5083E+01  0.2689E+03
     14.013  0.5907E+01  0.2690E+03
     14.032  0.6724E+01  0.2691E+03
     14.050  0.7302E+01  0.2693E+03
     14.068  0.7516E+01  0.2694E+03
     14.086  0.7365E+01  0.2695E+03
     14.105  0.6849E+01  0.2697E+03
     14.123  0.6350E+01  0.2698E+03
     14.141  0.6914E+01  0.2699E+03
     14.159  0.8432E+01  0.2700E+03
     14.178  0.8694E+01  0.2702E+03
     14.196  0.8579E+01  0.2704E+03
     14.214  0.9162E+01  0.2705E+03
     14.232  0.9720E+01  0.2707E+03
     14.251  0.1009E+02  0.2709E+03
     14.269  0.1026E+02  0.2711E+03
     14.287  0.1025E+02  0.2712E+03
     14.305  0.1128E+02  0.2714E+03
     14.324  0.1577E+02  0.2717E+03
     14.342  0.2097E+02  0.2720E+03
     14.360  0.2409E+02  0.2724E+03
     14.378  0.2639E+02  0.2729E+03
     14.397  0.2119E+02  0.2733E+03
     14.415  0.1465E+02  0.2737E+03
     14.433  0.1372E+02  0.2739E+03
     14.451  0.2673E+02  0.2743E+03
     14.470  0.3076E+02  0.2748E+03
     14.488  0.2838E+02  0.2753E+03
     14.506  0.1817E+02  0.2758E+03
     14.524  0.5117E+01  0.2760E+03
     14.543  0.1831E+01  0.2760E+03
     14.561  0.3367E+01  0.2761E+03
     14.579  0.5766E+01  0.2762E+03
     14.597  0.8702E+01  0.2763E+03
     14.616  0.1169E+02  0.2765E+03
     14.634  0.1432E+02  0.2767E+03
     14.652  0.1667E+02  0.2770E+03
     14.670  0.1836E+02  0.2773E+03
     14.689  0.1933E+02  0.2777E+03
     14.707  0.1968E+02  0.2780E+03
     14.725  0.1894E+02  0.2784E+03
     14.743  0.2066E+02  0.2787E+03
     14.762  0.2088E+02  0.2791E+03
     14.780  0.1903E+02  0.2795E+03
     14.798  0.1660E+02  0.2798E+03
     14.816  0.1494E+02  0.2801E+03
     14.835  0.1365E+02  0.2803E+03
     14.853  0.1292E+02  0.2806E+03
     14.871  0.1314E+02  0.2808E+03
     14.889  0.1383E+02  0.2811E+03
     14.908  0.1499E+02  0.2813E+03
     14.926  0.1600E+02  0.2816E+03
     14.944  0.1685E+02  0.2819E+03
     14.962  0.1757E+02  0.2822E+03
     14.981  0.1772E+02  0.2826E+03
     14.999  0.1737E+02  0.2829E+03
     15.017  0.1694E+02  0.2832E+03
     15.035  0.1674E+02  0.2835E+03
     15.054  0.1693E+02  0.2838E+03
     15.072  0.1751E+02  0.2841E+03
     15.090  0.1811E+02  0.2844E+03
     15.108  0.1775E+02  0.2848E+03
     15.127  0.1711E+02  0.2851E+03
     15.145  0.1702E+02  0.2854E+03
     15.163  0.1791E+02  0.2857E+03
     15.181  0.1969E+02  0.2861E+03
     15.200  0.2184E+02  0.2864E+03
     15.218  0.2232E+02  0.2868E+03
     15.236  0.2137E+02  0.2872E+03
     15.254  0.2144E+02  0.2876E+03
     15.272  0.2250E+02  0.2880E+03
     15.291  0.2297E+02  0.2884E+03
     15.309  0.2186E+02  0.2889E+03
     15.327  0.2133E+02  0.2892E+03
     15.345  0.2160E+02  0.2896E+03
     15.364  0.2279E+02  0.2900E+03
     15.382  0.2487E+02  0.2905E+03
     15.400  0.2629E+02  0.2909E+03
     15.418  0.2096E+02  0.2914E+03
     15.437  0.1818E+02  0.2917E+03
     15.455  0.1934E+02  0.2921E+03
     15.473  0.2152E+02  0.2924E+03
     15.491  0.2195E+02  0.2928E+03
     15.510  0.2063E+02  0.2932E+03
     15.528  0.1907E+02  0.2936E+03
     15.546  0.1835E+02  0.2939E+03
     15.564  0.1849E+02  0.2943E+03
     15.583  0.1679E+02  0.2946E+03
     15.601  0.1445E+02  0.2949E+03
     15.619  0.1409E+02  0.2951E+03
     15.637  0.1510E+02  0.2954E+03
     15.656  0.1562E+02  0.2957E+03
     15.674  0.1436E+02  0.2960E+03
     15.692  0.1279E+02  0.2962E+03
     15.710  0.1162E+02  0.2964E+03
     15.729  0.1101E+02  0.2966E+03
     15.747  0.1305E+02  0.2968E+03
     15.765  0.1602E+02  0.2971E+03
     15.783  0.2963E+02  0.2975E+03
     15.802  0.1993E+02  0.2980E+03
     15.820  0.6301E+01  0.2982E+03
     15.838  0.7857E+01  0.2983E+03
     15.856  0.1126E+02  0.2985E+03
     15.875  0.1551E+02  0.2987E+03
     15.893  0.2146E+02  0.2990E+03
     15.911  0.2193E+02  0.2995E+03
     15.929  0.1429E+02  0.2998E+03
     15.948  0.1028E+02  0.3000E+03
     15.966  0.9644E+01  0.3002E+03
     15.984  0.1401E+02  0.3004E+03
     16.002  0.1733E+02  0.3007E+03
     16.021  0.1956E+02  0.3010E+03
     16.039  0.2015E+02  0.3014E+03
     16.057  0.1700E+02  0.3018E+03
     16.075  0.1346E+02  0.3020E+03
     16.094  0.9973E+01  0.3022E+03
     16.112  0.7822E+01  0.3024E+03
     16.130  0.7569E+01  0.3025E+03
     16.148  0.1107E+02  0.3027E+03
     16.167  0.2030E+02  0.3030E+03
     16.185  0.2614E+02  0.3034E+03
     16.203  0.2369E+02  0.3039E+03
     16.221  0.1593E+02  0.3043E+03
     16.240  0.1216E+02  0.3045E+03
     16.258  0.1499E+02  0.3047E+03
     16.276  0.1739E+02  0.3050E+03
     16.294  0.1933E+02  0.3054E+03
     16.313  0.2074E+02  0.3057E+03
     16.331  0.1823E+02  0.3061E+03
     16.349  0.1210E+02  0.3064E+03
     16.367  0.9756E+01  0.3066E+03
     16.386  0.1027E+02  0.3067E+03
     16.404  0.1224E+02  0.3069E+03
     16.422  0.1427E+02  0.3072E+03
     16.440  0.1605E+02  0.3075E+03
     16.459  0.1755E+02  0.3078E+03
     16.477  0.1846E+02  0.3081E+03
     16.495  0.1697E+02  0.3084E+03
     16.513  0.1476E+02  0.3087E+03
     16.531  0.1281E+02  0.3090E+03
     16.550  0.1106E+02  0.3092E+03
     16.568  0.9502E+01  0.3094E+03
     16.586  0.8126E+01  0.3095E+03
     16.604  0.7643E+01  0.3097E+03
     16.623  0.9226E+01  0.3098E+03
     16.641  0.1044E+02  0.3100E+03
     16.659  0.1145E+02  0.3102E+03
     16.677  0.1277E+02  0.3104E+03
     16.696  0.1451E+02  0.3107E+03
     16.714  0.1601E+02  0.3110E+03
     16.732  0.1730E+02  0.3113E+03
     16.750  0.1881E+02  0.3116E+03
     16.769  0.1983E+02  0.3119E+03
     16.787  0.2037E+02  0.3123E+03
     16.805  0.1891E+02  0.3127E+03
     16.823  0.1675E+02  0.3130E+03
     16.842  0.1498E+02  0.3133E+03
     16.860  0.1317E+02  0.3135E+03
     16.878  0.1053E+02  0.3138E+03
     16.896  0.7068E+01  0.3139E+03
     16.915  0.1210E+01  0.3140E+03
     16.933  0.0000E+00  0.3140E+03
     16.951  0.0000E+00  0.3140E+03
     16.969  0.0000E+00  0.3140E+03
     16.988  0.1870E+01  0.3140E+03
     17.006  0.8182E+01  0.3141E+03
     17.024  0.1347E+02  0.3143E+03
     17.042  0.1637E+02  0.3146E+03
     17.061  0.1766E+02  0.3149E+03
     17.079  0.1767E+02  0.3152E+03
     17.097  0.1642E+02  0.3155E+03
     17.115  0.1238E+02  0.3158E+03
     17.134  0.5128E+01  0.3160E+03
     17.152  0.5390E+00  0.3160E+03
     17.170  0.0000E+00  0.3160E+03
     17.188  0.2853E+01  0.3160E+03
     17.207  0.1941E+02  0.3162E+03
     17.225  0.2850E+02  0.3167E+03
     17.243  0.2400E+02  0.3172E+03
     17.261  0.1186E+02  0.3175E+03
     17.280  0.8254E+01  0.3177E+03
     17.298  0.6211E+01  0.3178E+03
     17.316  0.4697E+01  0.3179E+03
     17.334  0.3710E+01  0.3180E+03
     17.353  0.3252E+01  0.3180E+03
     17.371  0.3322E+01  0.3181E+03
     17.389  0.3920E+01  0.3182E+03
     17.407  0.5024E+01  0.3182E+03
     17.426  0.6364E+01  0.3183E+03
     17.444  0.8570E+01  0.3185E+03
     17.462  0.1378E+02  0.3187E+03
     17.480  0.1515E+02  0.3190E+03
     17.499  0.1411E+02  0.3192E+03
     17.517  0.1021E+02  0.3195E+03
     17.535  0.7989E+01  0.3196E+03
     17.553  0.7043E+01  0.3197E+03
     17.572  0.6314E+01  0.3199E+03
     17.590  0.5802E+01  0.3200E+03
     17.608  0.5506E+01  0.3201E+03
     17.626  0.5447E+01  0.3202E+03
     17.645  0.5882E+01  0.3203E+03
     17.663  0.6890E+01  0.3204E+03
     17.681  0.8356E+01  0.3205E+03
     17.699  0.9710E+01  0.3207E+03
     17.718  0.1087E+02  0.3209E+03
     17.736  0.1151E+02  0.3211E+03
     17.754  0.1113E+02  0.3213E+03
     17.772  0.9763E+01  0.3215E+03
     17.791  0.7652E+01  0.3217E+03
     17.809  0.5257E+01  0.3218E+03
     17.827  0.3815E+01  0.3219E+03
     17.845  0.2673E+01  0.3219E+03
     17.863  0.1733E+01  0.3220E+03
     17.882  0.9965E+00  0.3220E+03
     17.900  0.4623E+00  0.3220E+03
     17.918  0.1308E+00  0.3220E+03
     17.936  0.1884E-02  0.3220E+03
     17.955  0.0000E+00  0.3220E+03
     17.973  0.0000E+00  0.3220E+03
     17.991  0.0000E+00  0.3220E+03
     18.009  0.0000E+00  0.3220E+03
     18.028  0.0000E+00  0.3220E+03
     18.046  0.0000E+00  0.3220E+03
     18.064  0.0000E+00  0.3220E+03
     18.082  0.0000E+00  0.3220E+03
     18.101  0.0000E+00  0.3220E+03
     18.119  0.0000E+00  0.3220E+03
     18.137  0.0000E+00  0.3220E+03
     18.155  0.0000E+00  0.3220E+03
     18.174  0.0000E+00  0.3220E+03
     18.192  0.0000E+00  0.3220E+03
     18.210  0.0000E+00  0.3220E+03
     18.228  0.0000E+00  0.3220E+03
     18.247  0.0000E+00  0.3220E+03
     18.265  0.0000E+00  0.3220E+03
     18.283  0.0000E+00  0.3220E+03
     18.301  0.0000E+00  0.3220E+03
     18.320  0.0000E+00  0.3220E+03
     18.338  0.0000E+00  0.3220E+03
     18.356  0.0000E+00  0.3220E+03
     18.374  0.0000E+00  0.3220E+03
     18.393  0.0000E+00  0.3220E+03
     18.411  0.0000E+00  0.3220E+03
     18.429  0.0000E+00  0.3220E+03
     18.447  0.0000E+00  0.3220E+03
     18.466  0.0000E+00  0.3220E+03
     18.484  0.0000E+00  0.3220E+03
     18.502  0.0000E+00  0.3220E+03
     18.520  0.0000E+00  0.3220E+03
     18.539  0.0000E+00  0.3220E+03
     18.557  0.0000E+00  0.3220E+03
     18.575  0.0000E+00  0.3220E+03
     18.593  0.0000E+00  0.3220E+03
     18.612  0.0000E+00  0.3220E+03
     18.630  0.0000E+00  0.3220E+03
     18.648  0.0000E+00  0.3220E+03
     18.666  0.0000E+00  0.3220E+03
     18.685  0.0000E+00  0.3220E+03
     18.703  0.0000E+00  0.3220E+03
     18.721  0.0000E+00  0.3220E+03
     18.739  0.0000E+00  0.3220E+03
     18.758  0.0000E+00  0.3220E+03
     18.776  0.0000E+00  0.3220E+03
     18.794  0.0000E+00  0.3220E+03
     18.812  0.0000E+00  0.3220E+03
     18.831  0.0000E+00  0.3220E+03
     18.849  0.0000E+00  0.3220E+03
     18.867  0.0000E+00  0.3220E+03
     18.885  0.0000E+00  0.3220E+03
     18.904  0.0000E+00  0.3220E+03
     18.922  0.0000E+00  0.3220E+03
     18.940  0.0000E+00  0.3220E+03
     18.958  0.0000E+00  0.3220E+03
     18.977  0.0000E+00  0.3220E+03
     18.995  0.0000E+00  0.3220E+03
     19.013  0.0000E+00  0.3220E+03
     19.031  0.0000E+00  0.3220E+03
     19.050  0.0000E+00  0.3220E+03
     19.068  0.0000E+00  0.3220E+03
     19.086  0.0000E+00  0.3220E+03
     19.104  0.0000E+00  0.3220E+03
     19.122  0.0000E+00  0.3220E+03
     19.141  0.0000E+00  0.3220E+03
     19.159  0.0000E+00  0.3220E+03
     19.177  0.0000E+00  0.3220E+03
     19.195  0.0000E+00  0.3220E+03
     19.214  0.0000E+00  0.3220E+03
     19.232  0.0000E+00  0.3220E+03
     19.250  0.0000E+00  0.3220E+03
     19.268  0.0000E+00  0.3220E+03
     19.287  0.0000E+00  0.3220E+03
     19.305  0.0000E+00  0.3220E+03
     19.323  0.0000E+00  0.3220E+03
     19.341  0.0000E+00  0.3220E+03
     19.360  0.0000E+00  0.3220E+03
     19.378  0.0000E+00  0.3220E+03
     19.396  0.0000E+00  0.3220E+03
     19.414  0.0000E+00  0.3220E+03
     19.433  0.0000E+00  0.3220E+03
     19.451  0.0000E+00  0.3220E+03
     19.469  0.0000E+00  0.3220E+03
     19.487  0.0000E+00  0.3220E+03
     19.506  0.0000E+00  0.3220E+03
     19.524  0.0000E+00  0.3220E+03
     19.542  0.0000E+00  0.3220E+03
     19.560  0.0000E+00  0.3220E+03
     19.579  0.0000E+00  0.3220E+03
     19.597  0.0000E+00  0.3220E+03

