 Energy DOS Integrated_DOS
    -16.928  0.0000E+00  0.0000E+00
    -16.910  0.0000E+00  0.0000E+00
    -16.892  0.0000E+00  0.0000E+00
    -16.873  0.0000E+00  0.0000E+00
    -16.855  0.0000E+00  0.0000E+00
    -16.837  0.0000E+00  0.0000E+00
    -16.819  0.0000E+00  0.0000E+00
    -16.801  0.0000E+00  0.0000E+00
    -16.782  0.0000E+00  0.0000E+00
    -16.764  0.0000E+00  0.0000E+00
    -16.746  0.0000E+00  0.0000E+00
    -16.728  0.0000E+00  0.0000E+00
    -16.709  0.0000E+00  0.0000E+00
    -16.691  0.0000E+00  0.0000E+00
    -16.673  0.0000E+00  0.0000E+00
    -16.655  0.0000E+00  0.0000E+00
    -16.637  0.0000E+00  0.0000E+00
    -16.618  0.0000E+00  0.0000E+00
    -16.600  0.0000E+00  0.0000E+00
    -16.582  0.0000E+00  0.0000E+00
    -16.564  0.0000E+00  0.0000E+00
    -16.545  0.0000E+00  0.0000E+00
    -16.527  0.0000E+00  0.0000E+00
    -16.509  0.0000E+00  0.0000E+00
    -16.491  0.0000E+00  0.0000E+00
    -16.473  0.0000E+00  0.0000E+00
    -16.454  0.0000E+00  0.0000E+00
    -16.436  0.0000E+00  0.0000E+00
    -16.418  0.0000E+00  0.0000E+00
    -16.400  0.0000E+00  0.0000E+00
    -16.382  0.0000E+00  0.0000E+00
    -16.363  0.0000E+00  0.0000E+00
    -16.345  0.0000E+00  0.0000E+00
    -16.327  0.0000E+00  0.0000E+00
    -16.309  0.0000E+00  0.0000E+00
    -16.290  0.0000E+00  0.0000E+00
    -16.272  0.0000E+00  0.0000E+00
    -16.254  0.0000E+00  0.0000E+00
    -16.236  0.0000E+00  0.0000E+00
    -16.218  0.0000E+00  0.0000E+00
    -16.199  0.0000E+00  0.0000E+00
    -16.181  0.0000E+00  0.0000E+00
    -16.163  0.0000E+00  0.0000E+00
    -16.145  0.0000E+00  0.0000E+00
    -16.126  0.0000E+00  0.0000E+00
    -16.108  0.0000E+00  0.0000E+00
    -16.090  0.0000E+00  0.0000E+00
    -16.072  0.0000E+00  0.0000E+00
    -16.054  0.0000E+00  0.0000E+00
    -16.035  0.0000E+00  0.0000E+00
    -16.017  0.0000E+00  0.0000E+00
    -15.999  0.0000E+00  0.0000E+00
    -15.981  0.0000E+00  0.0000E+00
    -15.962  0.0000E+00  0.0000E+00
    -15.944  0.0000E+00  0.0000E+00
    -15.926  0.0000E+00  0.0000E+00
    -15.908  0.0000E+00  0.0000E+00
    -15.890  0.0000E+00  0.0000E+00
    -15.871  0.0000E+00  0.0000E+00
    -15.853  0.0000E+00  0.0000E+00
    -15.835  0.0000E+00  0.0000E+00
    -15.817  0.0000E+00  0.0000E+00
    -15.798  0.0000E+00  0.0000E+00
    -15.780  0.0000E+00  0.0000E+00
    -15.762  0.0000E+00  0.0000E+00
    -15.744  0.0000E+00  0.0000E+00
    -15.726  0.0000E+00  0.0000E+00
    -15.707  0.0000E+00  0.0000E+00
    -15.689  0.0000E+00  0.0000E+00
    -15.671  0.0000E+00  0.0000E+00
    -15.653  0.0000E+00  0.0000E+00
    -15.634  0.0000E+00  0.0000E+00
    -15.616  0.0000E+00  0.0000E+00
    -15.598  0.0000E+00  0.0000E+00
    -15.580  0.0000E+00  0.0000E+00
    -15.562  0.0000E+00  0.0000E+00
    -15.543  0.0000E+00  0.0000E+00
    -15.525  0.0000E+00  0.0000E+00
    -15.507  0.0000E+00  0.0000E+00
    -15.489  0.0000E+00  0.0000E+00
    -15.471  0.0000E+00  0.0000E+00
    -15.452  0.0000E+00  0.0000E+00
    -15.434  0.0000E+00  0.0000E+00
    -15.416  0.0000E+00  0.0000E+00
    -15.398  0.0000E+00  0.0000E+00
    -15.379  0.0000E+00  0.0000E+00
    -15.361  0.0000E+00  0.0000E+00
    -15.343  0.0000E+00  0.0000E+00
    -15.325  0.0000E+00  0.0000E+00
    -15.307  0.0000E+00  0.0000E+00
    -15.288  0.0000E+00  0.0000E+00
    -15.270  0.1105E-02  0.9152E-06
    -15.252  0.7674E-01  0.5296E-03
    -15.234  0.2712E+00  0.3519E-02
    -15.215  0.5846E+00  0.1113E-01
    -15.197  0.1017E+01  0.2554E-01
    -15.179  0.1568E+01  0.4891E-01
    -15.161  0.2238E+01  0.8339E-01
    -15.143  0.3026E+01  0.1312E+00
    -15.124  0.3934E+01  0.1944E+00
    -15.106  0.4960E+01  0.2752E+00
    -15.088  0.6046E+01  0.3757E+00
    -15.070  0.6944E+01  0.4943E+00
    -15.051  0.7635E+01  0.6275E+00
    -15.033  0.8121E+01  0.7713E+00
    -15.015  0.8838E+01  0.9228E+00
    -14.997  0.1394E+02  0.1132E+01
    -14.979  0.1763E+02  0.1422E+01
    -14.960  0.1984E+02  0.1766E+01
    -14.942  0.2058E+02  0.2136E+01
    -14.924  0.1985E+02  0.2507E+01
    -14.906  0.1750E+02  0.2850E+01
    -14.887  0.1438E+02  0.3140E+01
    -14.869  0.1161E+02  0.3376E+01
    -14.851  0.1179E+02  0.3582E+01
    -14.833  0.1291E+02  0.3808E+01
    -14.815  0.1385E+02  0.4052E+01
    -14.796  0.1460E+02  0.4311E+01
    -14.778  0.1605E+02  0.4585E+01
    -14.760  0.1904E+02  0.4906E+01
    -14.742  0.2088E+02  0.5272E+01
    -14.723  0.2148E+02  0.5660E+01
    -14.705  0.2083E+02  0.6047E+01
    -14.687  0.1876E+02  0.6410E+01
    -14.669  0.1523E+02  0.6722E+01
    -14.651  0.1054E+02  0.6958E+01
    -14.632  0.1069E+02  0.7151E+01
    -14.614  0.1088E+02  0.7347E+01
    -14.596  0.1106E+02  0.7547E+01
    -14.578  0.1123E+02  0.7750E+01
    -14.560  0.1139E+02  0.7956E+01
    -14.541  0.1019E+02  0.8161E+01
    -14.523  0.8216E+01  0.8324E+01
    -14.505  0.8774E+01  0.8475E+01
    -14.487  0.1085E+02  0.8654E+01
    -14.468  0.1314E+02  0.8872E+01
    -14.450  0.1566E+02  0.9134E+01
    -14.432  0.1839E+02  0.9444E+01
    -14.414  0.4449E+02  0.9938E+01
    -14.396  0.3909E+02  0.1079E+02
    -14.377  0.2959E+02  0.1140E+02
    -14.359  0.2432E+02  0.1189E+02
    -14.341  0.2213E+02  0.1231E+02
    -14.323  0.5654E+01  0.1264E+02
    -14.304  0.7119E+01  0.1276E+02
    -14.286  0.1032E+02  0.1291E+02
    -14.268  0.2061E+02  0.1316E+02
    -14.250  0.2934E+02  0.1366E+02
    -14.232  0.1274E+02  0.1408E+02
    -14.213  0.1473E+02  0.1430E+02
    -14.195  0.1893E+02  0.1461E+02
    -14.177  0.2321E+02  0.1499E+02
    -14.159  0.2790E+02  0.1546E+02
    -14.140  0.3173E+02  0.1601E+02
    -14.122  0.6514E+02  0.1670E+02
    -14.104  0.7072E+02  0.1791E+02
    -14.086  0.6689E+02  0.1920E+02
    -14.068  0.5045E+02  0.2027E+02
    -14.049  0.3146E+02  0.2102E+02
    -14.031  0.1687E+02  0.2145E+02
    -14.013  0.8704E+01  0.2167E+02
    -13.995  0.5862E+01  0.2180E+02
    -13.976  0.3975E+01  0.2189E+02
    -13.958  0.2453E+01  0.2195E+02
    -13.940  0.3863E+01  0.2198E+02
    -13.922  0.2184E+02  0.2223E+02
    -13.904  0.3108E+02  0.2272E+02
    -13.885  0.3149E+02  0.2331E+02
    -13.867  0.2458E+02  0.2382E+02
    -13.849  0.5156E+02  0.2442E+02
    -13.831  0.6937E+02  0.2557E+02
    -13.812  0.7205E+02  0.2680E+02
    -13.794  0.8331E+02  0.2815E+02
    -13.776  0.4980E+02  0.2999E+02
    -13.758  0.3774E+02  0.3068E+02
    -13.740  0.5508E+02  0.3156E+02
    -13.721  0.5512E+02  0.3254E+02
    -13.703  0.1008E+03  0.3419E+02
    -13.685  0.1288E+03  0.3613E+02
    -13.667  0.9266E+02  0.3813E+02
    -13.649  0.6605E+02  0.3953E+02
    -13.630  0.4569E+02  0.4056E+02
    -13.612  0.1470E+03  0.4204E+02
    -13.594  0.8990E+02  0.4360E+02
    -13.576  0.4436E+02  0.4501E+02
    -13.557  0.2552E+02  0.4605E+02
    -13.539  0.4186E+02  0.4654E+02
    -13.521  0.8874E+02  0.4772E+02
    -13.503  0.1206E+03  0.4941E+02
    -13.485  0.1360E+03  0.5202E+02
    -13.466  0.4185E+02  0.5332E+02
    -13.448  0.1544E+03  0.5500E+02
    -13.430  0.9661E+02  0.5743E+02
    -13.412  0.8567E+02  0.5899E+02
    -13.393  0.7966E+02  0.6053E+02
    -13.375  0.4046E+02  0.6171E+02
    -13.357  0.2514E+01  0.6199E+02
    -13.339  0.0000E+00  0.6200E+02
    -13.321  0.0000E+00  0.6200E+02
    -13.302  0.0000E+00  0.6200E+02
    -13.284  0.0000E+00  0.6200E+02
    -13.266  0.0000E+00  0.6200E+02
    -13.248  0.0000E+00  0.6200E+02
    -13.229  0.0000E+00  0.6200E+02
    -13.211  0.0000E+00  0.6200E+02
    -13.193  0.0000E+00  0.6200E+02
    -13.175  0.0000E+00  0.6200E+02
    -13.157  0.0000E+00  0.6200E+02
    -13.138  0.0000E+00  0.6200E+02
    -13.120  0.0000E+00  0.6200E+02
    -13.102  0.0000E+00  0.6200E+02
    -13.084  0.0000E+00  0.6200E+02
    -13.065  0.0000E+00  0.6200E+02
    -13.047  0.0000E+00  0.6200E+02
    -13.029  0.0000E+00  0.6200E+02
    -13.011  0.0000E+00  0.6200E+02
    -12.993  0.0000E+00  0.6200E+02
    -12.974  0.0000E+00  0.6200E+02
    -12.956  0.0000E+00  0.6200E+02
    -12.938  0.0000E+00  0.6200E+02
    -12.920  0.0000E+00  0.6200E+02
    -12.901  0.0000E+00  0.6200E+02
    -12.883  0.0000E+00  0.6200E+02
    -12.865  0.0000E+00  0.6200E+02
    -12.847  0.0000E+00  0.6200E+02
    -12.829  0.0000E+00  0.6200E+02
    -12.810  0.0000E+00  0.6200E+02
    -12.792  0.0000E+00  0.6200E+02
    -12.774  0.0000E+00  0.6200E+02
    -12.756  0.0000E+00  0.6200E+02
    -12.738  0.0000E+00  0.6200E+02
    -12.719  0.0000E+00  0.6200E+02
    -12.701  0.0000E+00  0.6200E+02
    -12.683  0.0000E+00  0.6200E+02
    -12.665  0.0000E+00  0.6200E+02
    -12.646  0.0000E+00  0.6200E+02
    -12.628  0.0000E+00  0.6200E+02
    -12.610  0.0000E+00  0.6200E+02
    -12.592  0.0000E+00  0.6200E+02
    -12.574  0.0000E+00  0.6200E+02
    -12.555  0.0000E+00  0.6200E+02
    -12.537  0.0000E+00  0.6200E+02
    -12.519  0.0000E+00  0.6200E+02
    -12.501  0.0000E+00  0.6200E+02
    -12.482  0.0000E+00  0.6200E+02
    -12.464  0.0000E+00  0.6200E+02
    -12.446  0.0000E+00  0.6200E+02
    -12.428  0.0000E+00  0.6200E+02
    -12.410  0.0000E+00  0.6200E+02
    -12.391  0.0000E+00  0.6200E+02
    -12.373  0.0000E+00  0.6200E+02
    -12.355  0.0000E+00  0.6200E+02
    -12.337  0.0000E+00  0.6200E+02
    -12.318  0.0000E+00  0.6200E+02
    -12.300  0.0000E+00  0.6200E+02
    -12.282  0.0000E+00  0.6200E+02
    -12.264  0.0000E+00  0.6200E+02
    -12.246  0.0000E+00  0.6200E+02
    -12.227  0.0000E+00  0.6200E+02
    -12.209  0.0000E+00  0.6200E+02
    -12.191  0.0000E+00  0.6200E+02
    -12.173  0.0000E+00  0.6200E+02
    -12.154  0.0000E+00  0.6200E+02
    -12.136  0.0000E+00  0.6200E+02
    -12.118  0.0000E+00  0.6200E+02
    -12.100  0.0000E+00  0.6200E+02
    -12.082  0.0000E+00  0.6200E+02
    -12.063  0.0000E+00  0.6200E+02
    -12.045  0.0000E+00  0.6200E+02
    -12.027  0.0000E+00  0.6200E+02
    -12.009  0.0000E+00  0.6200E+02
    -11.990  0.0000E+00  0.6200E+02
    -11.972  0.0000E+00  0.6200E+02
    -11.954  0.0000E+00  0.6200E+02
    -11.936  0.0000E+00  0.6200E+02
    -11.918  0.0000E+00  0.6200E+02
    -11.899  0.0000E+00  0.6200E+02
    -11.881  0.0000E+00  0.6200E+02
    -11.863  0.0000E+00  0.6200E+02
    -11.845  0.0000E+00  0.6200E+02
    -11.827  0.0000E+00  0.6200E+02
    -11.808  0.0000E+00  0.6200E+02
    -11.790  0.0000E+00  0.6200E+02
    -11.772  0.0000E+00  0.6200E+02
    -11.754  0.0000E+00  0.6200E+02
    -11.735  0.0000E+00  0.6200E+02
    -11.717  0.0000E+00  0.6200E+02
    -11.699  0.0000E+00  0.6200E+02
    -11.681  0.0000E+00  0.6200E+02
    -11.663  0.0000E+00  0.6200E+02
    -11.644  0.0000E+00  0.6200E+02
    -11.626  0.0000E+00  0.6200E+02
    -11.608  0.0000E+00  0.6200E+02
    -11.590  0.0000E+00  0.6200E+02
    -11.571  0.0000E+00  0.6200E+02
    -11.553  0.0000E+00  0.6200E+02
    -11.535  0.0000E+00  0.6200E+02
    -11.517  0.0000E+00  0.6200E+02
    -11.499  0.0000E+00  0.6200E+02
    -11.480  0.0000E+00  0.6200E+02
    -11.462  0.0000E+00  0.6200E+02
    -11.444  0.0000E+00  0.6200E+02
    -11.426  0.0000E+00  0.6200E+02
    -11.407  0.0000E+00  0.6200E+02
    -11.389  0.0000E+00  0.6200E+02
    -11.371  0.0000E+00  0.6200E+02
    -11.353  0.0000E+00  0.6200E+02
    -11.335  0.0000E+00  0.6200E+02
    -11.316  0.0000E+00  0.6200E+02
    -11.298  0.0000E+00  0.6200E+02
    -11.280  0.0000E+00  0.6200E+02
    -11.262  0.0000E+00  0.6200E+02
    -11.243  0.0000E+00  0.6200E+02
    -11.225  0.0000E+00  0.6200E+02
    -11.207  0.0000E+00  0.6200E+02
    -11.189  0.0000E+00  0.6200E+02
    -11.171  0.0000E+00  0.6200E+02
    -11.152  0.0000E+00  0.6200E+02
    -11.134  0.0000E+00  0.6200E+02
    -11.116  0.0000E+00  0.6200E+02
    -11.098  0.0000E+00  0.6200E+02
    -11.079  0.0000E+00  0.6200E+02
    -11.061  0.0000E+00  0.6200E+02
    -11.043  0.0000E+00  0.6200E+02
    -11.025  0.0000E+00  0.6200E+02
    -11.007  0.0000E+00  0.6200E+02
    -10.988  0.0000E+00  0.6200E+02
    -10.970  0.0000E+00  0.6200E+02
    -10.952  0.0000E+00  0.6200E+02
    -10.934  0.0000E+00  0.6200E+02
    -10.916  0.0000E+00  0.6200E+02
    -10.897  0.0000E+00  0.6200E+02
    -10.879  0.0000E+00  0.6200E+02
    -10.861  0.0000E+00  0.6200E+02
    -10.843  0.0000E+00  0.6200E+02
    -10.824  0.0000E+00  0.6200E+02
    -10.806  0.0000E+00  0.6200E+02
    -10.788  0.0000E+00  0.6200E+02
    -10.770  0.0000E+00  0.6200E+02
    -10.752  0.0000E+00  0.6200E+02
    -10.733  0.0000E+00  0.6200E+02
    -10.715  0.0000E+00  0.6200E+02
    -10.697  0.0000E+00  0.6200E+02
    -10.679  0.0000E+00  0.6200E+02
    -10.660  0.0000E+00  0.6200E+02
    -10.642  0.0000E+00  0.6200E+02
    -10.624  0.0000E+00  0.6200E+02
    -10.606  0.0000E+00  0.6200E+02
    -10.588  0.0000E+00  0.6200E+02
    -10.569  0.0000E+00  0.6200E+02
    -10.551  0.0000E+00  0.6200E+02
    -10.533  0.0000E+00  0.6200E+02
    -10.515  0.0000E+00  0.6200E+02
    -10.496  0.0000E+00  0.6200E+02
    -10.478  0.0000E+00  0.6200E+02
    -10.460  0.0000E+00  0.6200E+02
    -10.442  0.0000E+00  0.6200E+02
    -10.424  0.0000E+00  0.6200E+02
    -10.405  0.0000E+00  0.6200E+02
    -10.387  0.0000E+00  0.6200E+02
    -10.369  0.0000E+00  0.6200E+02
    -10.351  0.0000E+00  0.6200E+02
    -10.332  0.0000E+00  0.6200E+02
    -10.314  0.0000E+00  0.6200E+02
    -10.296  0.0000E+00  0.6200E+02
    -10.278  0.0000E+00  0.6200E+02
    -10.260  0.0000E+00  0.6200E+02
    -10.241  0.0000E+00  0.6200E+02
    -10.223  0.0000E+00  0.6200E+02
    -10.205  0.0000E+00  0.6200E+02
    -10.187  0.0000E+00  0.6200E+02
    -10.168  0.0000E+00  0.6200E+02
    -10.150  0.0000E+00  0.6200E+02
    -10.132  0.0000E+00  0.6200E+02
    -10.114  0.0000E+00  0.6200E+02
    -10.096  0.0000E+00  0.6200E+02
    -10.077  0.0000E+00  0.6200E+02
    -10.059  0.0000E+00  0.6200E+02
    -10.041  0.0000E+00  0.6200E+02
    -10.023  0.0000E+00  0.6200E+02
    -10.005  0.0000E+00  0.6200E+02
     -9.986  0.0000E+00  0.6200E+02
     -9.968  0.0000E+00  0.6200E+02
     -9.950  0.0000E+00  0.6200E+02
     -9.932  0.0000E+00  0.6200E+02
     -9.913  0.0000E+00  0.6200E+02
     -9.895  0.0000E+00  0.6200E+02
     -9.877  0.0000E+00  0.6200E+02
     -9.859  0.0000E+00  0.6200E+02
     -9.841  0.0000E+00  0.6200E+02
     -9.822  0.0000E+00  0.6200E+02
     -9.804  0.0000E+00  0.6200E+02
     -9.786  0.0000E+00  0.6200E+02
     -9.768  0.0000E+00  0.6200E+02
     -9.749  0.0000E+00  0.6200E+02
     -9.731  0.0000E+00  0.6200E+02
     -9.713  0.0000E+00  0.6200E+02
     -9.695  0.0000E+00  0.6200E+02
     -9.677  0.0000E+00  0.6200E+02
     -9.658  0.0000E+00  0.6200E+02
     -9.640  0.0000E+00  0.6200E+02
     -9.622  0.0000E+00  0.6200E+02
     -9.604  0.0000E+00  0.6200E+02
     -9.585  0.0000E+00  0.6200E+02
     -9.567  0.0000E+00  0.6200E+02
     -9.549  0.0000E+00  0.6200E+02
     -9.531  0.0000E+00  0.6200E+02
     -9.513  0.0000E+00  0.6200E+02
     -9.494  0.0000E+00  0.6200E+02
     -9.476  0.0000E+00  0.6200E+02
     -9.458  0.0000E+00  0.6200E+02
     -9.440  0.0000E+00  0.6200E+02
     -9.421  0.0000E+00  0.6200E+02
     -9.403  0.0000E+00  0.6200E+02
     -9.385  0.0000E+00  0.6200E+02
     -9.367  0.0000E+00  0.6200E+02
     -9.349  0.0000E+00  0.6200E+02
     -9.330  0.0000E+00  0.6200E+02
     -9.312  0.0000E+00  0.6200E+02
     -9.294  0.0000E+00  0.6200E+02
     -9.276  0.0000E+00  0.6200E+02
     -9.257  0.0000E+00  0.6200E+02
     -9.239  0.0000E+00  0.6200E+02
     -9.221  0.0000E+00  0.6200E+02
     -9.203  0.0000E+00  0.6200E+02
     -9.185  0.0000E+00  0.6200E+02
     -9.166  0.0000E+00  0.6200E+02
     -9.148  0.0000E+00  0.6200E+02
     -9.130  0.0000E+00  0.6200E+02
     -9.112  0.0000E+00  0.6200E+02
     -9.094  0.0000E+00  0.6200E+02
     -9.075  0.0000E+00  0.6200E+02
     -9.057  0.0000E+00  0.6200E+02
     -9.039  0.0000E+00  0.6200E+02
     -9.021  0.0000E+00  0.6200E+02
     -9.002  0.0000E+00  0.6200E+02
     -8.984  0.0000E+00  0.6200E+02
     -8.966  0.0000E+00  0.6200E+02
     -8.948  0.0000E+00  0.6200E+02
     -8.930  0.0000E+00  0.6200E+02
     -8.911  0.0000E+00  0.6200E+02
     -8.893  0.0000E+00  0.6200E+02
     -8.875  0.0000E+00  0.6200E+02
     -8.857  0.0000E+00  0.6200E+02
     -8.838  0.0000E+00  0.6200E+02
     -8.820  0.0000E+00  0.6200E+02
     -8.802  0.0000E+00  0.6200E+02
     -8.784  0.0000E+00  0.6200E+02
     -8.766  0.0000E+00  0.6200E+02
     -8.747  0.0000E+00  0.6200E+02
     -8.729  0.0000E+00  0.6200E+02
     -8.711  0.0000E+00  0.6200E+02
     -8.693  0.0000E+00  0.6200E+02
     -8.674  0.0000E+00  0.6200E+02
     -8.656  0.0000E+00  0.6200E+02
     -8.638  0.0000E+00  0.6200E+02
     -8.620  0.0000E+00  0.6200E+02
     -8.602  0.0000E+00  0.6200E+02
     -8.583  0.0000E+00  0.6200E+02
     -8.565  0.0000E+00  0.6200E+02
     -8.547  0.0000E+00  0.6200E+02
     -8.529  0.0000E+00  0.6200E+02
     -8.510  0.0000E+00  0.6200E+02
     -8.492  0.0000E+00  0.6200E+02
     -8.474  0.0000E+00  0.6200E+02
     -8.456  0.0000E+00  0.6200E+02
     -8.438  0.0000E+00  0.6200E+02
     -8.419  0.0000E+00  0.6200E+02
     -8.401  0.0000E+00  0.6200E+02
     -8.383  0.0000E+00  0.6200E+02
     -8.365  0.0000E+00  0.6200E+02
     -8.346  0.0000E+00  0.6200E+02
     -8.328  0.0000E+00  0.6200E+02
     -8.310  0.0000E+00  0.6200E+02
     -8.292  0.0000E+00  0.6200E+02
     -8.274  0.0000E+00  0.6200E+02
     -8.255  0.0000E+00  0.6200E+02
     -8.237  0.0000E+00  0.6200E+02
     -8.219  0.0000E+00  0.6200E+02
     -8.201  0.0000E+00  0.6200E+02
     -8.183  0.0000E+00  0.6200E+02
     -8.164  0.0000E+00  0.6200E+02
     -8.146  0.0000E+00  0.6200E+02
     -8.128  0.0000E+00  0.6200E+02
     -8.110  0.0000E+00  0.6200E+02
     -8.091  0.0000E+00  0.6200E+02
     -8.073  0.0000E+00  0.6200E+02
     -8.055  0.0000E+00  0.6200E+02
     -8.037  0.0000E+00  0.6200E+02
     -8.019  0.0000E+00  0.6200E+02
     -8.000  0.0000E+00  0.6200E+02
     -7.982  0.0000E+00  0.6200E+02
     -7.964  0.0000E+00  0.6200E+02
     -7.946  0.0000E+00  0.6200E+02
     -7.927  0.0000E+00  0.6200E+02
     -7.909  0.0000E+00  0.6200E+02
     -7.891  0.0000E+00  0.6200E+02
     -7.873  0.0000E+00  0.6200E+02
     -7.855  0.0000E+00  0.6200E+02
     -7.836  0.0000E+00  0.6200E+02
     -7.818  0.0000E+00  0.6200E+02
     -7.800  0.0000E+00  0.6200E+02
     -7.782  0.0000E+00  0.6200E+02
     -7.763  0.0000E+00  0.6200E+02
     -7.745  0.0000E+00  0.6200E+02
     -7.727  0.0000E+00  0.6200E+02
     -7.709  0.0000E+00  0.6200E+02
     -7.691  0.0000E+00  0.6200E+02
     -7.672  0.0000E+00  0.6200E+02
     -7.654  0.0000E+00  0.6200E+02
     -7.636  0.0000E+00  0.6200E+02
     -7.618  0.0000E+00  0.6200E+02
     -7.599  0.0000E+00  0.6200E+02
     -7.581  0.0000E+00  0.6200E+02
     -7.563  0.0000E+00  0.6200E+02
     -7.545  0.0000E+00  0.6200E+02
     -7.527  0.0000E+00  0.6200E+02
     -7.508  0.0000E+00  0.6200E+02
     -7.490  0.0000E+00  0.6200E+02
     -7.472  0.0000E+00  0.6200E+02
     -7.454  0.0000E+00  0.6200E+02
     -7.435  0.0000E+00  0.6200E+02
     -7.417  0.0000E+00  0.6200E+02
     -7.399  0.0000E+00  0.6200E+02
     -7.381  0.0000E+00  0.6200E+02
     -7.363  0.0000E+00  0.6200E+02
     -7.344  0.0000E+00  0.6200E+02
     -7.326  0.0000E+00  0.6200E+02
     -7.308  0.0000E+00  0.6200E+02
     -7.290  0.0000E+00  0.6200E+02
     -7.272  0.0000E+00  0.6200E+02
     -7.253  0.0000E+00  0.6200E+02
     -7.235  0.0000E+00  0.6200E+02
     -7.217  0.0000E+00  0.6200E+02
     -7.199  0.0000E+00  0.6200E+02
     -7.180  0.0000E+00  0.6200E+02
     -7.162  0.0000E+00  0.6200E+02
     -7.144  0.0000E+00  0.6200E+02
     -7.126  0.0000E+00  0.6200E+02
     -7.108  0.0000E+00  0.6200E+02
     -7.089  0.0000E+00  0.6200E+02
     -7.071  0.0000E+00  0.6200E+02
     -7.053  0.0000E+00  0.6200E+02
     -7.035  0.0000E+00  0.6200E+02
     -7.016  0.0000E+00  0.6200E+02
     -6.998  0.0000E+00  0.6200E+02
     -6.980  0.0000E+00  0.6200E+02
     -6.962  0.0000E+00  0.6200E+02
     -6.944  0.0000E+00  0.6200E+02
     -6.925  0.0000E+00  0.6200E+02
     -6.907  0.0000E+00  0.6200E+02
     -6.889  0.0000E+00  0.6200E+02
     -6.871  0.0000E+00  0.6200E+02
     -6.852  0.0000E+00  0.6200E+02
     -6.834  0.0000E+00  0.6200E+02
     -6.816  0.0000E+00  0.6200E+02
     -6.798  0.0000E+00  0.6200E+02
     -6.780  0.0000E+00  0.6200E+02
     -6.761  0.0000E+00  0.6200E+02
     -6.743  0.0000E+00  0.6200E+02
     -6.725  0.0000E+00  0.6200E+02
     -6.707  0.0000E+00  0.6200E+02
     -6.688  0.0000E+00  0.6200E+02
     -6.670  0.0000E+00  0.6200E+02
     -6.652  0.0000E+00  0.6200E+02
     -6.634  0.0000E+00  0.6200E+02
     -6.616  0.0000E+00  0.6200E+02
     -6.597  0.0000E+00  0.6200E+02
     -6.579  0.0000E+00  0.6200E+02
     -6.561  0.0000E+00  0.6200E+02
     -6.543  0.0000E+00  0.6200E+02
     -6.524  0.0000E+00  0.6200E+02
     -6.506  0.0000E+00  0.6200E+02
     -6.488  0.0000E+00  0.6200E+02
     -6.470  0.0000E+00  0.6200E+02
     -6.452  0.0000E+00  0.6200E+02
     -6.433  0.0000E+00  0.6200E+02
     -6.415  0.0000E+00  0.6200E+02
     -6.397  0.0000E+00  0.6200E+02
     -6.379  0.0000E+00  0.6200E+02
     -6.361  0.0000E+00  0.6200E+02
     -6.342  0.0000E+00  0.6200E+02
     -6.324  0.0000E+00  0.6200E+02
     -6.306  0.0000E+00  0.6200E+02
     -6.288  0.0000E+00  0.6200E+02
     -6.269  0.0000E+00  0.6200E+02
     -6.251  0.0000E+00  0.6200E+02
     -6.233  0.0000E+00  0.6200E+02
     -6.215  0.0000E+00  0.6200E+02
     -6.197  0.0000E+00  0.6200E+02
     -6.178  0.0000E+00  0.6200E+02
     -6.160  0.0000E+00  0.6200E+02
     -6.142  0.0000E+00  0.6200E+02
     -6.124  0.0000E+00  0.6200E+02
     -6.105  0.0000E+00  0.6200E+02
     -6.087  0.0000E+00  0.6200E+02
     -6.069  0.0000E+00  0.6200E+02
     -6.051  0.0000E+00  0.6200E+02
     -6.033  0.0000E+00  0.6200E+02
     -6.014  0.0000E+00  0.6200E+02
     -5.996  0.0000E+00  0.6200E+02
     -5.978  0.0000E+00  0.6200E+02
     -5.960  0.0000E+00  0.6200E+02
     -5.941  0.0000E+00  0.6200E+02
     -5.923  0.0000E+00  0.6200E+02
     -5.905  0.0000E+00  0.6200E+02
     -5.887  0.0000E+00  0.6200E+02
     -5.869  0.0000E+00  0.6200E+02
     -5.850  0.0000E+00  0.6200E+02
     -5.832  0.0000E+00  0.6200E+02
     -5.814  0.0000E+00  0.6200E+02
     -5.796  0.0000E+00  0.6200E+02
     -5.777  0.0000E+00  0.6200E+02
     -5.759  0.0000E+00  0.6200E+02
     -5.741  0.0000E+00  0.6200E+02
     -5.723  0.0000E+00  0.6200E+02
     -5.705  0.0000E+00  0.6200E+02
     -5.686  0.0000E+00  0.6200E+02
     -5.668  0.0000E+00  0.6200E+02
     -5.650  0.0000E+00  0.6200E+02
     -5.632  0.0000E+00  0.6200E+02
     -5.613  0.0000E+00  0.6200E+02
     -5.595  0.0000E+00  0.6200E+02
     -5.577  0.0000E+00  0.6200E+02
     -5.559  0.0000E+00  0.6200E+02
     -5.541  0.0000E+00  0.6200E+02
     -5.522  0.0000E+00  0.6200E+02
     -5.504  0.0000E+00  0.6200E+02
     -5.486  0.0000E+00  0.6200E+02
     -5.468  0.0000E+00  0.6200E+02
     -5.450  0.0000E+00  0.6200E+02
     -5.431  0.0000E+00  0.6200E+02
     -5.413  0.0000E+00  0.6200E+02
     -5.395  0.0000E+00  0.6200E+02
     -5.377  0.0000E+00  0.6200E+02
     -5.358  0.0000E+00  0.6200E+02
     -5.340  0.0000E+00  0.6200E+02
     -5.322  0.0000E+00  0.6200E+02
     -5.304  0.0000E+00  0.6200E+02
     -5.286  0.0000E+00  0.6200E+02
     -5.267  0.0000E+00  0.6200E+02
     -5.249  0.0000E+00  0.6200E+02
     -5.231  0.0000E+00  0.6200E+02
     -5.213  0.0000E+00  0.6200E+02
     -5.194  0.0000E+00  0.6200E+02
     -5.176  0.0000E+00  0.6200E+02
     -5.158  0.0000E+00  0.6200E+02
     -5.140  0.0000E+00  0.6200E+02
     -5.122  0.0000E+00  0.6200E+02
     -5.103  0.0000E+00  0.6200E+02
     -5.085  0.0000E+00  0.6200E+02
     -5.067  0.0000E+00  0.6200E+02
     -5.049  0.0000E+00  0.6200E+02
     -5.030  0.0000E+00  0.6200E+02
     -5.012  0.0000E+00  0.6200E+02
     -4.994  0.0000E+00  0.6200E+02
     -4.976  0.0000E+00  0.6200E+02
     -4.958  0.0000E+00  0.6200E+02
     -4.939  0.0000E+00  0.6200E+02
     -4.921  0.0000E+00  0.6200E+02
     -4.903  0.0000E+00  0.6200E+02
     -4.885  0.0000E+00  0.6200E+02
     -4.866  0.0000E+00  0.6200E+02
     -4.848  0.0000E+00  0.6200E+02
     -4.830  0.0000E+00  0.6200E+02
     -4.812  0.0000E+00  0.6200E+02
     -4.794  0.0000E+00  0.6200E+02
     -4.775  0.0000E+00  0.6200E+02
     -4.757  0.0000E+00  0.6200E+02
     -4.739  0.0000E+00  0.6200E+02
     -4.721  0.0000E+00  0.6200E+02
     -4.702  0.0000E+00  0.6200E+02
     -4.684  0.0000E+00  0.6200E+02
     -4.666  0.0000E+00  0.6200E+02
     -4.648  0.0000E+00  0.6200E+02
     -4.630  0.0000E+00  0.6200E+02
     -4.611  0.0000E+00  0.6200E+02
     -4.593  0.0000E+00  0.6200E+02
     -4.575  0.0000E+00  0.6200E+02
     -4.557  0.0000E+00  0.6200E+02
     -4.539  0.0000E+00  0.6200E+02
     -4.520  0.0000E+00  0.6200E+02
     -4.502  0.0000E+00  0.6200E+02
     -4.484  0.0000E+00  0.6200E+02
     -4.466  0.0000E+00  0.6200E+02
     -4.447  0.0000E+00  0.6200E+02
     -4.429  0.0000E+00  0.6200E+02
     -4.411  0.0000E+00  0.6200E+02
     -4.393  0.0000E+00  0.6200E+02
     -4.375  0.0000E+00  0.6200E+02
     -4.356  0.0000E+00  0.6200E+02
     -4.338  0.0000E+00  0.6200E+02
     -4.320  0.0000E+00  0.6200E+02
     -4.302  0.0000E+00  0.6200E+02
     -4.283  0.0000E+00  0.6200E+02
     -4.265  0.0000E+00  0.6200E+02
     -4.247  0.0000E+00  0.6200E+02
     -4.229  0.0000E+00  0.6200E+02
     -4.211  0.0000E+00  0.6200E+02
     -4.192  0.0000E+00  0.6200E+02
     -4.174  0.0000E+00  0.6200E+02
     -4.156  0.0000E+00  0.6200E+02
     -4.138  0.0000E+00  0.6200E+02
     -4.119  0.0000E+00  0.6200E+02
     -4.101  0.0000E+00  0.6200E+02
     -4.083  0.0000E+00  0.6200E+02
     -4.065  0.0000E+00  0.6200E+02
     -4.047  0.0000E+00  0.6200E+02
     -4.028  0.0000E+00  0.6200E+02
     -4.010  0.0000E+00  0.6200E+02
     -3.992  0.0000E+00  0.6200E+02
     -3.974  0.0000E+00  0.6200E+02
     -3.955  0.0000E+00  0.6200E+02
     -3.937  0.0000E+00  0.6200E+02
     -3.919  0.0000E+00  0.6200E+02
     -3.901  0.0000E+00  0.6200E+02
     -3.883  0.0000E+00  0.6200E+02
     -3.864  0.0000E+00  0.6200E+02
     -3.846  0.0000E+00  0.6200E+02
     -3.828  0.0000E+00  0.6200E+02
     -3.810  0.0000E+00  0.6200E+02
     -3.791  0.0000E+00  0.6200E+02
     -3.773  0.0000E+00  0.6200E+02
     -3.755  0.0000E+00  0.6200E+02
     -3.737  0.0000E+00  0.6200E+02
     -3.719  0.0000E+00  0.6200E+02
     -3.700  0.0000E+00  0.6200E+02
     -3.682  0.0000E+00  0.6200E+02
     -3.664  0.0000E+00  0.6200E+02
     -3.646  0.0000E+00  0.6200E+02
     -3.628  0.0000E+00  0.6200E+02
     -3.609  0.0000E+00  0.6200E+02
     -3.591  0.0000E+00  0.6200E+02
     -3.573  0.0000E+00  0.6200E+02
     -3.555  0.0000E+00  0.6200E+02
     -3.536  0.0000E+00  0.6200E+02
     -3.518  0.0000E+00  0.6200E+02
     -3.500  0.0000E+00  0.6200E+02
     -3.482  0.0000E+00  0.6200E+02
     -3.464  0.0000E+00  0.6200E+02
     -3.445  0.0000E+00  0.6200E+02
     -3.427  0.0000E+00  0.6200E+02
     -3.409  0.0000E+00  0.6200E+02
     -3.391  0.0000E+00  0.6200E+02
     -3.372  0.0000E+00  0.6200E+02
     -3.354  0.0000E+00  0.6200E+02
     -3.336  0.0000E+00  0.6200E+02
     -3.318  0.0000E+00  0.6200E+02
     -3.300  0.0000E+00  0.6200E+02
     -3.281  0.0000E+00  0.6200E+02
     -3.263  0.0000E+00  0.6200E+02
     -3.245  0.0000E+00  0.6200E+02
     -3.227  0.0000E+00  0.6200E+02
     -3.208  0.0000E+00  0.6200E+02
     -3.190  0.0000E+00  0.6200E+02
     -3.172  0.0000E+00  0.6200E+02
     -3.154  0.0000E+00  0.6200E+02
     -3.136  0.0000E+00  0.6200E+02
     -3.117  0.0000E+00  0.6200E+02
     -3.099  0.0000E+00  0.6200E+02
     -3.081  0.0000E+00  0.6200E+02
     -3.063  0.0000E+00  0.6200E+02
     -3.044  0.0000E+00  0.6200E+02
     -3.026  0.0000E+00  0.6200E+02
     -3.008  0.0000E+00  0.6200E+02
     -2.990  0.0000E+00  0.6200E+02
     -2.972  0.0000E+00  0.6200E+02
     -2.953  0.0000E+00  0.6200E+02
     -2.935  0.0000E+00  0.6200E+02
     -2.917  0.0000E+00  0.6200E+02
     -2.899  0.0000E+00  0.6200E+02
     -2.880  0.0000E+00  0.6200E+02
     -2.862  0.0000E+00  0.6200E+02
     -2.844  0.0000E+00  0.6200E+02
     -2.826  0.0000E+00  0.6200E+02
     -2.808  0.0000E+00  0.6200E+02
     -2.789  0.0000E+00  0.6200E+02
     -2.771  0.0000E+00  0.6200E+02
     -2.753  0.0000E+00  0.6200E+02
     -2.735  0.0000E+00  0.6200E+02
     -2.717  0.0000E+00  0.6200E+02
     -2.698  0.0000E+00  0.6200E+02
     -2.680  0.0000E+00  0.6200E+02
     -2.662  0.0000E+00  0.6200E+02
     -2.644  0.0000E+00  0.6200E+02
     -2.625  0.0000E+00  0.6200E+02
     -2.607  0.0000E+00  0.6200E+02
     -2.589  0.0000E+00  0.6200E+02
     -2.571  0.0000E+00  0.6200E+02
     -2.553  0.0000E+00  0.6200E+02
     -2.534  0.0000E+00  0.6200E+02
     -2.516  0.0000E+00  0.6200E+02
     -2.498  0.0000E+00  0.6200E+02
     -2.480  0.0000E+00  0.6200E+02
     -2.461  0.0000E+00  0.6200E+02
     -2.443  0.0000E+00  0.6200E+02
     -2.425  0.0000E+00  0.6200E+02
     -2.407  0.0000E+00  0.6200E+02
     -2.389  0.0000E+00  0.6200E+02
     -2.370  0.0000E+00  0.6200E+02
     -2.352  0.0000E+00  0.6200E+02
     -2.334  0.0000E+00  0.6200E+02
     -2.316  0.0000E+00  0.6200E+02
     -2.297  0.0000E+00  0.6200E+02
     -2.279  0.0000E+00  0.6200E+02
     -2.261  0.0000E+00  0.6200E+02
     -2.243  0.0000E+00  0.6200E+02
     -2.225  0.0000E+00  0.6200E+02
     -2.206  0.0000E+00  0.6200E+02
     -2.188  0.0000E+00  0.6200E+02
     -2.170  0.0000E+00  0.6200E+02
     -2.152  0.0000E+00  0.6200E+02
     -2.133  0.0000E+00  0.6200E+02
     -2.115  0.0000E+00  0.6200E+02
     -2.097  0.0000E+00  0.6200E+02
     -2.079  0.0000E+00  0.6200E+02
     -2.061  0.0000E+00  0.6200E+02
     -2.042  0.0000E+00  0.6200E+02
     -2.024  0.0000E+00  0.6200E+02
     -2.006  0.0000E+00  0.6200E+02
     -1.988  0.0000E+00  0.6200E+02
     -1.969  0.0000E+00  0.6200E+02
     -1.951  0.0000E+00  0.6200E+02
     -1.933  0.0000E+00  0.6200E+02
     -1.915  0.0000E+00  0.6200E+02
     -1.897  0.0000E+00  0.6200E+02
     -1.878  0.0000E+00  0.6200E+02
     -1.860  0.0000E+00  0.6200E+02
     -1.842  0.0000E+00  0.6200E+02
     -1.824  0.0000E+00  0.6200E+02
     -1.806  0.0000E+00  0.6200E+02
     -1.787  0.0000E+00  0.6200E+02
     -1.769  0.0000E+00  0.6200E+02
     -1.751  0.0000E+00  0.6200E+02
     -1.733  0.0000E+00  0.6200E+02
     -1.714  0.0000E+00  0.6200E+02
     -1.696  0.0000E+00  0.6200E+02
     -1.678  0.0000E+00  0.6200E+02
     -1.660  0.0000E+00  0.6200E+02
     -1.642  0.0000E+00  0.6200E+02
     -1.623  0.0000E+00  0.6200E+02
     -1.605  0.0000E+00  0.6200E+02
     -1.587  0.0000E+00  0.6200E+02
     -1.569  0.0000E+00  0.6200E+02
     -1.550  0.0000E+00  0.6200E+02
     -1.532  0.0000E+00  0.6200E+02
     -1.514  0.0000E+00  0.6200E+02
     -1.496  0.0000E+00  0.6200E+02
     -1.478  0.0000E+00  0.6200E+02
     -1.459  0.0000E+00  0.6200E+02
     -1.441  0.0000E+00  0.6200E+02
     -1.423  0.0000E+00  0.6200E+02
     -1.405  0.0000E+00  0.6200E+02
     -1.386  0.0000E+00  0.6200E+02
     -1.368  0.0000E+00  0.6200E+02
     -1.350  0.0000E+00  0.6200E+02
     -1.332  0.8676E-02  0.6200E+02
     -1.314  0.4309E-01  0.6200E+02
     -1.295  0.1278E+00  0.6200E+02
     -1.277  0.2712E+00  0.6201E+02
     -1.259  0.4734E+00  0.6201E+02
     -1.241  0.7452E+00  0.6202E+02
     -1.222  0.1094E+01  0.6204E+02
     -1.204  0.1519E+01  0.6206E+02
     -1.186  0.2021E+01  0.6210E+02
     -1.168  0.2600E+01  0.6214E+02
     -1.150  0.3256E+01  0.6219E+02
     -1.131  0.3988E+01  0.6226E+02
     -1.113  0.4797E+01  0.6234E+02
     -1.095  0.5683E+01  0.6243E+02
     -1.077  0.6646E+01  0.6254E+02
     -1.058  0.7685E+01  0.6267E+02
     -1.040  0.8801E+01  0.6282E+02
     -1.022  0.9994E+01  0.6300E+02
     -1.004  0.1126E+02  0.6319E+02
     -0.986  0.1301E+02  0.6341E+02
     -0.967  0.1554E+02  0.6367E+02
     -0.949  0.1774E+02  0.6397E+02
     -0.931  0.1955E+02  0.6431E+02
     -0.913  0.2127E+02  0.6468E+02
     -0.895  0.2405E+02  0.6510E+02
     -0.876  0.2605E+02  0.6555E+02
     -0.858  0.2755E+02  0.6604E+02
     -0.840  0.3384E+02  0.6660E+02
     -0.822  0.4000E+02  0.6727E+02
     -0.803  0.4946E+02  0.6808E+02
     -0.785  0.6278E+02  0.6912E+02
     -0.767  0.6668E+02  0.7031E+02
     -0.749  0.6258E+02  0.7149E+02
     -0.731  0.5762E+02  0.7259E+02
     -0.712  0.5237E+02  0.7359E+02
     -0.694  0.4069E+02  0.7443E+02
     -0.676  0.3464E+02  0.7511E+02
     -0.658  0.2734E+02  0.7568E+02
     -0.639  0.2049E+02  0.7611E+02
     -0.621  0.1702E+02  0.7645E+02
     -0.603  0.1691E+02  0.7675E+02
     -0.585  0.1844E+02  0.7708E+02
     -0.567  0.2841E+02  0.7745E+02
     -0.548  0.4915E+02  0.7816E+02
     -0.530  0.5405E+02  0.7914E+02
     -0.512  0.3392E+02  0.7997E+02
     -0.494  0.2440E+02  0.8051E+02
     -0.475  0.1503E+02  0.8084E+02
     -0.457  0.1562E+02  0.8112E+02
     -0.439  0.1890E+02  0.8143E+02
     -0.421  0.3388E+02  0.8190E+02
     -0.403  0.4170E+02  0.8260E+02
     -0.384  0.3860E+02  0.8335E+02
     -0.366  0.3190E+02  0.8396E+02
     -0.348  0.4554E+02  0.8462E+02
     -0.330  0.6749E+02  0.8570E+02
     -0.311  0.5481E+02  0.8687E+02
     -0.293  0.1047E+03  0.8805E+02
     -0.275  0.9333E+02  0.9052E+02
     -0.257  0.5951E+02  0.9166E+02
     -0.239  0.5674E+02  0.9271E+02
     -0.220  0.5472E+02  0.9373E+02
     -0.202  0.5185E+02  0.9470E+02
     -0.184  0.4903E+02  0.9562E+02
     -0.166  0.4671E+02  0.9649E+02
     -0.147  0.4495E+02  0.9732E+02
     -0.129  0.4480E+02  0.9814E+02
     -0.111  0.4601E+02  0.9896E+02
     -0.093  0.4737E+02  0.9982E+02
     -0.075  0.4829E+02  0.1007E+03
     -0.056  0.4803E+02  0.1016E+03
     -0.038  0.4193E+02  0.1024E+03
     -0.020  0.3915E+02  0.1031E+03
     -0.002  0.3661E+02  0.1038E+03
      0.016  0.2953E+02  0.1044E+03
      0.035  0.2730E+02  0.1049E+03
      0.053  0.2775E+02  0.1054E+03
      0.071  0.2768E+02  0.1059E+03
      0.089  0.2733E+02  0.1064E+03
      0.108  0.2686E+02  0.1069E+03
      0.126  0.2631E+02  0.1074E+03
      0.144  0.2578E+02  0.1079E+03
      0.162  0.2605E+02  0.1083E+03
      0.180  0.2681E+02  0.1088E+03
      0.199  0.2737E+02  0.1093E+03
      0.217  0.2771E+02  0.1098E+03
      0.235  0.2784E+02  0.1103E+03
      0.253  0.2754E+02  0.1108E+03
      0.272  0.2419E+02  0.1113E+03
      0.290  0.2428E+02  0.1117E+03
      0.308  0.2411E+02  0.1122E+03
      0.326  0.2366E+02  0.1126E+03
      0.344  0.2056E+02  0.1130E+03
      0.363  0.1758E+02  0.1134E+03
      0.381  0.1630E+02  0.1137E+03
      0.399  0.1509E+02  0.1140E+03
      0.417  0.1206E+02  0.1142E+03
      0.436  0.1191E+02  0.1144E+03
      0.454  0.1136E+02  0.1146E+03
      0.472  0.1082E+02  0.1148E+03
      0.490  0.1226E+02  0.1150E+03
      0.508  0.1339E+02  0.1153E+03
      0.527  0.1419E+02  0.1155E+03
      0.545  0.1835E+02  0.1158E+03
      0.563  0.2260E+02  0.1162E+03
      0.581  0.2868E+02  0.1167E+03
      0.600  0.3430E+02  0.1172E+03
      0.618  0.3777E+02  0.1179E+03
      0.636  0.3909E+02  0.1186E+03
      0.654  0.3872E+02  0.1193E+03
      0.672  0.3731E+02  0.1200E+03
      0.691  0.3492E+02  0.1207E+03
      0.709  0.3248E+02  0.1213E+03
      0.727  0.3034E+02  0.1218E+03
      0.745  0.2831E+02  0.1224E+03
      0.764  0.2640E+02  0.1229E+03
      0.782  0.2461E+02  0.1233E+03
      0.800  0.2543E+02  0.1238E+03
      0.818  0.2655E+02  0.1243E+03
      0.836  0.2545E+02  0.1247E+03
      0.855  0.2447E+02  0.1252E+03
      0.873  0.2348E+02  0.1256E+03
      0.891  0.2242E+02  0.1260E+03
      0.909  0.1873E+02  0.1264E+03
      0.927  0.1462E+02  0.1267E+03
      0.946  0.1157E+02  0.1270E+03
      0.964  0.1041E+02  0.1272E+03
      0.982  0.1060E+02  0.1273E+03
      1.000  0.1099E+02  0.1275E+03
      1.019  0.1144E+02  0.1277E+03
      1.037  0.1197E+02  0.1280E+03
      1.055  0.1257E+02  0.1282E+03
      1.073  0.1324E+02  0.1284E+03
      1.091  0.1399E+02  0.1287E+03
      1.110  0.1480E+02  0.1289E+03
      1.128  0.1569E+02  0.1292E+03
      1.146  0.1666E+02  0.1295E+03
      1.164  0.1769E+02  0.1298E+03
      1.183  0.1856E+02  0.1301E+03
      1.201  0.1926E+02  0.1305E+03
      1.219  0.1990E+02  0.1308E+03
      1.237  0.2050E+02  0.1312E+03
      1.255  0.2102E+02  0.1316E+03
      1.274  0.2145E+02  0.1320E+03
      1.292  0.2224E+02  0.1324E+03
      1.310  0.2507E+02  0.1328E+03
      1.328  0.2753E+02  0.1333E+03
      1.347  0.2952E+02  0.1338E+03
      1.365  0.3102E+02  0.1344E+03
      1.383  0.3163E+02  0.1349E+03
      1.401  0.3100E+02  0.1355E+03
      1.419  0.2942E+02  0.1361E+03
      1.438  0.2763E+02  0.1366E+03
      1.456  0.2508E+02  0.1371E+03
      1.474  0.2159E+02  0.1375E+03
      1.492  0.1732E+02  0.1378E+03
      1.511  0.1285E+02  0.1381E+03
      1.529  0.1145E+02  0.1383E+03
      1.547  0.1298E+02  0.1385E+03
      1.565  0.1977E+02  0.1388E+03
      1.583  0.2872E+02  0.1393E+03
      1.602  0.3872E+02  0.1399E+03
      1.620  0.5140E+02  0.1407E+03
      1.638  0.5893E+02  0.1417E+03
      1.656  0.6097E+02  0.1428E+03
      1.675  0.6081E+02  0.1439E+03
      1.693  0.5445E+02  0.1450E+03
      1.711  0.3709E+02  0.1458E+03
      1.729  0.3170E+02  0.1464E+03
      1.747  0.4066E+02  0.1470E+03
      1.766  0.5367E+02  0.1479E+03
      1.784  0.3556E+02  0.1488E+03
      1.802  0.3330E+02  0.1494E+03
      1.820  0.2935E+02  0.1500E+03
      1.838  0.3039E+02  0.1505E+03
      1.857  0.4990E+02  0.1512E+03
      1.875  0.4914E+02  0.1522E+03
      1.893  0.3632E+02  0.1529E+03
      1.911  0.3716E+02  0.1536E+03
      1.930  0.3725E+02  0.1543E+03
      1.948  0.3667E+02  0.1549E+03
      1.966  0.3564E+02  0.1556E+03
      1.984  0.3550E+02  0.1562E+03
      2.002  0.3768E+02  0.1569E+03
      2.021  0.4047E+02  0.1576E+03
      2.039  0.4651E+02  0.1584E+03
      2.057  0.5039E+02  0.1593E+03
      2.075  0.5065E+02  0.1602E+03
      2.094  0.4705E+02  0.1611E+03
      2.112  0.4592E+02  0.1619E+03
      2.130  0.4924E+02  0.1628E+03
      2.148  0.5176E+02  0.1637E+03
      2.166  0.5311E+02  0.1647E+03
      2.185  0.5315E+02  0.1657E+03
      2.203  0.5691E+02  0.1666E+03
      2.221  0.6130E+02  0.1677E+03
      2.239  0.5471E+02  0.1688E+03
      2.258  0.4364E+02  0.1697E+03
      2.276  0.4322E+02  0.1704E+03
      2.294  0.9495E+02  0.1716E+03
      2.312  0.8761E+02  0.1735E+03
      2.330  0.1135E+03  0.1753E+03
      2.349  0.5136E+02  0.1767E+03
      2.367  0.0000E+00  0.1780E+03
      2.385  0.6075E+02  0.1783E+03
      2.403  0.6904E+02  0.1795E+03
      2.422  0.1169E+03  0.1816E+03
      2.440  0.1030E+03  0.1837E+03
      2.458  0.3826E+02  0.1850E+03
      2.476  0.2223E+02  0.1854E+03
      2.494  0.4484E+02  0.1860E+03
      2.513  0.6673E+02  0.1871E+03
      2.531  0.7771E+02  0.1884E+03
      2.549  0.9563E+02  0.1899E+03
      2.567  0.1008E+03  0.1917E+03
      2.586  0.8952E+02  0.1935E+03
      2.604  0.6440E+02  0.1949E+03
      2.622  0.8077E+02  0.1961E+03
      2.640  0.5237E+02  0.1975E+03
      2.658  0.5145E+02  0.1985E+03
      2.677  0.4777E+02  0.1994E+03
      2.695  0.4156E+02  0.2002E+03
      2.713  0.9525E+02  0.2016E+03
      2.731  0.6353E+02  0.2025E+03
      2.749  0.6108E+02  0.2044E+03
      2.768  0.6266E+02  0.2055E+03
      2.786  0.5629E+02  0.2066E+03
      2.804  0.4834E+02  0.2076E+03
      2.822  0.4812E+02  0.2084E+03
      2.841  0.4554E+02  0.2093E+03
      2.859  0.4106E+02  0.2101E+03
      2.877  0.3469E+02  0.2108E+03
      2.895  0.2571E+02  0.2113E+03
      2.913  0.1133E+03  0.2126E+03
      2.932  0.1084E+03  0.2139E+03
      2.950  0.6519E+02  0.2158E+03
      2.968  0.6672E+02  0.2170E+03
      2.986  0.6607E+02  0.2180E+03
      3.005  0.5527E+02  0.2191E+03
      3.023  0.5177E+02  0.2200E+03
      3.041  0.5280E+02  0.2214E+03
      3.059  0.8971E+02  0.2225E+03
      3.077  0.1369E+03  0.2247E+03
      3.096  0.1126E+03  0.2270E+03
      3.114  0.9197E+02  0.2289E+03
      3.132  0.7222E+02  0.2303E+03
      3.150  0.5846E+02  0.2315E+03
      3.169  0.3565E+02  0.2324E+03
      3.187  0.3403E+02  0.2330E+03
      3.205  0.4133E+02  0.2337E+03
      3.223  0.4011E+02  0.2344E+03
      3.241  0.3697E+02  0.2351E+03
      3.260  0.3294E+02  0.2358E+03
      3.278  0.2914E+02  0.2363E+03
      3.296  0.2789E+02  0.2368E+03
      3.314  0.3032E+02  0.2374E+03
      3.333  0.3607E+02  0.2380E+03
      3.351  0.4688E+02  0.2390E+03
      3.369  0.3136E+02  0.2396E+03
      3.387  0.2849E+02  0.2402E+03
      3.405  0.2472E+02  0.2406E+03
      3.424  0.2952E+02  0.2411E+03
      3.442  0.3529E+02  0.2417E+03
      3.460  0.3836E+02  0.2424E+03
      3.478  0.2892E+02  0.2430E+03
      3.497  0.8483E+01  0.2434E+03
      3.515  0.2474E+02  0.2438E+03
      3.533  0.2490E+02  0.2442E+03
      3.551  0.2392E+02  0.2447E+03
      3.569  0.2388E+02  0.2451E+03
      3.588  0.2499E+02  0.2456E+03
      3.606  0.4349E+02  0.2461E+03
      3.624  0.5029E+02  0.2471E+03
      3.642  0.1675E+02  0.2476E+03
      3.660  0.9238E+01  0.2478E+03
      3.679  0.3961E+01  0.2480E+03
      3.697  0.9154E+00  0.2480E+03
      3.715  0.0000E+00  0.2480E+03
      3.733  0.0000E+00  0.2480E+03
      3.752  0.0000E+00  0.2480E+03
      3.770  0.0000E+00  0.2480E+03
      3.788  0.0000E+00  0.2480E+03
      3.806  0.0000E+00  0.2480E+03
      3.824  0.0000E+00  0.2480E+03
      3.843  0.0000E+00  0.2480E+03
      3.861  0.0000E+00  0.2480E+03
      3.879  0.0000E+00  0.2480E+03
      3.897  0.0000E+00  0.2480E+03
      3.916  0.0000E+00  0.2480E+03
      3.934  0.0000E+00  0.2480E+03
      3.952  0.0000E+00  0.2480E+03
      3.970  0.0000E+00  0.2480E+03
      3.988  0.0000E+00  0.2480E+03
      4.007  0.0000E+00  0.2480E+03
      4.025  0.0000E+00  0.2480E+03
      4.043  0.0000E+00  0.2480E+03
      4.061  0.0000E+00  0.2480E+03
      4.080  0.0000E+00  0.2480E+03
      4.098  0.0000E+00  0.2480E+03
      4.116  0.0000E+00  0.2480E+03
      4.134  0.0000E+00  0.2480E+03
      4.152  0.0000E+00  0.2480E+03
      4.171  0.0000E+00  0.2480E+03
      4.189  0.0000E+00  0.2480E+03
      4.207  0.0000E+00  0.2480E+03
      4.225  0.0000E+00  0.2480E+03
      4.244  0.0000E+00  0.2480E+03
      4.262  0.0000E+00  0.2480E+03
      4.280  0.0000E+00  0.2480E+03
      4.298  0.0000E+00  0.2480E+03
      4.316  0.0000E+00  0.2480E+03
      4.335  0.0000E+00  0.2480E+03
      4.353  0.0000E+00  0.2480E+03
      4.371  0.0000E+00  0.2480E+03
      4.389  0.0000E+00  0.2480E+03
      4.408  0.0000E+00  0.2480E+03
      4.426  0.0000E+00  0.2480E+03
      4.444  0.0000E+00  0.2480E+03
      4.462  0.0000E+00  0.2480E+03
      4.480  0.0000E+00  0.2480E+03
      4.499  0.0000E+00  0.2480E+03
      4.517  0.0000E+00  0.2480E+03
      4.535  0.0000E+00  0.2480E+03
      4.553  0.0000E+00  0.2480E+03
      4.571  0.0000E+00  0.2480E+03
      4.590  0.0000E+00  0.2480E+03
      4.608  0.0000E+00  0.2480E+03
      4.626  0.0000E+00  0.2480E+03
      4.644  0.0000E+00  0.2480E+03
      4.663  0.0000E+00  0.2480E+03
      4.681  0.0000E+00  0.2480E+03
      4.699  0.0000E+00  0.2480E+03
      4.717  0.0000E+00  0.2480E+03
      4.735  0.0000E+00  0.2480E+03
      4.754  0.0000E+00  0.2480E+03
      4.772  0.0000E+00  0.2480E+03
      4.790  0.0000E+00  0.2480E+03
      4.808  0.0000E+00  0.2480E+03
      4.827  0.0000E+00  0.2480E+03
      4.845  0.0000E+00  0.2480E+03
      4.863  0.0000E+00  0.2480E+03
      4.881  0.0000E+00  0.2480E+03
      4.899  0.0000E+00  0.2480E+03
      4.918  0.0000E+00  0.2480E+03
      4.936  0.0000E+00  0.2480E+03
      4.954  0.0000E+00  0.2480E+03
      4.972  0.0000E+00  0.2480E+03
      4.991  0.0000E+00  0.2480E+03
      5.009  0.0000E+00  0.2480E+03
      5.027  0.0000E+00  0.2480E+03
      5.045  0.0000E+00  0.2480E+03
      5.063  0.0000E+00  0.2480E+03
      5.082  0.0000E+00  0.2480E+03
      5.100  0.0000E+00  0.2480E+03
      5.118  0.0000E+00  0.2480E+03
      5.136  0.0000E+00  0.2480E+03
      5.155  0.0000E+00  0.2480E+03
      5.173  0.0000E+00  0.2480E+03
      5.191  0.0000E+00  0.2480E+03
      5.209  0.0000E+00  0.2480E+03
      5.227  0.0000E+00  0.2480E+03
      5.246  0.0000E+00  0.2480E+03
      5.264  0.0000E+00  0.2480E+03
      5.282  0.0000E+00  0.2480E+03
      5.300  0.0000E+00  0.2480E+03
      5.319  0.0000E+00  0.2480E+03
      5.337  0.0000E+00  0.2480E+03
      5.355  0.0000E+00  0.2480E+03
      5.373  0.0000E+00  0.2480E+03
      5.391  0.0000E+00  0.2480E+03
      5.410  0.0000E+00  0.2480E+03
      5.428  0.0000E+00  0.2480E+03
      5.446  0.0000E+00  0.2480E+03
      5.464  0.0000E+00  0.2480E+03
      5.482  0.0000E+00  0.2480E+03
      5.501  0.0000E+00  0.2480E+03
      5.519  0.0000E+00  0.2480E+03
      5.537  0.0000E+00  0.2480E+03
      5.555  0.0000E+00  0.2480E+03
      5.574  0.0000E+00  0.2480E+03
      5.592  0.0000E+00  0.2480E+03
      5.610  0.0000E+00  0.2480E+03
      5.628  0.0000E+00  0.2480E+03
      5.646  0.0000E+00  0.2480E+03
      5.665  0.0000E+00  0.2480E+03
      5.683  0.0000E+00  0.2480E+03
      5.701  0.0000E+00  0.2480E+03
      5.719  0.0000E+00  0.2480E+03
      5.738  0.0000E+00  0.2480E+03
      5.756  0.0000E+00  0.2480E+03
      5.774  0.0000E+00  0.2480E+03
      5.792  0.0000E+00  0.2480E+03
      5.810  0.0000E+00  0.2480E+03
      5.829  0.0000E+00  0.2480E+03
      5.847  0.0000E+00  0.2480E+03
      5.865  0.0000E+00  0.2480E+03
      5.883  0.0000E+00  0.2480E+03
      5.902  0.0000E+00  0.2480E+03
      5.920  0.0000E+00  0.2480E+03
      5.938  0.0000E+00  0.2480E+03
      5.956  0.0000E+00  0.2480E+03
      5.974  0.0000E+00  0.2480E+03
      5.993  0.0000E+00  0.2480E+03
      6.011  0.0000E+00  0.2480E+03
      6.029  0.0000E+00  0.2480E+03
      6.047  0.0000E+00  0.2480E+03
      6.066  0.0000E+00  0.2480E+03
      6.084  0.0000E+00  0.2480E+03
      6.102  0.0000E+00  0.2480E+03
      6.120  0.0000E+00  0.2480E+03
      6.138  0.0000E+00  0.2480E+03
      6.157  0.0000E+00  0.2480E+03
      6.175  0.0000E+00  0.2480E+03
      6.193  0.1640E-03  0.2480E+03
      6.211  0.1008E+00  0.2480E+03
      6.230  0.3870E+00  0.2480E+03
      6.248  0.8588E+00  0.2480E+03
      6.266  0.1516E+01  0.2480E+03
      6.284  0.2359E+01  0.2481E+03
      6.302  0.3388E+01  0.2481E+03
      6.321  0.4602E+01  0.2482E+03
      6.339  0.6002E+01  0.2483E+03
      6.357  0.7695E+01  0.2484E+03
      6.375  0.9878E+01  0.2486E+03
      6.393  0.1256E+02  0.2488E+03
      6.412  0.1573E+02  0.2490E+03
      6.430  0.3824E+02  0.2494E+03
      6.448  0.2442E+01  0.2500E+03
      6.466  0.0000E+00  0.2500E+03
      6.485  0.0000E+00  0.2500E+03
      6.503  0.0000E+00  0.2500E+03
      6.521  0.0000E+00  0.2500E+03
      6.539  0.0000E+00  0.2500E+03
      6.557  0.0000E+00  0.2500E+03
      6.576  0.0000E+00  0.2500E+03
      6.594  0.0000E+00  0.2500E+03
      6.612  0.0000E+00  0.2500E+03
      6.630  0.0000E+00  0.2500E+03
      6.649  0.0000E+00  0.2500E+03
      6.667  0.0000E+00  0.2500E+03
      6.685  0.0000E+00  0.2500E+03
      6.703  0.0000E+00  0.2500E+03
      6.721  0.0000E+00  0.2500E+03
      6.740  0.0000E+00  0.2500E+03
      6.758  0.0000E+00  0.2500E+03
      6.776  0.0000E+00  0.2500E+03
      6.794  0.0000E+00  0.2500E+03
      6.813  0.0000E+00  0.2500E+03
      6.831  0.0000E+00  0.2500E+03
      6.849  0.0000E+00  0.2500E+03
      6.867  0.0000E+00  0.2500E+03
      6.885  0.0000E+00  0.2500E+03
      6.904  0.0000E+00  0.2500E+03
      6.922  0.0000E+00  0.2500E+03
      6.940  0.0000E+00  0.2500E+03
      6.958  0.0000E+00  0.2500E+03
      6.977  0.0000E+00  0.2500E+03
      6.995  0.0000E+00  0.2500E+03
      7.013  0.0000E+00  0.2500E+03
      7.031  0.0000E+00  0.2500E+03
      7.049  0.0000E+00  0.2500E+03
      7.068  0.0000E+00  0.2500E+03
      7.086  0.0000E+00  0.2500E+03
      7.104  0.0000E+00  0.2500E+03
      7.122  0.0000E+00  0.2500E+03
      7.141  0.0000E+00  0.2500E+03
      7.159  0.0000E+00  0.2500E+03
      7.177  0.0000E+00  0.2500E+03
      7.195  0.0000E+00  0.2500E+03
      7.213  0.0000E+00  0.2500E+03
      7.232  0.0000E+00  0.2500E+03
      7.250  0.0000E+00  0.2500E+03
      7.268  0.0000E+00  0.2500E+03
      7.286  0.0000E+00  0.2500E+03
      7.305  0.0000E+00  0.2500E+03
      7.323  0.0000E+00  0.2500E+03
      7.341  0.0000E+00  0.2500E+03
      7.359  0.0000E+00  0.2500E+03
      7.377  0.0000E+00  0.2500E+03
      7.396  0.0000E+00  0.2500E+03
      7.414  0.0000E+00  0.2500E+03
      7.432  0.0000E+00  0.2500E+03
      7.450  0.0000E+00  0.2500E+03
      7.468  0.0000E+00  0.2500E+03
      7.487  0.0000E+00  0.2500E+03
      7.505  0.0000E+00  0.2500E+03
      7.523  0.0000E+00  0.2500E+03
      7.541  0.0000E+00  0.2500E+03
      7.560  0.0000E+00  0.2500E+03
      7.578  0.0000E+00  0.2500E+03
      7.596  0.0000E+00  0.2500E+03
      7.614  0.0000E+00  0.2500E+03
      7.632  0.0000E+00  0.2500E+03
      7.651  0.0000E+00  0.2500E+03
      7.669  0.0000E+00  0.2500E+03
      7.687  0.0000E+00  0.2500E+03
      7.705  0.0000E+00  0.2500E+03
      7.724  0.0000E+00  0.2500E+03
      7.742  0.0000E+00  0.2500E+03
      7.760  0.0000E+00  0.2500E+03
      7.778  0.0000E+00  0.2500E+03
      7.796  0.0000E+00  0.2500E+03
      7.815  0.0000E+00  0.2500E+03
      7.833  0.0000E+00  0.2500E+03
      7.851  0.0000E+00  0.2500E+03
      7.869  0.0000E+00  0.2500E+03
      7.888  0.0000E+00  0.2500E+03
      7.906  0.0000E+00  0.2500E+03
      7.924  0.0000E+00  0.2500E+03
      7.942  0.0000E+00  0.2500E+03
      7.960  0.0000E+00  0.2500E+03
      7.979  0.0000E+00  0.2500E+03
      7.997  0.0000E+00  0.2500E+03
      8.015  0.0000E+00  0.2500E+03
      8.033  0.0000E+00  0.2500E+03
      8.052  0.0000E+00  0.2500E+03
      8.070  0.0000E+00  0.2500E+03
      8.088  0.0000E+00  0.2500E+03
      8.106  0.0000E+00  0.2500E+03
      8.124  0.0000E+00  0.2500E+03
      8.143  0.0000E+00  0.2500E+03
      8.161  0.0000E+00  0.2500E+03
      8.179  0.0000E+00  0.2500E+03
      8.197  0.0000E+00  0.2500E+03
      8.216  0.0000E+00  0.2500E+03
      8.234  0.0000E+00  0.2500E+03
      8.252  0.0000E+00  0.2500E+03
      8.270  0.0000E+00  0.2500E+03
      8.288  0.0000E+00  0.2500E+03
      8.307  0.0000E+00  0.2500E+03
      8.325  0.0000E+00  0.2500E+03
      8.343  0.0000E+00  0.2500E+03
      8.361  0.0000E+00  0.2500E+03
      8.379  0.0000E+00  0.2500E+03
      8.398  0.0000E+00  0.2500E+03
      8.416  0.0000E+00  0.2500E+03
      8.434  0.0000E+00  0.2500E+03
      8.452  0.0000E+00  0.2500E+03
      8.471  0.0000E+00  0.2500E+03
      8.489  0.0000E+00  0.2500E+03
      8.507  0.0000E+00  0.2500E+03
      8.525  0.0000E+00  0.2500E+03
      8.543  0.0000E+00  0.2500E+03
      8.562  0.0000E+00  0.2500E+03
      8.580  0.0000E+00  0.2500E+03
      8.598  0.0000E+00  0.2500E+03
      8.616  0.0000E+00  0.2500E+03
      8.635  0.0000E+00  0.2500E+03
      8.653  0.0000E+00  0.2500E+03
      8.671  0.0000E+00  0.2500E+03
      8.689  0.0000E+00  0.2500E+03
      8.707  0.0000E+00  0.2500E+03
      8.726  0.0000E+00  0.2500E+03
      8.744  0.0000E+00  0.2500E+03
      8.762  0.0000E+00  0.2500E+03
      8.780  0.0000E+00  0.2500E+03
      8.799  0.0000E+00  0.2500E+03
      8.817  0.0000E+00  0.2500E+03
      8.835  0.0000E+00  0.2500E+03
      8.853  0.0000E+00  0.2500E+03
      8.871  0.0000E+00  0.2500E+03
      8.890  0.0000E+00  0.2500E+03
      8.908  0.0000E+00  0.2500E+03
      8.926  0.0000E+00  0.2500E+03
      8.944  0.0000E+00  0.2500E+03
      8.963  0.0000E+00  0.2500E+03
      8.981  0.0000E+00  0.2500E+03
      8.999  0.0000E+00  0.2500E+03
      9.017  0.0000E+00  0.2500E+03
      9.035  0.0000E+00  0.2500E+03
      9.054  0.0000E+00  0.2500E+03
      9.072  0.0000E+00  0.2500E+03
      9.090  0.0000E+00  0.2500E+03
      9.108  0.0000E+00  0.2500E+03
      9.127  0.0000E+00  0.2500E+03
      9.145  0.0000E+00  0.2500E+03
      9.163  0.0000E+00  0.2500E+03
      9.181  0.0000E+00  0.2500E+03
      9.199  0.0000E+00  0.2500E+03
      9.218  0.0000E+00  0.2500E+03
      9.236  0.0000E+00  0.2500E+03
      9.254  0.0000E+00  0.2500E+03
      9.272  0.0000E+00  0.2500E+03
      9.290  0.0000E+00  0.2500E+03
      9.309  0.0000E+00  0.2500E+03
      9.327  0.0000E+00  0.2500E+03
      9.345  0.0000E+00  0.2500E+03
      9.363  0.0000E+00  0.2500E+03
      9.382  0.0000E+00  0.2500E+03
      9.400  0.0000E+00  0.2500E+03
      9.418  0.0000E+00  0.2500E+03
      9.436  0.0000E+00  0.2500E+03
      9.454  0.0000E+00  0.2500E+03
      9.473  0.0000E+00  0.2500E+03
      9.491  0.0000E+00  0.2500E+03
      9.509  0.0000E+00  0.2500E+03
      9.527  0.0000E+00  0.2500E+03
      9.546  0.0000E+00  0.2500E+03
      9.564  0.0000E+00  0.2500E+03
      9.582  0.0000E+00  0.2500E+03
      9.600  0.0000E+00  0.2500E+03
      9.618  0.0000E+00  0.2500E+03
      9.637  0.0000E+00  0.2500E+03
      9.655  0.0000E+00  0.2500E+03
      9.673  0.0000E+00  0.2500E+03
      9.691  0.0000E+00  0.2500E+03
      9.710  0.0000E+00  0.2500E+03
      9.728  0.3778E+00  0.2500E+03
      9.746  0.1047E+02  0.2501E+03
      9.764  0.1997E+02  0.2504E+03
      9.782  0.2261E+02  0.2508E+03
      9.801  0.1959E+02  0.2512E+03
      9.819  0.1334E+02  0.2515E+03
      9.837  0.8719E+01  0.2517E+03
      9.855  0.7129E+01  0.2518E+03
      9.874  0.1480E+02  0.2520E+03
      9.892  0.2700E+02  0.2524E+03
      9.910  0.2351E+02  0.2529E+03
      9.928  0.1987E+02  0.2533E+03
      9.946  0.1536E+02  0.2536E+03
      9.965  0.9851E+01  0.2538E+03
      9.983  0.4752E+01  0.2539E+03
     10.001  0.1492E+01  0.2540E+03
     10.019  0.6911E-01  0.2540E+03
     10.038  0.0000E+00  0.2540E+03
     10.056  0.0000E+00  0.2540E+03
     10.074  0.0000E+00  0.2540E+03
     10.092  0.0000E+00  0.2540E+03
     10.110  0.0000E+00  0.2540E+03
     10.129  0.0000E+00  0.2540E+03
     10.147  0.0000E+00  0.2540E+03
     10.165  0.0000E+00  0.2540E+03
     10.183  0.0000E+00  0.2540E+03
     10.201  0.0000E+00  0.2540E+03
     10.220  0.0000E+00  0.2540E+03
     10.238  0.0000E+00  0.2540E+03
     10.256  0.0000E+00  0.2540E+03
     10.274  0.0000E+00  0.2540E+03
     10.293  0.0000E+00  0.2540E+03
     10.311  0.0000E+00  0.2540E+03
     10.329  0.0000E+00  0.2540E+03
     10.347  0.0000E+00  0.2540E+03
     10.365  0.1791E+00  0.2540E+03
     10.384  0.8558E+01  0.2541E+03
     10.402  0.3147E+02  0.2544E+03
     10.420  0.1829E+02  0.2549E+03
     10.438  0.1435E+02  0.2552E+03
     10.457  0.1111E+02  0.2555E+03
     10.475  0.8377E+01  0.2556E+03
     10.493  0.6127E+01  0.2558E+03
     10.511  0.4243E+01  0.2559E+03
     10.529  0.2704E+01  0.2559E+03
     10.548  0.1511E+01  0.2560E+03
     10.566  0.6623E+00  0.2560E+03
     10.584  0.1588E+00  0.2560E+03
     10.602  0.0000E+00  0.2560E+03
     10.621  0.0000E+00  0.2560E+03
     10.639  0.0000E+00  0.2560E+03
     10.657  0.0000E+00  0.2560E+03
     10.675  0.0000E+00  0.2560E+03
     10.693  0.0000E+00  0.2560E+03
     10.712  0.0000E+00  0.2560E+03
     10.730  0.0000E+00  0.2560E+03
     10.748  0.0000E+00  0.2560E+03
     10.766  0.0000E+00  0.2560E+03
     10.785  0.0000E+00  0.2560E+03
     10.803  0.0000E+00  0.2560E+03
     10.821  0.2423E-03  0.2560E+03
     10.839  0.1080E-02  0.2560E+03
     10.857  0.2517E-02  0.2560E+03
     10.876  0.4552E-02  0.2560E+03
     10.894  0.7187E-02  0.2560E+03
     10.912  0.1042E-01  0.2560E+03
     10.930  0.1425E-01  0.2560E+03
     10.949  0.1868E-01  0.2560E+03
     10.967  0.2371E-01  0.2560E+03
     10.985  0.2934E-01  0.2560E+03
     11.003  0.3556E-01  0.2560E+03
     11.021  0.4239E-01  0.2560E+03
     11.040  0.4981E-01  0.2560E+03
     11.058  0.5784E-01  0.2560E+03
     11.076  0.6646E-01  0.2560E+03
     11.094  0.7568E-01  0.2560E+03
     11.112  0.8550E-01  0.2560E+03
     11.131  0.9591E-01  0.2560E+03
     11.149  0.1069E+00  0.2560E+03
     11.167  0.1185E+00  0.2560E+03
     11.185  0.1308E+00  0.2560E+03
     11.204  0.1436E+00  0.2560E+03
     11.222  0.1570E+00  0.2560E+03
     11.240  0.1710E+00  0.2560E+03
     11.258  0.1856E+00  0.2560E+03
     11.276  0.2008E+00  0.2560E+03
     11.295  0.2166E+00  0.2560E+03
     11.313  0.2330E+00  0.2560E+03
     11.331  0.2500E+00  0.2560E+03
     11.349  0.2676E+00  0.2560E+03
     11.368  0.2858E+00  0.2561E+03
     11.386  0.3046E+00  0.2561E+03
     11.404  0.3240E+00  0.2561E+03
     11.422  0.3440E+00  0.2561E+03
     11.440  0.3646E+00  0.2561E+03
     11.459  0.3858E+00  0.2561E+03
     11.477  0.4076E+00  0.2561E+03
     11.495  0.4300E+00  0.2561E+03
     11.513  0.4530E+00  0.2561E+03
     11.532  0.4766E+00  0.2561E+03
     11.550  0.5008E+00  0.2561E+03
     11.568  0.5255E+00  0.2561E+03
     11.586  0.5509E+00  0.2561E+03
     11.604  0.5769E+00  0.2562E+03
     11.623  0.6035E+00  0.2562E+03
     11.641  0.6307E+00  0.2562E+03
     11.659  0.6585E+00  0.2562E+03
     11.677  0.6868E+00  0.2562E+03
     11.696  0.7158E+00  0.2562E+03
     11.714  0.7454E+00  0.2562E+03
     11.732  0.7756E+00  0.2562E+03
     11.750  0.8063E+00  0.2563E+03
     11.768  0.8377E+00  0.2563E+03
     11.787  0.8697E+00  0.2563E+03
     11.805  0.9023E+00  0.2563E+03
     11.823  0.9354E+00  0.2563E+03
     11.841  0.9692E+00  0.2563E+03
     11.860  0.1004E+01  0.2564E+03
     11.878  0.1039E+01  0.2564E+03
     11.896  0.1074E+01  0.2564E+03
     11.914  0.1110E+01  0.2564E+03
     11.932  0.1147E+01  0.2564E+03
     11.951  0.1184E+01  0.2565E+03
     11.969  0.1222E+01  0.2565E+03
     11.987  0.1261E+01  0.2565E+03
     12.005  0.1300E+01  0.2565E+03
     12.023  0.1353E+01  0.2565E+03
     12.042  0.1472E+01  0.2566E+03
     12.060  0.1584E+01  0.2566E+03
     12.078  0.1691E+01  0.2566E+03
     12.096  0.1791E+01  0.2567E+03
     12.115  0.1885E+01  0.2567E+03
     12.133  0.1973E+01  0.2567E+03
     12.151  0.2054E+01  0.2568E+03
     12.169  0.2130E+01  0.2568E+03
     12.187  0.2199E+01  0.2568E+03
     12.206  0.2359E+01  0.2569E+03
     12.224  0.2610E+01  0.2569E+03
     12.242  0.2889E+01  0.2570E+03
     12.260  0.3156E+01  0.2570E+03
     12.279  0.3411E+01  0.2571E+03
     12.297  0.3653E+01  0.2572E+03
     12.315  0.3882E+01  0.2572E+03
     12.333  0.4098E+01  0.2573E+03
     12.351  0.4302E+01  0.2574E+03
     12.370  0.4494E+01  0.2575E+03
     12.388  0.4672E+01  0.2575E+03
     12.406  0.4838E+01  0.2576E+03
     12.424  0.4992E+01  0.2577E+03
     12.443  0.5133E+01  0.2578E+03
     12.461  0.5261E+01  0.2579E+03
     12.479  0.5376E+01  0.2580E+03
     12.497  0.5479E+01  0.2581E+03
     12.515  0.5570E+01  0.2582E+03
     12.534  0.5647E+01  0.2583E+03
     12.552  0.5712E+01  0.2584E+03
     12.570  0.5765E+01  0.2585E+03
     12.588  0.5805E+01  0.2586E+03
     12.607  0.5787E+01  0.2587E+03
     12.625  0.5591E+01  0.2588E+03
     12.643  0.5390E+01  0.2589E+03
     12.661  0.5209E+01  0.2590E+03
     12.679  0.5050E+01  0.2591E+03
     12.698  0.4911E+01  0.2592E+03
     12.716  0.4793E+01  0.2593E+03
     12.734  0.4695E+01  0.2594E+03
     12.752  0.4618E+01  0.2595E+03
     12.771  0.4562E+01  0.2595E+03
     12.789  0.4526E+01  0.2596E+03
     12.807  0.4347E+01  0.2597E+03
     12.825  0.3561E+01  0.2598E+03
     12.843  0.2731E+01  0.2598E+03
     12.862  0.2007E+01  0.2599E+03
     12.880  0.1490E+01  0.2599E+03
     12.898  0.1164E+01  0.2599E+03
     12.916  0.1365E+01  0.2600E+03
     12.934  0.3002E+01  0.2600E+03
     12.953  0.3972E+01  0.2601E+03
     12.971  0.4717E+01  0.2601E+03
     12.989  0.5251E+01  0.2602E+03
     13.007  0.6222E+01  0.2603E+03
     13.026  0.8388E+01  0.2605E+03
     13.044  0.1054E+02  0.2606E+03
     13.062  0.1145E+02  0.2608E+03
     13.080  0.1208E+02  0.2611E+03
     13.098  0.1249E+02  0.2613E+03
     13.117  0.1267E+02  0.2615E+03
     13.135  0.1264E+02  0.2617E+03
     13.153  0.1243E+02  0.2620E+03
     13.171  0.1217E+02  0.2622E+03
     13.190  0.1187E+02  0.2624E+03
     13.208  0.1153E+02  0.2626E+03
     13.226  0.1115E+02  0.2628E+03
     13.244  0.1074E+02  0.2630E+03
     13.262  0.1028E+02  0.2632E+03
     13.281  0.9793E+01  0.2634E+03
     13.299  0.9264E+01  0.2636E+03
     13.317  0.8700E+01  0.2637E+03
     13.335  0.8107E+01  0.2639E+03
     13.354  0.7483E+01  0.2640E+03
     13.372  0.6829E+01  0.2642E+03
     13.390  0.6288E+01  0.2643E+03
     13.408  0.6024E+01  0.2644E+03
     13.426  0.5941E+01  0.2645E+03
     13.445  0.5910E+01  0.2646E+03
     13.463  0.6142E+01  0.2647E+03
     13.481  0.6797E+01  0.2648E+03
     13.499  0.7924E+01  0.2650E+03
     13.518  0.9481E+01  0.2651E+03
     13.536  0.1159E+02  0.2653E+03
     13.554  0.1379E+02  0.2656E+03
     13.572  0.1581E+02  0.2658E+03
     13.590  0.1765E+02  0.2661E+03
     13.609  0.1635E+02  0.2665E+03
     13.627  0.1156E+02  0.2667E+03
     13.645  0.9411E+01  0.2669E+03
     13.663  0.9131E+01  0.2671E+03
     13.682  0.1048E+02  0.2672E+03
     13.700  0.1162E+02  0.2674E+03
     13.718  0.1192E+02  0.2677E+03
     13.736  0.1140E+02  0.2679E+03
     13.754  0.1006E+02  0.2681E+03
     13.773  0.7893E+01  0.2682E+03
     13.791  0.5894E+01  0.2684E+03
     13.809  0.4761E+01  0.2685E+03
     13.827  0.4038E+01  0.2685E+03
     13.845  0.3656E+01  0.2686E+03
     13.864  0.3635E+01  0.2687E+03
     13.882  0.3894E+01  0.2687E+03
     13.900  0.4182E+01  0.2688E+03
     13.918  0.4426E+01  0.2689E+03
     13.937  0.4614E+01  0.2690E+03
     13.955  0.4746E+01  0.2691E+03
     13.973  0.4822E+01  0.2691E+03
     13.991  0.4842E+01  0.2692E+03
     14.009  0.4805E+01  0.2693E+03
     14.028  0.4713E+01  0.2694E+03
     14.046  0.4564E+01  0.2695E+03
     14.064  0.4359E+01  0.2696E+03
     14.082  0.4098E+01  0.2697E+03
     14.101  0.4007E+01  0.2697E+03
     14.119  0.4861E+01  0.2698E+03
     14.137  0.6726E+01  0.2699E+03
     14.155  0.9600E+01  0.2701E+03
     14.173  0.1157E+02  0.2703E+03
     14.192  0.1237E+02  0.2705E+03
     14.210  0.1273E+02  0.2707E+03
     14.228  0.1301E+02  0.2709E+03
     14.246  0.1493E+02  0.2712E+03
     14.265  0.1934E+02  0.2715E+03
     14.283  0.2577E+02  0.2719E+03
     14.301  0.3193E+02  0.2724E+03
     14.319  0.2971E+02  0.2730E+03
     14.337  0.1921E+02  0.2735E+03
     14.356  0.1336E+02  0.2737E+03
     14.374  0.1028E+02  0.2740E+03
     14.392  0.1233E+02  0.2742E+03
     14.410  0.2131E+02  0.2745E+03
     14.429  0.2415E+02  0.2749E+03
     14.447  0.2281E+02  0.2753E+03
     14.465  0.1754E+02  0.2757E+03
     14.483  0.8091E+01  0.2759E+03
     14.501  0.1986E+01  0.2760E+03
     14.520  0.3651E+01  0.2761E+03
     14.538  0.6776E+01  0.2762E+03
     14.556  0.9715E+01  0.2763E+03
     14.574  0.1240E+02  0.2765E+03
     14.593  0.1515E+02  0.2768E+03
     14.611  0.1810E+02  0.2771E+03
     14.629  0.2087E+02  0.2774E+03
     14.647  0.2099E+02  0.2778E+03
     14.665  0.1913E+02  0.2782E+03
     14.684  0.1582E+02  0.2785E+03
     14.702  0.1453E+02  0.2788E+03
     14.720  0.1606E+02  0.2790E+03
     14.738  0.1682E+02  0.2793E+03
     14.756  0.1666E+02  0.2796E+03
     14.775  0.1615E+02  0.2799E+03
     14.793  0.1541E+02  0.2802E+03
     14.811  0.1455E+02  0.2805E+03
     14.829  0.1430E+02  0.2808E+03
     14.848  0.1503E+02  0.2810E+03
     14.866  0.1726E+02  0.2813E+03
     14.884  0.1985E+02  0.2817E+03
     14.902  0.2166E+02  0.2820E+03
     14.920  0.2270E+02  0.2824E+03
     14.939  0.2255E+02  0.2829E+03
     14.957  0.2125E+02  0.2833E+03
     14.975  0.2013E+02  0.2836E+03
     14.993  0.1884E+02  0.2840E+03
     15.012  0.1786E+02  0.2843E+03
     15.030  0.1810E+02  0.2846E+03
     15.048  0.1918E+02  0.2850E+03
     15.066  0.2033E+02  0.2853E+03
     15.084  0.2151E+02  0.2857E+03
     15.103  0.2175E+02  0.2861E+03
     15.121  0.2283E+02  0.2865E+03
     15.139  0.2446E+02  0.2870E+03
     15.157  0.2694E+02  0.2874E+03
     15.176  0.2564E+02  0.2879E+03
     15.194  0.1966E+02  0.2883E+03
     15.212  0.1979E+02  0.2887E+03
     15.230  0.2035E+02  0.2890E+03
     15.248  0.2132E+02  0.2894E+03
     15.267  0.2275E+02  0.2898E+03
     15.285  0.2189E+02  0.2902E+03
     15.303  0.2116E+02  0.2906E+03
     15.321  0.2064E+02  0.2910E+03
     15.340  0.2013E+02  0.2914E+03
     15.358  0.2046E+02  0.2917E+03
     15.376  0.2147E+02  0.2921E+03
     15.394  0.2272E+02  0.2925E+03
     15.412  0.2265E+02  0.2929E+03
     15.431  0.2114E+02  0.2933E+03
     15.449  0.1881E+02  0.2937E+03
     15.467  0.1745E+02  0.2940E+03
     15.485  0.1728E+02  0.2944E+03
     15.504  0.1594E+02  0.2947E+03
     15.522  0.1378E+02  0.2949E+03
     15.540  0.1184E+02  0.2952E+03
     15.558  0.1094E+02  0.2954E+03
     15.576  0.1124E+02  0.2956E+03
     15.595  0.1078E+02  0.2958E+03
     15.613  0.9059E+01  0.2960E+03
     15.631  0.8994E+01  0.2961E+03
     15.649  0.1041E+02  0.2963E+03
     15.667  0.1231E+02  0.2965E+03
     15.686  0.1447E+02  0.2967E+03
     15.704  0.1692E+02  0.2970E+03
     15.722  0.1873E+02  0.2974E+03
     15.740  0.1324E+02  0.2977E+03
     15.759  0.9943E+01  0.2979E+03
     15.777  0.1092E+02  0.2980E+03
     15.795  0.1481E+02  0.2983E+03
     15.813  0.2572E+02  0.2986E+03
     15.831  0.2873E+02  0.2991E+03
     15.850  0.2154E+02  0.2996E+03
     15.868  0.8478E+01  0.2999E+03
     15.886  0.3525E+01  0.3000E+03
     15.904  0.3979E+01  0.3001E+03
     15.923  0.7483E+01  0.3002E+03
     15.941  0.1076E+02  0.3003E+03
     15.959  0.1324E+02  0.3005E+03
     15.977  0.1497E+02  0.3008E+03
     15.995  0.1647E+02  0.3011E+03
     16.014  0.1776E+02  0.3014E+03
     16.032  0.1805E+02  0.3017E+03
     16.050  0.1161E+02  0.3020E+03
     16.068  0.1037E+02  0.3022E+03
     16.087  0.9883E+01  0.3024E+03
     16.105  0.1060E+02  0.3026E+03
     16.123  0.1346E+02  0.3028E+03
     16.141  0.1742E+02  0.3031E+03
     16.159  0.2062E+02  0.3034E+03
     16.178  0.2296E+02  0.3038E+03
     16.196  0.2437E+02  0.3042E+03
     16.214  0.2148E+02  0.3047E+03
     16.232  0.1925E+02  0.3050E+03
     16.251  0.1860E+02  0.3054E+03
     16.269  0.1846E+02  0.3057E+03
     16.287  0.1802E+02  0.3060E+03
     16.305  0.1660E+02  0.3064E+03
     16.323  0.1400E+02  0.3066E+03
     16.342  0.1219E+02  0.3069E+03
     16.360  0.1314E+02  0.3071E+03
     16.378  0.1413E+02  0.3074E+03
     16.396  0.1485E+02  0.3076E+03
     16.415  0.1508E+02  0.3079E+03
     16.433  0.1468E+02  0.3082E+03
     16.451  0.1377E+02  0.3084E+03
     16.469  0.1311E+02  0.3087E+03
     16.487  0.1305E+02  0.3089E+03
     16.506  0.1311E+02  0.3091E+03
     16.524  0.1323E+02  0.3094E+03
     16.542  0.1341E+02  0.3096E+03
     16.560  0.1358E+02  0.3099E+03
     16.578  0.1354E+02  0.3101E+03
     16.597  0.1331E+02  0.3104E+03
     16.615  0.1290E+02  0.3106E+03
     16.633  0.1265E+02  0.3108E+03
     16.651  0.1445E+02  0.3111E+03
     16.670  0.1617E+02  0.3114E+03
     16.688  0.1538E+02  0.3117E+03
     16.706  0.1219E+02  0.3119E+03
     16.724  0.1114E+02  0.3121E+03
     16.742  0.1210E+02  0.3123E+03
     16.761  0.1492E+02  0.3126E+03
     16.779  0.1880E+02  0.3129E+03
     16.797  0.1834E+02  0.3132E+03
     16.815  0.1520E+02  0.3135E+03
     16.834  0.1113E+02  0.3138E+03
     16.852  0.5822E+01  0.3139E+03
     16.870  0.1296E+01  0.3140E+03
     16.888  0.5831E+00  0.3140E+03
     16.906  0.2963E+01  0.3140E+03
     16.925  0.7176E+01  0.3141E+03
     16.943  0.1478E+02  0.3143E+03
     16.961  0.1820E+02  0.3146E+03
     16.979  0.1855E+02  0.3150E+03
     16.998  0.1886E+02  0.3153E+03
     17.016  0.1864E+02  0.3157E+03
     17.034  0.1015E+02  0.3159E+03
     17.052  0.0000E+00  0.3160E+03
     17.070  0.2169E-01  0.3160E+03
     17.089  0.2006E+01  0.3160E+03
     17.107  0.7401E+01  0.3161E+03
     17.125  0.1862E+02  0.3163E+03
     17.143  0.1506E+02  0.3167E+03
     17.162  0.1546E+02  0.3169E+03
     17.180  0.1524E+02  0.3172E+03
     17.198  0.1427E+02  0.3175E+03
     17.216  0.1251E+02  0.3177E+03
     17.234  0.9867E+01  0.3179E+03
     17.253  0.7301E+01  0.3181E+03
     17.271  0.5875E+01  0.3182E+03
     17.289  0.5412E+01  0.3183E+03
     17.307  0.5910E+01  0.3184E+03
     17.326  0.6845E+01  0.3185E+03
     17.344  0.7831E+01  0.3187E+03
     17.362  0.8763E+01  0.3188E+03
     17.380  0.9512E+01  0.3190E+03
     17.398  0.1005E+02  0.3192E+03
     17.417  0.9999E+01  0.3193E+03
     17.435  0.9286E+01  0.3195E+03
     17.453  0.8464E+01  0.3197E+03
     17.471  0.7588E+01  0.3198E+03
     17.489  0.6658E+01  0.3200E+03
     17.508  0.5674E+01  0.3201E+03
     17.526  0.4713E+01  0.3202E+03
     17.544  0.4046E+01  0.3202E+03
     17.562  0.3695E+01  0.3203E+03
     17.581  0.3661E+01  0.3204E+03
     17.599  0.4177E+01  0.3204E+03
     17.617  0.5375E+01  0.3205E+03
     17.635  0.7124E+01  0.3206E+03
     17.653  0.8777E+01  0.3208E+03
     17.672  0.9371E+01  0.3210E+03
     17.690  0.9260E+01  0.3211E+03
     17.708  0.9515E+01  0.3213E+03
     17.726  0.1020E+02  0.3215E+03
     17.745  0.9376E+01  0.3217E+03
     17.763  0.6821E+01  0.3218E+03
     17.781  0.4446E+01  0.3219E+03
     17.799  0.2268E+01  0.3220E+03
     17.817  0.6421E+00  0.3220E+03
     17.836  0.9246E-02  0.3220E+03
     17.854  0.0000E+00  0.3220E+03
     17.872  0.0000E+00  0.3220E+03
     17.890  0.0000E+00  0.3220E+03
     17.909  0.0000E+00  0.3220E+03
     17.927  0.0000E+00  0.3220E+03
     17.945  0.0000E+00  0.3220E+03
     17.963  0.0000E+00  0.3220E+03
     17.981  0.0000E+00  0.3220E+03
     18.000  0.0000E+00  0.3220E+03
     18.018  0.0000E+00  0.3220E+03
     18.036  0.0000E+00  0.3220E+03
     18.054  0.0000E+00  0.3220E+03
     18.073  0.0000E+00  0.3220E+03
     18.091  0.0000E+00  0.3220E+03
     18.109  0.0000E+00  0.3220E+03
     18.127  0.0000E+00  0.3220E+03
     18.145  0.0000E+00  0.3220E+03
     18.164  0.0000E+00  0.3220E+03
     18.182  0.0000E+00  0.3220E+03
     18.200  0.0000E+00  0.3220E+03
     18.218  0.0000E+00  0.3220E+03
     18.237  0.0000E+00  0.3220E+03
     18.255  0.0000E+00  0.3220E+03
     18.273  0.0000E+00  0.3220E+03
     18.291  0.0000E+00  0.3220E+03
     18.309  0.0000E+00  0.3220E+03
     18.328  0.0000E+00  0.3220E+03
     18.346  0.0000E+00  0.3220E+03
     18.364  0.0000E+00  0.3220E+03
     18.382  0.0000E+00  0.3220E+03
     18.400  0.0000E+00  0.3220E+03
     18.419  0.0000E+00  0.3220E+03
     18.437  0.0000E+00  0.3220E+03
     18.455  0.0000E+00  0.3220E+03
     18.473  0.0000E+00  0.3220E+03
     18.492  0.0000E+00  0.3220E+03
     18.510  0.0000E+00  0.3220E+03
     18.528  0.0000E+00  0.3220E+03
     18.546  0.0000E+00  0.3220E+03
     18.564  0.0000E+00  0.3220E+03
     18.583  0.0000E+00  0.3220E+03
     18.601  0.0000E+00  0.3220E+03
     18.619  0.0000E+00  0.3220E+03
     18.637  0.0000E+00  0.3220E+03
     18.656  0.0000E+00  0.3220E+03
     18.674  0.0000E+00  0.3220E+03
     18.692  0.0000E+00  0.3220E+03
     18.710  0.0000E+00  0.3220E+03
     18.728  0.0000E+00  0.3220E+03
     18.747  0.0000E+00  0.3220E+03
     18.765  0.0000E+00  0.3220E+03
     18.783  0.0000E+00  0.3220E+03
     18.801  0.0000E+00  0.3220E+03
     18.820  0.0000E+00  0.3220E+03
     18.838  0.0000E+00  0.3220E+03
     18.856  0.0000E+00  0.3220E+03
     18.874  0.0000E+00  0.3220E+03
     18.892  0.0000E+00  0.3220E+03
     18.911  0.0000E+00  0.3220E+03
     18.929  0.0000E+00  0.3220E+03
     18.947  0.0000E+00  0.3220E+03
     18.965  0.0000E+00  0.3220E+03
     18.984  0.0000E+00  0.3220E+03
     19.002  0.0000E+00  0.3220E+03
     19.020  0.0000E+00  0.3220E+03
     19.038  0.0000E+00  0.3220E+03
     19.056  0.0000E+00  0.3220E+03
     19.075  0.0000E+00  0.3220E+03
     19.093  0.0000E+00  0.3220E+03
     19.111  0.0000E+00  0.3220E+03
     19.129  0.0000E+00  0.3220E+03
     19.148  0.0000E+00  0.3220E+03
     19.166  0.0000E+00  0.3220E+03
     19.184  0.0000E+00  0.3220E+03
     19.202  0.0000E+00  0.3220E+03
     19.220  0.0000E+00  0.3220E+03
     19.239  0.0000E+00  0.3220E+03
     19.257  0.0000E+00  0.3220E+03
     19.275  0.0000E+00  0.3220E+03
     19.293  0.0000E+00  0.3220E+03
     19.311  0.0000E+00  0.3220E+03
     19.330  0.0000E+00  0.3220E+03
     19.348  0.0000E+00  0.3220E+03
     19.366  0.0000E+00  0.3220E+03
     19.384  0.0000E+00  0.3220E+03
     19.403  0.0000E+00  0.3220E+03
     19.421  0.0000E+00  0.3220E+03
     19.439  0.0000E+00  0.3220E+03
     19.457  0.0000E+00  0.3220E+03
     19.475  0.0000E+00  0.3220E+03
     19.494  0.0000E+00  0.3220E+03

