 Energy DOS Integrated_DOS
    -16.779  0.0000E+00  0.0000E+00
    -16.761  0.0000E+00  0.0000E+00
    -16.743  0.0000E+00  0.0000E+00
    -16.724  0.0000E+00  0.0000E+00
    -16.706  0.0000E+00  0.0000E+00
    -16.688  0.0000E+00  0.0000E+00
    -16.669  0.0000E+00  0.0000E+00
    -16.651  0.0000E+00  0.0000E+00
    -16.633  0.0000E+00  0.0000E+00
    -16.614  0.0000E+00  0.0000E+00
    -16.596  0.0000E+00  0.0000E+00
    -16.578  0.0000E+00  0.0000E+00
    -16.560  0.0000E+00  0.0000E+00
    -16.541  0.0000E+00  0.0000E+00
    -16.523  0.0000E+00  0.0000E+00
    -16.505  0.0000E+00  0.0000E+00
    -16.486  0.0000E+00  0.0000E+00
    -16.468  0.0000E+00  0.0000E+00
    -16.450  0.0000E+00  0.0000E+00
    -16.431  0.0000E+00  0.0000E+00
    -16.413  0.0000E+00  0.0000E+00
    -16.395  0.0000E+00  0.0000E+00
    -16.377  0.0000E+00  0.0000E+00
    -16.358  0.0000E+00  0.0000E+00
    -16.340  0.0000E+00  0.0000E+00
    -16.322  0.0000E+00  0.0000E+00
    -16.303  0.0000E+00  0.0000E+00
    -16.285  0.0000E+00  0.0000E+00
    -16.267  0.0000E+00  0.0000E+00
    -16.249  0.0000E+00  0.0000E+00
    -16.230  0.0000E+00  0.0000E+00
    -16.212  0.0000E+00  0.0000E+00
    -16.194  0.0000E+00  0.0000E+00
    -16.175  0.0000E+00  0.0000E+00
    -16.157  0.0000E+00  0.0000E+00
    -16.139  0.0000E+00  0.0000E+00
    -16.120  0.0000E+00  0.0000E+00
    -16.102  0.0000E+00  0.0000E+00
    -16.084  0.0000E+00  0.0000E+00
    -16.066  0.0000E+00  0.0000E+00
    -16.047  0.0000E+00  0.0000E+00
    -16.029  0.0000E+00  0.0000E+00
    -16.011  0.0000E+00  0.0000E+00
    -15.992  0.0000E+00  0.0000E+00
    -15.974  0.0000E+00  0.0000E+00
    -15.956  0.0000E+00  0.0000E+00
    -15.938  0.0000E+00  0.0000E+00
    -15.919  0.0000E+00  0.0000E+00
    -15.901  0.0000E+00  0.0000E+00
    -15.883  0.0000E+00  0.0000E+00
    -15.864  0.0000E+00  0.0000E+00
    -15.846  0.0000E+00  0.0000E+00
    -15.828  0.0000E+00  0.0000E+00
    -15.809  0.0000E+00  0.0000E+00
    -15.791  0.0000E+00  0.0000E+00
    -15.773  0.0000E+00  0.0000E+00
    -15.755  0.0000E+00  0.0000E+00
    -15.736  0.0000E+00  0.0000E+00
    -15.718  0.0000E+00  0.0000E+00
    -15.700  0.0000E+00  0.0000E+00
    -15.681  0.0000E+00  0.0000E+00
    -15.663  0.0000E+00  0.0000E+00
    -15.645  0.0000E+00  0.0000E+00
    -15.626  0.0000E+00  0.0000E+00
    -15.608  0.0000E+00  0.0000E+00
    -15.590  0.0000E+00  0.0000E+00
    -15.572  0.0000E+00  0.0000E+00
    -15.553  0.0000E+00  0.0000E+00
    -15.535  0.0000E+00  0.0000E+00
    -15.517  0.0000E+00  0.0000E+00
    -15.498  0.0000E+00  0.0000E+00
    -15.480  0.0000E+00  0.0000E+00
    -15.462  0.0000E+00  0.0000E+00
    -15.444  0.0000E+00  0.0000E+00
    -15.425  0.0000E+00  0.0000E+00
    -15.407  0.0000E+00  0.0000E+00
    -15.389  0.0000E+00  0.0000E+00
    -15.370  0.0000E+00  0.0000E+00
    -15.352  0.0000E+00  0.0000E+00
    -15.334  0.0000E+00  0.0000E+00
    -15.315  0.0000E+00  0.0000E+00
    -15.297  0.0000E+00  0.0000E+00
    -15.279  0.0000E+00  0.0000E+00
    -15.261  0.0000E+00  0.0000E+00
    -15.242  0.0000E+00  0.0000E+00
    -15.224  0.0000E+00  0.0000E+00
    -15.206  0.0000E+00  0.0000E+00
    -15.187  0.0000E+00  0.0000E+00
    -15.169  0.0000E+00  0.0000E+00
    -15.151  0.0000E+00  0.0000E+00
    -15.133  0.0000E+00  0.0000E+00
    -15.114  0.1000E-02  0.8320E-06
    -15.096  0.6948E-01  0.4815E-03
    -15.078  0.2456E+00  0.3199E-02
    -15.059  0.5292E+00  0.1012E-01
    -15.041  0.9205E+00  0.2322E-01
    -15.023  0.1419E+01  0.4446E-01
    -15.004  0.2026E+01  0.7582E-01
    -14.986  0.2740E+01  0.1193E+00
    -14.968  0.3562E+01  0.1767E+00
    -14.950  0.4491E+01  0.2502E+00
    -14.931  0.5528E+01  0.3417E+00
    -14.913  0.6774E+01  0.4533E+00
    -14.895  0.1119E+02  0.6091E+00
    -14.876  0.1620E+02  0.8617E+00
    -14.858  0.1989E+02  0.1194E+01
    -14.840  0.2225E+02  0.1581E+01
    -14.821  0.2328E+02  0.2000E+01
    -14.803  0.2299E+02  0.2425E+01
    -14.785  0.2137E+02  0.2833E+01
    -14.767  0.1719E+02  0.3191E+01
    -14.748  0.1251E+02  0.3462E+01
    -14.730  0.8717E+01  0.3654E+01
    -14.712  0.5807E+01  0.3786E+01
    -14.693  0.1232E+02  0.3932E+01
    -14.675  0.1638E+02  0.4205E+01
    -14.657  0.1744E+02  0.4516E+01
    -14.639  0.1771E+02  0.4838E+01
    -14.620  0.1812E+02  0.5162E+01
    -14.602  0.1900E+02  0.5503E+01
    -14.584  0.1858E+02  0.5850E+01
    -14.565  0.1468E+02  0.6161E+01
    -14.547  0.8143E+01  0.6364E+01
    -14.529  0.9226E+01  0.6524E+01
    -14.510  0.1002E+02  0.6700E+01
    -14.492  0.1053E+02  0.6889E+01
    -14.474  0.1076E+02  0.7084E+01
    -14.456  0.1076E+02  0.7281E+01
    -14.437  0.1067E+02  0.7477E+01
    -14.419  0.1052E+02  0.7671E+01
    -14.401  0.1030E+02  0.7862E+01
    -14.382  0.8518E+01  0.8041E+01
    -14.364  0.6827E+01  0.8178E+01
    -14.346  0.7567E+01  0.8305E+01
    -14.328  0.1005E+02  0.8466E+01
    -14.309  0.1294E+02  0.8675E+01
    -14.291  0.1620E+02  0.8941E+01
    -14.273  0.1985E+02  0.9271E+01
    -14.254  0.3217E+02  0.9732E+01
    -14.236  0.4284E+02  0.1043E+02
    -14.218  0.4879E+02  0.1127E+02
    -14.199  0.2317E+02  0.1201E+02
    -14.181  0.7904E+01  0.1232E+02
    -14.163  0.5389E+01  0.1242E+02
    -14.145  0.6531E+01  0.1252E+02
    -14.126  0.7892E+01  0.1266E+02
    -14.108  0.1302E+02  0.1283E+02
    -14.090  0.2608E+02  0.1318E+02
    -14.071  0.4807E+02  0.1384E+02
    -14.053  0.1156E+03  0.1515E+02
    -14.035  0.1856E+02  0.1650E+02
    -14.016  0.2854E+02  0.1694E+02
    -13.998  0.3476E+02  0.1752E+02
    -13.980  0.3724E+02  0.1818E+02
    -13.962  0.3598E+02  0.1886E+02
    -13.943  0.2730E+02  0.1946E+02
    -13.925  0.6918E+02  0.1993E+02
    -13.907  0.4897E+02  0.2163E+02
    -13.888  0.2652E+02  0.2227E+02
    -13.870  0.2117E+02  0.2270E+02
    -13.852  0.1651E+02  0.2304E+02
    -13.834  0.1255E+02  0.2331E+02
    -13.815  0.9282E+01  0.2351E+02
    -13.797  0.6710E+01  0.2365E+02
    -13.779  0.4831E+01  0.2376E+02
    -13.760  0.1761E+02  0.2389E+02
    -13.742  0.4895E+02  0.2451E+02
    -13.724  0.6063E+02  0.2555E+02
    -13.705  0.5233E+02  0.2657E+02
    -13.687  0.5752E+02  0.2757E+02
    -13.669  0.1139E+03  0.2918E+02
    -13.651  0.7649E+02  0.3059E+02
    -13.632  0.7828E+02  0.3199E+02
    -13.614  0.1059E+03  0.3375E+02
    -13.596  0.1156E+03  0.3583E+02
    -13.577  0.8965E+02  0.3781E+02
    -13.559  0.8213E+02  0.3931E+02
    -13.541  0.6733E+02  0.4065E+02
    -13.522  0.6466E+02  0.4197E+02
    -13.504  0.7777E+02  0.4316E+02
    -13.486  0.8958E+02  0.4525E+02
    -13.468  0.6250E+02  0.4680E+02
    -13.449  0.1261E+03  0.4850E+02
    -13.431  0.1201E+03  0.5090E+02
    -13.413  0.7774E+02  0.5238E+02
    -13.394  0.8620E+02  0.5389E+02
    -13.376  0.7209E+02  0.5528E+02
    -13.358  0.7062E+02  0.5784E+02
    -13.340  0.6038E+02  0.5895E+02
    -13.321  0.7475E+02  0.6021E+02
    -13.303  0.5150E+02  0.6142E+02
    -13.285  0.9601E+01  0.6196E+02
    -13.266  0.0000E+00  0.6200E+02
    -13.248  0.0000E+00  0.6200E+02
    -13.230  0.0000E+00  0.6200E+02
    -13.211  0.0000E+00  0.6200E+02
    -13.193  0.0000E+00  0.6200E+02
    -13.175  0.0000E+00  0.6200E+02
    -13.157  0.0000E+00  0.6200E+02
    -13.138  0.0000E+00  0.6200E+02
    -13.120  0.0000E+00  0.6200E+02
    -13.102  0.0000E+00  0.6200E+02
    -13.083  0.0000E+00  0.6200E+02
    -13.065  0.0000E+00  0.6200E+02
    -13.047  0.0000E+00  0.6200E+02
    -13.029  0.0000E+00  0.6200E+02
    -13.010  0.0000E+00  0.6200E+02
    -12.992  0.0000E+00  0.6200E+02
    -12.974  0.0000E+00  0.6200E+02
    -12.955  0.0000E+00  0.6200E+02
    -12.937  0.0000E+00  0.6200E+02
    -12.919  0.0000E+00  0.6200E+02
    -12.900  0.0000E+00  0.6200E+02
    -12.882  0.0000E+00  0.6200E+02
    -12.864  0.0000E+00  0.6200E+02
    -12.846  0.0000E+00  0.6200E+02
    -12.827  0.0000E+00  0.6200E+02
    -12.809  0.0000E+00  0.6200E+02
    -12.791  0.0000E+00  0.6200E+02
    -12.772  0.0000E+00  0.6200E+02
    -12.754  0.0000E+00  0.6200E+02
    -12.736  0.0000E+00  0.6200E+02
    -12.717  0.0000E+00  0.6200E+02
    -12.699  0.0000E+00  0.6200E+02
    -12.681  0.0000E+00  0.6200E+02
    -12.663  0.0000E+00  0.6200E+02
    -12.644  0.0000E+00  0.6200E+02
    -12.626  0.0000E+00  0.6200E+02
    -12.608  0.0000E+00  0.6200E+02
    -12.589  0.0000E+00  0.6200E+02
    -12.571  0.0000E+00  0.6200E+02
    -12.553  0.0000E+00  0.6200E+02
    -12.535  0.0000E+00  0.6200E+02
    -12.516  0.0000E+00  0.6200E+02
    -12.498  0.0000E+00  0.6200E+02
    -12.480  0.0000E+00  0.6200E+02
    -12.461  0.0000E+00  0.6200E+02
    -12.443  0.0000E+00  0.6200E+02
    -12.425  0.0000E+00  0.6200E+02
    -12.406  0.0000E+00  0.6200E+02
    -12.388  0.0000E+00  0.6200E+02
    -12.370  0.0000E+00  0.6200E+02
    -12.352  0.0000E+00  0.6200E+02
    -12.333  0.0000E+00  0.6200E+02
    -12.315  0.0000E+00  0.6200E+02
    -12.297  0.0000E+00  0.6200E+02
    -12.278  0.0000E+00  0.6200E+02
    -12.260  0.0000E+00  0.6200E+02
    -12.242  0.0000E+00  0.6200E+02
    -12.224  0.0000E+00  0.6200E+02
    -12.205  0.0000E+00  0.6200E+02
    -12.187  0.0000E+00  0.6200E+02
    -12.169  0.0000E+00  0.6200E+02
    -12.150  0.0000E+00  0.6200E+02
    -12.132  0.0000E+00  0.6200E+02
    -12.114  0.0000E+00  0.6200E+02
    -12.095  0.0000E+00  0.6200E+02
    -12.077  0.0000E+00  0.6200E+02
    -12.059  0.0000E+00  0.6200E+02
    -12.041  0.0000E+00  0.6200E+02
    -12.022  0.0000E+00  0.6200E+02
    -12.004  0.0000E+00  0.6200E+02
    -11.986  0.0000E+00  0.6200E+02
    -11.967  0.0000E+00  0.6200E+02
    -11.949  0.0000E+00  0.6200E+02
    -11.931  0.0000E+00  0.6200E+02
    -11.912  0.0000E+00  0.6200E+02
    -11.894  0.0000E+00  0.6200E+02
    -11.876  0.0000E+00  0.6200E+02
    -11.858  0.0000E+00  0.6200E+02
    -11.839  0.0000E+00  0.6200E+02
    -11.821  0.0000E+00  0.6200E+02
    -11.803  0.0000E+00  0.6200E+02
    -11.784  0.0000E+00  0.6200E+02
    -11.766  0.0000E+00  0.6200E+02
    -11.748  0.0000E+00  0.6200E+02
    -11.730  0.0000E+00  0.6200E+02
    -11.711  0.0000E+00  0.6200E+02
    -11.693  0.0000E+00  0.6200E+02
    -11.675  0.0000E+00  0.6200E+02
    -11.656  0.0000E+00  0.6200E+02
    -11.638  0.0000E+00  0.6200E+02
    -11.620  0.0000E+00  0.6200E+02
    -11.601  0.0000E+00  0.6200E+02
    -11.583  0.0000E+00  0.6200E+02
    -11.565  0.0000E+00  0.6200E+02
    -11.547  0.0000E+00  0.6200E+02
    -11.528  0.0000E+00  0.6200E+02
    -11.510  0.0000E+00  0.6200E+02
    -11.492  0.0000E+00  0.6200E+02
    -11.473  0.0000E+00  0.6200E+02
    -11.455  0.0000E+00  0.6200E+02
    -11.437  0.0000E+00  0.6200E+02
    -11.419  0.0000E+00  0.6200E+02
    -11.400  0.0000E+00  0.6200E+02
    -11.382  0.0000E+00  0.6200E+02
    -11.364  0.0000E+00  0.6200E+02
    -11.345  0.0000E+00  0.6200E+02
    -11.327  0.0000E+00  0.6200E+02
    -11.309  0.0000E+00  0.6200E+02
    -11.290  0.0000E+00  0.6200E+02
    -11.272  0.0000E+00  0.6200E+02
    -11.254  0.0000E+00  0.6200E+02
    -11.236  0.0000E+00  0.6200E+02
    -11.217  0.0000E+00  0.6200E+02
    -11.199  0.0000E+00  0.6200E+02
    -11.181  0.0000E+00  0.6200E+02
    -11.162  0.0000E+00  0.6200E+02
    -11.144  0.0000E+00  0.6200E+02
    -11.126  0.0000E+00  0.6200E+02
    -11.107  0.0000E+00  0.6200E+02
    -11.089  0.0000E+00  0.6200E+02
    -11.071  0.0000E+00  0.6200E+02
    -11.053  0.0000E+00  0.6200E+02
    -11.034  0.0000E+00  0.6200E+02
    -11.016  0.0000E+00  0.6200E+02
    -10.998  0.0000E+00  0.6200E+02
    -10.979  0.0000E+00  0.6200E+02
    -10.961  0.0000E+00  0.6200E+02
    -10.943  0.0000E+00  0.6200E+02
    -10.925  0.0000E+00  0.6200E+02
    -10.906  0.0000E+00  0.6200E+02
    -10.888  0.0000E+00  0.6200E+02
    -10.870  0.0000E+00  0.6200E+02
    -10.851  0.0000E+00  0.6200E+02
    -10.833  0.0000E+00  0.6200E+02
    -10.815  0.0000E+00  0.6200E+02
    -10.796  0.0000E+00  0.6200E+02
    -10.778  0.0000E+00  0.6200E+02
    -10.760  0.0000E+00  0.6200E+02
    -10.742  0.0000E+00  0.6200E+02
    -10.723  0.0000E+00  0.6200E+02
    -10.705  0.0000E+00  0.6200E+02
    -10.687  0.0000E+00  0.6200E+02
    -10.668  0.0000E+00  0.6200E+02
    -10.650  0.0000E+00  0.6200E+02
    -10.632  0.0000E+00  0.6200E+02
    -10.614  0.0000E+00  0.6200E+02
    -10.595  0.0000E+00  0.6200E+02
    -10.577  0.0000E+00  0.6200E+02
    -10.559  0.0000E+00  0.6200E+02
    -10.540  0.0000E+00  0.6200E+02
    -10.522  0.0000E+00  0.6200E+02
    -10.504  0.0000E+00  0.6200E+02
    -10.485  0.0000E+00  0.6200E+02
    -10.467  0.0000E+00  0.6200E+02
    -10.449  0.0000E+00  0.6200E+02
    -10.431  0.0000E+00  0.6200E+02
    -10.412  0.0000E+00  0.6200E+02
    -10.394  0.0000E+00  0.6200E+02
    -10.376  0.0000E+00  0.6200E+02
    -10.357  0.0000E+00  0.6200E+02
    -10.339  0.0000E+00  0.6200E+02
    -10.321  0.0000E+00  0.6200E+02
    -10.302  0.0000E+00  0.6200E+02
    -10.284  0.0000E+00  0.6200E+02
    -10.266  0.0000E+00  0.6200E+02
    -10.248  0.0000E+00  0.6200E+02
    -10.229  0.0000E+00  0.6200E+02
    -10.211  0.0000E+00  0.6200E+02
    -10.193  0.0000E+00  0.6200E+02
    -10.174  0.0000E+00  0.6200E+02
    -10.156  0.0000E+00  0.6200E+02
    -10.138  0.0000E+00  0.6200E+02
    -10.120  0.0000E+00  0.6200E+02
    -10.101  0.0000E+00  0.6200E+02
    -10.083  0.0000E+00  0.6200E+02
    -10.065  0.0000E+00  0.6200E+02
    -10.046  0.0000E+00  0.6200E+02
    -10.028  0.0000E+00  0.6200E+02
    -10.010  0.0000E+00  0.6200E+02
     -9.991  0.0000E+00  0.6200E+02
     -9.973  0.0000E+00  0.6200E+02
     -9.955  0.0000E+00  0.6200E+02
     -9.937  0.0000E+00  0.6200E+02
     -9.918  0.0000E+00  0.6200E+02
     -9.900  0.0000E+00  0.6200E+02
     -9.882  0.0000E+00  0.6200E+02
     -9.863  0.0000E+00  0.6200E+02
     -9.845  0.0000E+00  0.6200E+02
     -9.827  0.0000E+00  0.6200E+02
     -9.809  0.0000E+00  0.6200E+02
     -9.790  0.0000E+00  0.6200E+02
     -9.772  0.0000E+00  0.6200E+02
     -9.754  0.0000E+00  0.6200E+02
     -9.735  0.0000E+00  0.6200E+02
     -9.717  0.0000E+00  0.6200E+02
     -9.699  0.0000E+00  0.6200E+02
     -9.680  0.0000E+00  0.6200E+02
     -9.662  0.0000E+00  0.6200E+02
     -9.644  0.0000E+00  0.6200E+02
     -9.626  0.0000E+00  0.6200E+02
     -9.607  0.0000E+00  0.6200E+02
     -9.589  0.0000E+00  0.6200E+02
     -9.571  0.0000E+00  0.6200E+02
     -9.552  0.0000E+00  0.6200E+02
     -9.534  0.0000E+00  0.6200E+02
     -9.516  0.0000E+00  0.6200E+02
     -9.497  0.0000E+00  0.6200E+02
     -9.479  0.0000E+00  0.6200E+02
     -9.461  0.0000E+00  0.6200E+02
     -9.443  0.0000E+00  0.6200E+02
     -9.424  0.0000E+00  0.6200E+02
     -9.406  0.0000E+00  0.6200E+02
     -9.388  0.0000E+00  0.6200E+02
     -9.369  0.0000E+00  0.6200E+02
     -9.351  0.0000E+00  0.6200E+02
     -9.333  0.0000E+00  0.6200E+02
     -9.315  0.0000E+00  0.6200E+02
     -9.296  0.0000E+00  0.6200E+02
     -9.278  0.0000E+00  0.6200E+02
     -9.260  0.0000E+00  0.6200E+02
     -9.241  0.0000E+00  0.6200E+02
     -9.223  0.0000E+00  0.6200E+02
     -9.205  0.0000E+00  0.6200E+02
     -9.186  0.0000E+00  0.6200E+02
     -9.168  0.0000E+00  0.6200E+02
     -9.150  0.0000E+00  0.6200E+02
     -9.132  0.0000E+00  0.6200E+02
     -9.113  0.0000E+00  0.6200E+02
     -9.095  0.0000E+00  0.6200E+02
     -9.077  0.0000E+00  0.6200E+02
     -9.058  0.0000E+00  0.6200E+02
     -9.040  0.0000E+00  0.6200E+02
     -9.022  0.0000E+00  0.6200E+02
     -9.004  0.0000E+00  0.6200E+02
     -8.985  0.0000E+00  0.6200E+02
     -8.967  0.0000E+00  0.6200E+02
     -8.949  0.0000E+00  0.6200E+02
     -8.930  0.0000E+00  0.6200E+02
     -8.912  0.0000E+00  0.6200E+02
     -8.894  0.0000E+00  0.6200E+02
     -8.875  0.0000E+00  0.6200E+02
     -8.857  0.0000E+00  0.6200E+02
     -8.839  0.0000E+00  0.6200E+02
     -8.821  0.0000E+00  0.6200E+02
     -8.802  0.0000E+00  0.6200E+02
     -8.784  0.0000E+00  0.6200E+02
     -8.766  0.0000E+00  0.6200E+02
     -8.747  0.0000E+00  0.6200E+02
     -8.729  0.0000E+00  0.6200E+02
     -8.711  0.0000E+00  0.6200E+02
     -8.692  0.0000E+00  0.6200E+02
     -8.674  0.0000E+00  0.6200E+02
     -8.656  0.0000E+00  0.6200E+02
     -8.638  0.0000E+00  0.6200E+02
     -8.619  0.0000E+00  0.6200E+02
     -8.601  0.0000E+00  0.6200E+02
     -8.583  0.0000E+00  0.6200E+02
     -8.564  0.0000E+00  0.6200E+02
     -8.546  0.0000E+00  0.6200E+02
     -8.528  0.0000E+00  0.6200E+02
     -8.510  0.0000E+00  0.6200E+02
     -8.491  0.0000E+00  0.6200E+02
     -8.473  0.0000E+00  0.6200E+02
     -8.455  0.0000E+00  0.6200E+02
     -8.436  0.0000E+00  0.6200E+02
     -8.418  0.0000E+00  0.6200E+02
     -8.400  0.0000E+00  0.6200E+02
     -8.381  0.0000E+00  0.6200E+02
     -8.363  0.0000E+00  0.6200E+02
     -8.345  0.0000E+00  0.6200E+02
     -8.327  0.0000E+00  0.6200E+02
     -8.308  0.0000E+00  0.6200E+02
     -8.290  0.0000E+00  0.6200E+02
     -8.272  0.0000E+00  0.6200E+02
     -8.253  0.0000E+00  0.6200E+02
     -8.235  0.0000E+00  0.6200E+02
     -8.217  0.0000E+00  0.6200E+02
     -8.198  0.0000E+00  0.6200E+02
     -8.180  0.0000E+00  0.6200E+02
     -8.162  0.0000E+00  0.6200E+02
     -8.144  0.0000E+00  0.6200E+02
     -8.125  0.0000E+00  0.6200E+02
     -8.107  0.0000E+00  0.6200E+02
     -8.089  0.0000E+00  0.6200E+02
     -8.070  0.0000E+00  0.6200E+02
     -8.052  0.0000E+00  0.6200E+02
     -8.034  0.0000E+00  0.6200E+02
     -8.016  0.0000E+00  0.6200E+02
     -7.997  0.0000E+00  0.6200E+02
     -7.979  0.0000E+00  0.6200E+02
     -7.961  0.0000E+00  0.6200E+02
     -7.942  0.0000E+00  0.6200E+02
     -7.924  0.0000E+00  0.6200E+02
     -7.906  0.0000E+00  0.6200E+02
     -7.887  0.0000E+00  0.6200E+02
     -7.869  0.0000E+00  0.6200E+02
     -7.851  0.0000E+00  0.6200E+02
     -7.833  0.0000E+00  0.6200E+02
     -7.814  0.0000E+00  0.6200E+02
     -7.796  0.0000E+00  0.6200E+02
     -7.778  0.0000E+00  0.6200E+02
     -7.759  0.0000E+00  0.6200E+02
     -7.741  0.0000E+00  0.6200E+02
     -7.723  0.0000E+00  0.6200E+02
     -7.705  0.0000E+00  0.6200E+02
     -7.686  0.0000E+00  0.6200E+02
     -7.668  0.0000E+00  0.6200E+02
     -7.650  0.0000E+00  0.6200E+02
     -7.631  0.0000E+00  0.6200E+02
     -7.613  0.0000E+00  0.6200E+02
     -7.595  0.0000E+00  0.6200E+02
     -7.576  0.0000E+00  0.6200E+02
     -7.558  0.0000E+00  0.6200E+02
     -7.540  0.0000E+00  0.6200E+02
     -7.522  0.0000E+00  0.6200E+02
     -7.503  0.0000E+00  0.6200E+02
     -7.485  0.0000E+00  0.6200E+02
     -7.467  0.0000E+00  0.6200E+02
     -7.448  0.0000E+00  0.6200E+02
     -7.430  0.0000E+00  0.6200E+02
     -7.412  0.0000E+00  0.6200E+02
     -7.393  0.0000E+00  0.6200E+02
     -7.375  0.0000E+00  0.6200E+02
     -7.357  0.0000E+00  0.6200E+02
     -7.339  0.0000E+00  0.6200E+02
     -7.320  0.0000E+00  0.6200E+02
     -7.302  0.0000E+00  0.6200E+02
     -7.284  0.0000E+00  0.6200E+02
     -7.265  0.0000E+00  0.6200E+02
     -7.247  0.0000E+00  0.6200E+02
     -7.229  0.0000E+00  0.6200E+02
     -7.211  0.0000E+00  0.6200E+02
     -7.192  0.0000E+00  0.6200E+02
     -7.174  0.0000E+00  0.6200E+02
     -7.156  0.0000E+00  0.6200E+02
     -7.137  0.0000E+00  0.6200E+02
     -7.119  0.0000E+00  0.6200E+02
     -7.101  0.0000E+00  0.6200E+02
     -7.082  0.0000E+00  0.6200E+02
     -7.064  0.0000E+00  0.6200E+02
     -7.046  0.0000E+00  0.6200E+02
     -7.028  0.0000E+00  0.6200E+02
     -7.009  0.0000E+00  0.6200E+02
     -6.991  0.0000E+00  0.6200E+02
     -6.973  0.0000E+00  0.6200E+02
     -6.954  0.0000E+00  0.6200E+02
     -6.936  0.0000E+00  0.6200E+02
     -6.918  0.0000E+00  0.6200E+02
     -6.900  0.0000E+00  0.6200E+02
     -6.881  0.0000E+00  0.6200E+02
     -6.863  0.0000E+00  0.6200E+02
     -6.845  0.0000E+00  0.6200E+02
     -6.826  0.0000E+00  0.6200E+02
     -6.808  0.0000E+00  0.6200E+02
     -6.790  0.0000E+00  0.6200E+02
     -6.771  0.0000E+00  0.6200E+02
     -6.753  0.0000E+00  0.6200E+02
     -6.735  0.0000E+00  0.6200E+02
     -6.717  0.0000E+00  0.6200E+02
     -6.698  0.0000E+00  0.6200E+02
     -6.680  0.0000E+00  0.6200E+02
     -6.662  0.0000E+00  0.6200E+02
     -6.643  0.0000E+00  0.6200E+02
     -6.625  0.0000E+00  0.6200E+02
     -6.607  0.0000E+00  0.6200E+02
     -6.588  0.0000E+00  0.6200E+02
     -6.570  0.0000E+00  0.6200E+02
     -6.552  0.0000E+00  0.6200E+02
     -6.534  0.0000E+00  0.6200E+02
     -6.515  0.0000E+00  0.6200E+02
     -6.497  0.0000E+00  0.6200E+02
     -6.479  0.0000E+00  0.6200E+02
     -6.460  0.0000E+00  0.6200E+02
     -6.442  0.0000E+00  0.6200E+02
     -6.424  0.0000E+00  0.6200E+02
     -6.406  0.0000E+00  0.6200E+02
     -6.387  0.0000E+00  0.6200E+02
     -6.369  0.0000E+00  0.6200E+02
     -6.351  0.0000E+00  0.6200E+02
     -6.332  0.0000E+00  0.6200E+02
     -6.314  0.0000E+00  0.6200E+02
     -6.296  0.0000E+00  0.6200E+02
     -6.277  0.0000E+00  0.6200E+02
     -6.259  0.0000E+00  0.6200E+02
     -6.241  0.0000E+00  0.6200E+02
     -6.223  0.0000E+00  0.6200E+02
     -6.204  0.0000E+00  0.6200E+02
     -6.186  0.0000E+00  0.6200E+02
     -6.168  0.0000E+00  0.6200E+02
     -6.149  0.0000E+00  0.6200E+02
     -6.131  0.0000E+00  0.6200E+02
     -6.113  0.0000E+00  0.6200E+02
     -6.095  0.0000E+00  0.6200E+02
     -6.076  0.0000E+00  0.6200E+02
     -6.058  0.0000E+00  0.6200E+02
     -6.040  0.0000E+00  0.6200E+02
     -6.021  0.0000E+00  0.6200E+02
     -6.003  0.0000E+00  0.6200E+02
     -5.985  0.0000E+00  0.6200E+02
     -5.966  0.0000E+00  0.6200E+02
     -5.948  0.0000E+00  0.6200E+02
     -5.930  0.0000E+00  0.6200E+02
     -5.912  0.0000E+00  0.6200E+02
     -5.893  0.0000E+00  0.6200E+02
     -5.875  0.0000E+00  0.6200E+02
     -5.857  0.0000E+00  0.6200E+02
     -5.838  0.0000E+00  0.6200E+02
     -5.820  0.0000E+00  0.6200E+02
     -5.802  0.0000E+00  0.6200E+02
     -5.783  0.0000E+00  0.6200E+02
     -5.765  0.0000E+00  0.6200E+02
     -5.747  0.0000E+00  0.6200E+02
     -5.729  0.0000E+00  0.6200E+02
     -5.710  0.0000E+00  0.6200E+02
     -5.692  0.0000E+00  0.6200E+02
     -5.674  0.0000E+00  0.6200E+02
     -5.655  0.0000E+00  0.6200E+02
     -5.637  0.0000E+00  0.6200E+02
     -5.619  0.0000E+00  0.6200E+02
     -5.601  0.0000E+00  0.6200E+02
     -5.582  0.0000E+00  0.6200E+02
     -5.564  0.0000E+00  0.6200E+02
     -5.546  0.0000E+00  0.6200E+02
     -5.527  0.0000E+00  0.6200E+02
     -5.509  0.0000E+00  0.6200E+02
     -5.491  0.0000E+00  0.6200E+02
     -5.472  0.0000E+00  0.6200E+02
     -5.454  0.0000E+00  0.6200E+02
     -5.436  0.0000E+00  0.6200E+02
     -5.418  0.0000E+00  0.6200E+02
     -5.399  0.0000E+00  0.6200E+02
     -5.381  0.0000E+00  0.6200E+02
     -5.363  0.0000E+00  0.6200E+02
     -5.344  0.0000E+00  0.6200E+02
     -5.326  0.0000E+00  0.6200E+02
     -5.308  0.0000E+00  0.6200E+02
     -5.290  0.0000E+00  0.6200E+02
     -5.271  0.0000E+00  0.6200E+02
     -5.253  0.0000E+00  0.6200E+02
     -5.235  0.0000E+00  0.6200E+02
     -5.216  0.0000E+00  0.6200E+02
     -5.198  0.0000E+00  0.6200E+02
     -5.180  0.0000E+00  0.6200E+02
     -5.161  0.0000E+00  0.6200E+02
     -5.143  0.0000E+00  0.6200E+02
     -5.125  0.0000E+00  0.6200E+02
     -5.107  0.0000E+00  0.6200E+02
     -5.088  0.0000E+00  0.6200E+02
     -5.070  0.0000E+00  0.6200E+02
     -5.052  0.0000E+00  0.6200E+02
     -5.033  0.0000E+00  0.6200E+02
     -5.015  0.0000E+00  0.6200E+02
     -4.997  0.0000E+00  0.6200E+02
     -4.978  0.0000E+00  0.6200E+02
     -4.960  0.0000E+00  0.6200E+02
     -4.942  0.0000E+00  0.6200E+02
     -4.924  0.0000E+00  0.6200E+02
     -4.905  0.0000E+00  0.6200E+02
     -4.887  0.0000E+00  0.6200E+02
     -4.869  0.0000E+00  0.6200E+02
     -4.850  0.0000E+00  0.6200E+02
     -4.832  0.0000E+00  0.6200E+02
     -4.814  0.0000E+00  0.6200E+02
     -4.796  0.0000E+00  0.6200E+02
     -4.777  0.0000E+00  0.6200E+02
     -4.759  0.0000E+00  0.6200E+02
     -4.741  0.0000E+00  0.6200E+02
     -4.722  0.0000E+00  0.6200E+02
     -4.704  0.0000E+00  0.6200E+02
     -4.686  0.0000E+00  0.6200E+02
     -4.667  0.0000E+00  0.6200E+02
     -4.649  0.0000E+00  0.6200E+02
     -4.631  0.0000E+00  0.6200E+02
     -4.613  0.0000E+00  0.6200E+02
     -4.594  0.0000E+00  0.6200E+02
     -4.576  0.0000E+00  0.6200E+02
     -4.558  0.0000E+00  0.6200E+02
     -4.539  0.0000E+00  0.6200E+02
     -4.521  0.0000E+00  0.6200E+02
     -4.503  0.0000E+00  0.6200E+02
     -4.485  0.0000E+00  0.6200E+02
     -4.466  0.0000E+00  0.6200E+02
     -4.448  0.0000E+00  0.6200E+02
     -4.430  0.0000E+00  0.6200E+02
     -4.411  0.0000E+00  0.6200E+02
     -4.393  0.0000E+00  0.6200E+02
     -4.375  0.0000E+00  0.6200E+02
     -4.356  0.0000E+00  0.6200E+02
     -4.338  0.0000E+00  0.6200E+02
     -4.320  0.0000E+00  0.6200E+02
     -4.302  0.0000E+00  0.6200E+02
     -4.283  0.0000E+00  0.6200E+02
     -4.265  0.0000E+00  0.6200E+02
     -4.247  0.0000E+00  0.6200E+02
     -4.228  0.0000E+00  0.6200E+02
     -4.210  0.0000E+00  0.6200E+02
     -4.192  0.0000E+00  0.6200E+02
     -4.173  0.0000E+00  0.6200E+02
     -4.155  0.0000E+00  0.6200E+02
     -4.137  0.0000E+00  0.6200E+02
     -4.119  0.0000E+00  0.6200E+02
     -4.100  0.0000E+00  0.6200E+02
     -4.082  0.0000E+00  0.6200E+02
     -4.064  0.0000E+00  0.6200E+02
     -4.045  0.0000E+00  0.6200E+02
     -4.027  0.0000E+00  0.6200E+02
     -4.009  0.0000E+00  0.6200E+02
     -3.991  0.0000E+00  0.6200E+02
     -3.972  0.0000E+00  0.6200E+02
     -3.954  0.0000E+00  0.6200E+02
     -3.936  0.0000E+00  0.6200E+02
     -3.917  0.0000E+00  0.6200E+02
     -3.899  0.0000E+00  0.6200E+02
     -3.881  0.0000E+00  0.6200E+02
     -3.862  0.0000E+00  0.6200E+02
     -3.844  0.0000E+00  0.6200E+02
     -3.826  0.0000E+00  0.6200E+02
     -3.808  0.0000E+00  0.6200E+02
     -3.789  0.0000E+00  0.6200E+02
     -3.771  0.0000E+00  0.6200E+02
     -3.753  0.0000E+00  0.6200E+02
     -3.734  0.0000E+00  0.6200E+02
     -3.716  0.0000E+00  0.6200E+02
     -3.698  0.0000E+00  0.6200E+02
     -3.680  0.0000E+00  0.6200E+02
     -3.661  0.0000E+00  0.6200E+02
     -3.643  0.0000E+00  0.6200E+02
     -3.625  0.0000E+00  0.6200E+02
     -3.606  0.0000E+00  0.6200E+02
     -3.588  0.0000E+00  0.6200E+02
     -3.570  0.0000E+00  0.6200E+02
     -3.551  0.0000E+00  0.6200E+02
     -3.533  0.0000E+00  0.6200E+02
     -3.515  0.0000E+00  0.6200E+02
     -3.497  0.0000E+00  0.6200E+02
     -3.478  0.0000E+00  0.6200E+02
     -3.460  0.0000E+00  0.6200E+02
     -3.442  0.0000E+00  0.6200E+02
     -3.423  0.0000E+00  0.6200E+02
     -3.405  0.0000E+00  0.6200E+02
     -3.387  0.0000E+00  0.6200E+02
     -3.368  0.0000E+00  0.6200E+02
     -3.350  0.0000E+00  0.6200E+02
     -3.332  0.0000E+00  0.6200E+02
     -3.314  0.0000E+00  0.6200E+02
     -3.295  0.0000E+00  0.6200E+02
     -3.277  0.0000E+00  0.6200E+02
     -3.259  0.0000E+00  0.6200E+02
     -3.240  0.0000E+00  0.6200E+02
     -3.222  0.0000E+00  0.6200E+02
     -3.204  0.0000E+00  0.6200E+02
     -3.186  0.0000E+00  0.6200E+02
     -3.167  0.0000E+00  0.6200E+02
     -3.149  0.0000E+00  0.6200E+02
     -3.131  0.0000E+00  0.6200E+02
     -3.112  0.0000E+00  0.6200E+02
     -3.094  0.0000E+00  0.6200E+02
     -3.076  0.0000E+00  0.6200E+02
     -3.057  0.0000E+00  0.6200E+02
     -3.039  0.0000E+00  0.6200E+02
     -3.021  0.0000E+00  0.6200E+02
     -3.003  0.0000E+00  0.6200E+02
     -2.984  0.0000E+00  0.6200E+02
     -2.966  0.0000E+00  0.6200E+02
     -2.948  0.0000E+00  0.6200E+02
     -2.929  0.0000E+00  0.6200E+02
     -2.911  0.0000E+00  0.6200E+02
     -2.893  0.0000E+00  0.6200E+02
     -2.874  0.0000E+00  0.6200E+02
     -2.856  0.0000E+00  0.6200E+02
     -2.838  0.0000E+00  0.6200E+02
     -2.820  0.0000E+00  0.6200E+02
     -2.801  0.0000E+00  0.6200E+02
     -2.783  0.0000E+00  0.6200E+02
     -2.765  0.0000E+00  0.6200E+02
     -2.746  0.0000E+00  0.6200E+02
     -2.728  0.0000E+00  0.6200E+02
     -2.710  0.0000E+00  0.6200E+02
     -2.692  0.0000E+00  0.6200E+02
     -2.673  0.0000E+00  0.6200E+02
     -2.655  0.0000E+00  0.6200E+02
     -2.637  0.0000E+00  0.6200E+02
     -2.618  0.0000E+00  0.6200E+02
     -2.600  0.0000E+00  0.6200E+02
     -2.582  0.0000E+00  0.6200E+02
     -2.563  0.0000E+00  0.6200E+02
     -2.545  0.0000E+00  0.6200E+02
     -2.527  0.0000E+00  0.6200E+02
     -2.509  0.0000E+00  0.6200E+02
     -2.490  0.0000E+00  0.6200E+02
     -2.472  0.0000E+00  0.6200E+02
     -2.454  0.0000E+00  0.6200E+02
     -2.435  0.0000E+00  0.6200E+02
     -2.417  0.0000E+00  0.6200E+02
     -2.399  0.0000E+00  0.6200E+02
     -2.381  0.0000E+00  0.6200E+02
     -2.362  0.0000E+00  0.6200E+02
     -2.344  0.0000E+00  0.6200E+02
     -2.326  0.0000E+00  0.6200E+02
     -2.307  0.0000E+00  0.6200E+02
     -2.289  0.0000E+00  0.6200E+02
     -2.271  0.0000E+00  0.6200E+02
     -2.252  0.0000E+00  0.6200E+02
     -2.234  0.0000E+00  0.6200E+02
     -2.216  0.0000E+00  0.6200E+02
     -2.198  0.0000E+00  0.6200E+02
     -2.179  0.0000E+00  0.6200E+02
     -2.161  0.0000E+00  0.6200E+02
     -2.143  0.0000E+00  0.6200E+02
     -2.124  0.0000E+00  0.6200E+02
     -2.106  0.0000E+00  0.6200E+02
     -2.088  0.0000E+00  0.6200E+02
     -2.069  0.0000E+00  0.6200E+02
     -2.051  0.0000E+00  0.6200E+02
     -2.033  0.0000E+00  0.6200E+02
     -2.015  0.0000E+00  0.6200E+02
     -1.996  0.0000E+00  0.6200E+02
     -1.978  0.0000E+00  0.6200E+02
     -1.960  0.0000E+00  0.6200E+02
     -1.941  0.0000E+00  0.6200E+02
     -1.923  0.0000E+00  0.6200E+02
     -1.905  0.0000E+00  0.6200E+02
     -1.887  0.0000E+00  0.6200E+02
     -1.868  0.0000E+00  0.6200E+02
     -1.850  0.0000E+00  0.6200E+02
     -1.832  0.0000E+00  0.6200E+02
     -1.813  0.0000E+00  0.6200E+02
     -1.795  0.0000E+00  0.6200E+02
     -1.777  0.0000E+00  0.6200E+02
     -1.758  0.0000E+00  0.6200E+02
     -1.740  0.0000E+00  0.6200E+02
     -1.722  0.0000E+00  0.6200E+02
     -1.704  0.0000E+00  0.6200E+02
     -1.685  0.0000E+00  0.6200E+02
     -1.667  0.0000E+00  0.6200E+02
     -1.649  0.0000E+00  0.6200E+02
     -1.630  0.0000E+00  0.6200E+02
     -1.612  0.0000E+00  0.6200E+02
     -1.594  0.0000E+00  0.6200E+02
     -1.576  0.0000E+00  0.6200E+02
     -1.557  0.0000E+00  0.6200E+02
     -1.539  0.0000E+00  0.6200E+02
     -1.521  0.0000E+00  0.6200E+02
     -1.502  0.0000E+00  0.6200E+02
     -1.484  0.0000E+00  0.6200E+02
     -1.466  0.0000E+00  0.6200E+02
     -1.447  0.0000E+00  0.6200E+02
     -1.429  0.0000E+00  0.6200E+02
     -1.411  0.0000E+00  0.6200E+02
     -1.393  0.0000E+00  0.6200E+02
     -1.374  0.0000E+00  0.6200E+02
     -1.356  0.0000E+00  0.6200E+02
     -1.338  0.0000E+00  0.6200E+02
     -1.319  0.0000E+00  0.6200E+02
     -1.301  0.0000E+00  0.6200E+02
     -1.283  0.0000E+00  0.6200E+02
     -1.264  0.0000E+00  0.6200E+02
     -1.246  0.0000E+00  0.6200E+02
     -1.228  0.0000E+00  0.6200E+02
     -1.210  0.9535E-02  0.6200E+02
     -1.191  0.6308E-01  0.6200E+02
     -1.173  0.1638E+00  0.6200E+02
     -1.155  0.3153E+00  0.6201E+02
     -1.136  0.5305E+00  0.6201E+02
     -1.118  0.8104E+00  0.6203E+02
     -1.100  0.1155E+01  0.6204E+02
     -1.082  0.1574E+01  0.6207E+02
     -1.063  0.2080E+01  0.6210E+02
     -1.045  0.2675E+01  0.6215E+02
     -1.027  0.3358E+01  0.6220E+02
     -1.008  0.4130E+01  0.6227E+02
     -0.990  0.4990E+01  0.6235E+02
     -0.972  0.5937E+01  0.6245E+02
     -0.953  0.6974E+01  0.6257E+02
     -0.935  0.8098E+01  0.6271E+02
     -0.917  0.9310E+01  0.6287E+02
     -0.899  0.1085E+02  0.6305E+02
     -0.880  0.1243E+02  0.6326E+02
     -0.862  0.1394E+02  0.6351E+02
     -0.844  0.1536E+02  0.6377E+02
     -0.825  0.1671E+02  0.6407E+02
     -0.807  0.1797E+02  0.6438E+02
     -0.789  0.2036E+02  0.6473E+02
     -0.771  0.2243E+02  0.6513E+02
     -0.752  0.2406E+02  0.6555E+02
     -0.734  0.2654E+02  0.6601E+02
     -0.716  0.3113E+02  0.6653E+02
     -0.697  0.4041E+02  0.6718E+02
     -0.679  0.4767E+02  0.6799E+02
     -0.661  0.5221E+02  0.6891E+02
     -0.642  0.5760E+02  0.6991E+02
     -0.624  0.6058E+02  0.7100E+02
     -0.606  0.5797E+02  0.7210E+02
     -0.588  0.5368E+02  0.7311E+02
     -0.569  0.5365E+02  0.7409E+02
     -0.551  0.4353E+02  0.7492E+02
     -0.533  0.4008E+02  0.7569E+02
     -0.514  0.2180E+02  0.7624E+02
     -0.496  0.2043E+02  0.7663E+02
     -0.478  0.1857E+02  0.7699E+02
     -0.459  0.1616E+02  0.7731E+02
     -0.441  0.2219E+02  0.7762E+02
     -0.423  0.2947E+02  0.7811E+02
     -0.405  0.2883E+02  0.7865E+02
     -0.386  0.2028E+02  0.7911E+02
     -0.368  0.1194E+02  0.7939E+02
     -0.350  0.1537E+02  0.7960E+02
     -0.331  0.2708E+02  0.7999E+02
     -0.313  0.3861E+02  0.8058E+02
     -0.295  0.4803E+02  0.8139E+02
     -0.277  0.4703E+02  0.8228E+02
     -0.258  0.4166E+02  0.8307E+02
     -0.240  0.4020E+02  0.8383E+02
     -0.222  0.4807E+02  0.8460E+02
     -0.203  0.9241E+02  0.8620E+02
     -0.185  0.5159E+02  0.8758E+02
     -0.167  0.1154E+03  0.8903E+02
     -0.148  0.5722E+02  0.9009E+02
     -0.130  0.5852E+02  0.9115E+02
     -0.112  0.5452E+02  0.9220E+02
     -0.094  0.4856E+02  0.9312E+02
     -0.075  0.4773E+02  0.9400E+02
     -0.057  0.4713E+02  0.9487E+02
     -0.039  0.4681E+02  0.9573E+02
     -0.020  0.4668E+02  0.9658E+02
     -0.002  0.4636E+02  0.9744E+02
      0.016  0.4894E+02  0.9829E+02
      0.034  0.5420E+02  0.9924E+02
      0.053  0.5789E+02  0.1003E+03
      0.071  0.5607E+02  0.1013E+03
      0.089  0.5410E+02  0.1023E+03
      0.108  0.5311E+02  0.1033E+03
      0.126  0.4676E+02  0.1042E+03
      0.144  0.4387E+02  0.1050E+03
      0.163  0.3065E+02  0.1057E+03
      0.181  0.2889E+02  0.1062E+03
      0.199  0.2700E+02  0.1067E+03
      0.217  0.2531E+02  0.1072E+03
      0.236  0.2376E+02  0.1077E+03
      0.254  0.2254E+02  0.1081E+03
      0.272  0.2202E+02  0.1085E+03
      0.291  0.2153E+02  0.1089E+03
      0.309  0.2185E+02  0.1093E+03
      0.327  0.2226E+02  0.1097E+03
      0.346  0.2263E+02  0.1101E+03
      0.364  0.2295E+02  0.1105E+03
      0.382  0.2322E+02  0.1109E+03
      0.400  0.2343E+02  0.1114E+03
      0.419  0.2356E+02  0.1118E+03
      0.437  0.2325E+02  0.1122E+03
      0.455  0.2269E+02  0.1126E+03
      0.474  0.2203E+02  0.1130E+03
      0.492  0.2080E+02  0.1134E+03
      0.510  0.1920E+02  0.1138E+03
      0.528  0.1773E+02  0.1141E+03
      0.547  0.1523E+02  0.1144E+03
      0.565  0.1296E+02  0.1147E+03
      0.583  0.6874E+02  0.1151E+03
      0.602  0.2468E+02  0.1159E+03
      0.620  0.2008E+02  0.1163E+03
      0.638  0.1621E+02  0.1166E+03
      0.657  0.1863E+02  0.1169E+03
      0.675  0.2044E+02  0.1173E+03
      0.693  0.2039E+02  0.1177E+03
      0.711  0.1889E+02  0.1180E+03
      0.730  0.1723E+02  0.1184E+03
      0.748  0.1653E+02  0.1187E+03
      0.766  0.2404E+02  0.1190E+03
      0.785  0.3173E+02  0.1195E+03
      0.803  0.3168E+02  0.1201E+03
      0.821  0.3210E+02  0.1207E+03
      0.839  0.3311E+02  0.1213E+03
      0.858  0.3452E+02  0.1219E+03
      0.876  0.3445E+02  0.1226E+03
      0.894  0.3428E+02  0.1232E+03
      0.913  0.3349E+02  0.1238E+03
      0.931  0.3207E+02  0.1244E+03
      0.949  0.2982E+02  0.1250E+03
      0.968  0.2711E+02  0.1255E+03
      0.986  0.2509E+02  0.1260E+03
      1.004  0.2236E+02  0.1264E+03
      1.022  0.1850E+02  0.1268E+03
      1.041  0.1559E+02  0.1271E+03
      1.059  0.1594E+02  0.1274E+03
      1.077  0.1584E+02  0.1276E+03
      1.096  0.1619E+02  0.1279E+03
      1.114  0.1658E+02  0.1282E+03
      1.132  0.1696E+02  0.1285E+03
      1.151  0.1736E+02  0.1289E+03
      1.169  0.1777E+02  0.1292E+03
      1.187  0.1821E+02  0.1295E+03
      1.205  0.1866E+02  0.1299E+03
      1.224  0.1901E+02  0.1302E+03
      1.242  0.1894E+02  0.1305E+03
      1.260  0.1881E+02  0.1309E+03
      1.279  0.1918E+02  0.1312E+03
      1.297  0.1945E+02  0.1316E+03
      1.315  0.1960E+02  0.1319E+03
      1.333  0.1965E+02  0.1323E+03
      1.352  0.1960E+02  0.1327E+03
      1.370  0.1943E+02  0.1330E+03
      1.388  0.1916E+02  0.1334E+03
      1.407  0.1929E+02  0.1337E+03
      1.425  0.1943E+02  0.1341E+03
      1.443  0.1949E+02  0.1344E+03
      1.462  0.1948E+02  0.1348E+03
      1.480  0.1920E+02  0.1351E+03
      1.498  0.1761E+02  0.1355E+03
      1.516  0.1686E+02  0.1358E+03
      1.535  0.1662E+02  0.1361E+03
      1.553  0.1594E+02  0.1364E+03
      1.571  0.1467E+02  0.1367E+03
      1.590  0.1315E+02  0.1369E+03
      1.608  0.1266E+02  0.1372E+03
      1.626  0.1262E+02  0.1374E+03
      1.644  0.1450E+02  0.1376E+03
      1.663  0.2025E+02  0.1380E+03
      1.681  0.2894E+02  0.1384E+03
      1.699  0.4183E+02  0.1390E+03
      1.718  0.6062E+02  0.1400E+03
      1.736  0.1369E+03  0.1416E+03
      1.754  0.1341E+03  0.1432E+03
      1.773  0.2313E+02  0.1451E+03
      1.791  0.3072E+02  0.1456E+03
      1.809  0.4690E+02  0.1462E+03
      1.827  0.5104E+02  0.1472E+03
      1.846  0.2877E+02  0.1479E+03
      1.864  0.3481E+02  0.1485E+03
      1.882  0.4702E+02  0.1492E+03
      1.901  0.4416E+02  0.1501E+03
      1.919  0.3434E+02  0.1508E+03
      1.937  0.4380E+02  0.1515E+03
      1.956  0.5392E+02  0.1524E+03
      1.974  0.5414E+02  0.1534E+03
      1.992  0.4758E+02  0.1543E+03
      2.010  0.5280E+02  0.1552E+03
      2.029  0.5580E+02  0.1562E+03
      2.047  0.5680E+02  0.1573E+03
      2.065  0.5645E+02  0.1583E+03
      2.084  0.5417E+02  0.1593E+03
      2.102  0.5004E+02  0.1603E+03
      2.120  0.4653E+02  0.1612E+03
      2.138  0.4492E+02  0.1620E+03
      2.157  0.4317E+02  0.1628E+03
      2.175  0.4063E+02  0.1636E+03
      2.193  0.3728E+02  0.1643E+03
      2.212  0.3466E+02  0.1649E+03
      2.230  0.3431E+02  0.1656E+03
      2.248  0.3348E+02  0.1662E+03
      2.267  0.3351E+02  0.1668E+03
      2.285  0.3335E+02  0.1674E+03
      2.303  0.3410E+02  0.1680E+03
      2.321  0.3962E+02  0.1687E+03
      2.340  0.4515E+02  0.1695E+03
      2.358  0.5160E+02  0.1703E+03
      2.376  0.6593E+02  0.1714E+03
      2.395  0.7728E+02  0.1727E+03
      2.413  0.7918E+02  0.1742E+03
      2.431  0.7379E+02  0.1756E+03
      2.450  0.5442E+02  0.1768E+03
      2.468  0.5804E+02  0.1778E+03
      2.486  0.7188E+02  0.1790E+03
      2.504  0.4532E+02  0.1802E+03
      2.523  0.4539E+02  0.1809E+03
      2.541  0.1970E+03  0.1829E+03
      2.559  0.8488E+02  0.1844E+03
      2.578  0.3697E+02  0.1854E+03
      2.596  0.9561E+02  0.1867E+03
      2.614  0.7271E+02  0.1884E+03
      2.632  0.8617E+02  0.1898E+03
      2.651  0.8705E+02  0.1915E+03
      2.669  0.6814E+02  0.1929E+03
      2.687  0.7361E+02  0.1942E+03
      2.706  0.8371E+02  0.1956E+03
      2.724  0.8512E+02  0.1972E+03
      2.742  0.7564E+02  0.1987E+03
      2.761  0.7247E+02  0.2001E+03
      2.779  0.7748E+02  0.2014E+03
      2.797  0.8062E+02  0.2029E+03
      2.815  0.7895E+02  0.2043E+03
      2.834  0.7520E+02  0.2057E+03
      2.852  0.6312E+02  0.2070E+03
      2.870  0.5078E+02  0.2081E+03
      2.889  0.3550E+02  0.2089E+03
      2.907  0.3169E+02  0.2094E+03
      2.925  0.4826E+02  0.2102E+03
      2.943  0.5776E+02  0.2112E+03
      2.962  0.6294E+02  0.2123E+03
      2.980  0.6948E+02  0.2135E+03
      2.998  0.7208E+02  0.2148E+03
      3.017  0.7236E+02  0.2161E+03
      3.035  0.6839E+02  0.2174E+03
      3.053  0.6219E+02  0.2186E+03
      3.072  0.6152E+02  0.2197E+03
      3.090  0.5484E+02  0.2208E+03
      3.108  0.4572E+02  0.2217E+03
      3.126  0.5684E+02  0.2225E+03
      3.145  0.1246E+03  0.2241E+03
      3.163  0.1245E+03  0.2264E+03
      3.181  0.1147E+03  0.2286E+03
      3.200  0.9449E+02  0.2305E+03
      3.218  0.4165E+02  0.2317E+03
      3.236  0.5224E+02  0.2325E+03
      3.255  0.7089E+02  0.2336E+03
      3.273  0.5745E+02  0.2348E+03
      3.291  0.5522E+02  0.2358E+03
      3.309  0.6213E+02  0.2369E+03
      3.328  0.4980E+02  0.2379E+03
      3.346  0.3091E+02  0.2387E+03
      3.364  0.2541E+02  0.2392E+03
      3.383  0.2157E+02  0.2396E+03
      3.401  0.1914E+02  0.2400E+03
      3.419  0.1762E+02  0.2403E+03
      3.437  0.1639E+02  0.2406E+03
      3.456  0.1545E+02  0.2409E+03
      3.474  0.1623E+02  0.2412E+03
      3.492  0.2209E+02  0.2415E+03
      3.511  0.2755E+02  0.2420E+03
      3.529  0.2880E+02  0.2425E+03
      3.547  0.2393E+02  0.2430E+03
      3.566  0.2019E+02  0.2434E+03
      3.584  0.1632E+02  0.2437E+03
      3.602  0.2659E+02  0.2441E+03
      3.620  0.4179E+02  0.2447E+03
      3.639  0.1491E+03  0.2464E+03
      3.657  0.2464E+02  0.2470E+03
      3.675  0.1772E+02  0.2474E+03
      3.694  0.1198E+02  0.2476E+03
      3.712  0.7417E+01  0.2478E+03
      3.730  0.4040E+01  0.2479E+03
      3.748  0.1844E+01  0.2480E+03
      3.767  0.7705E+00  0.2480E+03
      3.785  0.2091E+00  0.2480E+03
      3.803  0.1362E-02  0.2480E+03
      3.822  0.0000E+00  0.2480E+03
      3.840  0.0000E+00  0.2480E+03
      3.858  0.0000E+00  0.2480E+03
      3.877  0.0000E+00  0.2480E+03
      3.895  0.0000E+00  0.2480E+03
      3.913  0.0000E+00  0.2480E+03
      3.931  0.0000E+00  0.2480E+03
      3.950  0.0000E+00  0.2480E+03
      3.968  0.0000E+00  0.2480E+03
      3.986  0.0000E+00  0.2480E+03
      4.005  0.0000E+00  0.2480E+03
      4.023  0.0000E+00  0.2480E+03
      4.041  0.0000E+00  0.2480E+03
      4.060  0.0000E+00  0.2480E+03
      4.078  0.0000E+00  0.2480E+03
      4.096  0.0000E+00  0.2480E+03
      4.114  0.0000E+00  0.2480E+03
      4.133  0.0000E+00  0.2480E+03
      4.151  0.0000E+00  0.2480E+03
      4.169  0.0000E+00  0.2480E+03
      4.188  0.0000E+00  0.2480E+03
      4.206  0.0000E+00  0.2480E+03
      4.224  0.0000E+00  0.2480E+03
      4.242  0.0000E+00  0.2480E+03
      4.261  0.0000E+00  0.2480E+03
      4.279  0.0000E+00  0.2480E+03
      4.297  0.0000E+00  0.2480E+03
      4.316  0.0000E+00  0.2480E+03
      4.334  0.0000E+00  0.2480E+03
      4.352  0.0000E+00  0.2480E+03
      4.371  0.0000E+00  0.2480E+03
      4.389  0.0000E+00  0.2480E+03
      4.407  0.0000E+00  0.2480E+03
      4.425  0.0000E+00  0.2480E+03
      4.444  0.0000E+00  0.2480E+03
      4.462  0.0000E+00  0.2480E+03
      4.480  0.0000E+00  0.2480E+03
      4.499  0.0000E+00  0.2480E+03
      4.517  0.0000E+00  0.2480E+03
      4.535  0.0000E+00  0.2480E+03
      4.553  0.0000E+00  0.2480E+03
      4.572  0.0000E+00  0.2480E+03
      4.590  0.0000E+00  0.2480E+03
      4.608  0.0000E+00  0.2480E+03
      4.627  0.0000E+00  0.2480E+03
      4.645  0.0000E+00  0.2480E+03
      4.663  0.0000E+00  0.2480E+03
      4.682  0.0000E+00  0.2480E+03
      4.700  0.0000E+00  0.2480E+03
      4.718  0.0000E+00  0.2480E+03
      4.736  0.0000E+00  0.2480E+03
      4.755  0.0000E+00  0.2480E+03
      4.773  0.0000E+00  0.2480E+03
      4.791  0.0000E+00  0.2480E+03
      4.810  0.0000E+00  0.2480E+03
      4.828  0.0000E+00  0.2480E+03
      4.846  0.0000E+00  0.2480E+03
      4.865  0.0000E+00  0.2480E+03
      4.883  0.0000E+00  0.2480E+03
      4.901  0.0000E+00  0.2480E+03
      4.919  0.0000E+00  0.2480E+03
      4.938  0.0000E+00  0.2480E+03
      4.956  0.0000E+00  0.2480E+03
      4.974  0.0000E+00  0.2480E+03
      4.993  0.0000E+00  0.2480E+03
      5.011  0.0000E+00  0.2480E+03
      5.029  0.0000E+00  0.2480E+03
      5.047  0.0000E+00  0.2480E+03
      5.066  0.0000E+00  0.2480E+03
      5.084  0.0000E+00  0.2480E+03
      5.102  0.0000E+00  0.2480E+03
      5.121  0.0000E+00  0.2480E+03
      5.139  0.0000E+00  0.2480E+03
      5.157  0.0000E+00  0.2480E+03
      5.176  0.0000E+00  0.2480E+03
      5.194  0.0000E+00  0.2480E+03
      5.212  0.0000E+00  0.2480E+03
      5.230  0.0000E+00  0.2480E+03
      5.249  0.0000E+00  0.2480E+03
      5.267  0.0000E+00  0.2480E+03
      5.285  0.0000E+00  0.2480E+03
      5.304  0.0000E+00  0.2480E+03
      5.322  0.0000E+00  0.2480E+03
      5.340  0.0000E+00  0.2480E+03
      5.358  0.0000E+00  0.2480E+03
      5.377  0.0000E+00  0.2480E+03
      5.395  0.0000E+00  0.2480E+03
      5.413  0.0000E+00  0.2480E+03
      5.432  0.0000E+00  0.2480E+03
      5.450  0.0000E+00  0.2480E+03
      5.468  0.0000E+00  0.2480E+03
      5.487  0.0000E+00  0.2480E+03
      5.505  0.0000E+00  0.2480E+03
      5.523  0.0000E+00  0.2480E+03
      5.541  0.0000E+00  0.2480E+03
      5.560  0.0000E+00  0.2480E+03
      5.578  0.0000E+00  0.2480E+03
      5.596  0.0000E+00  0.2480E+03
      5.615  0.0000E+00  0.2480E+03
      5.633  0.0000E+00  0.2480E+03
      5.651  0.0000E+00  0.2480E+03
      5.670  0.0000E+00  0.2480E+03
      5.688  0.0000E+00  0.2480E+03
      5.706  0.0000E+00  0.2480E+03
      5.724  0.0000E+00  0.2480E+03
      5.743  0.0000E+00  0.2480E+03
      5.761  0.0000E+00  0.2480E+03
      5.779  0.0000E+00  0.2480E+03
      5.798  0.0000E+00  0.2480E+03
      5.816  0.0000E+00  0.2480E+03
      5.834  0.0000E+00  0.2480E+03
      5.852  0.0000E+00  0.2480E+03
      5.871  0.0000E+00  0.2480E+03
      5.889  0.0000E+00  0.2480E+03
      5.907  0.0000E+00  0.2480E+03
      5.926  0.0000E+00  0.2480E+03
      5.944  0.0000E+00  0.2480E+03
      5.962  0.0000E+00  0.2480E+03
      5.981  0.0000E+00  0.2480E+03
      5.999  0.0000E+00  0.2480E+03
      6.017  0.0000E+00  0.2480E+03
      6.035  0.0000E+00  0.2480E+03
      6.054  0.2135E-01  0.2480E+03
      6.072  0.2069E+00  0.2480E+03
      6.090  0.5830E+00  0.2480E+03
      6.109  0.1150E+01  0.2480E+03
      6.127  0.1907E+01  0.2481E+03
      6.145  0.2855E+01  0.2481E+03
      6.163  0.3994E+01  0.2482E+03
      6.182  0.5323E+01  0.2482E+03
      6.200  0.6843E+01  0.2484E+03
      6.218  0.8773E+01  0.2485E+03
      6.237  0.1165E+02  0.2487E+03
      6.255  0.1551E+02  0.2489E+03
      6.273  0.3130E+02  0.2493E+03
      6.292  0.2183E+02  0.2499E+03
      6.310  0.0000E+00  0.2500E+03
      6.328  0.0000E+00  0.2500E+03
      6.346  0.0000E+00  0.2500E+03
      6.365  0.0000E+00  0.2500E+03
      6.383  0.0000E+00  0.2500E+03
      6.401  0.0000E+00  0.2500E+03
      6.420  0.0000E+00  0.2500E+03
      6.438  0.0000E+00  0.2500E+03
      6.456  0.0000E+00  0.2500E+03
      6.475  0.0000E+00  0.2500E+03
      6.493  0.0000E+00  0.2500E+03
      6.511  0.0000E+00  0.2500E+03
      6.529  0.0000E+00  0.2500E+03
      6.548  0.0000E+00  0.2500E+03
      6.566  0.0000E+00  0.2500E+03
      6.584  0.0000E+00  0.2500E+03
      6.603  0.0000E+00  0.2500E+03
      6.621  0.0000E+00  0.2500E+03
      6.639  0.0000E+00  0.2500E+03
      6.657  0.0000E+00  0.2500E+03
      6.676  0.0000E+00  0.2500E+03
      6.694  0.0000E+00  0.2500E+03
      6.712  0.0000E+00  0.2500E+03
      6.731  0.0000E+00  0.2500E+03
      6.749  0.0000E+00  0.2500E+03
      6.767  0.0000E+00  0.2500E+03
      6.786  0.0000E+00  0.2500E+03
      6.804  0.0000E+00  0.2500E+03
      6.822  0.0000E+00  0.2500E+03
      6.840  0.0000E+00  0.2500E+03
      6.859  0.0000E+00  0.2500E+03
      6.877  0.0000E+00  0.2500E+03
      6.895  0.0000E+00  0.2500E+03
      6.914  0.0000E+00  0.2500E+03
      6.932  0.0000E+00  0.2500E+03
      6.950  0.0000E+00  0.2500E+03
      6.968  0.0000E+00  0.2500E+03
      6.987  0.0000E+00  0.2500E+03
      7.005  0.0000E+00  0.2500E+03
      7.023  0.0000E+00  0.2500E+03
      7.042  0.0000E+00  0.2500E+03
      7.060  0.0000E+00  0.2500E+03
      7.078  0.0000E+00  0.2500E+03
      7.097  0.0000E+00  0.2500E+03
      7.115  0.0000E+00  0.2500E+03
      7.133  0.0000E+00  0.2500E+03
      7.151  0.0000E+00  0.2500E+03
      7.170  0.0000E+00  0.2500E+03
      7.188  0.0000E+00  0.2500E+03
      7.206  0.0000E+00  0.2500E+03
      7.225  0.0000E+00  0.2500E+03
      7.243  0.0000E+00  0.2500E+03
      7.261  0.0000E+00  0.2500E+03
      7.280  0.0000E+00  0.2500E+03
      7.298  0.0000E+00  0.2500E+03
      7.316  0.0000E+00  0.2500E+03
      7.334  0.0000E+00  0.2500E+03
      7.353  0.0000E+00  0.2500E+03
      7.371  0.0000E+00  0.2500E+03
      7.389  0.0000E+00  0.2500E+03
      7.408  0.0000E+00  0.2500E+03
      7.426  0.0000E+00  0.2500E+03
      7.444  0.0000E+00  0.2500E+03
      7.462  0.0000E+00  0.2500E+03
      7.481  0.0000E+00  0.2500E+03
      7.499  0.0000E+00  0.2500E+03
      7.517  0.0000E+00  0.2500E+03
      7.536  0.0000E+00  0.2500E+03
      7.554  0.0000E+00  0.2500E+03
      7.572  0.0000E+00  0.2500E+03
      7.591  0.0000E+00  0.2500E+03
      7.609  0.0000E+00  0.2500E+03
      7.627  0.0000E+00  0.2500E+03
      7.645  0.0000E+00  0.2500E+03
      7.664  0.0000E+00  0.2500E+03
      7.682  0.0000E+00  0.2500E+03
      7.700  0.0000E+00  0.2500E+03
      7.719  0.0000E+00  0.2500E+03
      7.737  0.0000E+00  0.2500E+03
      7.755  0.0000E+00  0.2500E+03
      7.774  0.0000E+00  0.2500E+03
      7.792  0.0000E+00  0.2500E+03
      7.810  0.0000E+00  0.2500E+03
      7.828  0.0000E+00  0.2500E+03
      7.847  0.0000E+00  0.2500E+03
      7.865  0.0000E+00  0.2500E+03
      7.883  0.0000E+00  0.2500E+03
      7.902  0.0000E+00  0.2500E+03
      7.920  0.0000E+00  0.2500E+03
      7.938  0.0000E+00  0.2500E+03
      7.956  0.0000E+00  0.2500E+03
      7.975  0.0000E+00  0.2500E+03
      7.993  0.0000E+00  0.2500E+03
      8.011  0.0000E+00  0.2500E+03
      8.030  0.0000E+00  0.2500E+03
      8.048  0.0000E+00  0.2500E+03
      8.066  0.0000E+00  0.2500E+03
      8.085  0.0000E+00  0.2500E+03
      8.103  0.0000E+00  0.2500E+03
      8.121  0.0000E+00  0.2500E+03
      8.139  0.0000E+00  0.2500E+03
      8.158  0.0000E+00  0.2500E+03
      8.176  0.0000E+00  0.2500E+03
      8.194  0.0000E+00  0.2500E+03
      8.213  0.0000E+00  0.2500E+03
      8.231  0.0000E+00  0.2500E+03
      8.249  0.0000E+00  0.2500E+03
      8.267  0.0000E+00  0.2500E+03
      8.286  0.0000E+00  0.2500E+03
      8.304  0.0000E+00  0.2500E+03
      8.322  0.0000E+00  0.2500E+03
      8.341  0.0000E+00  0.2500E+03
      8.359  0.0000E+00  0.2500E+03
      8.377  0.0000E+00  0.2500E+03
      8.396  0.0000E+00  0.2500E+03
      8.414  0.0000E+00  0.2500E+03
      8.432  0.0000E+00  0.2500E+03
      8.450  0.0000E+00  0.2500E+03
      8.469  0.0000E+00  0.2500E+03
      8.487  0.0000E+00  0.2500E+03
      8.505  0.0000E+00  0.2500E+03
      8.524  0.0000E+00  0.2500E+03
      8.542  0.0000E+00  0.2500E+03
      8.560  0.0000E+00  0.2500E+03
      8.579  0.0000E+00  0.2500E+03
      8.597  0.0000E+00  0.2500E+03
      8.615  0.0000E+00  0.2500E+03
      8.633  0.0000E+00  0.2500E+03
      8.652  0.0000E+00  0.2500E+03
      8.670  0.0000E+00  0.2500E+03
      8.688  0.0000E+00  0.2500E+03
      8.707  0.0000E+00  0.2500E+03
      8.725  0.0000E+00  0.2500E+03
      8.743  0.0000E+00  0.2500E+03
      8.761  0.0000E+00  0.2500E+03
      8.780  0.0000E+00  0.2500E+03
      8.798  0.0000E+00  0.2500E+03
      8.816  0.0000E+00  0.2500E+03
      8.835  0.0000E+00  0.2500E+03
      8.853  0.0000E+00  0.2500E+03
      8.871  0.0000E+00  0.2500E+03
      8.890  0.0000E+00  0.2500E+03
      8.908  0.0000E+00  0.2500E+03
      8.926  0.0000E+00  0.2500E+03
      8.944  0.0000E+00  0.2500E+03
      8.963  0.0000E+00  0.2500E+03
      8.981  0.0000E+00  0.2500E+03
      8.999  0.0000E+00  0.2500E+03
      9.018  0.0000E+00  0.2500E+03
      9.036  0.0000E+00  0.2500E+03
      9.054  0.0000E+00  0.2500E+03
      9.072  0.0000E+00  0.2500E+03
      9.091  0.0000E+00  0.2500E+03
      9.109  0.0000E+00  0.2500E+03
      9.127  0.0000E+00  0.2500E+03
      9.146  0.0000E+00  0.2500E+03
      9.164  0.0000E+00  0.2500E+03
      9.182  0.0000E+00  0.2500E+03
      9.201  0.0000E+00  0.2500E+03
      9.219  0.0000E+00  0.2500E+03
      9.237  0.0000E+00  0.2500E+03
      9.255  0.0000E+00  0.2500E+03
      9.274  0.3700E+02  0.2507E+03
      9.292  0.2551E+02  0.2513E+03
      9.310  0.1597E+02  0.2516E+03
      9.329  0.8400E+01  0.2519E+03
      9.347  0.3171E+01  0.2520E+03
      9.365  0.4399E+00  0.2520E+03
      9.384  0.0000E+00  0.2520E+03
      9.402  0.0000E+00  0.2520E+03
      9.420  0.0000E+00  0.2520E+03
      9.438  0.0000E+00  0.2520E+03
      9.457  0.0000E+00  0.2520E+03
      9.475  0.0000E+00  0.2520E+03
      9.493  0.0000E+00  0.2520E+03
      9.512  0.0000E+00  0.2520E+03
      9.530  0.0000E+00  0.2520E+03
      9.548  0.0000E+00  0.2520E+03
      9.566  0.0000E+00  0.2520E+03
      9.585  0.0000E+00  0.2520E+03
      9.603  0.0000E+00  0.2520E+03
      9.621  0.0000E+00  0.2520E+03
      9.640  0.0000E+00  0.2520E+03
      9.658  0.0000E+00  0.2520E+03
      9.676  0.0000E+00  0.2520E+03
      9.695  0.0000E+00  0.2520E+03
      9.713  0.0000E+00  0.2520E+03
      9.731  0.0000E+00  0.2520E+03
      9.749  0.0000E+00  0.2520E+03
      9.768  0.0000E+00  0.2520E+03
      9.786  0.0000E+00  0.2520E+03
      9.804  0.0000E+00  0.2520E+03
      9.823  0.0000E+00  0.2520E+03
      9.841  0.0000E+00  0.2520E+03
      9.859  0.0000E+00  0.2520E+03
      9.877  0.0000E+00  0.2520E+03
      9.896  0.0000E+00  0.2520E+03
      9.914  0.0000E+00  0.2520E+03
      9.932  0.0000E+00  0.2520E+03
      9.951  0.0000E+00  0.2520E+03
      9.969  0.0000E+00  0.2520E+03
      9.987  0.0000E+00  0.2520E+03
     10.006  0.0000E+00  0.2520E+03
     10.024  0.0000E+00  0.2520E+03
     10.042  0.0000E+00  0.2520E+03
     10.060  0.0000E+00  0.2520E+03
     10.079  0.0000E+00  0.2520E+03
     10.097  0.0000E+00  0.2520E+03
     10.115  0.0000E+00  0.2520E+03
     10.134  0.0000E+00  0.2520E+03
     10.152  0.0000E+00  0.2520E+03
     10.170  0.0000E+00  0.2520E+03
     10.189  0.0000E+00  0.2520E+03
     10.207  0.0000E+00  0.2520E+03
     10.225  0.0000E+00  0.2520E+03
     10.243  0.0000E+00  0.2520E+03
     10.262  0.0000E+00  0.2520E+03
     10.280  0.0000E+00  0.2520E+03
     10.298  0.0000E+00  0.2520E+03
     10.317  0.0000E+00  0.2520E+03
     10.335  0.0000E+00  0.2520E+03
     10.353  0.0000E+00  0.2520E+03
     10.371  0.0000E+00  0.2520E+03
     10.390  0.0000E+00  0.2520E+03
     10.408  0.0000E+00  0.2520E+03
     10.426  0.0000E+00  0.2520E+03
     10.445  0.0000E+00  0.2520E+03
     10.463  0.0000E+00  0.2520E+03
     10.481  0.0000E+00  0.2520E+03
     10.500  0.0000E+00  0.2520E+03
     10.518  0.0000E+00  0.2520E+03
     10.536  0.0000E+00  0.2520E+03
     10.554  0.0000E+00  0.2520E+03
     10.573  0.0000E+00  0.2520E+03
     10.591  0.0000E+00  0.2520E+03
     10.609  0.0000E+00  0.2520E+03
     10.628  0.0000E+00  0.2520E+03
     10.646  0.0000E+00  0.2520E+03
     10.664  0.3811E+01  0.2520E+03
     10.682  0.8613E+01  0.2521E+03
     10.701  0.1208E+02  0.2523E+03
     10.719  0.1422E+02  0.2526E+03
     10.737  0.1504E+02  0.2528E+03
     10.756  0.1452E+02  0.2531E+03
     10.774  0.1253E+02  0.2534E+03
     10.792  0.1012E+02  0.2536E+03
     10.811  0.7809E+01  0.2537E+03
     10.829  0.7503E+01  0.2539E+03
     10.847  0.1544E+02  0.2541E+03
     10.865  0.1741E+02  0.2544E+03
     10.884  0.1693E+02  0.2547E+03
     10.902  0.1669E+02  0.2550E+03
     10.920  0.1581E+02  0.2553E+03
     10.939  0.1409E+02  0.2556E+03
     10.957  0.1155E+02  0.2558E+03
     10.975  0.4228E+01  0.2560E+03
     10.994  0.3711E+00  0.2560E+03
     11.012  0.1044E-03  0.2560E+03
     11.030  0.8956E-03  0.2560E+03
     11.048  0.2464E-02  0.2560E+03
     11.067  0.4808E-02  0.2560E+03
     11.085  0.7930E-02  0.2560E+03
     11.103  0.1183E-01  0.2560E+03
     11.122  0.1650E-01  0.2560E+03
     11.140  0.2196E-01  0.2560E+03
     11.158  0.2819E-01  0.2560E+03
     11.176  0.3519E-01  0.2560E+03
     11.195  0.4297E-01  0.2560E+03
     11.213  0.5153E-01  0.2560E+03
     11.231  0.6087E-01  0.2560E+03
     11.250  0.7098E-01  0.2560E+03
     11.268  0.8187E-01  0.2560E+03
     11.286  0.9354E-01  0.2560E+03
     11.305  0.1060E+00  0.2560E+03
     11.323  0.1192E+00  0.2560E+03
     11.341  0.1332E+00  0.2560E+03
     11.359  0.1480E+00  0.2560E+03
     11.378  0.1635E+00  0.2560E+03
     11.396  0.1799E+00  0.2560E+03
     11.414  0.1970E+00  0.2560E+03
     11.433  0.2148E+00  0.2560E+03
     11.451  0.2335E+00  0.2560E+03
     11.469  0.2529E+00  0.2560E+03
     11.487  0.2731E+00  0.2560E+03
     11.506  0.2941E+00  0.2560E+03
     11.524  0.3159E+00  0.2561E+03
     11.542  0.3384E+00  0.2561E+03
     11.561  0.3618E+00  0.2561E+03
     11.579  0.3859E+00  0.2561E+03
     11.597  0.4107E+00  0.2561E+03
     11.616  0.4364E+00  0.2561E+03
     11.634  0.4628E+00  0.2561E+03
     11.652  0.4900E+00  0.2561E+03
     11.670  0.5180E+00  0.2561E+03
     11.689  0.5467E+00  0.2561E+03
     11.707  0.5763E+00  0.2561E+03
     11.725  0.6066E+00  0.2561E+03
     11.744  0.6377E+00  0.2562E+03
     11.762  0.6695E+00  0.2562E+03
     11.780  0.7022E+00  0.2562E+03
     11.799  0.7356E+00  0.2562E+03
     11.817  0.7698E+00  0.2562E+03
     11.835  0.8048E+00  0.2562E+03
     11.853  0.8405E+00  0.2562E+03
     11.872  0.8770E+00  0.2563E+03
     11.890  0.9143E+00  0.2563E+03
     11.908  0.9524E+00  0.2563E+03
     11.927  0.9913E+00  0.2563E+03
     11.945  0.1031E+01  0.2563E+03
     11.963  0.1071E+01  0.2563E+03
     11.981  0.1113E+01  0.2564E+03
     12.000  0.1154E+01  0.2564E+03
     12.018  0.1197E+01  0.2564E+03
     12.036  0.1241E+01  0.2564E+03
     12.055  0.1285E+01  0.2565E+03
     12.073  0.1330E+01  0.2565E+03
     12.091  0.1376E+01  0.2565E+03
     12.110  0.1423E+01  0.2565E+03
     12.128  0.1470E+01  0.2566E+03
     12.146  0.1603E+01  0.2566E+03
     12.164  0.1776E+01  0.2566E+03
     12.183  0.1937E+01  0.2566E+03
     12.201  0.2086E+01  0.2567E+03
     12.219  0.2222E+01  0.2567E+03
     12.238  0.2347E+01  0.2568E+03
     12.256  0.2460E+01  0.2568E+03
     12.274  0.2561E+01  0.2569E+03
     12.292  0.2650E+01  0.2569E+03
     12.311  0.2808E+01  0.2569E+03
     12.329  0.3044E+01  0.2570E+03
     12.347  0.3298E+01  0.2571E+03
     12.366  0.3535E+01  0.2571E+03
     12.384  0.3756E+01  0.2572E+03
     12.402  0.3960E+01  0.2573E+03
     12.421  0.4148E+01  0.2573E+03
     12.439  0.4318E+01  0.2574E+03
     12.457  0.4472E+01  0.2575E+03
     12.475  0.4610E+01  0.2576E+03
     12.494  0.4730E+01  0.2577E+03
     12.512  0.4835E+01  0.2577E+03
     12.530  0.4922E+01  0.2578E+03
     12.549  0.4993E+01  0.2579E+03
     12.567  0.5047E+01  0.2580E+03
     12.585  0.5084E+01  0.2581E+03
     12.604  0.5101E+01  0.2582E+03
     12.622  0.5041E+01  0.2583E+03
     12.640  0.4899E+01  0.2584E+03
     12.658  0.4766E+01  0.2585E+03
     12.677  0.4648E+01  0.2586E+03
     12.695  0.4544E+01  0.2586E+03
     12.713  0.4453E+01  0.2587E+03
     12.732  0.4377E+01  0.2588E+03
     12.750  0.4315E+01  0.2589E+03
     12.768  0.4267E+01  0.2590E+03
     12.786  0.4233E+01  0.2590E+03
     12.805  0.4213E+01  0.2591E+03
     12.823  0.4207E+01  0.2592E+03
     12.841  0.4215E+01  0.2593E+03
     12.860  0.4238E+01  0.2594E+03
     12.878  0.4274E+01  0.2594E+03
     12.896  0.4324E+01  0.2595E+03
     12.915  0.4381E+01  0.2596E+03
     12.933  0.4074E+01  0.2597E+03
     12.951  0.2927E+01  0.2597E+03
     12.969  0.2355E+01  0.2598E+03
     12.988  0.2425E+01  0.2598E+03
     13.006  0.2974E+01  0.2599E+03
     13.024  0.3234E+01  0.2599E+03
     13.043  0.3438E+01  0.2600E+03
     13.061  0.3625E+01  0.2601E+03
     13.079  0.3889E+01  0.2601E+03
     13.098  0.4293E+01  0.2602E+03
     13.116  0.4836E+01  0.2603E+03
     13.134  0.5342E+01  0.2604E+03
     13.152  0.5625E+01  0.2605E+03
     13.171  0.5774E+01  0.2606E+03
     13.189  0.5916E+01  0.2607E+03
     13.207  0.6051E+01  0.2608E+03
     13.226  0.6179E+01  0.2609E+03
     13.244  0.6301E+01  0.2610E+03
     13.262  0.6415E+01  0.2611E+03
     13.280  0.6523E+01  0.2613E+03
     13.299  0.6624E+01  0.2614E+03
     13.317  0.6716E+01  0.2615E+03
     13.335  0.6790E+01  0.2616E+03
     13.354  0.6847E+01  0.2618E+03
     13.372  0.6890E+01  0.2619E+03
     13.390  0.6920E+01  0.2620E+03
     13.409  0.6940E+01  0.2621E+03
     13.427  0.6952E+01  0.2623E+03
     13.445  0.6960E+01  0.2624E+03
     13.463  0.6965E+01  0.2625E+03
     13.482  0.6967E+01  0.2626E+03
     13.500  0.6966E+01  0.2628E+03
     13.518  0.6962E+01  0.2629E+03
     13.537  0.6955E+01  0.2630E+03
     13.555  0.6944E+01  0.2631E+03
     13.573  0.6931E+01  0.2633E+03
     13.591  0.6915E+01  0.2634E+03
     13.610  0.6896E+01  0.2635E+03
     13.628  0.6873E+01  0.2637E+03
     13.646  0.6848E+01  0.2638E+03
     13.665  0.6820E+01  0.2639E+03
     13.683  0.6788E+01  0.2640E+03
     13.701  0.6754E+01  0.2642E+03
     13.720  0.6716E+01  0.2643E+03
     13.738  0.6676E+01  0.2644E+03
     13.756  0.6653E+01  0.2645E+03
     13.774  0.6886E+01  0.2646E+03
     13.793  0.7149E+01  0.2648E+03
     13.811  0.7446E+01  0.2649E+03
     13.829  0.7862E+01  0.2650E+03
     13.848  0.8404E+01  0.2652E+03
     13.866  0.9072E+01  0.2654E+03
     13.884  0.9867E+01  0.2655E+03
     13.903  0.1123E+02  0.2657E+03
     13.921  0.1291E+02  0.2659E+03
     13.939  0.1464E+02  0.2662E+03
     13.957  0.1640E+02  0.2665E+03
     13.976  0.1737E+02  0.2668E+03
     13.994  0.1559E+02  0.2671E+03
     14.012  0.1219E+02  0.2673E+03
     14.031  0.1053E+02  0.2676E+03
     14.049  0.9949E+01  0.2677E+03
     14.067  0.1070E+02  0.2679E+03
     14.085  0.1114E+02  0.2681E+03
     14.104  0.1140E+02  0.2683E+03
     14.122  0.1169E+02  0.2685E+03
     14.140  0.1222E+02  0.2688E+03
     14.159  0.1208E+02  0.2690E+03
     14.177  0.1097E+02  0.2692E+03
     14.195  0.1167E+02  0.2694E+03
     14.214  0.1507E+02  0.2696E+03
     14.232  0.1663E+02  0.2699E+03
     14.250  0.1692E+02  0.2702E+03
     14.268  0.1601E+02  0.2705E+03
     14.287  0.1439E+02  0.2708E+03
     14.305  0.1454E+02  0.2711E+03
     14.323  0.1599E+02  0.2714E+03
     14.342  0.1775E+02  0.2717E+03
     14.360  0.1900E+02  0.2720E+03
     14.378  0.1557E+02  0.2723E+03
     14.396  0.1354E+02  0.2726E+03
     14.415  0.1383E+02  0.2728E+03
     14.433  0.1555E+02  0.2731E+03
     14.451  0.1695E+02  0.2734E+03
     14.470  0.1750E+02  0.2737E+03
     14.488  0.1737E+02  0.2740E+03
     14.506  0.2008E+02  0.2744E+03
     14.525  0.1989E+02  0.2748E+03
     14.543  0.1602E+02  0.2751E+03
     14.561  0.9610E+01  0.2754E+03
     14.579  0.1031E+02  0.2755E+03
     14.598  0.1260E+02  0.2757E+03
     14.616  0.1397E+02  0.2760E+03
     14.634  0.1495E+02  0.2763E+03
     14.653  0.1623E+02  0.2765E+03
     14.671  0.1637E+02  0.2768E+03
     14.689  0.1618E+02  0.2771E+03
     14.708  0.1589E+02  0.2774E+03
     14.726  0.1616E+02  0.2777E+03
     14.744  0.1683E+02  0.2780E+03
     14.762  0.1750E+02  0.2783E+03
     14.781  0.1757E+02  0.2787E+03
     14.799  0.1701E+02  0.2790E+03
     14.817  0.1579E+02  0.2793E+03
     14.836  0.1391E+02  0.2795E+03
     14.854  0.1257E+02  0.2798E+03
     14.872  0.1301E+02  0.2800E+03
     14.890  0.1372E+02  0.2803E+03
     14.909  0.1424E+02  0.2805E+03
     14.927  0.1458E+02  0.2808E+03
     14.945  0.1476E+02  0.2811E+03
     14.964  0.1492E+02  0.2813E+03
     14.982  0.1506E+02  0.2816E+03
     15.000  0.1526E+02  0.2819E+03
     15.019  0.1567E+02  0.2822E+03
     15.037  0.1608E+02  0.2824E+03
     15.055  0.1645E+02  0.2827E+03
     15.073  0.1705E+02  0.2831E+03
     15.092  0.1768E+02  0.2834E+03
     15.110  0.1805E+02  0.2837E+03
     15.128  0.1831E+02  0.2840E+03
     15.147  0.1846E+02  0.2844E+03
     15.165  0.1871E+02  0.2847E+03
     15.183  0.1944E+02  0.2851E+03
     15.201  0.1941E+02  0.2854E+03
     15.220  0.1894E+02  0.2858E+03
     15.238  0.1911E+02  0.2861E+03
     15.256  0.1995E+02  0.2865E+03
     15.275  0.2099E+02  0.2868E+03
     15.293  0.2176E+02  0.2872E+03
     15.311  0.2178E+02  0.2876E+03
     15.330  0.2083E+02  0.2880E+03
     15.348  0.2016E+02  0.2884E+03
     15.366  0.1966E+02  0.2888E+03
     15.384  0.1919E+02  0.2891E+03
     15.403  0.1867E+02  0.2895E+03
     15.421  0.1624E+02  0.2898E+03
     15.439  0.1558E+02  0.2901E+03
     15.458  0.1684E+02  0.2904E+03
     15.476  0.1844E+02  0.2907E+03
     15.494  0.1994E+02  0.2910E+03
     15.513  0.2094E+02  0.2914E+03
     15.531  0.2007E+02  0.2918E+03
     15.549  0.2060E+02  0.2922E+03
     15.567  0.2119E+02  0.2925E+03
     15.586  0.2189E+02  0.2929E+03
     15.604  0.2237E+02  0.2934E+03
     15.622  0.2104E+02  0.2937E+03
     15.641  0.2004E+02  0.2941E+03
     15.659  0.1923E+02  0.2945E+03
     15.677  0.1908E+02  0.2948E+03
     15.695  0.1913E+02  0.2952E+03
     15.714  0.1905E+02  0.2955E+03
     15.732  0.1843E+02  0.2959E+03
     15.750  0.1853E+02  0.2962E+03
     15.769  0.1722E+02  0.2965E+03
     15.787  0.1475E+02  0.2968E+03
     15.805  0.1286E+02  0.2971E+03
     15.824  0.1116E+02  0.2973E+03
     15.842  0.1003E+02  0.2975E+03
     15.860  0.9548E+01  0.2977E+03
     15.878  0.9731E+01  0.2979E+03
     15.897  0.1094E+02  0.2980E+03
     15.915  0.1623E+02  0.2983E+03
     15.933  0.2398E+02  0.2987E+03
     15.952  0.2661E+02  0.2991E+03
     15.970  0.2333E+02  0.2996E+03
     15.988  0.1696E+02  0.3000E+03
     16.006  0.1156E+02  0.3002E+03
     16.025  0.9075E+01  0.3004E+03
     16.043  0.1109E+02  0.3006E+03
     16.061  0.1333E+02  0.3008E+03
     16.080  0.1547E+02  0.3011E+03
     16.098  0.1752E+02  0.3014E+03
     16.116  0.1816E+02  0.3017E+03
     16.135  0.1793E+02  0.3020E+03
     16.153  0.1794E+02  0.3024E+03
     16.171  0.1839E+02  0.3027E+03
     16.189  0.1946E+02  0.3030E+03
     16.208  0.2228E+02  0.3034E+03
     16.226  0.2625E+02  0.3039E+03
     16.244  0.1920E+02  0.3043E+03
     16.263  0.1045E+02  0.3046E+03
     16.281  0.1076E+02  0.3047E+03
     16.299  0.1244E+02  0.3050E+03
     16.318  0.1381E+02  0.3052E+03
     16.336  0.1491E+02  0.3055E+03
     16.354  0.1230E+02  0.3057E+03
     16.372  0.1026E+02  0.3059E+03
     16.391  0.1017E+02  0.3061E+03
     16.409  0.1026E+02  0.3063E+03
     16.427  0.1058E+02  0.3065E+03
     16.446  0.1116E+02  0.3067E+03
     16.464  0.1199E+02  0.3069E+03
     16.482  0.1290E+02  0.3071E+03
     16.500  0.1408E+02  0.3074E+03
     16.519  0.1882E+02  0.3077E+03
     16.537  0.1848E+02  0.3080E+03
     16.555  0.1554E+02  0.3083E+03
     16.574  0.1339E+02  0.3086E+03
     16.592  0.1313E+02  0.3088E+03
     16.610  0.1425E+02  0.3091E+03
     16.629  0.1557E+02  0.3094E+03
     16.647  0.1658E+02  0.3097E+03
     16.665  0.1703E+02  0.3100E+03
     16.683  0.1548E+02  0.3103E+03
     16.702  0.1142E+02  0.3105E+03
     16.720  0.9399E+01  0.3107E+03
     16.738  0.1118E+02  0.3109E+03
     16.757  0.1292E+02  0.3111E+03
     16.775  0.1428E+02  0.3114E+03
     16.793  0.1528E+02  0.3116E+03
     16.811  0.1594E+02  0.3119E+03
     16.830  0.1624E+02  0.3122E+03
     16.848  0.1384E+02  0.3125E+03
     16.866  0.1184E+02  0.3127E+03
     16.885  0.1085E+02  0.3129E+03
     16.903  0.1054E+02  0.3131E+03
     16.921  0.1118E+02  0.3133E+03
     16.940  0.1193E+02  0.3135E+03
     16.958  0.1262E+02  0.3138E+03
     16.976  0.1297E+02  0.3140E+03
     16.994  0.1298E+02  0.3142E+03
     17.013  0.1267E+02  0.3145E+03
     17.031  0.1218E+02  0.3147E+03
     17.049  0.1173E+02  0.3149E+03
     17.068  0.1162E+02  0.3151E+03
     17.086  0.1184E+02  0.3153E+03
     17.104  0.1338E+02  0.3156E+03
     17.123  0.1422E+02  0.3159E+03
     17.141  0.3588E+01  0.3160E+03
     17.159  0.1219E+01  0.3160E+03
     17.177  0.2166E+01  0.3160E+03
     17.196  0.3485E+01  0.3161E+03
     17.214  0.5117E+01  0.3162E+03
     17.232  0.6558E+01  0.3163E+03
     17.251  0.7703E+01  0.3164E+03
     17.269  0.8614E+01  0.3166E+03
     17.287  0.9175E+01  0.3167E+03
     17.305  0.9515E+01  0.3169E+03
     17.324  0.9760E+01  0.3171E+03
     17.342  0.9910E+01  0.3173E+03
     17.360  0.9967E+01  0.3174E+03
     17.379  0.1014E+02  0.3176E+03
     17.397  0.1055E+02  0.3178E+03
     17.415  0.1082E+02  0.3180E+03
     17.434  0.1078E+02  0.3182E+03
     17.452  0.1059E+02  0.3184E+03
     17.470  0.1027E+02  0.3186E+03
     17.488  0.9825E+01  0.3188E+03
     17.507  0.9253E+01  0.3190E+03
     17.525  0.8615E+01  0.3191E+03
     17.543  0.8059E+01  0.3193E+03
     17.562  0.7414E+01  0.3194E+03
     17.580  0.6786E+01  0.3195E+03
     17.598  0.6373E+01  0.3197E+03
     17.616  0.6149E+01  0.3198E+03
     17.635  0.6114E+01  0.3199E+03
     17.653  0.6271E+01  0.3200E+03
     17.671  0.6642E+01  0.3201E+03
     17.690  0.7232E+01  0.3202E+03
     17.708  0.8041E+01  0.3204E+03
     17.726  0.9565E+01  0.3205E+03
     17.745  0.1351E+02  0.3207E+03
     17.763  0.1413E+02  0.3210E+03
     17.781  0.1055E+02  0.3212E+03
     17.799  0.6145E+01  0.3214E+03
     17.818  0.4919E+01  0.3215E+03
     17.836  0.4361E+01  0.3216E+03
     17.854  0.3838E+01  0.3216E+03
     17.873  0.3347E+01  0.3217E+03
     17.891  0.2890E+01  0.3218E+03
     17.909  0.2467E+01  0.3218E+03
     17.928  0.2077E+01  0.3219E+03
     17.946  0.1721E+01  0.3219E+03
     17.964  0.1398E+01  0.3219E+03
     17.982  0.1109E+01  0.3219E+03
     18.001  0.8530E+00  0.3220E+03
     18.019  0.6307E+00  0.3220E+03
     18.037  0.4419E+00  0.3220E+03
     18.056  0.2866E+00  0.3220E+03
     18.074  0.1648E+00  0.3220E+03
     18.092  0.7645E-01  0.3220E+03
     18.110  0.2163E-01  0.3220E+03
     18.129  0.3115E-03  0.3220E+03
     18.147  0.0000E+00  0.3220E+03
     18.165  0.0000E+00  0.3220E+03
     18.184  0.0000E+00  0.3220E+03
     18.202  0.0000E+00  0.3220E+03
     18.220  0.0000E+00  0.3220E+03
     18.239  0.0000E+00  0.3220E+03
     18.257  0.0000E+00  0.3220E+03
     18.275  0.0000E+00  0.3220E+03
     18.293  0.0000E+00  0.3220E+03
     18.312  0.0000E+00  0.3220E+03
     18.330  0.0000E+00  0.3220E+03
     18.348  0.0000E+00  0.3220E+03
     18.367  0.0000E+00  0.3220E+03
     18.385  0.0000E+00  0.3220E+03
     18.403  0.0000E+00  0.3220E+03
     18.422  0.0000E+00  0.3220E+03
     18.440  0.0000E+00  0.3220E+03
     18.458  0.0000E+00  0.3220E+03
     18.476  0.0000E+00  0.3220E+03
     18.495  0.0000E+00  0.3220E+03
     18.513  0.0000E+00  0.3220E+03
     18.531  0.0000E+00  0.3220E+03
     18.550  0.0000E+00  0.3220E+03
     18.568  0.0000E+00  0.3220E+03
     18.586  0.0000E+00  0.3220E+03
     18.604  0.0000E+00  0.3220E+03
     18.623  0.0000E+00  0.3220E+03
     18.641  0.0000E+00  0.3220E+03
     18.659  0.0000E+00  0.3220E+03
     18.678  0.0000E+00  0.3220E+03
     18.696  0.0000E+00  0.3220E+03
     18.714  0.0000E+00  0.3220E+03
     18.733  0.0000E+00  0.3220E+03
     18.751  0.0000E+00  0.3220E+03
     18.769  0.0000E+00  0.3220E+03
     18.787  0.0000E+00  0.3220E+03
     18.806  0.0000E+00  0.3220E+03
     18.824  0.0000E+00  0.3220E+03
     18.842  0.0000E+00  0.3220E+03
     18.861  0.0000E+00  0.3220E+03
     18.879  0.0000E+00  0.3220E+03
     18.897  0.0000E+00  0.3220E+03
     18.915  0.0000E+00  0.3220E+03
     18.934  0.0000E+00  0.3220E+03
     18.952  0.0000E+00  0.3220E+03
     18.970  0.0000E+00  0.3220E+03
     18.989  0.0000E+00  0.3220E+03
     19.007  0.0000E+00  0.3220E+03
     19.025  0.0000E+00  0.3220E+03
     19.044  0.0000E+00  0.3220E+03
     19.062  0.0000E+00  0.3220E+03
     19.080  0.0000E+00  0.3220E+03
     19.098  0.0000E+00  0.3220E+03
     19.117  0.0000E+00  0.3220E+03
     19.135  0.0000E+00  0.3220E+03
     19.153  0.0000E+00  0.3220E+03
     19.172  0.0000E+00  0.3220E+03
     19.190  0.0000E+00  0.3220E+03
     19.208  0.0000E+00  0.3220E+03
     19.227  0.0000E+00  0.3220E+03
     19.245  0.0000E+00  0.3220E+03
     19.263  0.0000E+00  0.3220E+03
     19.281  0.0000E+00  0.3220E+03
     19.300  0.0000E+00  0.3220E+03
     19.318  0.0000E+00  0.3220E+03
     19.336  0.0000E+00  0.3220E+03
     19.355  0.0000E+00  0.3220E+03
     19.373  0.0000E+00  0.3220E+03
     19.391  0.0000E+00  0.3220E+03
     19.409  0.0000E+00  0.3220E+03
     19.428  0.0000E+00  0.3220E+03
     19.446  0.0000E+00  0.3220E+03
     19.464  0.0000E+00  0.3220E+03
     19.483  0.0000E+00  0.3220E+03
     19.501  0.0000E+00  0.3220E+03
     19.519  0.0000E+00  0.3220E+03
     19.538  0.0000E+00  0.3220E+03
     19.556  0.0000E+00  0.3220E+03
     19.574  0.0000E+00  0.3220E+03
     19.592  0.0000E+00  0.3220E+03
     19.611  0.0000E+00  0.3220E+03
     19.629  0.0000E+00  0.3220E+03
     19.647  0.0000E+00  0.3220E+03
     19.666  0.0000E+00  0.3220E+03
     19.684  0.0000E+00  0.3220E+03
     19.702  0.0000E+00  0.3220E+03
     19.720  0.0000E+00  0.3220E+03
     19.739  0.0000E+00  0.3220E+03
     19.757  0.0000E+00  0.3220E+03
     19.775  0.0000E+00  0.3220E+03
     19.794  0.0000E+00  0.3220E+03


