 Energy DOS Integrated_DOS
    -16.714  0.0000E+00  0.0000E+00
    -16.697  0.0000E+00  0.0000E+00
    -16.679  0.0000E+00  0.0000E+00
    -16.661  0.0000E+00  0.0000E+00
    -16.643  0.0000E+00  0.0000E+00
    -16.625  0.0000E+00  0.0000E+00
    -16.607  0.0000E+00  0.0000E+00
    -16.589  0.0000E+00  0.0000E+00
    -16.571  0.0000E+00  0.0000E+00
    -16.553  0.0000E+00  0.0000E+00
    -16.535  0.0000E+00  0.0000E+00
    -16.517  0.0000E+00  0.0000E+00
    -16.499  0.0000E+00  0.0000E+00
    -16.481  0.0000E+00  0.0000E+00
    -16.463  0.0000E+00  0.0000E+00
    -16.446  0.0000E+00  0.0000E+00
    -16.428  0.0000E+00  0.0000E+00
    -16.410  0.0000E+00  0.0000E+00
    -16.392  0.0000E+00  0.0000E+00
    -16.374  0.0000E+00  0.0000E+00
    -16.356  0.0000E+00  0.0000E+00
    -16.338  0.0000E+00  0.0000E+00
    -16.320  0.0000E+00  0.0000E+00
    -16.302  0.0000E+00  0.0000E+00
    -16.284  0.0000E+00  0.0000E+00
    -16.266  0.0000E+00  0.0000E+00
    -16.248  0.0000E+00  0.0000E+00
    -16.230  0.0000E+00  0.0000E+00
    -16.212  0.0000E+00  0.0000E+00
    -16.195  0.0000E+00  0.0000E+00
    -16.177  0.0000E+00  0.0000E+00
    -16.159  0.0000E+00  0.0000E+00
    -16.141  0.0000E+00  0.0000E+00
    -16.123  0.0000E+00  0.0000E+00
    -16.105  0.0000E+00  0.0000E+00
    -16.087  0.0000E+00  0.0000E+00
    -16.069  0.0000E+00  0.0000E+00
    -16.051  0.0000E+00  0.0000E+00
    -16.033  0.0000E+00  0.0000E+00
    -16.015  0.0000E+00  0.0000E+00
    -15.997  0.0000E+00  0.0000E+00
    -15.979  0.0000E+00  0.0000E+00
    -15.961  0.0000E+00  0.0000E+00
    -15.944  0.0000E+00  0.0000E+00
    -15.926  0.0000E+00  0.0000E+00
    -15.908  0.0000E+00  0.0000E+00
    -15.890  0.0000E+00  0.0000E+00
    -15.872  0.0000E+00  0.0000E+00
    -15.854  0.0000E+00  0.0000E+00
    -15.836  0.0000E+00  0.0000E+00
    -15.818  0.0000E+00  0.0000E+00
    -15.800  0.0000E+00  0.0000E+00
    -15.782  0.0000E+00  0.0000E+00
    -15.764  0.0000E+00  0.0000E+00
    -15.746  0.0000E+00  0.0000E+00
    -15.728  0.0000E+00  0.0000E+00
    -15.711  0.0000E+00  0.0000E+00
    -15.693  0.0000E+00  0.0000E+00
    -15.675  0.0000E+00  0.0000E+00
    -15.657  0.0000E+00  0.0000E+00
    -15.639  0.0000E+00  0.0000E+00
    -15.621  0.0000E+00  0.0000E+00
    -15.603  0.0000E+00  0.0000E+00
    -15.585  0.0000E+00  0.0000E+00
    -15.567  0.0000E+00  0.0000E+00
    -15.549  0.0000E+00  0.0000E+00
    -15.531  0.0000E+00  0.0000E+00
    -15.513  0.0000E+00  0.0000E+00
    -15.495  0.0000E+00  0.0000E+00
    -15.477  0.0000E+00  0.0000E+00
    -15.460  0.0000E+00  0.0000E+00
    -15.442  0.0000E+00  0.0000E+00
    -15.424  0.0000E+00  0.0000E+00
    -15.406  0.0000E+00  0.0000E+00
    -15.388  0.0000E+00  0.0000E+00
    -15.370  0.0000E+00  0.0000E+00
    -15.352  0.0000E+00  0.0000E+00
    -15.334  0.0000E+00  0.0000E+00
    -15.316  0.0000E+00  0.0000E+00
    -15.298  0.0000E+00  0.0000E+00
    -15.280  0.0000E+00  0.0000E+00
    -15.262  0.0000E+00  0.0000E+00
    -15.244  0.0000E+00  0.0000E+00
    -15.226  0.0000E+00  0.0000E+00
    -15.209  0.0000E+00  0.0000E+00
    -15.191  0.0000E+00  0.0000E+00
    -15.173  0.0000E+00  0.0000E+00
    -15.155  0.0000E+00  0.0000E+00
    -15.137  0.0000E+00  0.0000E+00
    -15.119  0.0000E+00  0.0000E+00
    -15.101  0.0000E+00  0.0000E+00
    -15.083  0.1552E-02  0.1265E-05
    -15.065  0.1078E+00  0.7320E-03
    -15.047  0.3810E+00  0.4864E-02
    -15.029  0.8211E+00  0.1539E-01
    -15.011  0.1428E+01  0.3530E-01
    -14.993  0.2202E+01  0.6760E-01
    -14.975  0.3143E+01  0.1153E+00
    -14.958  0.4251E+01  0.1813E+00
    -14.940  0.5526E+01  0.2687E+00
    -14.922  0.6968E+01  0.3804E+00
    -14.904  0.8724E+01  0.5218E+00
    -14.886  0.9988E+01  0.6903E+00
    -14.868  0.1075E+02  0.8769E+00
    -14.850  0.1102E+02  0.1073E+01
    -14.832  0.1078E+02  0.1269E+01
    -14.814  0.1005E+02  0.1456E+01
    -14.796  0.8816E+01  0.1626E+01
    -14.778  0.8348E+01  0.1776E+01
    -14.760  0.8763E+01  0.1929E+01
    -14.742  0.9144E+01  0.2090E+01
    -14.724  0.9490E+01  0.2257E+01
    -14.707  0.9802E+01  0.2430E+01
    -14.689  0.1008E+02  0.2608E+01
    -14.671  0.1029E+02  0.2791E+01
    -14.653  0.1013E+02  0.2975E+01
    -14.635  0.9499E+01  0.3151E+01
    -14.617  0.9563E+01  0.3322E+01
    -14.599  0.9619E+01  0.3494E+01
    -14.581  0.9623E+01  0.3666E+01
    -14.563  0.9575E+01  0.3839E+01
    -14.545  0.9474E+01  0.4009E+01
    -14.527  0.9321E+01  0.4178E+01
    -14.509  0.1430E+02  0.4358E+01
    -14.491  0.1563E+02  0.4632E+01
    -14.473  0.1618E+02  0.4917E+01
    -14.456  0.1656E+02  0.5211E+01
    -14.438  0.1677E+02  0.5510E+01
    -14.420  0.1682E+02  0.5811E+01
    -14.402  0.1669E+02  0.6112E+01
    -14.384  0.1640E+02  0.6409E+01
    -14.366  0.1631E+02  0.6701E+01
    -14.348  0.1723E+02  0.7000E+01
    -14.330  0.1916E+02  0.7325E+01
    -14.312  0.2193E+02  0.7693E+01
    -14.294  0.2458E+02  0.8110E+01
    -14.276  0.2690E+02  0.8572E+01
    -14.258  0.2888E+02  0.9072E+01
    -14.240  0.3456E+02  0.9625E+01
    -14.222  0.4004E+02  0.1031E+02
    -14.205  0.3645E+02  0.1101E+02
    -14.187  0.2695E+02  0.1156E+02
    -14.169  0.3371E+02  0.1211E+02
    -14.151  0.1502E+02  0.1298E+02
    -14.133  0.1825E+02  0.1327E+02
    -14.115  0.2184E+02  0.1363E+02
    -14.097  0.2577E+02  0.1406E+02
    -14.079  0.1970E+02  0.1552E+02
    -14.061  0.1928E+02  0.1587E+02
    -14.043  0.1878E+02  0.1621E+02
    -14.025  0.1819E+02  0.1655E+02
    -14.007  0.3633E+02  0.1704E+02
    -13.989  0.4509E+02  0.1779E+02
    -13.971  0.4379E+02  0.1860E+02
    -13.954  0.3450E+02  0.1931E+02
    -13.936  0.1704E+02  0.1977E+02
    -13.918  0.3910E+02  0.2020E+02
    -13.900  0.6514E+02  0.2115E+02
    -13.882  0.1500E+02  0.2186E+02
    -13.864  0.2011E+01  0.2199E+02
    -13.846  0.2213E+02  0.2205E+02
    -13.828  0.1014E+03  0.2353E+02
    -13.810  0.6630E+02  0.2491E+02
    -13.792  0.5742E+02  0.2600E+02
    -13.774  0.4194E+02  0.2696E+02
    -13.756  0.2022E+02  0.2744E+02
    -13.738  0.3025E+02  0.2785E+02
    -13.720  0.3858E+02  0.2849E+02
    -13.703  0.4659E+02  0.2921E+02
    -13.685  0.1073E+03  0.3040E+02
    -13.667  0.5228E+02  0.3196E+02
    -13.649  0.6737E+02  0.3298E+02
    -13.631  0.9578E+02  0.3451E+02
    -13.613  0.4218E+02  0.3574E+02
    -13.595  0.3627E+02  0.3648E+02
    -13.577  0.2491E+03  0.3739E+02
    -13.559  0.8637E+02  0.3944E+02
    -13.541  0.3716E+02  0.4040E+02
    -13.523  0.5323E+02  0.4123E+02
    -13.505  0.7843E+02  0.4238E+02
    -13.487  0.7845E+02  0.4383E+02
    -13.469  0.5938E+02  0.4509E+02
    -13.452  0.2176E+02  0.4583E+02
    -13.434  0.1346E+01  0.4600E+02
    -13.416  0.3948E+02  0.4623E+02
    -13.398  0.4041E+03  0.4802E+02
    -13.380  0.6239E+02  0.5194E+02
    -13.362  0.3970E+02  0.5250E+02
    -13.344  0.6979E+02  0.5348E+02
    -13.326  0.1420E+03  0.5508E+02
    -13.308  0.7691E+02  0.5736E+02
    -13.290  0.8333E+02  0.5927E+02
    -13.272  0.4136E+02  0.6008E+02
    -13.254  0.4042E+02  0.6081E+02
    -13.236  0.4037E+02  0.6153E+02
    -13.218  0.4120E+02  0.6226E+02
    -13.201  0.1085E+03  0.6375E+02
    -13.183  0.0000E+00  0.6400E+02
    -13.165  0.0000E+00  0.6400E+02
    -13.147  0.0000E+00  0.6400E+02
    -13.129  0.0000E+00  0.6400E+02
    -13.111  0.0000E+00  0.6400E+02
    -13.093  0.0000E+00  0.6400E+02
    -13.075  0.0000E+00  0.6400E+02
    -13.057  0.0000E+00  0.6400E+02
    -13.039  0.0000E+00  0.6400E+02
    -13.021  0.0000E+00  0.6400E+02
    -13.003  0.0000E+00  0.6400E+02
    -12.985  0.0000E+00  0.6400E+02
    -12.967  0.0000E+00  0.6400E+02
    -12.950  0.0000E+00  0.6400E+02
    -12.932  0.0000E+00  0.6400E+02
    -12.914  0.0000E+00  0.6400E+02
    -12.896  0.0000E+00  0.6400E+02
    -12.878  0.0000E+00  0.6400E+02
    -12.860  0.0000E+00  0.6400E+02
    -12.842  0.0000E+00  0.6400E+02
    -12.824  0.0000E+00  0.6400E+02
    -12.806  0.0000E+00  0.6400E+02
    -12.788  0.0000E+00  0.6400E+02
    -12.770  0.0000E+00  0.6400E+02
    -12.752  0.0000E+00  0.6400E+02
    -12.734  0.0000E+00  0.6400E+02
    -12.716  0.0000E+00  0.6400E+02
    -12.699  0.0000E+00  0.6400E+02
    -12.681  0.0000E+00  0.6400E+02
    -12.663  0.0000E+00  0.6400E+02
    -12.645  0.0000E+00  0.6400E+02
    -12.627  0.0000E+00  0.6400E+02
    -12.609  0.0000E+00  0.6400E+02
    -12.591  0.0000E+00  0.6400E+02
    -12.573  0.0000E+00  0.6400E+02
    -12.555  0.0000E+00  0.6400E+02
    -12.537  0.0000E+00  0.6400E+02
    -12.519  0.0000E+00  0.6400E+02
    -12.501  0.0000E+00  0.6400E+02
    -12.483  0.0000E+00  0.6400E+02
    -12.465  0.0000E+00  0.6400E+02
    -12.448  0.0000E+00  0.6400E+02
    -12.430  0.0000E+00  0.6400E+02
    -12.412  0.0000E+00  0.6400E+02
    -12.394  0.0000E+00  0.6400E+02
    -12.376  0.0000E+00  0.6400E+02
    -12.358  0.0000E+00  0.6400E+02
    -12.340  0.0000E+00  0.6400E+02
    -12.322  0.0000E+00  0.6400E+02
    -12.304  0.0000E+00  0.6400E+02
    -12.286  0.0000E+00  0.6400E+02
    -12.268  0.0000E+00  0.6400E+02
    -12.250  0.0000E+00  0.6400E+02
    -12.232  0.0000E+00  0.6400E+02
    -12.214  0.0000E+00  0.6400E+02
    -12.197  0.0000E+00  0.6400E+02
    -12.179  0.0000E+00  0.6400E+02
    -12.161  0.0000E+00  0.6400E+02
    -12.143  0.0000E+00  0.6400E+02
    -12.125  0.0000E+00  0.6400E+02
    -12.107  0.0000E+00  0.6400E+02
    -12.089  0.0000E+00  0.6400E+02
    -12.071  0.0000E+00  0.6400E+02
    -12.053  0.0000E+00  0.6400E+02
    -12.035  0.0000E+00  0.6400E+02
    -12.017  0.0000E+00  0.6400E+02
    -11.999  0.0000E+00  0.6400E+02
    -11.981  0.0000E+00  0.6400E+02
    -11.963  0.0000E+00  0.6400E+02
    -11.946  0.0000E+00  0.6400E+02
    -11.928  0.0000E+00  0.6400E+02
    -11.910  0.0000E+00  0.6400E+02
    -11.892  0.0000E+00  0.6400E+02
    -11.874  0.0000E+00  0.6400E+02
    -11.856  0.0000E+00  0.6400E+02
    -11.838  0.0000E+00  0.6400E+02
    -11.820  0.0000E+00  0.6400E+02
    -11.802  0.0000E+00  0.6400E+02
    -11.784  0.0000E+00  0.6400E+02
    -11.766  0.0000E+00  0.6400E+02
    -11.748  0.0000E+00  0.6400E+02
    -11.730  0.0000E+00  0.6400E+02
    -11.713  0.0000E+00  0.6400E+02
    -11.695  0.0000E+00  0.6400E+02
    -11.677  0.0000E+00  0.6400E+02
    -11.659  0.0000E+00  0.6400E+02
    -11.641  0.0000E+00  0.6400E+02
    -11.623  0.0000E+00  0.6400E+02
    -11.605  0.0000E+00  0.6400E+02
    -11.587  0.0000E+00  0.6400E+02
    -11.569  0.0000E+00  0.6400E+02
    -11.551  0.0000E+00  0.6400E+02
    -11.533  0.0000E+00  0.6400E+02
    -11.515  0.0000E+00  0.6400E+02
    -11.497  0.0000E+00  0.6400E+02
    -11.479  0.0000E+00  0.6400E+02
    -11.462  0.0000E+00  0.6400E+02
    -11.444  0.0000E+00  0.6400E+02
    -11.426  0.0000E+00  0.6400E+02
    -11.408  0.0000E+00  0.6400E+02
    -11.390  0.0000E+00  0.6400E+02
    -11.372  0.0000E+00  0.6400E+02
    -11.354  0.0000E+00  0.6400E+02
    -11.336  0.0000E+00  0.6400E+02
    -11.318  0.0000E+00  0.6400E+02
    -11.300  0.0000E+00  0.6400E+02
    -11.282  0.0000E+00  0.6400E+02
    -11.264  0.0000E+00  0.6400E+02
    -11.246  0.0000E+00  0.6400E+02
    -11.228  0.0000E+00  0.6400E+02
    -11.211  0.0000E+00  0.6400E+02
    -11.193  0.0000E+00  0.6400E+02
    -11.175  0.0000E+00  0.6400E+02
    -11.157  0.0000E+00  0.6400E+02
    -11.139  0.0000E+00  0.6400E+02
    -11.121  0.0000E+00  0.6400E+02
    -11.103  0.0000E+00  0.6400E+02
    -11.085  0.0000E+00  0.6400E+02
    -11.067  0.0000E+00  0.6400E+02
    -11.049  0.0000E+00  0.6400E+02
    -11.031  0.0000E+00  0.6400E+02
    -11.013  0.0000E+00  0.6400E+02
    -10.995  0.0000E+00  0.6400E+02
    -10.977  0.0000E+00  0.6400E+02
    -10.960  0.0000E+00  0.6400E+02
    -10.942  0.0000E+00  0.6400E+02
    -10.924  0.0000E+00  0.6400E+02
    -10.906  0.0000E+00  0.6400E+02
    -10.888  0.0000E+00  0.6400E+02
    -10.870  0.0000E+00  0.6400E+02
    -10.852  0.0000E+00  0.6400E+02
    -10.834  0.0000E+00  0.6400E+02
    -10.816  0.0000E+00  0.6400E+02
    -10.798  0.0000E+00  0.6400E+02
    -10.780  0.0000E+00  0.6400E+02
    -10.762  0.0000E+00  0.6400E+02
    -10.744  0.0000E+00  0.6400E+02
    -10.726  0.0000E+00  0.6400E+02
    -10.709  0.0000E+00  0.6400E+02
    -10.691  0.0000E+00  0.6400E+02
    -10.673  0.0000E+00  0.6400E+02
    -10.655  0.0000E+00  0.6400E+02
    -10.637  0.0000E+00  0.6400E+02
    -10.619  0.0000E+00  0.6400E+02
    -10.601  0.0000E+00  0.6400E+02
    -10.583  0.0000E+00  0.6400E+02
    -10.565  0.0000E+00  0.6400E+02
    -10.547  0.0000E+00  0.6400E+02
    -10.529  0.0000E+00  0.6400E+02
    -10.511  0.0000E+00  0.6400E+02
    -10.493  0.0000E+00  0.6400E+02
    -10.475  0.0000E+00  0.6400E+02
    -10.458  0.0000E+00  0.6400E+02
    -10.440  0.0000E+00  0.6400E+02
    -10.422  0.0000E+00  0.6400E+02
    -10.404  0.0000E+00  0.6400E+02
    -10.386  0.0000E+00  0.6400E+02
    -10.368  0.0000E+00  0.6400E+02
    -10.350  0.0000E+00  0.6400E+02
    -10.332  0.0000E+00  0.6400E+02
    -10.314  0.0000E+00  0.6400E+02
    -10.296  0.0000E+00  0.6400E+02
    -10.278  0.0000E+00  0.6400E+02
    -10.260  0.0000E+00  0.6400E+02
    -10.242  0.0000E+00  0.6400E+02
    -10.224  0.0000E+00  0.6400E+02
    -10.207  0.0000E+00  0.6400E+02
    -10.189  0.0000E+00  0.6400E+02
    -10.171  0.0000E+00  0.6400E+02
    -10.153  0.0000E+00  0.6400E+02
    -10.135  0.0000E+00  0.6400E+02
    -10.117  0.0000E+00  0.6400E+02
    -10.099  0.0000E+00  0.6400E+02
    -10.081  0.0000E+00  0.6400E+02
    -10.063  0.0000E+00  0.6400E+02
    -10.045  0.0000E+00  0.6400E+02
    -10.027  0.0000E+00  0.6400E+02
    -10.009  0.0000E+00  0.6400E+02
     -9.991  0.0000E+00  0.6400E+02
     -9.973  0.0000E+00  0.6400E+02
     -9.956  0.0000E+00  0.6400E+02
     -9.938  0.0000E+00  0.6400E+02
     -9.920  0.0000E+00  0.6400E+02
     -9.902  0.0000E+00  0.6400E+02
     -9.884  0.0000E+00  0.6400E+02
     -9.866  0.0000E+00  0.6400E+02
     -9.848  0.0000E+00  0.6400E+02
     -9.830  0.0000E+00  0.6400E+02
     -9.812  0.0000E+00  0.6400E+02
     -9.794  0.0000E+00  0.6400E+02
     -9.776  0.0000E+00  0.6400E+02
     -9.758  0.0000E+00  0.6400E+02
     -9.740  0.0000E+00  0.6400E+02
     -9.722  0.0000E+00  0.6400E+02
     -9.705  0.0000E+00  0.6400E+02
     -9.687  0.0000E+00  0.6400E+02
     -9.669  0.0000E+00  0.6400E+02
     -9.651  0.0000E+00  0.6400E+02
     -9.633  0.0000E+00  0.6400E+02
     -9.615  0.0000E+00  0.6400E+02
     -9.597  0.0000E+00  0.6400E+02
     -9.579  0.0000E+00  0.6400E+02
     -9.561  0.0000E+00  0.6400E+02
     -9.543  0.0000E+00  0.6400E+02
     -9.525  0.0000E+00  0.6400E+02
     -9.507  0.0000E+00  0.6400E+02
     -9.489  0.0000E+00  0.6400E+02
     -9.471  0.0000E+00  0.6400E+02
     -9.454  0.0000E+00  0.6400E+02
     -9.436  0.0000E+00  0.6400E+02
     -9.418  0.0000E+00  0.6400E+02
     -9.400  0.0000E+00  0.6400E+02
     -9.382  0.0000E+00  0.6400E+02
     -9.364  0.0000E+00  0.6400E+02
     -9.346  0.0000E+00  0.6400E+02
     -9.328  0.0000E+00  0.6400E+02
     -9.310  0.0000E+00  0.6400E+02
     -9.292  0.0000E+00  0.6400E+02
     -9.274  0.0000E+00  0.6400E+02
     -9.256  0.0000E+00  0.6400E+02
     -9.238  0.0000E+00  0.6400E+02
     -9.220  0.0000E+00  0.6400E+02
     -9.203  0.0000E+00  0.6400E+02
     -9.185  0.0000E+00  0.6400E+02
     -9.167  0.0000E+00  0.6400E+02
     -9.149  0.0000E+00  0.6400E+02
     -9.131  0.0000E+00  0.6400E+02
     -9.113  0.0000E+00  0.6400E+02
     -9.095  0.0000E+00  0.6400E+02
     -9.077  0.0000E+00  0.6400E+02
     -9.059  0.0000E+00  0.6400E+02
     -9.041  0.0000E+00  0.6400E+02
     -9.023  0.0000E+00  0.6400E+02
     -9.005  0.0000E+00  0.6400E+02
     -8.987  0.0000E+00  0.6400E+02
     -8.969  0.0000E+00  0.6400E+02
     -8.952  0.0000E+00  0.6400E+02
     -8.934  0.0000E+00  0.6400E+02
     -8.916  0.0000E+00  0.6400E+02
     -8.898  0.0000E+00  0.6400E+02
     -8.880  0.0000E+00  0.6400E+02
     -8.862  0.0000E+00  0.6400E+02
     -8.844  0.0000E+00  0.6400E+02
     -8.826  0.0000E+00  0.6400E+02
     -8.808  0.0000E+00  0.6400E+02
     -8.790  0.0000E+00  0.6400E+02
     -8.772  0.0000E+00  0.6400E+02
     -8.754  0.0000E+00  0.6400E+02
     -8.736  0.0000E+00  0.6400E+02
     -8.718  0.0000E+00  0.6400E+02
     -8.701  0.0000E+00  0.6400E+02
     -8.683  0.0000E+00  0.6400E+02
     -8.665  0.0000E+00  0.6400E+02
     -8.647  0.0000E+00  0.6400E+02
     -8.629  0.0000E+00  0.6400E+02
     -8.611  0.0000E+00  0.6400E+02
     -8.593  0.0000E+00  0.6400E+02
     -8.575  0.0000E+00  0.6400E+02
     -8.557  0.0000E+00  0.6400E+02
     -8.539  0.0000E+00  0.6400E+02
     -8.521  0.0000E+00  0.6400E+02
     -8.503  0.0000E+00  0.6400E+02
     -8.485  0.0000E+00  0.6400E+02
     -8.467  0.0000E+00  0.6400E+02
     -8.450  0.0000E+00  0.6400E+02
     -8.432  0.0000E+00  0.6400E+02
     -8.414  0.0000E+00  0.6400E+02
     -8.396  0.0000E+00  0.6400E+02
     -8.378  0.0000E+00  0.6400E+02
     -8.360  0.0000E+00  0.6400E+02
     -8.342  0.0000E+00  0.6400E+02
     -8.324  0.0000E+00  0.6400E+02
     -8.306  0.0000E+00  0.6400E+02
     -8.288  0.0000E+00  0.6400E+02
     -8.270  0.0000E+00  0.6400E+02
     -8.252  0.0000E+00  0.6400E+02
     -8.234  0.0000E+00  0.6400E+02
     -8.216  0.0000E+00  0.6400E+02
     -8.199  0.0000E+00  0.6400E+02
     -8.181  0.0000E+00  0.6400E+02
     -8.163  0.0000E+00  0.6400E+02
     -8.145  0.0000E+00  0.6400E+02
     -8.127  0.0000E+00  0.6400E+02
     -8.109  0.0000E+00  0.6400E+02
     -8.091  0.0000E+00  0.6400E+02
     -8.073  0.0000E+00  0.6400E+02
     -8.055  0.0000E+00  0.6400E+02
     -8.037  0.0000E+00  0.6400E+02
     -8.019  0.0000E+00  0.6400E+02
     -8.001  0.0000E+00  0.6400E+02
     -7.983  0.0000E+00  0.6400E+02
     -7.965  0.0000E+00  0.6400E+02
     -7.948  0.0000E+00  0.6400E+02
     -7.930  0.0000E+00  0.6400E+02
     -7.912  0.0000E+00  0.6400E+02
     -7.894  0.0000E+00  0.6400E+02
     -7.876  0.0000E+00  0.6400E+02
     -7.858  0.0000E+00  0.6400E+02
     -7.840  0.0000E+00  0.6400E+02
     -7.822  0.0000E+00  0.6400E+02
     -7.804  0.0000E+00  0.6400E+02
     -7.786  0.0000E+00  0.6400E+02
     -7.768  0.0000E+00  0.6400E+02
     -7.750  0.0000E+00  0.6400E+02
     -7.732  0.0000E+00  0.6400E+02
     -7.714  0.0000E+00  0.6400E+02
     -7.697  0.0000E+00  0.6400E+02
     -7.679  0.0000E+00  0.6400E+02
     -7.661  0.0000E+00  0.6400E+02
     -7.643  0.0000E+00  0.6400E+02
     -7.625  0.0000E+00  0.6400E+02
     -7.607  0.0000E+00  0.6400E+02
     -7.589  0.0000E+00  0.6400E+02
     -7.571  0.0000E+00  0.6400E+02
     -7.553  0.0000E+00  0.6400E+02
     -7.535  0.0000E+00  0.6400E+02
     -7.517  0.0000E+00  0.6400E+02
     -7.499  0.0000E+00  0.6400E+02
     -7.481  0.0000E+00  0.6400E+02
     -7.464  0.0000E+00  0.6400E+02
     -7.446  0.0000E+00  0.6400E+02
     -7.428  0.0000E+00  0.6400E+02
     -7.410  0.0000E+00  0.6400E+02
     -7.392  0.0000E+00  0.6400E+02
     -7.374  0.0000E+00  0.6400E+02
     -7.356  0.0000E+00  0.6400E+02
     -7.338  0.0000E+00  0.6400E+02
     -7.320  0.0000E+00  0.6400E+02
     -7.302  0.0000E+00  0.6400E+02
     -7.284  0.0000E+00  0.6400E+02
     -7.266  0.0000E+00  0.6400E+02
     -7.248  0.0000E+00  0.6400E+02
     -7.230  0.0000E+00  0.6400E+02
     -7.213  0.0000E+00  0.6400E+02
     -7.195  0.0000E+00  0.6400E+02
     -7.177  0.0000E+00  0.6400E+02
     -7.159  0.0000E+00  0.6400E+02
     -7.141  0.0000E+00  0.6400E+02
     -7.123  0.0000E+00  0.6400E+02
     -7.105  0.0000E+00  0.6400E+02
     -7.087  0.0000E+00  0.6400E+02
     -7.069  0.0000E+00  0.6400E+02
     -7.051  0.0000E+00  0.6400E+02
     -7.033  0.0000E+00  0.6400E+02
     -7.015  0.0000E+00  0.6400E+02
     -6.997  0.0000E+00  0.6400E+02
     -6.979  0.0000E+00  0.6400E+02
     -6.962  0.0000E+00  0.6400E+02
     -6.944  0.0000E+00  0.6400E+02
     -6.926  0.0000E+00  0.6400E+02
     -6.908  0.0000E+00  0.6400E+02
     -6.890  0.0000E+00  0.6400E+02
     -6.872  0.0000E+00  0.6400E+02
     -6.854  0.0000E+00  0.6400E+02
     -6.836  0.0000E+00  0.6400E+02
     -6.818  0.0000E+00  0.6400E+02
     -6.800  0.0000E+00  0.6400E+02
     -6.782  0.0000E+00  0.6400E+02
     -6.764  0.0000E+00  0.6400E+02
     -6.746  0.0000E+00  0.6400E+02
     -6.728  0.0000E+00  0.6400E+02
     -6.711  0.0000E+00  0.6400E+02
     -6.693  0.0000E+00  0.6400E+02
     -6.675  0.0000E+00  0.6400E+02
     -6.657  0.0000E+00  0.6400E+02
     -6.639  0.0000E+00  0.6400E+02
     -6.621  0.0000E+00  0.6400E+02
     -6.603  0.0000E+00  0.6400E+02
     -6.585  0.0000E+00  0.6400E+02
     -6.567  0.0000E+00  0.6400E+02
     -6.549  0.0000E+00  0.6400E+02
     -6.531  0.0000E+00  0.6400E+02
     -6.513  0.0000E+00  0.6400E+02
     -6.495  0.0000E+00  0.6400E+02
     -6.477  0.0000E+00  0.6400E+02
     -6.460  0.0000E+00  0.6400E+02
     -6.442  0.0000E+00  0.6400E+02
     -6.424  0.0000E+00  0.6400E+02
     -6.406  0.0000E+00  0.6400E+02
     -6.388  0.0000E+00  0.6400E+02
     -6.370  0.0000E+00  0.6400E+02
     -6.352  0.0000E+00  0.6400E+02
     -6.334  0.0000E+00  0.6400E+02
     -6.316  0.0000E+00  0.6400E+02
     -6.298  0.0000E+00  0.6400E+02
     -6.280  0.0000E+00  0.6400E+02
     -6.262  0.0000E+00  0.6400E+02
     -6.244  0.0000E+00  0.6400E+02
     -6.226  0.0000E+00  0.6400E+02
     -6.209  0.0000E+00  0.6400E+02
     -6.191  0.0000E+00  0.6400E+02
     -6.173  0.0000E+00  0.6400E+02
     -6.155  0.0000E+00  0.6400E+02
     -6.137  0.0000E+00  0.6400E+02
     -6.119  0.0000E+00  0.6400E+02
     -6.101  0.0000E+00  0.6400E+02
     -6.083  0.0000E+00  0.6400E+02
     -6.065  0.0000E+00  0.6400E+02
     -6.047  0.0000E+00  0.6400E+02
     -6.029  0.0000E+00  0.6400E+02
     -6.011  0.0000E+00  0.6400E+02
     -5.993  0.0000E+00  0.6400E+02
     -5.975  0.0000E+00  0.6400E+02
     -5.958  0.0000E+00  0.6400E+02
     -5.940  0.0000E+00  0.6400E+02
     -5.922  0.0000E+00  0.6400E+02
     -5.904  0.0000E+00  0.6400E+02
     -5.886  0.0000E+00  0.6400E+02
     -5.868  0.0000E+00  0.6400E+02
     -5.850  0.0000E+00  0.6400E+02
     -5.832  0.0000E+00  0.6400E+02
     -5.814  0.0000E+00  0.6400E+02
     -5.796  0.0000E+00  0.6400E+02
     -5.778  0.0000E+00  0.6400E+02
     -5.760  0.0000E+00  0.6400E+02
     -5.742  0.0000E+00  0.6400E+02
     -5.724  0.0000E+00  0.6400E+02
     -5.707  0.0000E+00  0.6400E+02
     -5.689  0.0000E+00  0.6400E+02
     -5.671  0.0000E+00  0.6400E+02
     -5.653  0.0000E+00  0.6400E+02
     -5.635  0.0000E+00  0.6400E+02
     -5.617  0.0000E+00  0.6400E+02
     -5.599  0.0000E+00  0.6400E+02
     -5.581  0.0000E+00  0.6400E+02
     -5.563  0.0000E+00  0.6400E+02
     -5.545  0.0000E+00  0.6400E+02
     -5.527  0.0000E+00  0.6400E+02
     -5.509  0.0000E+00  0.6400E+02
     -5.491  0.0000E+00  0.6400E+02
     -5.473  0.0000E+00  0.6400E+02
     -5.456  0.0000E+00  0.6400E+02
     -5.438  0.0000E+00  0.6400E+02
     -5.420  0.0000E+00  0.6400E+02
     -5.402  0.0000E+00  0.6400E+02
     -5.384  0.0000E+00  0.6400E+02
     -5.366  0.0000E+00  0.6400E+02
     -5.348  0.0000E+00  0.6400E+02
     -5.330  0.0000E+00  0.6400E+02
     -5.312  0.0000E+00  0.6400E+02
     -5.294  0.0000E+00  0.6400E+02
     -5.276  0.0000E+00  0.6400E+02
     -5.258  0.0000E+00  0.6400E+02
     -5.240  0.0000E+00  0.6400E+02
     -5.222  0.0000E+00  0.6400E+02
     -5.205  0.0000E+00  0.6400E+02
     -5.187  0.0000E+00  0.6400E+02
     -5.169  0.0000E+00  0.6400E+02
     -5.151  0.0000E+00  0.6400E+02
     -5.133  0.0000E+00  0.6400E+02
     -5.115  0.0000E+00  0.6400E+02
     -5.097  0.0000E+00  0.6400E+02
     -5.079  0.0000E+00  0.6400E+02
     -5.061  0.0000E+00  0.6400E+02
     -5.043  0.0000E+00  0.6400E+02
     -5.025  0.0000E+00  0.6400E+02
     -5.007  0.0000E+00  0.6400E+02
     -4.989  0.0000E+00  0.6400E+02
     -4.971  0.0000E+00  0.6400E+02
     -4.954  0.0000E+00  0.6400E+02
     -4.936  0.0000E+00  0.6400E+02
     -4.918  0.0000E+00  0.6400E+02
     -4.900  0.0000E+00  0.6400E+02
     -4.882  0.0000E+00  0.6400E+02
     -4.864  0.0000E+00  0.6400E+02
     -4.846  0.0000E+00  0.6400E+02
     -4.828  0.0000E+00  0.6400E+02
     -4.810  0.0000E+00  0.6400E+02
     -4.792  0.0000E+00  0.6400E+02
     -4.774  0.0000E+00  0.6400E+02
     -4.756  0.0000E+00  0.6400E+02
     -4.738  0.0000E+00  0.6400E+02
     -4.720  0.0000E+00  0.6400E+02
     -4.703  0.0000E+00  0.6400E+02
     -4.685  0.0000E+00  0.6400E+02
     -4.667  0.0000E+00  0.6400E+02
     -4.649  0.0000E+00  0.6400E+02
     -4.631  0.0000E+00  0.6400E+02
     -4.613  0.0000E+00  0.6400E+02
     -4.595  0.0000E+00  0.6400E+02
     -4.577  0.0000E+00  0.6400E+02
     -4.559  0.0000E+00  0.6400E+02
     -4.541  0.0000E+00  0.6400E+02
     -4.523  0.0000E+00  0.6400E+02
     -4.505  0.0000E+00  0.6400E+02
     -4.487  0.0000E+00  0.6400E+02
     -4.469  0.0000E+00  0.6400E+02
     -4.452  0.0000E+00  0.6400E+02
     -4.434  0.0000E+00  0.6400E+02
     -4.416  0.0000E+00  0.6400E+02
     -4.398  0.0000E+00  0.6400E+02
     -4.380  0.0000E+00  0.6400E+02
     -4.362  0.0000E+00  0.6400E+02
     -4.344  0.0000E+00  0.6400E+02
     -4.326  0.0000E+00  0.6400E+02
     -4.308  0.0000E+00  0.6400E+02
     -4.290  0.0000E+00  0.6400E+02
     -4.272  0.0000E+00  0.6400E+02
     -4.254  0.0000E+00  0.6400E+02
     -4.236  0.0000E+00  0.6400E+02
     -4.218  0.0000E+00  0.6400E+02
     -4.201  0.0000E+00  0.6400E+02
     -4.183  0.0000E+00  0.6400E+02
     -4.165  0.0000E+00  0.6400E+02
     -4.147  0.0000E+00  0.6400E+02
     -4.129  0.0000E+00  0.6400E+02
     -4.111  0.0000E+00  0.6400E+02
     -4.093  0.0000E+00  0.6400E+02
     -4.075  0.0000E+00  0.6400E+02
     -4.057  0.0000E+00  0.6400E+02
     -4.039  0.0000E+00  0.6400E+02
     -4.021  0.0000E+00  0.6400E+02
     -4.003  0.0000E+00  0.6400E+02
     -3.985  0.0000E+00  0.6400E+02
     -3.967  0.0000E+00  0.6400E+02
     -3.950  0.0000E+00  0.6400E+02
     -3.932  0.0000E+00  0.6400E+02
     -3.914  0.0000E+00  0.6400E+02
     -3.896  0.0000E+00  0.6400E+02
     -3.878  0.0000E+00  0.6400E+02
     -3.860  0.0000E+00  0.6400E+02
     -3.842  0.0000E+00  0.6400E+02
     -3.824  0.0000E+00  0.6400E+02
     -3.806  0.0000E+00  0.6400E+02
     -3.788  0.0000E+00  0.6400E+02
     -3.770  0.0000E+00  0.6400E+02
     -3.752  0.0000E+00  0.6400E+02
     -3.734  0.0000E+00  0.6400E+02
     -3.716  0.0000E+00  0.6400E+02
     -3.699  0.0000E+00  0.6400E+02
     -3.681  0.0000E+00  0.6400E+02
     -3.663  0.0000E+00  0.6400E+02
     -3.645  0.0000E+00  0.6400E+02
     -3.627  0.0000E+00  0.6400E+02
     -3.609  0.0000E+00  0.6400E+02
     -3.591  0.0000E+00  0.6400E+02
     -3.573  0.0000E+00  0.6400E+02
     -3.555  0.0000E+00  0.6400E+02
     -3.537  0.0000E+00  0.6400E+02
     -3.519  0.0000E+00  0.6400E+02
     -3.501  0.0000E+00  0.6400E+02
     -3.483  0.0000E+00  0.6400E+02
     -3.465  0.0000E+00  0.6400E+02
     -3.448  0.0000E+00  0.6400E+02
     -3.430  0.0000E+00  0.6400E+02
     -3.412  0.0000E+00  0.6400E+02
     -3.394  0.0000E+00  0.6400E+02
     -3.376  0.0000E+00  0.6400E+02
     -3.358  0.0000E+00  0.6400E+02
     -3.340  0.0000E+00  0.6400E+02
     -3.322  0.0000E+00  0.6400E+02
     -3.304  0.0000E+00  0.6400E+02
     -3.286  0.0000E+00  0.6400E+02
     -3.268  0.0000E+00  0.6400E+02
     -3.250  0.0000E+00  0.6400E+02
     -3.232  0.0000E+00  0.6400E+02
     -3.215  0.0000E+00  0.6400E+02
     -3.197  0.0000E+00  0.6400E+02
     -3.179  0.0000E+00  0.6400E+02
     -3.161  0.0000E+00  0.6400E+02
     -3.143  0.0000E+00  0.6400E+02
     -3.125  0.0000E+00  0.6400E+02
     -3.107  0.0000E+00  0.6400E+02
     -3.089  0.0000E+00  0.6400E+02
     -3.071  0.0000E+00  0.6400E+02
     -3.053  0.0000E+00  0.6400E+02
     -3.035  0.0000E+00  0.6400E+02
     -3.017  0.0000E+00  0.6400E+02
     -2.999  0.0000E+00  0.6400E+02
     -2.981  0.0000E+00  0.6400E+02
     -2.964  0.0000E+00  0.6400E+02
     -2.946  0.0000E+00  0.6400E+02
     -2.928  0.0000E+00  0.6400E+02
     -2.910  0.0000E+00  0.6400E+02
     -2.892  0.0000E+00  0.6400E+02
     -2.874  0.0000E+00  0.6400E+02
     -2.856  0.0000E+00  0.6400E+02
     -2.838  0.0000E+00  0.6400E+02
     -2.820  0.0000E+00  0.6400E+02
     -2.802  0.0000E+00  0.6400E+02
     -2.784  0.0000E+00  0.6400E+02
     -2.766  0.0000E+00  0.6400E+02
     -2.748  0.0000E+00  0.6400E+02
     -2.730  0.0000E+00  0.6400E+02
     -2.713  0.0000E+00  0.6400E+02
     -2.695  0.0000E+00  0.6400E+02
     -2.677  0.0000E+00  0.6400E+02
     -2.659  0.0000E+00  0.6400E+02
     -2.641  0.0000E+00  0.6400E+02
     -2.623  0.0000E+00  0.6400E+02
     -2.605  0.0000E+00  0.6400E+02
     -2.587  0.0000E+00  0.6400E+02
     -2.569  0.0000E+00  0.6400E+02
     -2.551  0.0000E+00  0.6400E+02
     -2.533  0.0000E+00  0.6400E+02
     -2.515  0.0000E+00  0.6400E+02
     -2.497  0.0000E+00  0.6400E+02
     -2.479  0.0000E+00  0.6400E+02
     -2.462  0.0000E+00  0.6400E+02
     -2.444  0.0000E+00  0.6400E+02
     -2.426  0.0000E+00  0.6400E+02
     -2.408  0.0000E+00  0.6400E+02
     -2.390  0.0000E+00  0.6400E+02
     -2.372  0.0000E+00  0.6400E+02
     -2.354  0.0000E+00  0.6400E+02
     -2.336  0.0000E+00  0.6400E+02
     -2.318  0.0000E+00  0.6400E+02
     -2.300  0.0000E+00  0.6400E+02
     -2.282  0.0000E+00  0.6400E+02
     -2.264  0.0000E+00  0.6400E+02
     -2.246  0.0000E+00  0.6400E+02
     -2.228  0.0000E+00  0.6400E+02
     -2.211  0.0000E+00  0.6400E+02
     -2.193  0.0000E+00  0.6400E+02
     -2.175  0.0000E+00  0.6400E+02
     -2.157  0.0000E+00  0.6400E+02
     -2.139  0.0000E+00  0.6400E+02
     -2.121  0.0000E+00  0.6400E+02
     -2.103  0.0000E+00  0.6400E+02
     -2.085  0.0000E+00  0.6400E+02
     -2.067  0.0000E+00  0.6400E+02
     -2.049  0.0000E+00  0.6400E+02
     -2.031  0.0000E+00  0.6400E+02
     -2.013  0.0000E+00  0.6400E+02
     -1.995  0.0000E+00  0.6400E+02
     -1.977  0.0000E+00  0.6400E+02
     -1.960  0.0000E+00  0.6400E+02
     -1.942  0.0000E+00  0.6400E+02
     -1.924  0.0000E+00  0.6400E+02
     -1.906  0.0000E+00  0.6400E+02
     -1.888  0.0000E+00  0.6400E+02
     -1.870  0.0000E+00  0.6400E+02
     -1.852  0.0000E+00  0.6400E+02
     -1.834  0.0000E+00  0.6400E+02
     -1.816  0.0000E+00  0.6400E+02
     -1.798  0.0000E+00  0.6400E+02
     -1.780  0.0000E+00  0.6400E+02
     -1.762  0.0000E+00  0.6400E+02
     -1.744  0.0000E+00  0.6400E+02
     -1.726  0.0000E+00  0.6400E+02
     -1.709  0.0000E+00  0.6400E+02
     -1.691  0.0000E+00  0.6400E+02
     -1.673  0.0000E+00  0.6400E+02
     -1.655  0.0000E+00  0.6400E+02
     -1.637  0.0000E+00  0.6400E+02
     -1.619  0.0000E+00  0.6400E+02
     -1.601  0.0000E+00  0.6400E+02
     -1.583  0.0000E+00  0.6400E+02
     -1.565  0.0000E+00  0.6400E+02
     -1.547  0.0000E+00  0.6400E+02
     -1.529  0.0000E+00  0.6400E+02
     -1.511  0.0000E+00  0.6400E+02
     -1.493  0.0000E+00  0.6400E+02
     -1.475  0.0000E+00  0.6400E+02
     -1.458  0.0000E+00  0.6400E+02
     -1.440  0.0000E+00  0.6400E+02
     -1.422  0.0000E+00  0.6400E+02
     -1.404  0.0000E+00  0.6400E+02
     -1.386  0.0000E+00  0.6400E+02
     -1.368  0.0000E+00  0.6400E+02
     -1.350  0.0000E+00  0.6400E+02
     -1.332  0.0000E+00  0.6400E+02
     -1.314  0.0000E+00  0.6400E+02
     -1.296  0.0000E+00  0.6400E+02
     -1.278  0.0000E+00  0.6400E+02
     -1.260  0.0000E+00  0.6400E+02
     -1.242  0.2035E-03  0.6400E+02
     -1.224  0.1267E-01  0.6400E+02
     -1.207  0.4447E-01  0.6400E+02
     -1.189  0.9560E-01  0.6400E+02
     -1.171  0.1661E+00  0.6400E+02
     -1.153  0.2558E+00  0.6401E+02
     -1.135  0.3650E+00  0.6401E+02
     -1.117  0.5103E+00  0.6402E+02
     -1.099  0.7278E+00  0.6403E+02
     -1.081  0.1019E+01  0.6405E+02
     -1.063  0.1383E+01  0.6407E+02
     -1.045  0.1820E+01  0.6410E+02
     -1.027  0.2331E+01  0.6413E+02
     -1.009  0.2915E+01  0.6418E+02
     -0.991  0.3573E+01  0.6424E+02
     -0.973  0.4304E+01  0.6431E+02
     -0.956  0.5108E+01  0.6439E+02
     -0.938  0.5986E+01  0.6449E+02
     -0.920  0.6937E+01  0.6461E+02
     -0.902  0.7961E+01  0.6474E+02
     -0.884  0.9058E+01  0.6490E+02
     -0.866  0.1034E+02  0.6507E+02
     -0.848  0.1215E+02  0.6527E+02
     -0.830  0.1387E+02  0.6550E+02
     -0.812  0.1548E+02  0.6577E+02
     -0.794  0.1698E+02  0.6606E+02
     -0.776  0.1860E+02  0.6638E+02
     -0.758  0.2026E+02  0.6672E+02
     -0.740  0.2165E+02  0.6710E+02
     -0.722  0.2277E+02  0.6750E+02
     -0.705  0.2565E+02  0.6793E+02
     -0.687  0.2871E+02  0.6842E+02
     -0.669  0.2999E+02  0.6896E+02
     -0.651  0.2979E+02  0.6949E+02
     -0.633  0.3172E+02  0.7004E+02
     -0.615  0.3215E+02  0.7061E+02
     -0.597  0.3153E+02  0.7119E+02
     -0.579  0.4150E+02  0.7177E+02
     -0.561  0.5649E+02  0.7270E+02
     -0.543  0.5836E+02  0.7373E+02
     -0.525  0.5838E+02  0.7478E+02
     -0.507  0.5581E+02  0.7581E+02
     -0.489  0.5170E+02  0.7677E+02
     -0.471  0.4606E+02  0.7765E+02
     -0.454  0.3588E+02  0.7841E+02
     -0.436  0.2226E+02  0.7892E+02
     -0.418  0.1518E+02  0.7925E+02
     -0.400  0.1323E+02  0.7949E+02
     -0.382  0.1486E+02  0.7974E+02
     -0.364  0.1696E+02  0.8003E+02
     -0.346  0.1935E+02  0.8035E+02
     -0.328  0.1929E+02  0.8071E+02
     -0.310  0.1556E+02  0.8102E+02
     -0.292  0.9417E+01  0.8125E+02
     -0.274  0.1390E+02  0.8144E+02
     -0.256  0.3070E+02  0.8184E+02
     -0.238  0.4441E+02  0.8252E+02
     -0.220  0.5617E+02  0.8343E+02
     -0.203  0.6243E+02  0.8449E+02
     -0.185  0.7365E+02  0.8573E+02
     -0.167  0.7069E+02  0.8704E+02
     -0.149  0.6502E+02  0.8825E+02
     -0.131  0.5554E+02  0.8934E+02
     -0.113  0.4079E+02  0.9068E+02
     -0.095  0.4048E+02  0.9140E+02
     -0.077  0.4265E+02  0.9215E+02
     -0.059  0.4721E+02  0.9295E+02
     -0.041  0.5210E+02  0.9384E+02
     -0.023  0.5627E+02  0.9481E+02
     -0.005  0.6102E+02  0.9586E+02
      0.013  0.6522E+02  0.9699E+02
      0.031  0.6894E+02  0.9820E+02
      0.048  0.7146E+02  0.9946E+02
      0.066  0.7295E+02  0.1008E+03
      0.084  0.7347E+02  0.1021E+03
      0.102  0.7214E+02  0.1034E+03
      0.120  0.6486E+02  0.1046E+03
      0.138  0.5474E+02  0.1057E+03
      0.156  0.4384E+02  0.1065E+03
      0.174  0.3639E+02  0.1073E+03
      0.192  0.2901E+02  0.1078E+03
      0.210  0.2861E+02  0.1083E+03
      0.228  0.2812E+02  0.1088E+03
      0.246  0.2767E+02  0.1093E+03
      0.264  0.2740E+02  0.1098E+03
      0.282  0.2714E+02  0.1103E+03
      0.299  0.2691E+02  0.1108E+03
      0.317  0.2670E+02  0.1113E+03
      0.335  0.2652E+02  0.1118E+03
      0.353  0.2635E+02  0.1122E+03
      0.371  0.2621E+02  0.1127E+03
      0.389  0.2608E+02  0.1132E+03
      0.407  0.2598E+02  0.1136E+03
      0.425  0.2591E+02  0.1141E+03
      0.443  0.2585E+02  0.1146E+03
      0.461  0.2581E+02  0.1150E+03
      0.479  0.2580E+02  0.1155E+03
      0.497  0.2581E+02  0.1160E+03
      0.515  0.2584E+02  0.1164E+03
      0.533  0.2585E+02  0.1169E+03
      0.550  0.2391E+02  0.1173E+03
      0.568  0.2108E+02  0.1177E+03
      0.586  0.1818E+02  0.1181E+03
      0.604  0.1654E+02  0.1184E+03
      0.622  0.1533E+02  0.1187E+03
      0.640  0.1454E+02  0.1190E+03
      0.658  0.1396E+02  0.1192E+03
      0.676  0.1651E+02  0.1195E+03
      0.694  0.2253E+02  0.1198E+03
      0.712  0.2612E+02  0.1202E+03
      0.730  0.2582E+02  0.1207E+03
      0.748  0.2556E+02  0.1212E+03
      0.766  0.2535E+02  0.1216E+03
      0.783  0.2518E+02  0.1221E+03
      0.801  0.2505E+02  0.1225E+03
      0.819  0.2496E+02  0.1230E+03
      0.837  0.2492E+02  0.1234E+03
      0.855  0.2960E+02  0.1239E+03
      0.873  0.3332E+02  0.1245E+03
      0.891  0.3357E+02  0.1251E+03
      0.909  0.3036E+02  0.1257E+03
      0.927  0.2694E+02  0.1262E+03
      0.945  0.2461E+02  0.1266E+03
      0.963  0.2383E+02  0.1271E+03
      0.981  0.2315E+02  0.1275E+03
      0.999  0.2192E+02  0.1279E+03
      1.017  0.2105E+02  0.1283E+03
      1.034  0.2041E+02  0.1286E+03
      1.052  0.1985E+02  0.1290E+03
      1.070  0.1932E+02  0.1294E+03
      1.088  0.1893E+02  0.1297E+03
      1.106  0.1866E+02  0.1300E+03
      1.124  0.1853E+02  0.1304E+03
      1.142  0.1852E+02  0.1307E+03
      1.160  0.1865E+02  0.1310E+03
      1.178  0.1891E+02  0.1314E+03
      1.196  0.1927E+02  0.1317E+03
      1.214  0.1962E+02  0.1321E+03
      1.232  0.1992E+02  0.1324E+03
      1.250  0.2017E+02  0.1328E+03
      1.268  0.2038E+02  0.1331E+03
      1.285  0.2054E+02  0.1335E+03
      1.303  0.2066E+02  0.1339E+03
      1.321  0.2073E+02  0.1342E+03
      1.339  0.2075E+02  0.1346E+03
      1.357  0.2073E+02  0.1350E+03
      1.375  0.2067E+02  0.1354E+03
      1.393  0.2055E+02  0.1357E+03
      1.411  0.2039E+02  0.1361E+03
      1.429  0.2019E+02  0.1365E+03
      1.447  0.1993E+02  0.1368E+03
      1.465  0.1964E+02  0.1372E+03
      1.483  0.1929E+02  0.1375E+03
      1.501  0.1890E+02  0.1379E+03
      1.519  0.1847E+02  0.1382E+03
      1.536  0.2319E+02  0.1386E+03
      1.554  0.2429E+02  0.1390E+03
      1.572  0.2220E+02  0.1394E+03
      1.590  0.2177E+02  0.1398E+03
      1.608  0.2132E+02  0.1402E+03
      1.626  0.2103E+02  0.1406E+03
      1.644  0.2167E+02  0.1410E+03
      1.662  0.2287E+02  0.1414E+03
      1.680  0.2483E+02  0.1418E+03
      1.698  0.2764E+02  0.1423E+03
      1.716  0.3194E+02  0.1428E+03
      1.734  0.4874E+02  0.1435E+03
      1.752  0.5746E+02  0.1444E+03
      1.770  0.3488E+02  0.1453E+03
      1.787  0.4470E+02  0.1460E+03
      1.805  0.6478E+02  0.1470E+03
      1.823  0.7598E+02  0.1482E+03
      1.841  0.7296E+02  0.1496E+03
      1.859  0.5575E+02  0.1508E+03
      1.877  0.5161E+02  0.1517E+03
      1.895  0.4735E+02  0.1526E+03
      1.913  0.4932E+02  0.1535E+03
      1.931  0.5075E+02  0.1544E+03
      1.949  0.5130E+02  0.1553E+03
      1.967  0.5105E+02  0.1562E+03
      1.985  0.4972E+02  0.1571E+03
      2.003  0.4685E+02  0.1580E+03
      2.021  0.4621E+02  0.1588E+03
      2.038  0.4676E+02  0.1596E+03
      2.056  0.4673E+02  0.1605E+03
      2.074  0.4607E+02  0.1613E+03
      2.092  0.4470E+02  0.1621E+03
      2.110  0.4259E+02  0.1629E+03
      2.128  0.4088E+02  0.1637E+03
      2.146  0.4054E+02  0.1644E+03
      2.164  0.3956E+02  0.1651E+03
      2.182  0.3997E+02  0.1658E+03
      2.200  0.4011E+02  0.1665E+03
      2.218  0.3985E+02  0.1673E+03
      2.236  0.3920E+02  0.1680E+03
      2.254  0.3815E+02  0.1687E+03
      2.272  0.3671E+02  0.1693E+03
      2.289  0.3488E+02  0.1700E+03
      2.307  0.3265E+02  0.1706E+03
      2.325  0.3006E+02  0.1711E+03
      2.343  0.2945E+02  0.1717E+03
      2.361  0.3054E+02  0.1722E+03
      2.379  0.4365E+02  0.1729E+03
      2.397  0.5059E+02  0.1737E+03
      2.415  0.5465E+02  0.1747E+03
      2.433  0.5606E+02  0.1756E+03
      2.451  0.6113E+02  0.1767E+03
      2.469  0.6060E+02  0.1778E+03
      2.487  0.2024E+03  0.1794E+03
      2.505  0.7744E+02  0.1827E+03
      2.523  0.5150E+02  0.1840E+03
      2.540  0.2695E+02  0.1846E+03
      2.558  0.3304E+02  0.1857E+03
      2.576  0.1080E+03  0.1874E+03
      2.594  0.2810E+02  0.1882E+03
      2.612  0.6504E+02  0.1894E+03
      2.630  0.8594E+02  0.1909E+03
      2.648  0.1069E+03  0.1924E+03
      2.666  0.6657E+02  0.1940E+03
      2.684  0.5809E+02  0.1951E+03
      2.702  0.6289E+02  0.1961E+03
      2.720  0.7472E+02  0.1974E+03
      2.738  0.6948E+02  0.1988E+03
      2.756  0.8808E+02  0.2002E+03
      2.774  0.1034E+03  0.2020E+03
      2.791  0.1117E+03  0.2039E+03
      2.809  0.1127E+03  0.2059E+03
      2.827  0.1033E+03  0.2079E+03
      2.845  0.8742E+02  0.2096E+03
      2.863  0.8707E+02  0.2111E+03
      2.881  0.7886E+02  0.2126E+03
      2.899  0.6015E+02  0.2139E+03
      2.917  0.4808E+02  0.2149E+03
      2.935  0.4365E+02  0.2156E+03
      2.953  0.5036E+02  0.2165E+03
      2.971  0.6150E+02  0.2175E+03
      2.989  0.5002E+02  0.2194E+03
      3.007  0.4254E+02  0.2203E+03
      3.025  0.3665E+02  0.2210E+03
      3.042  0.3214E+02  0.2216E+03
      3.060  0.2986E+02  0.2222E+03
      3.078  0.3388E+02  0.2227E+03
      3.096  0.4442E+02  0.2234E+03
      3.114  0.5430E+02  0.2243E+03
      3.132  0.6382E+02  0.2253E+03
      3.150  0.7020E+02  0.2266E+03
      3.168  0.8932E+02  0.2280E+03
      3.186  0.1159E+03  0.2299E+03
      3.204  0.1420E+03  0.2322E+03
      3.222  0.1469E+03  0.2348E+03
      3.240  0.1116E+03  0.2372E+03
      3.258  0.7276E+02  0.2389E+03
      3.276  0.4086E+02  0.2399E+03
      3.293  0.1026E+03  0.2413E+03
      3.311  0.7963E+02  0.2429E+03
      3.329  0.4458E+02  0.2440E+03
      3.347  0.3918E+02  0.2448E+03
      3.365  0.3425E+02  0.2455E+03
      3.383  0.2976E+02  0.2460E+03
      3.401  0.2573E+02  0.2465E+03
      3.419  0.2214E+02  0.2470E+03
      3.437  0.1901E+02  0.2473E+03
      3.455  0.1633E+02  0.2476E+03
      3.473  0.1409E+02  0.2479E+03
      3.491  0.1256E+02  0.2481E+03
      3.509  0.1156E+02  0.2484E+03
      3.527  0.1440E+02  0.2486E+03
      3.544  0.1732E+02  0.2489E+03
      3.562  0.2021E+02  0.2492E+03
      3.580  0.2298E+02  0.2496E+03
      3.598  0.2547E+02  0.2500E+03
      3.616  0.2765E+02  0.2505E+03
      3.634  0.2647E+02  0.2510E+03
      3.652  0.2124E+02  0.2514E+03
      3.670  0.2738E+02  0.2519E+03
      3.688  0.4333E+02  0.2524E+03
      3.706  0.4472E+02  0.2533E+03
      3.724  0.7569E+02  0.2542E+03
      3.742  0.2296E+02  0.2550E+03
      3.760  0.1727E+02  0.2553E+03
      3.778  0.1239E+02  0.2556E+03
      3.795  0.8317E+01  0.2558E+03
      3.813  0.5053E+01  0.2559E+03
      3.831  0.2598E+01  0.2560E+03
      3.849  0.9521E+00  0.2560E+03
      3.867  0.1154E+00  0.2560E+03
      3.885  0.0000E+00  0.2560E+03
      3.903  0.0000E+00  0.2560E+03
      3.921  0.0000E+00  0.2560E+03
      3.939  0.0000E+00  0.2560E+03
      3.957  0.0000E+00  0.2560E+03
      3.975  0.0000E+00  0.2560E+03
      3.993  0.0000E+00  0.2560E+03
      4.011  0.0000E+00  0.2560E+03
      4.029  0.0000E+00  0.2560E+03
      4.046  0.0000E+00  0.2560E+03
      4.064  0.0000E+00  0.2560E+03
      4.082  0.0000E+00  0.2560E+03
      4.100  0.0000E+00  0.2560E+03
      4.118  0.0000E+00  0.2560E+03
      4.136  0.0000E+00  0.2560E+03
      4.154  0.0000E+00  0.2560E+03
      4.172  0.0000E+00  0.2560E+03
      4.190  0.0000E+00  0.2560E+03
      4.208  0.0000E+00  0.2560E+03
      4.226  0.0000E+00  0.2560E+03
      4.244  0.0000E+00  0.2560E+03
      4.262  0.0000E+00  0.2560E+03
      4.280  0.0000E+00  0.2560E+03
      4.297  0.0000E+00  0.2560E+03
      4.315  0.0000E+00  0.2560E+03
      4.333  0.0000E+00  0.2560E+03
      4.351  0.0000E+00  0.2560E+03
      4.369  0.0000E+00  0.2560E+03
      4.387  0.0000E+00  0.2560E+03
      4.405  0.0000E+00  0.2560E+03
      4.423  0.0000E+00  0.2560E+03
      4.441  0.0000E+00  0.2560E+03
      4.459  0.0000E+00  0.2560E+03
      4.477  0.0000E+00  0.2560E+03
      4.495  0.0000E+00  0.2560E+03
      4.513  0.0000E+00  0.2560E+03
      4.531  0.0000E+00  0.2560E+03
      4.548  0.0000E+00  0.2560E+03
      4.566  0.0000E+00  0.2560E+03
      4.584  0.0000E+00  0.2560E+03
      4.602  0.0000E+00  0.2560E+03
      4.620  0.0000E+00  0.2560E+03
      4.638  0.0000E+00  0.2560E+03
      4.656  0.0000E+00  0.2560E+03
      4.674  0.0000E+00  0.2560E+03
      4.692  0.0000E+00  0.2560E+03
      4.710  0.0000E+00  0.2560E+03
      4.728  0.0000E+00  0.2560E+03
      4.746  0.0000E+00  0.2560E+03
      4.764  0.0000E+00  0.2560E+03
      4.782  0.0000E+00  0.2560E+03
      4.799  0.0000E+00  0.2560E+03
      4.817  0.0000E+00  0.2560E+03
      4.835  0.0000E+00  0.2560E+03
      4.853  0.0000E+00  0.2560E+03
      4.871  0.0000E+00  0.2560E+03
      4.889  0.0000E+00  0.2560E+03
      4.907  0.0000E+00  0.2560E+03
      4.925  0.0000E+00  0.2560E+03
      4.943  0.0000E+00  0.2560E+03
      4.961  0.0000E+00  0.2560E+03
      4.979  0.0000E+00  0.2560E+03
      4.997  0.0000E+00  0.2560E+03
      5.015  0.0000E+00  0.2560E+03
      5.032  0.0000E+00  0.2560E+03
      5.050  0.0000E+00  0.2560E+03
      5.068  0.0000E+00  0.2560E+03
      5.086  0.0000E+00  0.2560E+03
      5.104  0.0000E+00  0.2560E+03
      5.122  0.0000E+00  0.2560E+03
      5.140  0.0000E+00  0.2560E+03
      5.158  0.0000E+00  0.2560E+03
      5.176  0.0000E+00  0.2560E+03
      5.194  0.0000E+00  0.2560E+03
      5.212  0.0000E+00  0.2560E+03
      5.230  0.0000E+00  0.2560E+03
      5.248  0.0000E+00  0.2560E+03
      5.266  0.0000E+00  0.2560E+03
      5.283  0.0000E+00  0.2560E+03
      5.301  0.0000E+00  0.2560E+03
      5.319  0.0000E+00  0.2560E+03
      5.337  0.0000E+00  0.2560E+03
      5.355  0.0000E+00  0.2560E+03
      5.373  0.0000E+00  0.2560E+03
      5.391  0.0000E+00  0.2560E+03
      5.409  0.0000E+00  0.2560E+03
      5.427  0.0000E+00  0.2560E+03
      5.445  0.0000E+00  0.2560E+03
      5.463  0.0000E+00  0.2560E+03
      5.481  0.0000E+00  0.2560E+03
      5.499  0.0000E+00  0.2560E+03
      5.517  0.0000E+00  0.2560E+03
      5.534  0.0000E+00  0.2560E+03
      5.552  0.0000E+00  0.2560E+03
      5.570  0.0000E+00  0.2560E+03
      5.588  0.0000E+00  0.2560E+03
      5.606  0.0000E+00  0.2560E+03
      5.624  0.0000E+00  0.2560E+03
      5.642  0.0000E+00  0.2560E+03
      5.660  0.0000E+00  0.2560E+03
      5.678  0.0000E+00  0.2560E+03
      5.696  0.0000E+00  0.2560E+03
      5.714  0.0000E+00  0.2560E+03
      5.732  0.0000E+00  0.2560E+03
      5.750  0.0000E+00  0.2560E+03
      5.768  0.0000E+00  0.2560E+03
      5.785  0.0000E+00  0.2560E+03
      5.803  0.0000E+00  0.2560E+03
      5.821  0.0000E+00  0.2560E+03
      5.839  0.0000E+00  0.2560E+03
      5.857  0.0000E+00  0.2560E+03
      5.875  0.0000E+00  0.2560E+03
      5.893  0.0000E+00  0.2560E+03
      5.911  0.0000E+00  0.2560E+03
      5.929  0.0000E+00  0.2560E+03
      5.947  0.0000E+00  0.2560E+03
      5.965  0.0000E+00  0.2560E+03
      5.983  0.0000E+00  0.2560E+03
      6.001  0.0000E+00  0.2560E+03
      6.019  0.0000E+00  0.2560E+03
      6.036  0.0000E+00  0.2560E+03
      6.054  0.0000E+00  0.2560E+03
      6.072  0.0000E+00  0.2560E+03
      6.090  0.0000E+00  0.2560E+03
      6.108  0.0000E+00  0.2560E+03
      6.126  0.0000E+00  0.2560E+03
      6.144  0.0000E+00  0.2560E+03
      6.162  0.0000E+00  0.2560E+03
      6.180  0.0000E+00  0.2560E+03
      6.198  0.0000E+00  0.2560E+03
      6.216  0.0000E+00  0.2560E+03
      6.234  0.0000E+00  0.2560E+03
      6.252  0.0000E+00  0.2560E+03
      6.270  0.0000E+00  0.2560E+03
      6.287  0.0000E+00  0.2560E+03
      6.305  0.0000E+00  0.2560E+03
      6.323  0.0000E+00  0.2560E+03
      6.341  0.0000E+00  0.2560E+03
      6.359  0.0000E+00  0.2560E+03
      6.377  0.0000E+00  0.2560E+03
      6.395  0.0000E+00  0.2560E+03
      6.413  0.0000E+00  0.2560E+03
      6.431  0.0000E+00  0.2560E+03
      6.449  0.0000E+00  0.2560E+03
      6.467  0.0000E+00  0.2560E+03
      6.485  0.0000E+00  0.2560E+03
      6.503  0.0000E+00  0.2560E+03
      6.521  0.0000E+00  0.2560E+03
      6.538  0.0000E+00  0.2560E+03
      6.556  0.0000E+00  0.2560E+03
      6.574  0.0000E+00  0.2560E+03
      6.592  0.0000E+00  0.2560E+03
      6.610  0.0000E+00  0.2560E+03
      6.628  0.0000E+00  0.2560E+03
      6.646  0.0000E+00  0.2560E+03
      6.664  0.0000E+00  0.2560E+03
      6.682  0.0000E+00  0.2560E+03
      6.700  0.0000E+00  0.2560E+03
      6.718  0.0000E+00  0.2560E+03
      6.736  0.0000E+00  0.2560E+03
      6.754  0.0000E+00  0.2560E+03
      6.772  0.0000E+00  0.2560E+03
      6.789  0.0000E+00  0.2560E+03
      6.807  0.0000E+00  0.2560E+03
      6.825  0.0000E+00  0.2560E+03
      6.843  0.0000E+00  0.2560E+03
      6.861  0.0000E+00  0.2560E+03
      6.879  0.0000E+00  0.2560E+03
      6.897  0.0000E+00  0.2560E+03
      6.915  0.0000E+00  0.2560E+03
      6.933  0.0000E+00  0.2560E+03
      6.951  0.0000E+00  0.2560E+03
      6.969  0.0000E+00  0.2560E+03
      6.987  0.0000E+00  0.2560E+03
      7.005  0.0000E+00  0.2560E+03
      7.023  0.0000E+00  0.2560E+03
      7.040  0.0000E+00  0.2560E+03
      7.058  0.0000E+00  0.2560E+03
      7.076  0.0000E+00  0.2560E+03
      7.094  0.0000E+00  0.2560E+03
      7.112  0.0000E+00  0.2560E+03
      7.130  0.0000E+00  0.2560E+03
      7.148  0.0000E+00  0.2560E+03
      7.166  0.0000E+00  0.2560E+03
      7.184  0.0000E+00  0.2560E+03
      7.202  0.0000E+00  0.2560E+03
      7.220  0.0000E+00  0.2560E+03
      7.238  0.0000E+00  0.2560E+03
      7.256  0.0000E+00  0.2560E+03
      7.274  0.0000E+00  0.2560E+03
      7.291  0.0000E+00  0.2560E+03
      7.309  0.0000E+00  0.2560E+03
      7.327  0.0000E+00  0.2560E+03
      7.345  0.0000E+00  0.2560E+03
      7.363  0.0000E+00  0.2560E+03
      7.381  0.0000E+00  0.2560E+03
      7.399  0.0000E+00  0.2560E+03
      7.417  0.0000E+00  0.2560E+03
      7.435  0.0000E+00  0.2560E+03
      7.453  0.0000E+00  0.2560E+03
      7.471  0.0000E+00  0.2560E+03
      7.489  0.0000E+00  0.2560E+03
      7.507  0.0000E+00  0.2560E+03
      7.525  0.0000E+00  0.2560E+03
      7.542  0.0000E+00  0.2560E+03
      7.560  0.0000E+00  0.2560E+03
      7.578  0.0000E+00  0.2560E+03
      7.596  0.0000E+00  0.2560E+03
      7.614  0.0000E+00  0.2560E+03
      7.632  0.0000E+00  0.2560E+03
      7.650  0.0000E+00  0.2560E+03
      7.668  0.0000E+00  0.2560E+03
      7.686  0.0000E+00  0.2560E+03
      7.704  0.0000E+00  0.2560E+03
      7.722  0.0000E+00  0.2560E+03
      7.740  0.0000E+00  0.2560E+03
      7.758  0.0000E+00  0.2560E+03
      7.776  0.0000E+00  0.2560E+03
      7.793  0.0000E+00  0.2560E+03
      7.811  0.0000E+00  0.2560E+03
      7.829  0.0000E+00  0.2560E+03
      7.847  0.0000E+00  0.2560E+03
      7.865  0.0000E+00  0.2560E+03
      7.883  0.0000E+00  0.2560E+03
      7.901  0.0000E+00  0.2560E+03
      7.919  0.0000E+00  0.2560E+03
      7.937  0.0000E+00  0.2560E+03
      7.955  0.0000E+00  0.2560E+03
      7.973  0.0000E+00  0.2560E+03
      7.991  0.0000E+00  0.2560E+03
      8.009  0.0000E+00  0.2560E+03
      8.027  0.0000E+00  0.2560E+03
      8.044  0.0000E+00  0.2560E+03
      8.062  0.0000E+00  0.2560E+03
      8.080  0.0000E+00  0.2560E+03
      8.098  0.0000E+00  0.2560E+03
      8.116  0.0000E+00  0.2560E+03
      8.134  0.0000E+00  0.2560E+03
      8.152  0.0000E+00  0.2560E+03
      8.170  0.0000E+00  0.2560E+03
      8.188  0.0000E+00  0.2560E+03
      8.206  0.0000E+00  0.2560E+03
      8.224  0.0000E+00  0.2560E+03
      8.242  0.0000E+00  0.2560E+03
      8.260  0.0000E+00  0.2560E+03
      8.278  0.0000E+00  0.2560E+03
      8.295  0.0000E+00  0.2560E+03
      8.313  0.0000E+00  0.2560E+03
      8.331  0.0000E+00  0.2560E+03
      8.349  0.0000E+00  0.2560E+03
      8.367  0.0000E+00  0.2560E+03
      8.385  0.0000E+00  0.2560E+03
      8.403  0.0000E+00  0.2560E+03
      8.421  0.0000E+00  0.2560E+03
      8.439  0.0000E+00  0.2560E+03
      8.457  0.0000E+00  0.2560E+03
      8.475  0.0000E+00  0.2560E+03
      8.493  0.0000E+00  0.2560E+03
      8.511  0.0000E+00  0.2560E+03
      8.529  0.0000E+00  0.2560E+03
      8.546  0.0000E+00  0.2560E+03
      8.564  0.0000E+00  0.2560E+03
      8.582  0.0000E+00  0.2560E+03
      8.600  0.0000E+00  0.2560E+03
      8.618  0.0000E+00  0.2560E+03
      8.636  0.0000E+00  0.2560E+03
      8.654  0.0000E+00  0.2560E+03
      8.672  0.0000E+00  0.2560E+03
      8.690  0.0000E+00  0.2560E+03
      8.708  0.0000E+00  0.2560E+03
      8.726  0.0000E+00  0.2560E+03
      8.744  0.0000E+00  0.2560E+03
      8.762  0.0000E+00  0.2560E+03
      8.780  0.0000E+00  0.2560E+03
      8.797  0.0000E+00  0.2560E+03
      8.815  0.0000E+00  0.2560E+03
      8.833  0.0000E+00  0.2560E+03
      8.851  0.0000E+00  0.2560E+03
      8.869  0.0000E+00  0.2560E+03
      8.887  0.0000E+00  0.2560E+03
      8.905  0.0000E+00  0.2560E+03
      8.923  0.0000E+00  0.2560E+03
      8.941  0.0000E+00  0.2560E+03
      8.959  0.0000E+00  0.2560E+03
      8.977  0.0000E+00  0.2560E+03
      8.995  0.0000E+00  0.2560E+03
      9.013  0.0000E+00  0.2560E+03
      9.031  0.0000E+00  0.2560E+03
      9.048  0.0000E+00  0.2560E+03
      9.066  0.0000E+00  0.2560E+03
      9.084  0.0000E+00  0.2560E+03
      9.102  0.0000E+00  0.2560E+03
      9.120  0.0000E+00  0.2560E+03
      9.138  0.0000E+00  0.2560E+03
      9.156  0.0000E+00  0.2560E+03
      9.174  0.0000E+00  0.2560E+03
      9.192  0.0000E+00  0.2560E+03
      9.210  0.0000E+00  0.2560E+03
      9.228  0.0000E+00  0.2560E+03
      9.246  0.0000E+00  0.2560E+03
      9.264  0.0000E+00  0.2560E+03
      9.281  0.0000E+00  0.2560E+03
      9.299  0.0000E+00  0.2560E+03
      9.317  0.0000E+00  0.2560E+03
      9.335  0.0000E+00  0.2560E+03
      9.353  0.0000E+00  0.2560E+03
      9.371  0.0000E+00  0.2560E+03
      9.389  0.0000E+00  0.2560E+03
      9.407  0.0000E+00  0.2560E+03
      9.425  0.0000E+00  0.2560E+03
      9.443  0.0000E+00  0.2560E+03
      9.461  0.0000E+00  0.2560E+03
      9.479  0.0000E+00  0.2560E+03
      9.497  0.0000E+00  0.2560E+03
      9.515  0.0000E+00  0.2560E+03
      9.532  0.0000E+00  0.2560E+03
      9.550  0.0000E+00  0.2560E+03
      9.568  0.0000E+00  0.2560E+03
      9.586  0.0000E+00  0.2560E+03
      9.604  0.0000E+00  0.2560E+03
      9.622  0.0000E+00  0.2560E+03
      9.640  0.0000E+00  0.2560E+03
      9.658  0.0000E+00  0.2560E+03
      9.676  0.0000E+00  0.2560E+03
      9.694  0.0000E+00  0.2560E+03
      9.712  0.0000E+00  0.2560E+03
      9.730  0.0000E+00  0.2560E+03
      9.748  0.0000E+00  0.2560E+03
      9.766  0.0000E+00  0.2560E+03
      9.783  0.0000E+00  0.2560E+03
      9.801  0.0000E+00  0.2560E+03
      9.819  0.0000E+00  0.2560E+03
      9.837  0.0000E+00  0.2560E+03
      9.855  0.0000E+00  0.2560E+03
      9.873  0.0000E+00  0.2560E+03
      9.891  0.0000E+00  0.2560E+03
      9.909  0.0000E+00  0.2560E+03
      9.927  0.0000E+00  0.2560E+03
      9.945  0.0000E+00  0.2560E+03
      9.963  0.0000E+00  0.2560E+03
      9.981  0.0000E+00  0.2560E+03
      9.999  0.0000E+00  0.2560E+03
     10.017  0.0000E+00  0.2560E+03
     10.034  0.0000E+00  0.2560E+03
     10.052  0.0000E+00  0.2560E+03
     10.070  0.0000E+00  0.2560E+03
     10.088  0.0000E+00  0.2560E+03
     10.106  0.2120E-04  0.2560E+03
     10.124  0.9478E-03  0.2560E+03
     10.142  0.3246E-02  0.2560E+03
     10.160  0.6914E-02  0.2560E+03
     10.178  0.1195E-01  0.2560E+03
     10.196  0.1836E-01  0.2560E+03
     10.214  0.2615E-01  0.2560E+03
     10.232  0.3530E-01  0.2560E+03
     10.250  0.4582E-01  0.2560E+03
     10.268  0.5772E-01  0.2560E+03
     10.285  0.7099E-01  0.2560E+03
     10.303  0.8562E-01  0.2560E+03
     10.321  0.1016E+00  0.2560E+03
     10.339  0.1190E+00  0.2560E+03
     10.357  0.1378E+00  0.2560E+03
     10.375  0.1579E+00  0.2560E+03
     10.393  0.1794E+00  0.2560E+03
     10.411  0.2022E+00  0.2560E+03
     10.429  0.2265E+00  0.2560E+03
     10.447  0.2521E+00  0.2560E+03
     10.465  0.2791E+00  0.2560E+03
     10.483  0.3074E+00  0.2560E+03
     10.501  0.3371E+00  0.2560E+03
     10.519  0.3682E+00  0.2561E+03
     10.536  0.4007E+00  0.2561E+03
     10.554  0.4345E+00  0.2561E+03
     10.572  0.4697E+00  0.2561E+03
     10.590  0.5063E+00  0.2561E+03
     10.608  0.5442E+00  0.2561E+03
     10.626  0.5835E+00  0.2561E+03
     10.644  0.6242E+00  0.2561E+03
     10.662  0.6663E+00  0.2561E+03
     10.680  0.7097E+00  0.2561E+03
     10.698  0.7545E+00  0.2561E+03
     10.716  0.8007E+00  0.2562E+03
     10.734  0.8482E+00  0.2562E+03
     10.752  0.8971E+00  0.2562E+03
     10.770  0.9474E+00  0.2562E+03
     10.787  0.9991E+00  0.2562E+03
     10.805  0.1052E+01  0.2562E+03
     10.823  0.1107E+01  0.2563E+03
     10.841  0.1162E+01  0.2563E+03
     10.859  0.1219E+01  0.2563E+03
     10.877  0.1278E+01  0.2563E+03
     10.895  0.1338E+01  0.2564E+03
     10.913  0.1399E+01  0.2564E+03
     10.931  0.1462E+01  0.2564E+03
     10.949  0.1526E+01  0.2564E+03
     10.967  0.1591E+01  0.2565E+03
     10.985  0.1658E+01  0.2565E+03
     11.003  0.1726E+01  0.2565E+03
     11.021  0.1795E+01  0.2565E+03
     11.038  0.1953E+01  0.2566E+03
     11.056  0.2171E+01  0.2566E+03
     11.074  0.2374E+01  0.2567E+03
     11.092  0.2562E+01  0.2567E+03
     11.110  0.2734E+01  0.2568E+03
     11.128  0.2891E+01  0.2568E+03
     11.146  0.3033E+01  0.2569E+03
     11.164  0.3159E+01  0.2569E+03
     11.182  0.3271E+01  0.2570E+03
     11.200  0.3367E+01  0.2570E+03
     11.218  0.3447E+01  0.2571E+03
     11.236  0.3513E+01  0.2572E+03
     11.254  0.3563E+01  0.2572E+03
     11.272  0.3598E+01  0.2573E+03
     11.289  0.3617E+01  0.2573E+03
     11.307  0.3621E+01  0.2574E+03
     11.325  0.3610E+01  0.2575E+03
     11.343  0.3584E+01  0.2575E+03
     11.361  0.3543E+01  0.2576E+03
     11.379  0.3486E+01  0.2577E+03
     11.397  0.3414E+01  0.2577E+03
     11.415  0.3326E+01  0.2578E+03
     11.433  0.3224E+01  0.2578E+03
     11.451  0.3106E+01  0.2579E+03
     11.469  0.2045E+01  0.2579E+03
     11.487  0.1179E+01  0.2580E+03
     11.505  0.5498E+00  0.2580E+03
     11.523  0.1578E+00  0.2580E+03
     11.540  0.2799E-02  0.2580E+03
     11.558  0.0000E+00  0.2580E+03
     11.576  0.0000E+00  0.2580E+03
     11.594  0.0000E+00  0.2580E+03
     11.612  0.0000E+00  0.2580E+03
     11.630  0.0000E+00  0.2580E+03
     11.648  0.0000E+00  0.2580E+03
     11.666  0.0000E+00  0.2580E+03
     11.684  0.0000E+00  0.2580E+03
     11.702  0.0000E+00  0.2580E+03
     11.720  0.0000E+00  0.2580E+03
     11.738  0.1158E+00  0.2580E+03
     11.756  0.2809E+00  0.2580E+03
     11.774  0.4415E+00  0.2580E+03
     11.791  0.5976E+00  0.2580E+03
     11.809  0.7491E+00  0.2580E+03
     11.827  0.8960E+00  0.2580E+03
     11.845  0.1038E+01  0.2581E+03
     11.863  0.1176E+01  0.2581E+03
     11.881  0.1310E+01  0.2581E+03
     11.899  0.1438E+01  0.2581E+03
     11.917  0.1563E+01  0.2582E+03
     11.935  0.1682E+01  0.2582E+03
     11.953  0.1798E+01  0.2582E+03
     11.971  0.1908E+01  0.2583E+03
     11.989  0.2014E+01  0.2583E+03
     12.007  0.2116E+01  0.2583E+03
     12.025  0.2213E+01  0.2584E+03
     12.042  0.2305E+01  0.2584E+03
     12.060  0.2393E+01  0.2584E+03
     12.078  0.2476E+01  0.2585E+03
     12.096  0.2555E+01  0.2585E+03
     12.114  0.2630E+01  0.2586E+03
     12.132  0.2699E+01  0.2586E+03
     12.150  0.2764E+01  0.2587E+03
     12.168  0.2825E+01  0.2587E+03
     12.186  0.2881E+01  0.2588E+03
     12.204  0.2933E+01  0.2588E+03
     12.222  0.2980E+01  0.2589E+03
     12.240  0.3022E+01  0.2589E+03
     12.258  0.3060E+01  0.2590E+03
     12.276  0.3094E+01  0.2590E+03
     12.293  0.3122E+01  0.2591E+03
     12.311  0.3147E+01  0.2592E+03
     12.329  0.3166E+01  0.2592E+03
     12.347  0.3182E+01  0.2593E+03
     12.365  0.3192E+01  0.2593E+03
     12.383  0.3199E+01  0.2594E+03
     12.401  0.3200E+01  0.2594E+03
     12.419  0.3197E+01  0.2595E+03
     12.437  0.3190E+01  0.2596E+03
     12.455  0.3071E+01  0.2596E+03
     12.473  0.3154E+01  0.2597E+03
     12.491  0.3225E+01  0.2597E+03
     12.509  0.3282E+01  0.2598E+03
     12.527  0.3326E+01  0.2598E+03
     12.544  0.3358E+01  0.2599E+03
     12.562  0.3376E+01  0.2600E+03
     12.580  0.3381E+01  0.2600E+03
     12.598  0.3374E+01  0.2601E+03
     12.616  0.3353E+01  0.2601E+03
     12.634  0.3318E+01  0.2602E+03
     12.652  0.3376E+01  0.2603E+03
     12.670  0.3658E+01  0.2603E+03
     12.688  0.4164E+01  0.2604E+03
     12.706  0.4895E+01  0.2605E+03
     12.724  0.5616E+01  0.2606E+03
     12.742  0.5745E+01  0.2607E+03
     12.760  0.5867E+01  0.2608E+03
     12.778  0.5982E+01  0.2609E+03
     12.795  0.6090E+01  0.2610E+03
     12.813  0.6190E+01  0.2611E+03
     12.831  0.6283E+01  0.2612E+03
     12.849  0.6369E+01  0.2613E+03
     12.867  0.6447E+01  0.2614E+03
     12.885  0.6518E+01  0.2616E+03
     12.903  0.6582E+01  0.2617E+03
     12.921  0.6633E+01  0.2618E+03
     12.939  0.6668E+01  0.2619E+03
     12.957  0.6688E+01  0.2620E+03
     12.975  0.6693E+01  0.2622E+03
     12.993  0.6683E+01  0.2623E+03
     13.011  0.6657E+01  0.2624E+03
     13.029  0.6616E+01  0.2625E+03
     13.046  0.6560E+01  0.2626E+03
     13.064  0.6505E+01  0.2628E+03
     13.082  0.6612E+01  0.2629E+03
     13.100  0.6927E+01  0.2630E+03
     13.118  0.7452E+01  0.2631E+03
     13.136  0.8189E+01  0.2633E+03
     13.154  0.9117E+01  0.2634E+03
     13.172  0.1009E+02  0.2636E+03
     13.190  0.1093E+02  0.2638E+03
     13.208  0.1164E+02  0.2640E+03
     13.226  0.1220E+02  0.2642E+03
     13.244  0.1219E+02  0.2644E+03
     13.262  0.1198E+02  0.2646E+03
     13.279  0.1160E+02  0.2648E+03
     13.297  0.1102E+02  0.2650E+03
     13.315  0.1026E+02  0.2652E+03
     13.333  0.9321E+01  0.2654E+03
     13.351  0.8500E+01  0.2656E+03
     13.369  0.7979E+01  0.2657E+03
     13.387  0.7474E+01  0.2659E+03
     13.405  0.6847E+01  0.2660E+03
     13.423  0.6098E+01  0.2661E+03
     13.441  0.5228E+01  0.2662E+03
     13.459  0.4236E+01  0.2663E+03
     13.477  0.3122E+01  0.2663E+03
     13.495  0.2988E+01  0.2664E+03
     13.513  0.3260E+01  0.2665E+03
     13.530  0.3544E+01  0.2665E+03
     13.548  0.3840E+01  0.2666E+03
     13.566  0.4147E+01  0.2667E+03
     13.584  0.4467E+01  0.2667E+03
     13.602  0.4798E+01  0.2668E+03
     13.620  0.5142E+01  0.2669E+03
     13.638  0.5497E+01  0.2670E+03
     13.656  0.5864E+01  0.2671E+03
     13.674  0.6243E+01  0.2672E+03
     13.692  0.6634E+01  0.2673E+03
     13.710  0.1865E+02  0.2675E+03
     13.728  0.2114E+02  0.2679E+03
     13.746  0.1937E+02  0.2683E+03
     13.764  0.1576E+02  0.2686E+03
     13.781  0.1030E+02  0.2688E+03
     13.799  0.4097E+01  0.2689E+03
     13.817  0.4329E+01  0.2690E+03
     13.835  0.4587E+01  0.2691E+03
     13.853  0.4875E+01  0.2692E+03
     13.871  0.5210E+01  0.2693E+03
     13.889  0.5596E+01  0.2694E+03
     13.907  0.6124E+01  0.2695E+03
     13.925  0.6791E+01  0.2696E+03
     13.943  0.7542E+01  0.2697E+03
     13.961  0.8287E+01  0.2699E+03
     13.979  0.8937E+01  0.2700E+03
     13.997  0.9494E+01  0.2702E+03
     14.015  0.9956E+01  0.2703E+03
     14.032  0.1032E+02  0.2705E+03
     14.050  0.1060E+02  0.2707E+03
     14.068  0.1078E+02  0.2709E+03
     14.086  0.1086E+02  0.2711E+03
     14.104  0.1085E+02  0.2713E+03
     14.122  0.1075E+02  0.2715E+03
     14.140  0.1055E+02  0.2717E+03
     14.158  0.1026E+02  0.2719E+03
     14.176  0.1015E+02  0.2721E+03
     14.194  0.1187E+02  0.2722E+03
     14.212  0.1658E+02  0.2725E+03
     14.230  0.1977E+02  0.2728E+03
     14.248  0.2345E+02  0.2732E+03
     14.266  0.3083E+02  0.2737E+03
     14.283  0.3146E+02  0.2743E+03
     14.301  0.3378E+02  0.2749E+03
     14.319  0.3809E+02  0.2755E+03
     14.337  0.3563E+02  0.2762E+03
     14.355  0.3098E+02  0.2768E+03
     14.373  0.2483E+02  0.2773E+03
     14.391  0.1718E+02  0.2777E+03
     14.409  0.9341E+01  0.2779E+03
     14.427  0.2638E+01  0.2780E+03
     14.445  0.0000E+00  0.2780E+03
     14.463  0.3455E+01  0.2780E+03
     14.481  0.1082E+02  0.2781E+03
     14.499  0.1374E+02  0.2784E+03
     14.517  0.1223E+02  0.2786E+03
     14.534  0.7706E+01  0.2788E+03
     14.552  0.3149E+02  0.2791E+03
     14.570  0.2721E+02  0.2797E+03
     14.588  0.2253E+02  0.2801E+03
     14.606  0.2342E+02  0.2805E+03
     14.624  0.2212E+02  0.2809E+03
     14.642  0.1862E+02  0.2813E+03
     14.660  0.1546E+02  0.2816E+03
     14.678  0.1541E+02  0.2818E+03
     14.696  0.1530E+02  0.2821E+03
     14.714  0.1511E+02  0.2824E+03
     14.732  0.1485E+02  0.2827E+03
     14.750  0.1468E+02  0.2829E+03
     14.768  0.1490E+02  0.2832E+03
     14.785  0.1497E+02  0.2835E+03
     14.803  0.1491E+02  0.2837E+03
     14.821  0.1471E+02  0.2840E+03
     14.839  0.1435E+02  0.2843E+03
     14.857  0.1470E+02  0.2845E+03
     14.875  0.1517E+02  0.2848E+03
     14.893  0.1530E+02  0.2851E+03
     14.911  0.1510E+02  0.2853E+03
     14.929  0.1488E+02  0.2856E+03
     14.947  0.1457E+02  0.2859E+03
     14.965  0.1425E+02  0.2861E+03
     14.983  0.1429E+02  0.2864E+03
     15.001  0.1436E+02  0.2866E+03
     15.019  0.1444E+02  0.2869E+03
     15.036  0.1453E+02  0.2872E+03
     15.054  0.1461E+02  0.2874E+03
     15.072  0.1469E+02  0.2877E+03
     15.090  0.1475E+02  0.2879E+03
     15.108  0.1481E+02  0.2882E+03
     15.126  0.1486E+02  0.2885E+03
     15.144  0.1490E+02  0.2887E+03
     15.162  0.1494E+02  0.2890E+03
     15.180  0.1496E+02  0.2893E+03
     15.198  0.1498E+02  0.2895E+03
     15.216  0.1499E+02  0.2898E+03
     15.234  0.1508E+02  0.2901E+03
     15.252  0.1581E+02  0.2904E+03
     15.270  0.1650E+02  0.2906E+03
     15.287  0.1755E+02  0.2910E+03
     15.305  0.1882E+02  0.2913E+03
     15.323  0.2002E+02  0.2916E+03
     15.341  0.2117E+02  0.2920E+03
     15.359  0.2161E+02  0.2924E+03
     15.377  0.2201E+02  0.2928E+03
     15.395  0.2259E+02  0.2932E+03
     15.413  0.2419E+02  0.2936E+03
     15.431  0.2568E+02  0.2940E+03
     15.449  0.2585E+02  0.2945E+03
     15.467  0.2696E+02  0.2950E+03
     15.485  0.2795E+02  0.2955E+03
     15.503  0.2829E+02  0.2960E+03
     15.521  0.2802E+02  0.2965E+03
     15.538  0.2620E+02  0.2970E+03
     15.556  0.2438E+02  0.2974E+03
     15.574  0.2492E+02  0.2979E+03
     15.592  0.2526E+02  0.2983E+03
     15.610  0.2510E+02  0.2988E+03
     15.628  0.2432E+02  0.2992E+03
     15.646  0.2253E+02  0.2996E+03
     15.664  0.2095E+02  0.3000E+03
     15.682  0.1899E+02  0.3004E+03
     15.700  0.1701E+02  0.3007E+03
     15.718  0.1511E+02  0.3010E+03
     15.736  0.1329E+02  0.3012E+03
     15.754  0.1221E+02  0.3015E+03
     15.772  0.1138E+02  0.3017E+03
     15.789  0.1057E+02  0.3019E+03
     15.807  0.9670E+01  0.3021E+03
     15.825  0.9815E+01  0.3022E+03
     15.843  0.9915E+01  0.3024E+03
     15.861  0.9969E+01  0.3026E+03
     15.879  0.1092E+02  0.3028E+03
     15.897  0.1500E+02  0.3030E+03
     15.915  0.1951E+02  0.3033E+03
     15.933  0.3534E+02  0.3038E+03
     15.951  0.3015E+02  0.3044E+03
     15.969  0.1727E+02  0.3048E+03
     15.987  0.1815E+02  0.3051E+03
     16.005  0.1747E+02  0.3054E+03
     16.023  0.1522E+02  0.3057E+03
     16.040  0.1140E+02  0.3060E+03
     16.058  0.5964E+01  0.3061E+03
     16.076  0.4511E+01  0.3062E+03
     16.094  0.5637E+01  0.3063E+03
     16.112  0.6923E+01  0.3064E+03
     16.130  0.8367E+01  0.3066E+03
     16.148  0.9970E+01  0.3067E+03
     16.166  0.1174E+02  0.3069E+03
     16.184  0.1375E+02  0.3071E+03
     16.202  0.1601E+02  0.3074E+03
     16.220  0.3621E+02  0.3079E+03
     16.238  0.5861E+01  0.3083E+03
     16.256  0.7493E+01  0.3084E+03
     16.274  0.9598E+01  0.3086E+03
     16.291  0.1231E+02  0.3088E+03
     16.309  0.1564E+02  0.3090E+03
     16.327  0.1953E+02  0.3093E+03
     16.345  0.4283E+02  0.3098E+03
     16.363  0.1223E+02  0.3105E+03
     16.381  0.8112E+01  0.3106E+03
     16.399  0.9199E+01  0.3108E+03
     16.417  0.1022E+02  0.3109E+03
     16.435  0.1105E+02  0.3111E+03
     16.453  0.1169E+02  0.3113E+03
     16.471  0.1308E+02  0.3116E+03
     16.489  0.1540E+02  0.3118E+03
     16.507  0.1539E+02  0.3121E+03
     16.525  0.1511E+02  0.3124E+03
     16.542  0.1456E+02  0.3126E+03
     16.560  0.1373E+02  0.3129E+03
     16.578  0.1264E+02  0.3131E+03
     16.596  0.1144E+02  0.3133E+03
     16.614  0.1199E+02  0.3136E+03
     16.632  0.1352E+02  0.3138E+03
     16.650  0.1381E+02  0.3140E+03
     16.668  0.1396E+02  0.3143E+03
     16.686  0.1398E+02  0.3145E+03
     16.704  0.1386E+02  0.3148E+03
     16.722  0.1381E+02  0.3150E+03
     16.740  0.1394E+02  0.3153E+03
     16.758  0.1424E+02  0.3155E+03
     16.776  0.1473E+02  0.3158E+03
     16.793  0.1421E+02  0.3161E+03
     16.811  0.1343E+02  0.3163E+03
     16.829  0.1251E+02  0.3165E+03
     16.847  0.1191E+02  0.3168E+03
     16.865  0.1190E+02  0.3170E+03
     16.883  0.1185E+02  0.3172E+03
     16.901  0.1176E+02  0.3174E+03
     16.919  0.1163E+02  0.3176E+03
     16.937  0.1145E+02  0.3178E+03
     16.955  0.1124E+02  0.3180E+03
     16.973  0.1094E+02  0.3182E+03
     16.991  0.9954E+01  0.3184E+03
     17.009  0.9093E+01  0.3186E+03
     17.027  0.8361E+01  0.3187E+03
     17.044  0.7757E+01  0.3189E+03
     17.062  0.7035E+01  0.3190E+03
     17.080  0.6193E+01  0.3191E+03
     17.098  0.5533E+01  0.3192E+03
     17.116  0.4970E+01  0.3193E+03
     17.134  0.4505E+01  0.3194E+03
     17.152  0.4136E+01  0.3195E+03
     17.170  0.3864E+01  0.3196E+03
     17.188  0.4906E+01  0.3196E+03
     17.206  0.5946E+01  0.3197E+03
     17.224  0.6891E+01  0.3198E+03
     17.242  0.7737E+01  0.3200E+03
     17.260  0.8485E+01  0.3201E+03
     17.278  0.9132E+01  0.3203E+03
     17.295  0.9681E+01  0.3204E+03
     17.313  0.7434E+01  0.3206E+03
     17.331  0.7948E+01  0.3207E+03
     17.349  0.8396E+01  0.3209E+03
     17.367  0.8757E+01  0.3210E+03
     17.385  0.9030E+01  0.3212E+03
     17.403  0.9216E+01  0.3214E+03
     17.421  0.9315E+01  0.3215E+03
     17.439  0.9326E+01  0.3217E+03
     17.457  0.9188E+01  0.3219E+03
     17.475  0.3499E+01  0.3220E+03
     17.493  0.5039E-01  0.3220E+03
     17.511  0.0000E+00  0.3220E+03
     17.528  0.0000E+00  0.3220E+03
     17.546  0.0000E+00  0.3220E+03
     17.564  0.0000E+00  0.3220E+03
     17.582  0.0000E+00  0.3220E+03
     17.600  0.0000E+00  0.3220E+03
     17.618  0.0000E+00  0.3220E+03
     17.636  0.0000E+00  0.3220E+03
     17.654  0.0000E+00  0.3220E+03
     17.672  0.0000E+00  0.3220E+03
     17.690  0.0000E+00  0.3220E+03
     17.708  0.0000E+00  0.3220E+03
     17.726  0.0000E+00  0.3220E+03
     17.744  0.0000E+00  0.3220E+03
     17.762  0.0000E+00  0.3220E+03
     17.779  0.0000E+00  0.3220E+03
     17.797  0.0000E+00  0.3220E+03
     17.815  0.0000E+00  0.3220E+03
     17.833  0.0000E+00  0.3220E+03
     17.851  0.0000E+00  0.3220E+03
     17.869  0.0000E+00  0.3220E+03
     17.887  0.0000E+00  0.3220E+03
     17.905  0.0000E+00  0.3220E+03
     17.923  0.0000E+00  0.3220E+03
     17.941  0.0000E+00  0.3220E+03
     17.959  0.0000E+00  0.3220E+03
     17.977  0.0000E+00  0.3220E+03
     17.995  0.0000E+00  0.3220E+03
     18.013  0.0000E+00  0.3220E+03
     18.030  0.0000E+00  0.3220E+03
     18.048  0.0000E+00  0.3220E+03
     18.066  0.0000E+00  0.3220E+03
     18.084  0.0000E+00  0.3220E+03
     18.102  0.0000E+00  0.3220E+03
     18.120  0.0000E+00  0.3220E+03
     18.138  0.0000E+00  0.3220E+03
     18.156  0.0000E+00  0.3220E+03
     18.174  0.0000E+00  0.3220E+03
     18.192  0.0000E+00  0.3220E+03
     18.210  0.0000E+00  0.3220E+03
     18.228  0.0000E+00  0.3220E+03
     18.246  0.0000E+00  0.3220E+03
     18.264  0.0000E+00  0.3220E+03
     18.281  0.0000E+00  0.3220E+03
     18.299  0.0000E+00  0.3220E+03
     18.317  0.0000E+00  0.3220E+03
     18.335  0.0000E+00  0.3220E+03
     18.353  0.0000E+00  0.3220E+03
     18.371  0.0000E+00  0.3220E+03
     18.389  0.0000E+00  0.3220E+03
     18.407  0.0000E+00  0.3220E+03
     18.425  0.0000E+00  0.3220E+03
     18.443  0.0000E+00  0.3220E+03
     18.461  0.0000E+00  0.3220E+03
     18.479  0.0000E+00  0.3220E+03
     18.497  0.0000E+00  0.3220E+03
     18.515  0.0000E+00  0.3220E+03
     18.532  0.0000E+00  0.3220E+03
     18.550  0.0000E+00  0.3220E+03
     18.568  0.0000E+00  0.3220E+03
     18.586  0.0000E+00  0.3220E+03
     18.604  0.0000E+00  0.3220E+03
     18.622  0.0000E+00  0.3220E+03
     18.640  0.0000E+00  0.3220E+03
     18.658  0.0000E+00  0.3220E+03
     18.676  0.0000E+00  0.3220E+03
     18.694  0.0000E+00  0.3220E+03
     18.712  0.0000E+00  0.3220E+03
     18.730  0.0000E+00  0.3220E+03
     18.748  0.0000E+00  0.3220E+03
     18.766  0.0000E+00  0.3220E+03
     18.783  0.0000E+00  0.3220E+03
     18.801  0.0000E+00  0.3220E+03
     18.819  0.0000E+00  0.3220E+03
     18.837  0.0000E+00  0.3220E+03
     18.855  0.0000E+00  0.3220E+03
     18.873  0.0000E+00  0.3220E+03
     18.891  0.0000E+00  0.3220E+03
     18.909  0.0000E+00  0.3220E+03
     18.927  0.0000E+00  0.3220E+03
     18.945  0.0000E+00  0.3220E+03
     18.963  0.0000E+00  0.3220E+03
     18.981  0.0000E+00  0.3220E+03
     18.999  0.0000E+00  0.3220E+03
     19.017  0.0000E+00  0.3220E+03
     19.034  0.0000E+00  0.3220E+03
     19.052  0.0000E+00  0.3220E+03
     19.070  0.0000E+00  0.3220E+03
     19.088  0.0000E+00  0.3220E+03
     19.106  0.0000E+00  0.3220E+03
     19.124  0.0000E+00  0.3220E+03

