 Energy DOS Integrated_DOS
    -16.781  0.0000E+00  0.0000E+00
    -16.763  0.0000E+00  0.0000E+00
    -16.745  0.0000E+00  0.0000E+00
    -16.727  0.0000E+00  0.0000E+00
    -16.708  0.0000E+00  0.0000E+00
    -16.690  0.0000E+00  0.0000E+00
    -16.672  0.0000E+00  0.0000E+00
    -16.654  0.0000E+00  0.0000E+00
    -16.636  0.0000E+00  0.0000E+00
    -16.618  0.0000E+00  0.0000E+00
    -16.600  0.0000E+00  0.0000E+00
    -16.582  0.0000E+00  0.0000E+00
    -16.563  0.0000E+00  0.0000E+00
    -16.545  0.0000E+00  0.0000E+00
    -16.527  0.0000E+00  0.0000E+00
    -16.509  0.0000E+00  0.0000E+00
    -16.491  0.0000E+00  0.0000E+00
    -16.473  0.0000E+00  0.0000E+00
    -16.455  0.0000E+00  0.0000E+00
    -16.437  0.0000E+00  0.0000E+00
    -16.418  0.0000E+00  0.0000E+00
    -16.400  0.0000E+00  0.0000E+00
    -16.382  0.0000E+00  0.0000E+00
    -16.364  0.0000E+00  0.0000E+00
    -16.346  0.0000E+00  0.0000E+00
    -16.328  0.0000E+00  0.0000E+00
    -16.310  0.0000E+00  0.0000E+00
    -16.292  0.0000E+00  0.0000E+00
    -16.273  0.0000E+00  0.0000E+00
    -16.255  0.0000E+00  0.0000E+00
    -16.237  0.0000E+00  0.0000E+00
    -16.219  0.0000E+00  0.0000E+00
    -16.201  0.0000E+00  0.0000E+00
    -16.183  0.0000E+00  0.0000E+00
    -16.165  0.0000E+00  0.0000E+00
    -16.147  0.0000E+00  0.0000E+00
    -16.128  0.0000E+00  0.0000E+00
    -16.110  0.0000E+00  0.0000E+00
    -16.092  0.0000E+00  0.0000E+00
    -16.074  0.0000E+00  0.0000E+00
    -16.056  0.0000E+00  0.0000E+00
    -16.038  0.0000E+00  0.0000E+00
    -16.020  0.0000E+00  0.0000E+00
    -16.002  0.0000E+00  0.0000E+00
    -15.983  0.0000E+00  0.0000E+00
    -15.965  0.0000E+00  0.0000E+00
    -15.947  0.0000E+00  0.0000E+00
    -15.929  0.0000E+00  0.0000E+00
    -15.911  0.0000E+00  0.0000E+00
    -15.893  0.0000E+00  0.0000E+00
    -15.875  0.0000E+00  0.0000E+00
    -15.857  0.0000E+00  0.0000E+00
    -15.838  0.0000E+00  0.0000E+00
    -15.820  0.0000E+00  0.0000E+00
    -15.802  0.0000E+00  0.0000E+00
    -15.784  0.0000E+00  0.0000E+00
    -15.766  0.0000E+00  0.0000E+00
    -15.748  0.0000E+00  0.0000E+00
    -15.730  0.0000E+00  0.0000E+00
    -15.712  0.0000E+00  0.0000E+00
    -15.693  0.0000E+00  0.0000E+00
    -15.675  0.0000E+00  0.0000E+00
    -15.657  0.0000E+00  0.0000E+00
    -15.639  0.0000E+00  0.0000E+00
    -15.621  0.0000E+00  0.0000E+00
    -15.603  0.0000E+00  0.0000E+00
    -15.585  0.0000E+00  0.0000E+00
    -15.567  0.0000E+00  0.0000E+00
    -15.548  0.0000E+00  0.0000E+00
    -15.530  0.0000E+00  0.0000E+00
    -15.512  0.0000E+00  0.0000E+00
    -15.494  0.0000E+00  0.0000E+00
    -15.476  0.0000E+00  0.0000E+00
    -15.458  0.0000E+00  0.0000E+00
    -15.440  0.0000E+00  0.0000E+00
    -15.422  0.0000E+00  0.0000E+00
    -15.403  0.0000E+00  0.0000E+00
    -15.385  0.0000E+00  0.0000E+00
    -15.367  0.0000E+00  0.0000E+00
    -15.349  0.0000E+00  0.0000E+00
    -15.331  0.0000E+00  0.0000E+00
    -15.313  0.0000E+00  0.0000E+00
    -15.295  0.0000E+00  0.0000E+00
    -15.276  0.0000E+00  0.0000E+00
    -15.258  0.0000E+00  0.0000E+00
    -15.240  0.0000E+00  0.0000E+00
    -15.222  0.0000E+00  0.0000E+00
    -15.204  0.0000E+00  0.0000E+00
    -15.186  0.0000E+00  0.0000E+00
    -15.168  0.0000E+00  0.0000E+00
    -15.150  0.0000E+00  0.0000E+00
    -15.131  0.4295E-02  0.3538E-05
    -15.113  0.2982E+00  0.2048E-02
    -15.095  0.1054E+01  0.1361E-01
    -15.077  0.2272E+01  0.4305E-01
    -15.059  0.3952E+01  0.9875E-01
    -15.041  0.6093E+01  0.1891E+00
    -15.023  0.8697E+01  0.3224E+00
    -15.005  0.1223E+02  0.5099E+00
    -14.986  0.1500E+02  0.7591E+00
    -14.968  0.1614E+02  0.1044E+01
    -14.950  0.1563E+02  0.1334E+01
    -14.932  0.1349E+02  0.1601E+01
    -14.914  0.9115E+01  0.1811E+01
    -14.896  0.4582E+01  0.1933E+01
    -14.878  0.1593E+01  0.1986E+01
    -14.860  0.1472E+00  0.2000E+01
    -14.841  0.0000E+00  0.2000E+01
    -14.823  0.0000E+00  0.2000E+01
    -14.805  0.0000E+00  0.2000E+01
    -14.787  0.0000E+00  0.2000E+01
    -14.769  0.0000E+00  0.2000E+01
    -14.751  0.4144E+01  0.2037E+01
    -14.733  0.7612E+01  0.2145E+01
    -14.715  0.1023E+02  0.2308E+01
    -14.696  0.1199E+02  0.2511E+01
    -14.678  0.1291E+02  0.2738E+01
    -14.660  0.1297E+02  0.2973E+01
    -14.642  0.1217E+02  0.3203E+01
    -14.624  0.1241E+02  0.3426E+01
    -14.606  0.1251E+02  0.3652E+01
    -14.588  0.1244E+02  0.3878E+01
    -14.570  0.1222E+02  0.4102E+01
    -14.551  0.1184E+02  0.4320E+01
    -14.533  0.1169E+02  0.4532E+01
    -14.515  0.1288E+02  0.4752E+01
    -14.497  0.1549E+02  0.5007E+01
    -14.479  0.1952E+02  0.5322E+01
    -14.461  0.2301E+02  0.5713E+01
    -14.443  0.2488E+02  0.6148E+01
    -14.425  0.2575E+02  0.6609E+01
    -14.406  0.2550E+02  0.7075E+01
    -14.388  0.2397E+02  0.7526E+01
    -14.370  0.1868E+02  0.7920E+01
    -14.352  0.1313E+02  0.8183E+01
    -14.334  0.2773E+02  0.8542E+01
    -14.316  0.7093E+02  0.9300E+01
    -14.298  0.3225E+01  0.1005E+02
    -14.280  0.6241E+01  0.1013E+02
    -14.261  0.1024E+02  0.1028E+02
    -14.243  0.1523E+02  0.1051E+02
    -14.225  0.2158E+02  0.1084E+02
    -14.207  0.3252E+02  0.1132E+02
    -14.189  0.7192E+02  0.1215E+02
    -14.171  0.2397E+02  0.1307E+02
    -14.153  0.3776E+02  0.1362E+02
    -14.135  0.1876E+02  0.1448E+02
    -14.116  0.2111E+02  0.1484E+02
    -14.098  0.2063E+02  0.1523E+02
    -14.080  0.1731E+02  0.1557E+02
    -14.062  0.1452E+02  0.1585E+02
    -14.044  0.1536E+02  0.1612E+02
    -14.026  0.1756E+02  0.1642E+02
    -14.008  0.2176E+02  0.1677E+02
    -13.990  0.3722E+02  0.1728E+02
    -13.971  0.5414E+02  0.1815E+02
    -13.953  0.5168E+02  0.1913E+02
    -13.935  0.4307E+02  0.1998E+02
    -13.917  0.2810E+02  0.2060E+02
    -13.899  0.3077E+02  0.2115E+02
    -13.881  0.2374E+02  0.2166E+02
    -13.863  0.7010E+01  0.2195E+02
    -13.845  0.4312E+02  0.2232E+02
    -13.826  0.6255E+02  0.2335E+02
    -13.808  0.4393E+02  0.2432E+02
    -13.790  0.4674E+02  0.2508E+02
    -13.772  0.5690E+02  0.2603E+02
    -13.754  0.4595E+02  0.2709E+02
    -13.736  0.1733E+02  0.2752E+02
    -13.718  0.4294E+02  0.2803E+02
    -13.700  0.5060E+02  0.2892E+02
    -13.681  0.3456E+02  0.2970E+02
    -13.663  0.8404E+02  0.3056E+02
    -13.645  0.5575E+02  0.3203E+02
    -13.627  0.7224E+02  0.3312E+02
    -13.609  0.4889E+02  0.3510E+02
    -13.591  0.3436E+02  0.3589E+02
    -13.573  0.2260E+02  0.3639E+02
    -13.555  0.2231E+02  0.3678E+02
    -13.536  0.1965E+01  0.4000E+02
    -13.518  0.3192E+02  0.4038E+02
    -13.500  0.4622E+02  0.4110E+02
    -13.482  0.4707E+02  0.4196E+02
    -13.464  0.8026E+02  0.4330E+02
    -13.446  0.6617E+02  0.4465E+02
    -13.428  0.3496E+02  0.4560E+02
    -13.410  0.7970E+01  0.4596E+02
    -13.391  0.1986E+02  0.4614E+02
    -13.373  0.7015E+02  0.4691E+02
    -13.355  0.7158E+02  0.5056E+02
    -13.337  0.6713E+02  0.5191E+02
    -13.319  0.4263E+02  0.5250E+02
    -13.301  0.7613E+02  0.5358E+02
    -13.283  0.2439E+03  0.5547E+02
    -13.265  0.4422E+02  0.5770E+02
    -13.246  0.5692E+02  0.5823E+02
    -13.228  0.4298E+02  0.5974E+02
    -13.210  0.4104E+02  0.6050E+02
    -13.192  0.4045E+02  0.6123E+02
    -13.174  0.4122E+02  0.6197E+02
    -13.156  0.4335E+02  0.6274E+02
    -13.138  0.0000E+00  0.6400E+02
    -13.120  0.0000E+00  0.6400E+02
    -13.101  0.0000E+00  0.6400E+02
    -13.083  0.0000E+00  0.6400E+02
    -13.065  0.0000E+00  0.6400E+02
    -13.047  0.0000E+00  0.6400E+02
    -13.029  0.0000E+00  0.6400E+02
    -13.011  0.0000E+00  0.6400E+02
    -12.993  0.0000E+00  0.6400E+02
    -12.975  0.0000E+00  0.6400E+02
    -12.956  0.0000E+00  0.6400E+02
    -12.938  0.0000E+00  0.6400E+02
    -12.920  0.0000E+00  0.6400E+02
    -12.902  0.0000E+00  0.6400E+02
    -12.884  0.0000E+00  0.6400E+02
    -12.866  0.0000E+00  0.6400E+02
    -12.848  0.0000E+00  0.6400E+02
    -12.830  0.0000E+00  0.6400E+02
    -12.811  0.0000E+00  0.6400E+02
    -12.793  0.0000E+00  0.6400E+02
    -12.775  0.0000E+00  0.6400E+02
    -12.757  0.0000E+00  0.6400E+02
    -12.739  0.0000E+00  0.6400E+02
    -12.721  0.0000E+00  0.6400E+02
    -12.703  0.0000E+00  0.6400E+02
    -12.685  0.0000E+00  0.6400E+02
    -12.666  0.0000E+00  0.6400E+02
    -12.648  0.0000E+00  0.6400E+02
    -12.630  0.0000E+00  0.6400E+02
    -12.612  0.0000E+00  0.6400E+02
    -12.594  0.0000E+00  0.6400E+02
    -12.576  0.0000E+00  0.6400E+02
    -12.558  0.0000E+00  0.6400E+02
    -12.540  0.0000E+00  0.6400E+02
    -12.521  0.0000E+00  0.6400E+02
    -12.503  0.0000E+00  0.6400E+02
    -12.485  0.0000E+00  0.6400E+02
    -12.467  0.0000E+00  0.6400E+02
    -12.449  0.0000E+00  0.6400E+02
    -12.431  0.0000E+00  0.6400E+02
    -12.413  0.0000E+00  0.6400E+02
    -12.395  0.0000E+00  0.6400E+02
    -12.376  0.0000E+00  0.6400E+02
    -12.358  0.0000E+00  0.6400E+02
    -12.340  0.0000E+00  0.6400E+02
    -12.322  0.0000E+00  0.6400E+02
    -12.304  0.0000E+00  0.6400E+02
    -12.286  0.0000E+00  0.6400E+02
    -12.268  0.0000E+00  0.6400E+02
    -12.250  0.0000E+00  0.6400E+02
    -12.231  0.0000E+00  0.6400E+02
    -12.213  0.0000E+00  0.6400E+02
    -12.195  0.0000E+00  0.6400E+02
    -12.177  0.0000E+00  0.6400E+02
    -12.159  0.0000E+00  0.6400E+02
    -12.141  0.0000E+00  0.6400E+02
    -12.123  0.0000E+00  0.6400E+02
    -12.105  0.0000E+00  0.6400E+02
    -12.086  0.0000E+00  0.6400E+02
    -12.068  0.0000E+00  0.6400E+02
    -12.050  0.0000E+00  0.6400E+02
    -12.032  0.0000E+00  0.6400E+02
    -12.014  0.0000E+00  0.6400E+02
    -11.996  0.0000E+00  0.6400E+02
    -11.978  0.0000E+00  0.6400E+02
    -11.960  0.0000E+00  0.6400E+02
    -11.941  0.0000E+00  0.6400E+02
    -11.923  0.0000E+00  0.6400E+02
    -11.905  0.0000E+00  0.6400E+02
    -11.887  0.0000E+00  0.6400E+02
    -11.869  0.0000E+00  0.6400E+02
    -11.851  0.0000E+00  0.6400E+02
    -11.833  0.0000E+00  0.6400E+02
    -11.815  0.0000E+00  0.6400E+02
    -11.796  0.0000E+00  0.6400E+02
    -11.778  0.0000E+00  0.6400E+02
    -11.760  0.0000E+00  0.6400E+02
    -11.742  0.0000E+00  0.6400E+02
    -11.724  0.0000E+00  0.6400E+02
    -11.706  0.0000E+00  0.6400E+02
    -11.688  0.0000E+00  0.6400E+02
    -11.670  0.0000E+00  0.6400E+02
    -11.651  0.0000E+00  0.6400E+02
    -11.633  0.0000E+00  0.6400E+02
    -11.615  0.0000E+00  0.6400E+02
    -11.597  0.0000E+00  0.6400E+02
    -11.579  0.0000E+00  0.6400E+02
    -11.561  0.0000E+00  0.6400E+02
    -11.543  0.0000E+00  0.6400E+02
    -11.525  0.0000E+00  0.6400E+02
    -11.506  0.0000E+00  0.6400E+02
    -11.488  0.0000E+00  0.6400E+02
    -11.470  0.0000E+00  0.6400E+02
    -11.452  0.0000E+00  0.6400E+02
    -11.434  0.0000E+00  0.6400E+02
    -11.416  0.0000E+00  0.6400E+02
    -11.398  0.0000E+00  0.6400E+02
    -11.380  0.0000E+00  0.6400E+02
    -11.361  0.0000E+00  0.6400E+02
    -11.343  0.0000E+00  0.6400E+02
    -11.325  0.0000E+00  0.6400E+02
    -11.307  0.0000E+00  0.6400E+02
    -11.289  0.0000E+00  0.6400E+02
    -11.271  0.0000E+00  0.6400E+02
    -11.253  0.0000E+00  0.6400E+02
    -11.235  0.0000E+00  0.6400E+02
    -11.216  0.0000E+00  0.6400E+02
    -11.198  0.0000E+00  0.6400E+02
    -11.180  0.0000E+00  0.6400E+02
    -11.162  0.0000E+00  0.6400E+02
    -11.144  0.0000E+00  0.6400E+02
    -11.126  0.0000E+00  0.6400E+02
    -11.108  0.0000E+00  0.6400E+02
    -11.090  0.0000E+00  0.6400E+02
    -11.071  0.0000E+00  0.6400E+02
    -11.053  0.0000E+00  0.6400E+02
    -11.035  0.0000E+00  0.6400E+02
    -11.017  0.0000E+00  0.6400E+02
    -10.999  0.0000E+00  0.6400E+02
    -10.981  0.0000E+00  0.6400E+02
    -10.963  0.0000E+00  0.6400E+02
    -10.945  0.0000E+00  0.6400E+02
    -10.926  0.0000E+00  0.6400E+02
    -10.908  0.0000E+00  0.6400E+02
    -10.890  0.0000E+00  0.6400E+02
    -10.872  0.0000E+00  0.6400E+02
    -10.854  0.0000E+00  0.6400E+02
    -10.836  0.0000E+00  0.6400E+02
    -10.818  0.0000E+00  0.6400E+02
    -10.800  0.0000E+00  0.6400E+02
    -10.781  0.0000E+00  0.6400E+02
    -10.763  0.0000E+00  0.6400E+02
    -10.745  0.0000E+00  0.6400E+02
    -10.727  0.0000E+00  0.6400E+02
    -10.709  0.0000E+00  0.6400E+02
    -10.691  0.0000E+00  0.6400E+02
    -10.673  0.0000E+00  0.6400E+02
    -10.655  0.0000E+00  0.6400E+02
    -10.636  0.0000E+00  0.6400E+02
    -10.618  0.0000E+00  0.6400E+02
    -10.600  0.0000E+00  0.6400E+02
    -10.582  0.0000E+00  0.6400E+02
    -10.564  0.0000E+00  0.6400E+02
    -10.546  0.0000E+00  0.6400E+02
    -10.528  0.0000E+00  0.6400E+02
    -10.510  0.0000E+00  0.6400E+02
    -10.491  0.0000E+00  0.6400E+02
    -10.473  0.0000E+00  0.6400E+02
    -10.455  0.0000E+00  0.6400E+02
    -10.437  0.0000E+00  0.6400E+02
    -10.419  0.0000E+00  0.6400E+02
    -10.401  0.0000E+00  0.6400E+02
    -10.383  0.0000E+00  0.6400E+02
    -10.365  0.0000E+00  0.6400E+02
    -10.346  0.0000E+00  0.6400E+02
    -10.328  0.0000E+00  0.6400E+02
    -10.310  0.0000E+00  0.6400E+02
    -10.292  0.0000E+00  0.6400E+02
    -10.274  0.0000E+00  0.6400E+02
    -10.256  0.0000E+00  0.6400E+02
    -10.238  0.0000E+00  0.6400E+02
    -10.220  0.0000E+00  0.6400E+02
    -10.201  0.0000E+00  0.6400E+02
    -10.183  0.0000E+00  0.6400E+02
    -10.165  0.0000E+00  0.6400E+02
    -10.147  0.0000E+00  0.6400E+02
    -10.129  0.0000E+00  0.6400E+02
    -10.111  0.0000E+00  0.6400E+02
    -10.093  0.0000E+00  0.6400E+02
    -10.075  0.0000E+00  0.6400E+02
    -10.056  0.0000E+00  0.6400E+02
    -10.038  0.0000E+00  0.6400E+02
    -10.020  0.0000E+00  0.6400E+02
    -10.002  0.0000E+00  0.6400E+02
     -9.984  0.0000E+00  0.6400E+02
     -9.966  0.0000E+00  0.6400E+02
     -9.948  0.0000E+00  0.6400E+02
     -9.930  0.0000E+00  0.6400E+02
     -9.911  0.0000E+00  0.6400E+02
     -9.893  0.0000E+00  0.6400E+02
     -9.875  0.0000E+00  0.6400E+02
     -9.857  0.0000E+00  0.6400E+02
     -9.839  0.0000E+00  0.6400E+02
     -9.821  0.0000E+00  0.6400E+02
     -9.803  0.0000E+00  0.6400E+02
     -9.784  0.0000E+00  0.6400E+02
     -9.766  0.0000E+00  0.6400E+02
     -9.748  0.0000E+00  0.6400E+02
     -9.730  0.0000E+00  0.6400E+02
     -9.712  0.0000E+00  0.6400E+02
     -9.694  0.0000E+00  0.6400E+02
     -9.676  0.0000E+00  0.6400E+02
     -9.658  0.0000E+00  0.6400E+02
     -9.639  0.0000E+00  0.6400E+02
     -9.621  0.0000E+00  0.6400E+02
     -9.603  0.0000E+00  0.6400E+02
     -9.585  0.0000E+00  0.6400E+02
     -9.567  0.0000E+00  0.6400E+02
     -9.549  0.0000E+00  0.6400E+02
     -9.531  0.0000E+00  0.6400E+02
     -9.513  0.0000E+00  0.6400E+02
     -9.494  0.0000E+00  0.6400E+02
     -9.476  0.0000E+00  0.6400E+02
     -9.458  0.0000E+00  0.6400E+02
     -9.440  0.0000E+00  0.6400E+02
     -9.422  0.0000E+00  0.6400E+02
     -9.404  0.0000E+00  0.6400E+02
     -9.386  0.0000E+00  0.6400E+02
     -9.368  0.0000E+00  0.6400E+02
     -9.349  0.0000E+00  0.6400E+02
     -9.331  0.0000E+00  0.6400E+02
     -9.313  0.0000E+00  0.6400E+02
     -9.295  0.0000E+00  0.6400E+02
     -9.277  0.0000E+00  0.6400E+02
     -9.259  0.0000E+00  0.6400E+02
     -9.241  0.0000E+00  0.6400E+02
     -9.223  0.0000E+00  0.6400E+02
     -9.204  0.0000E+00  0.6400E+02
     -9.186  0.0000E+00  0.6400E+02
     -9.168  0.0000E+00  0.6400E+02
     -9.150  0.0000E+00  0.6400E+02
     -9.132  0.0000E+00  0.6400E+02
     -9.114  0.0000E+00  0.6400E+02
     -9.096  0.0000E+00  0.6400E+02
     -9.078  0.0000E+00  0.6400E+02
     -9.059  0.0000E+00  0.6400E+02
     -9.041  0.0000E+00  0.6400E+02
     -9.023  0.0000E+00  0.6400E+02
     -9.005  0.0000E+00  0.6400E+02
     -8.987  0.0000E+00  0.6400E+02
     -8.969  0.0000E+00  0.6400E+02
     -8.951  0.0000E+00  0.6400E+02
     -8.933  0.0000E+00  0.6400E+02
     -8.914  0.0000E+00  0.6400E+02
     -8.896  0.0000E+00  0.6400E+02
     -8.878  0.0000E+00  0.6400E+02
     -8.860  0.0000E+00  0.6400E+02
     -8.842  0.0000E+00  0.6400E+02
     -8.824  0.0000E+00  0.6400E+02
     -8.806  0.0000E+00  0.6400E+02
     -8.788  0.0000E+00  0.6400E+02
     -8.769  0.0000E+00  0.6400E+02
     -8.751  0.0000E+00  0.6400E+02
     -8.733  0.0000E+00  0.6400E+02
     -8.715  0.0000E+00  0.6400E+02
     -8.697  0.0000E+00  0.6400E+02
     -8.679  0.0000E+00  0.6400E+02
     -8.661  0.0000E+00  0.6400E+02
     -8.643  0.0000E+00  0.6400E+02
     -8.624  0.0000E+00  0.6400E+02
     -8.606  0.0000E+00  0.6400E+02
     -8.588  0.0000E+00  0.6400E+02
     -8.570  0.0000E+00  0.6400E+02
     -8.552  0.0000E+00  0.6400E+02
     -8.534  0.0000E+00  0.6400E+02
     -8.516  0.0000E+00  0.6400E+02
     -8.498  0.0000E+00  0.6400E+02
     -8.479  0.0000E+00  0.6400E+02
     -8.461  0.0000E+00  0.6400E+02
     -8.443  0.0000E+00  0.6400E+02
     -8.425  0.0000E+00  0.6400E+02
     -8.407  0.0000E+00  0.6400E+02
     -8.389  0.0000E+00  0.6400E+02
     -8.371  0.0000E+00  0.6400E+02
     -8.353  0.0000E+00  0.6400E+02
     -8.334  0.0000E+00  0.6400E+02
     -8.316  0.0000E+00  0.6400E+02
     -8.298  0.0000E+00  0.6400E+02
     -8.280  0.0000E+00  0.6400E+02
     -8.262  0.0000E+00  0.6400E+02
     -8.244  0.0000E+00  0.6400E+02
     -8.226  0.0000E+00  0.6400E+02
     -8.208  0.0000E+00  0.6400E+02
     -8.189  0.0000E+00  0.6400E+02
     -8.171  0.0000E+00  0.6400E+02
     -8.153  0.0000E+00  0.6400E+02
     -8.135  0.0000E+00  0.6400E+02
     -8.117  0.0000E+00  0.6400E+02
     -8.099  0.0000E+00  0.6400E+02
     -8.081  0.0000E+00  0.6400E+02
     -8.063  0.0000E+00  0.6400E+02
     -8.044  0.0000E+00  0.6400E+02
     -8.026  0.0000E+00  0.6400E+02
     -8.008  0.0000E+00  0.6400E+02
     -7.990  0.0000E+00  0.6400E+02
     -7.972  0.0000E+00  0.6400E+02
     -7.954  0.0000E+00  0.6400E+02
     -7.936  0.0000E+00  0.6400E+02
     -7.918  0.0000E+00  0.6400E+02
     -7.899  0.0000E+00  0.6400E+02
     -7.881  0.0000E+00  0.6400E+02
     -7.863  0.0000E+00  0.6400E+02
     -7.845  0.0000E+00  0.6400E+02
     -7.827  0.0000E+00  0.6400E+02
     -7.809  0.0000E+00  0.6400E+02
     -7.791  0.0000E+00  0.6400E+02
     -7.773  0.0000E+00  0.6400E+02
     -7.754  0.0000E+00  0.6400E+02
     -7.736  0.0000E+00  0.6400E+02
     -7.718  0.0000E+00  0.6400E+02
     -7.700  0.0000E+00  0.6400E+02
     -7.682  0.0000E+00  0.6400E+02
     -7.664  0.0000E+00  0.6400E+02
     -7.646  0.0000E+00  0.6400E+02
     -7.628  0.0000E+00  0.6400E+02
     -7.609  0.0000E+00  0.6400E+02
     -7.591  0.0000E+00  0.6400E+02
     -7.573  0.0000E+00  0.6400E+02
     -7.555  0.0000E+00  0.6400E+02
     -7.537  0.0000E+00  0.6400E+02
     -7.519  0.0000E+00  0.6400E+02
     -7.501  0.0000E+00  0.6400E+02
     -7.483  0.0000E+00  0.6400E+02
     -7.464  0.0000E+00  0.6400E+02
     -7.446  0.0000E+00  0.6400E+02
     -7.428  0.0000E+00  0.6400E+02
     -7.410  0.0000E+00  0.6400E+02
     -7.392  0.0000E+00  0.6400E+02
     -7.374  0.0000E+00  0.6400E+02
     -7.356  0.0000E+00  0.6400E+02
     -7.338  0.0000E+00  0.6400E+02
     -7.319  0.0000E+00  0.6400E+02
     -7.301  0.0000E+00  0.6400E+02
     -7.283  0.0000E+00  0.6400E+02
     -7.265  0.0000E+00  0.6400E+02
     -7.247  0.0000E+00  0.6400E+02
     -7.229  0.0000E+00  0.6400E+02
     -7.211  0.0000E+00  0.6400E+02
     -7.193  0.0000E+00  0.6400E+02
     -7.174  0.0000E+00  0.6400E+02
     -7.156  0.0000E+00  0.6400E+02
     -7.138  0.0000E+00  0.6400E+02
     -7.120  0.0000E+00  0.6400E+02
     -7.102  0.0000E+00  0.6400E+02
     -7.084  0.0000E+00  0.6400E+02
     -7.066  0.0000E+00  0.6400E+02
     -7.048  0.0000E+00  0.6400E+02
     -7.029  0.0000E+00  0.6400E+02
     -7.011  0.0000E+00  0.6400E+02
     -6.993  0.0000E+00  0.6400E+02
     -6.975  0.0000E+00  0.6400E+02
     -6.957  0.0000E+00  0.6400E+02
     -6.939  0.0000E+00  0.6400E+02
     -6.921  0.0000E+00  0.6400E+02
     -6.903  0.0000E+00  0.6400E+02
     -6.884  0.0000E+00  0.6400E+02
     -6.866  0.0000E+00  0.6400E+02
     -6.848  0.0000E+00  0.6400E+02
     -6.830  0.0000E+00  0.6400E+02
     -6.812  0.0000E+00  0.6400E+02
     -6.794  0.0000E+00  0.6400E+02
     -6.776  0.0000E+00  0.6400E+02
     -6.758  0.0000E+00  0.6400E+02
     -6.739  0.0000E+00  0.6400E+02
     -6.721  0.0000E+00  0.6400E+02
     -6.703  0.0000E+00  0.6400E+02
     -6.685  0.0000E+00  0.6400E+02
     -6.667  0.0000E+00  0.6400E+02
     -6.649  0.0000E+00  0.6400E+02
     -6.631  0.0000E+00  0.6400E+02
     -6.613  0.0000E+00  0.6400E+02
     -6.594  0.0000E+00  0.6400E+02
     -6.576  0.0000E+00  0.6400E+02
     -6.558  0.0000E+00  0.6400E+02
     -6.540  0.0000E+00  0.6400E+02
     -6.522  0.0000E+00  0.6400E+02
     -6.504  0.0000E+00  0.6400E+02
     -6.486  0.0000E+00  0.6400E+02
     -6.468  0.0000E+00  0.6400E+02
     -6.449  0.0000E+00  0.6400E+02
     -6.431  0.0000E+00  0.6400E+02
     -6.413  0.0000E+00  0.6400E+02
     -6.395  0.0000E+00  0.6400E+02
     -6.377  0.0000E+00  0.6400E+02
     -6.359  0.0000E+00  0.6400E+02
     -6.341  0.0000E+00  0.6400E+02
     -6.323  0.0000E+00  0.6400E+02
     -6.304  0.0000E+00  0.6400E+02
     -6.286  0.0000E+00  0.6400E+02
     -6.268  0.0000E+00  0.6400E+02
     -6.250  0.0000E+00  0.6400E+02
     -6.232  0.0000E+00  0.6400E+02
     -6.214  0.0000E+00  0.6400E+02
     -6.196  0.0000E+00  0.6400E+02
     -6.178  0.0000E+00  0.6400E+02
     -6.159  0.0000E+00  0.6400E+02
     -6.141  0.0000E+00  0.6400E+02
     -6.123  0.0000E+00  0.6400E+02
     -6.105  0.0000E+00  0.6400E+02
     -6.087  0.0000E+00  0.6400E+02
     -6.069  0.0000E+00  0.6400E+02
     -6.051  0.0000E+00  0.6400E+02
     -6.033  0.0000E+00  0.6400E+02
     -6.014  0.0000E+00  0.6400E+02
     -5.996  0.0000E+00  0.6400E+02
     -5.978  0.0000E+00  0.6400E+02
     -5.960  0.0000E+00  0.6400E+02
     -5.942  0.0000E+00  0.6400E+02
     -5.924  0.0000E+00  0.6400E+02
     -5.906  0.0000E+00  0.6400E+02
     -5.888  0.0000E+00  0.6400E+02
     -5.869  0.0000E+00  0.6400E+02
     -5.851  0.0000E+00  0.6400E+02
     -5.833  0.0000E+00  0.6400E+02
     -5.815  0.0000E+00  0.6400E+02
     -5.797  0.0000E+00  0.6400E+02
     -5.779  0.0000E+00  0.6400E+02
     -5.761  0.0000E+00  0.6400E+02
     -5.743  0.0000E+00  0.6400E+02
     -5.724  0.0000E+00  0.6400E+02
     -5.706  0.0000E+00  0.6400E+02
     -5.688  0.0000E+00  0.6400E+02
     -5.670  0.0000E+00  0.6400E+02
     -5.652  0.0000E+00  0.6400E+02
     -5.634  0.0000E+00  0.6400E+02
     -5.616  0.0000E+00  0.6400E+02
     -5.598  0.0000E+00  0.6400E+02
     -5.579  0.0000E+00  0.6400E+02
     -5.561  0.0000E+00  0.6400E+02
     -5.543  0.0000E+00  0.6400E+02
     -5.525  0.0000E+00  0.6400E+02
     -5.507  0.0000E+00  0.6400E+02
     -5.489  0.0000E+00  0.6400E+02
     -5.471  0.0000E+00  0.6400E+02
     -5.453  0.0000E+00  0.6400E+02
     -5.434  0.0000E+00  0.6400E+02
     -5.416  0.0000E+00  0.6400E+02
     -5.398  0.0000E+00  0.6400E+02
     -5.380  0.0000E+00  0.6400E+02
     -5.362  0.0000E+00  0.6400E+02
     -5.344  0.0000E+00  0.6400E+02
     -5.326  0.0000E+00  0.6400E+02
     -5.308  0.0000E+00  0.6400E+02
     -5.289  0.0000E+00  0.6400E+02
     -5.271  0.0000E+00  0.6400E+02
     -5.253  0.0000E+00  0.6400E+02
     -5.235  0.0000E+00  0.6400E+02
     -5.217  0.0000E+00  0.6400E+02
     -5.199  0.0000E+00  0.6400E+02
     -5.181  0.0000E+00  0.6400E+02
     -5.163  0.0000E+00  0.6400E+02
     -5.144  0.0000E+00  0.6400E+02
     -5.126  0.0000E+00  0.6400E+02
     -5.108  0.0000E+00  0.6400E+02
     -5.090  0.0000E+00  0.6400E+02
     -5.072  0.0000E+00  0.6400E+02
     -5.054  0.0000E+00  0.6400E+02
     -5.036  0.0000E+00  0.6400E+02
     -5.018  0.0000E+00  0.6400E+02
     -4.999  0.0000E+00  0.6400E+02
     -4.981  0.0000E+00  0.6400E+02
     -4.963  0.0000E+00  0.6400E+02
     -4.945  0.0000E+00  0.6400E+02
     -4.927  0.0000E+00  0.6400E+02
     -4.909  0.0000E+00  0.6400E+02
     -4.891  0.0000E+00  0.6400E+02
     -4.873  0.0000E+00  0.6400E+02
     -4.854  0.0000E+00  0.6400E+02
     -4.836  0.0000E+00  0.6400E+02
     -4.818  0.0000E+00  0.6400E+02
     -4.800  0.0000E+00  0.6400E+02
     -4.782  0.0000E+00  0.6400E+02
     -4.764  0.0000E+00  0.6400E+02
     -4.746  0.0000E+00  0.6400E+02
     -4.728  0.0000E+00  0.6400E+02
     -4.709  0.0000E+00  0.6400E+02
     -4.691  0.0000E+00  0.6400E+02
     -4.673  0.0000E+00  0.6400E+02
     -4.655  0.0000E+00  0.6400E+02
     -4.637  0.0000E+00  0.6400E+02
     -4.619  0.0000E+00  0.6400E+02
     -4.601  0.0000E+00  0.6400E+02
     -4.583  0.0000E+00  0.6400E+02
     -4.564  0.0000E+00  0.6400E+02
     -4.546  0.0000E+00  0.6400E+02
     -4.528  0.0000E+00  0.6400E+02
     -4.510  0.0000E+00  0.6400E+02
     -4.492  0.0000E+00  0.6400E+02
     -4.474  0.0000E+00  0.6400E+02
     -4.456  0.0000E+00  0.6400E+02
     -4.438  0.0000E+00  0.6400E+02
     -4.419  0.0000E+00  0.6400E+02
     -4.401  0.0000E+00  0.6400E+02
     -4.383  0.0000E+00  0.6400E+02
     -4.365  0.0000E+00  0.6400E+02
     -4.347  0.0000E+00  0.6400E+02
     -4.329  0.0000E+00  0.6400E+02
     -4.311  0.0000E+00  0.6400E+02
     -4.292  0.0000E+00  0.6400E+02
     -4.274  0.0000E+00  0.6400E+02
     -4.256  0.0000E+00  0.6400E+02
     -4.238  0.0000E+00  0.6400E+02
     -4.220  0.0000E+00  0.6400E+02
     -4.202  0.0000E+00  0.6400E+02
     -4.184  0.0000E+00  0.6400E+02
     -4.166  0.0000E+00  0.6400E+02
     -4.147  0.0000E+00  0.6400E+02
     -4.129  0.0000E+00  0.6400E+02
     -4.111  0.0000E+00  0.6400E+02
     -4.093  0.0000E+00  0.6400E+02
     -4.075  0.0000E+00  0.6400E+02
     -4.057  0.0000E+00  0.6400E+02
     -4.039  0.0000E+00  0.6400E+02
     -4.021  0.0000E+00  0.6400E+02
     -4.002  0.0000E+00  0.6400E+02
     -3.984  0.0000E+00  0.6400E+02
     -3.966  0.0000E+00  0.6400E+02
     -3.948  0.0000E+00  0.6400E+02
     -3.930  0.0000E+00  0.6400E+02
     -3.912  0.0000E+00  0.6400E+02
     -3.894  0.0000E+00  0.6400E+02
     -3.876  0.0000E+00  0.6400E+02
     -3.857  0.0000E+00  0.6400E+02
     -3.839  0.0000E+00  0.6400E+02
     -3.821  0.0000E+00  0.6400E+02
     -3.803  0.0000E+00  0.6400E+02
     -3.785  0.0000E+00  0.6400E+02
     -3.767  0.0000E+00  0.6400E+02
     -3.749  0.0000E+00  0.6400E+02
     -3.731  0.0000E+00  0.6400E+02
     -3.712  0.0000E+00  0.6400E+02
     -3.694  0.0000E+00  0.6400E+02
     -3.676  0.0000E+00  0.6400E+02
     -3.658  0.0000E+00  0.6400E+02
     -3.640  0.0000E+00  0.6400E+02
     -3.622  0.0000E+00  0.6400E+02
     -3.604  0.0000E+00  0.6400E+02
     -3.586  0.0000E+00  0.6400E+02
     -3.567  0.0000E+00  0.6400E+02
     -3.549  0.0000E+00  0.6400E+02
     -3.531  0.0000E+00  0.6400E+02
     -3.513  0.0000E+00  0.6400E+02
     -3.495  0.0000E+00  0.6400E+02
     -3.477  0.0000E+00  0.6400E+02
     -3.459  0.0000E+00  0.6400E+02
     -3.441  0.0000E+00  0.6400E+02
     -3.422  0.0000E+00  0.6400E+02
     -3.404  0.0000E+00  0.6400E+02
     -3.386  0.0000E+00  0.6400E+02
     -3.368  0.0000E+00  0.6400E+02
     -3.350  0.0000E+00  0.6400E+02
     -3.332  0.0000E+00  0.6400E+02
     -3.314  0.0000E+00  0.6400E+02
     -3.296  0.0000E+00  0.6400E+02
     -3.277  0.0000E+00  0.6400E+02
     -3.259  0.0000E+00  0.6400E+02
     -3.241  0.0000E+00  0.6400E+02
     -3.223  0.0000E+00  0.6400E+02
     -3.205  0.0000E+00  0.6400E+02
     -3.187  0.0000E+00  0.6400E+02
     -3.169  0.0000E+00  0.6400E+02
     -3.151  0.0000E+00  0.6400E+02
     -3.132  0.0000E+00  0.6400E+02
     -3.114  0.0000E+00  0.6400E+02
     -3.096  0.0000E+00  0.6400E+02
     -3.078  0.0000E+00  0.6400E+02
     -3.060  0.0000E+00  0.6400E+02
     -3.042  0.0000E+00  0.6400E+02
     -3.024  0.0000E+00  0.6400E+02
     -3.006  0.0000E+00  0.6400E+02
     -2.987  0.0000E+00  0.6400E+02
     -2.969  0.0000E+00  0.6400E+02
     -2.951  0.0000E+00  0.6400E+02
     -2.933  0.0000E+00  0.6400E+02
     -2.915  0.0000E+00  0.6400E+02
     -2.897  0.0000E+00  0.6400E+02
     -2.879  0.0000E+00  0.6400E+02
     -2.861  0.0000E+00  0.6400E+02
     -2.842  0.0000E+00  0.6400E+02
     -2.824  0.0000E+00  0.6400E+02
     -2.806  0.0000E+00  0.6400E+02
     -2.788  0.0000E+00  0.6400E+02
     -2.770  0.0000E+00  0.6400E+02
     -2.752  0.0000E+00  0.6400E+02
     -2.734  0.0000E+00  0.6400E+02
     -2.716  0.0000E+00  0.6400E+02
     -2.697  0.0000E+00  0.6400E+02
     -2.679  0.0000E+00  0.6400E+02
     -2.661  0.0000E+00  0.6400E+02
     -2.643  0.0000E+00  0.6400E+02
     -2.625  0.0000E+00  0.6400E+02
     -2.607  0.0000E+00  0.6400E+02
     -2.589  0.0000E+00  0.6400E+02
     -2.571  0.0000E+00  0.6400E+02
     -2.552  0.0000E+00  0.6400E+02
     -2.534  0.0000E+00  0.6400E+02
     -2.516  0.0000E+00  0.6400E+02
     -2.498  0.0000E+00  0.6400E+02
     -2.480  0.0000E+00  0.6400E+02
     -2.462  0.0000E+00  0.6400E+02
     -2.444  0.0000E+00  0.6400E+02
     -2.426  0.0000E+00  0.6400E+02
     -2.407  0.0000E+00  0.6400E+02
     -2.389  0.0000E+00  0.6400E+02
     -2.371  0.0000E+00  0.6400E+02
     -2.353  0.0000E+00  0.6400E+02
     -2.335  0.0000E+00  0.6400E+02
     -2.317  0.0000E+00  0.6400E+02
     -2.299  0.0000E+00  0.6400E+02
     -2.281  0.0000E+00  0.6400E+02
     -2.262  0.0000E+00  0.6400E+02
     -2.244  0.0000E+00  0.6400E+02
     -2.226  0.0000E+00  0.6400E+02
     -2.208  0.0000E+00  0.6400E+02
     -2.190  0.0000E+00  0.6400E+02
     -2.172  0.0000E+00  0.6400E+02
     -2.154  0.0000E+00  0.6400E+02
     -2.136  0.0000E+00  0.6400E+02
     -2.117  0.0000E+00  0.6400E+02
     -2.099  0.0000E+00  0.6400E+02
     -2.081  0.0000E+00  0.6400E+02
     -2.063  0.0000E+00  0.6400E+02
     -2.045  0.0000E+00  0.6400E+02
     -2.027  0.0000E+00  0.6400E+02
     -2.009  0.0000E+00  0.6400E+02
     -1.991  0.0000E+00  0.6400E+02
     -1.972  0.0000E+00  0.6400E+02
     -1.954  0.0000E+00  0.6400E+02
     -1.936  0.0000E+00  0.6400E+02
     -1.918  0.0000E+00  0.6400E+02
     -1.900  0.0000E+00  0.6400E+02
     -1.882  0.0000E+00  0.6400E+02
     -1.864  0.0000E+00  0.6400E+02
     -1.846  0.0000E+00  0.6400E+02
     -1.827  0.0000E+00  0.6400E+02
     -1.809  0.0000E+00  0.6400E+02
     -1.791  0.0000E+00  0.6400E+02
     -1.773  0.0000E+00  0.6400E+02
     -1.755  0.0000E+00  0.6400E+02
     -1.737  0.0000E+00  0.6400E+02
     -1.719  0.0000E+00  0.6400E+02
     -1.701  0.0000E+00  0.6400E+02
     -1.682  0.0000E+00  0.6400E+02
     -1.664  0.0000E+00  0.6400E+02
     -1.646  0.0000E+00  0.6400E+02
     -1.628  0.0000E+00  0.6400E+02
     -1.610  0.0000E+00  0.6400E+02
     -1.592  0.0000E+00  0.6400E+02
     -1.574  0.0000E+00  0.6400E+02
     -1.556  0.0000E+00  0.6400E+02
     -1.537  0.0000E+00  0.6400E+02
     -1.519  0.0000E+00  0.6400E+02
     -1.501  0.0000E+00  0.6400E+02
     -1.483  0.0000E+00  0.6400E+02
     -1.465  0.0000E+00  0.6400E+02
     -1.447  0.0000E+00  0.6400E+02
     -1.429  0.0000E+00  0.6400E+02
     -1.411  0.0000E+00  0.6400E+02
     -1.392  0.0000E+00  0.6400E+02
     -1.374  0.0000E+00  0.6400E+02
     -1.356  0.0000E+00  0.6400E+02
     -1.338  0.0000E+00  0.6400E+02
     -1.320  0.0000E+00  0.6400E+02
     -1.302  0.0000E+00  0.6400E+02
     -1.284  0.0000E+00  0.6400E+02
     -1.266  0.0000E+00  0.6400E+02
     -1.247  0.1429E-03  0.6400E+02
     -1.229  0.1886E-01  0.6400E+02
     -1.211  0.6900E-01  0.6400E+02
     -1.193  0.1506E+00  0.6400E+02
     -1.175  0.2636E+00  0.6401E+02
     -1.157  0.4080E+00  0.6401E+02
     -1.139  0.5839E+00  0.6402E+02
     -1.121  0.8153E+00  0.6403E+02
     -1.102  0.1149E+01  0.6405E+02
     -1.084  0.1586E+01  0.6408E+02
     -1.066  0.2126E+01  0.6411E+02
     -1.048  0.2770E+01  0.6415E+02
     -1.030  0.3518E+01  0.6421E+02
     -1.012  0.4368E+01  0.6428E+02
     -0.994  0.5323E+01  0.6437E+02
     -0.976  0.6380E+01  0.6448E+02
     -0.957  0.7541E+01  0.6460E+02
     -0.939  0.8806E+01  0.6475E+02
     -0.921  0.1017E+02  0.6492E+02
     -0.903  0.1269E+02  0.6513E+02
     -0.885  0.1506E+02  0.6538E+02
     -0.867  0.1716E+02  0.6567E+02
     -0.849  0.1899E+02  0.6600E+02
     -0.831  0.2056E+02  0.6636E+02
     -0.812  0.2195E+02  0.6674E+02
     -0.794  0.2344E+02  0.6716E+02
     -0.776  0.2446E+02  0.6759E+02
     -0.758  0.1853E+02  0.6799E+02
     -0.740  0.2065E+02  0.6834E+02
     -0.722  0.2325E+02  0.6874E+02
     -0.704  0.2505E+02  0.6918E+02
     -0.686  0.2632E+02  0.6965E+02
     -0.667  0.2707E+02  0.7013E+02
     -0.649  0.2731E+02  0.7062E+02
     -0.631  0.2703E+02  0.7112E+02
     -0.613  0.2506E+02  0.7159E+02
     -0.595  0.2238E+02  0.7203E+02
     -0.577  0.1776E+02  0.7239E+02
     -0.559  0.1853E+02  0.7269E+02
     -0.541  0.4028E+02  0.7323E+02
     -0.522  0.4615E+02  0.7400E+02
     -0.504  0.5536E+02  0.7493E+02
     -0.486  0.5958E+02  0.7598E+02
     -0.468  0.5882E+02  0.7706E+02
     -0.450  0.5378E+02  0.7809E+02
     -0.432  0.3551E+02  0.7893E+02
     -0.414  0.1853E+02  0.7940E+02
     -0.396  0.1443E+02  0.7968E+02
     -0.377  0.1619E+02  0.7996E+02
     -0.359  0.1733E+02  0.8026E+02
     -0.341  0.1712E+02  0.8058E+02
     -0.323  0.1556E+02  0.8087E+02
     -0.305  0.1652E+02  0.8116E+02
     -0.287  0.1840E+02  0.8148E+02
     -0.269  0.2626E+02  0.8186E+02
     -0.251  0.3976E+02  0.8246E+02
     -0.232  0.4811E+02  0.8326E+02
     -0.214  0.5622E+02  0.8423E+02
     -0.196  0.5237E+02  0.8523E+02
     -0.178  0.4305E+02  0.8609E+02
     -0.160  0.3840E+02  0.8680E+02
     -0.142  0.5070E+02  0.8758E+02
     -0.124  0.6248E+02  0.8863E+02
     -0.106  0.8486E+02  0.9012E+02
     -0.087  0.3459E+02  0.9097E+02
     -0.069  0.3498E+02  0.9160E+02
     -0.051  0.3884E+02  0.9226E+02
     -0.033  0.4561E+02  0.9303E+02
     -0.015  0.5238E+02  0.9392E+02
      0.003  0.5834E+02  0.9492E+02
      0.021  0.6487E+02  0.9603E+02
      0.039  0.6973E+02  0.9726E+02
      0.058  0.7316E+02  0.9856E+02
      0.076  0.7557E+02  0.9991E+02
      0.094  0.7666E+02  0.1013E+03
      0.112  0.7282E+02  0.1027E+03
      0.130  0.6191E+02  0.1039E+03
      0.148  0.5438E+02  0.1049E+03
      0.166  0.4590E+02  0.1058E+03
      0.184  0.4219E+02  0.1066E+03
      0.203  0.3195E+02  0.1073E+03
      0.221  0.2893E+02  0.1078E+03
      0.239  0.2853E+02  0.1084E+03
      0.257  0.2826E+02  0.1089E+03
      0.275  0.2793E+02  0.1094E+03
      0.293  0.2762E+02  0.1099E+03
      0.311  0.2734E+02  0.1104E+03
      0.329  0.2710E+02  0.1109E+03
      0.348  0.2689E+02  0.1114E+03
      0.366  0.2671E+02  0.1119E+03
      0.384  0.2657E+02  0.1123E+03
      0.402  0.2645E+02  0.1128E+03
      0.420  0.2637E+02  0.1133E+03
      0.438  0.2633E+02  0.1138E+03
      0.456  0.2631E+02  0.1143E+03
      0.474  0.2633E+02  0.1147E+03
      0.493  0.2638E+02  0.1152E+03
      0.511  0.2646E+02  0.1157E+03
      0.529  0.2656E+02  0.1162E+03
      0.547  0.2386E+02  0.1166E+03
      0.565  0.2136E+02  0.1170E+03
      0.583  0.2084E+02  0.1174E+03
      0.601  0.2093E+02  0.1178E+03
      0.619  0.1878E+02  0.1182E+03
      0.638  0.1714E+02  0.1185E+03
      0.656  0.1600E+02  0.1188E+03
      0.674  0.1532E+02  0.1191E+03
      0.692  0.1475E+02  0.1193E+03
      0.710  0.1647E+02  0.1196E+03
      0.728  0.2676E+02  0.1200E+03
      0.746  0.2718E+02  0.1205E+03
      0.764  0.2777E+02  0.1210E+03
      0.783  0.2852E+02  0.1215E+03
      0.801  0.2943E+02  0.1220E+03
      0.819  0.3050E+02  0.1226E+03
      0.837  0.3188E+02  0.1231E+03
      0.855  0.3332E+02  0.1237E+03
      0.873  0.3325E+02  0.1243E+03
      0.891  0.3259E+02  0.1249E+03
      0.909  0.3157E+02  0.1255E+03
      0.928  0.2951E+02  0.1261E+03
      0.946  0.2644E+02  0.1266E+03
      0.964  0.2327E+02  0.1270E+03
      0.982  0.2025E+02  0.1274E+03
      1.000  0.1804E+02  0.1278E+03
      1.018  0.1833E+02  0.1281E+03
      1.036  0.1891E+02  0.1284E+03
      1.054  0.1946E+02  0.1288E+03
      1.073  0.1957E+02  0.1291E+03
      1.091  0.1958E+02  0.1295E+03
      1.109  0.1953E+02  0.1298E+03
      1.127  0.1952E+02  0.1302E+03
      1.145  0.1959E+02  0.1305E+03
      1.163  0.1974E+02  0.1309E+03
      1.181  0.1997E+02  0.1313E+03
      1.200  0.2029E+02  0.1316E+03
      1.218  0.2067E+02  0.1320E+03
      1.236  0.2103E+02  0.1324E+03
      1.254  0.2133E+02  0.1328E+03
      1.272  0.2157E+02  0.1331E+03
      1.290  0.2175E+02  0.1335E+03
      1.308  0.2187E+02  0.1339E+03
      1.326  0.2194E+02  0.1343E+03
      1.345  0.2194E+02  0.1347E+03
      1.363  0.2189E+02  0.1351E+03
      1.381  0.2178E+02  0.1355E+03
      1.399  0.2161E+02  0.1359E+03
      1.417  0.2138E+02  0.1363E+03
      1.435  0.2109E+02  0.1367E+03
      1.453  0.2074E+02  0.1371E+03
      1.471  0.2034E+02  0.1374E+03
      1.490  0.1987E+02  0.1378E+03
      1.508  0.2220E+02  0.1382E+03
      1.526  0.2280E+02  0.1386E+03
      1.544  0.2178E+02  0.1390E+03
      1.562  0.2223E+02  0.1394E+03
      1.580  0.2177E+02  0.1398E+03
      1.598  0.2143E+02  0.1402E+03
      1.616  0.2164E+02  0.1406E+03
      1.635  0.2193E+02  0.1410E+03
      1.653  0.2228E+02  0.1414E+03
      1.671  0.2338E+02  0.1418E+03
      1.689  0.2604E+02  0.1422E+03
      1.707  0.3060E+02  0.1427E+03
      1.725  0.5593E+02  0.1436E+03
      1.743  0.4135E+02  0.1445E+03
      1.761  0.3058E+02  0.1451E+03
      1.780  0.4154E+02  0.1457E+03
      1.798  0.5385E+02  0.1466E+03
      1.816  0.6417E+02  0.1477E+03
      1.834  0.6833E+02  0.1489E+03
      1.852  0.6638E+02  0.1501E+03
      1.870  0.5751E+02  0.1512E+03
      1.888  0.5435E+02  0.1522E+03
      1.906  0.5260E+02  0.1532E+03
      1.925  0.5128E+02  0.1541E+03
      1.943  0.4663E+02  0.1550E+03
      1.961  0.3948E+02  0.1558E+03
      1.979  0.4163E+02  0.1565E+03
      1.997  0.4465E+02  0.1573E+03
      2.015  0.4719E+02  0.1582E+03
      2.033  0.4902E+02  0.1590E+03
      2.051  0.4964E+02  0.1599E+03
      2.070  0.4939E+02  0.1608E+03
      2.088  0.4824E+02  0.1617E+03
      2.106  0.4608E+02  0.1626E+03
      2.124  0.4366E+02  0.1634E+03
      2.142  0.4106E+02  0.1642E+03
      2.160  0.3990E+02  0.1649E+03
      2.178  0.4081E+02  0.1656E+03
      2.196  0.4173E+02  0.1664E+03
      2.215  0.4196E+02  0.1671E+03
      2.233  0.4152E+02  0.1679E+03
      2.251  0.4039E+02  0.1686E+03
      2.269  0.3859E+02  0.1693E+03
      2.287  0.3611E+02  0.1700E+03
      2.305  0.3466E+02  0.1707E+03
      2.323  0.3344E+02  0.1713E+03
      2.341  0.3179E+02  0.1719E+03
      2.360  0.4366E+02  0.1725E+03
      2.378  0.4753E+02  0.1734E+03
      2.396  0.3794E+02  0.1741E+03
      2.414  0.4579E+02  0.1748E+03
      2.432  0.5218E+02  0.1757E+03
      2.450  0.5713E+02  0.1767E+03
      2.468  0.7521E+02  0.1778E+03
      2.486  0.1505E+03  0.1798E+03
      2.505  0.1845E+03  0.1830E+03
      2.523  0.2719E+02  0.1842E+03
      2.541  0.1993E+02  0.1847E+03
      2.559  0.6019E+02  0.1852E+03
      2.577  0.8357E+01  0.1860E+03
      2.595  0.9883E+02  0.1866E+03
      2.613  0.3685E+02  0.1881E+03
      2.631  0.2789E+02  0.1887E+03
      2.650  0.9872E+02  0.1916E+03
      2.668  0.1109E+03  0.1937E+03
      2.686  0.5705E+02  0.1950E+03
      2.704  0.3701E+02  0.1959E+03
      2.722  0.5402E+02  0.1974E+03
      2.740  0.4945E+02  0.1983E+03
      2.758  0.6403E+02  0.1993E+03
      2.776  0.8555E+02  0.2007E+03
      2.795  0.1025E+03  0.2024E+03
      2.813  0.1127E+03  0.2044E+03
      2.831  0.1169E+03  0.2065E+03
      2.849  0.1075E+03  0.2086E+03
      2.867  0.1000E+03  0.2104E+03
      2.885  0.9031E+02  0.2121E+03
      2.903  0.6786E+02  0.2136E+03
      2.921  0.4589E+02  0.2146E+03
      2.940  0.3537E+02  0.2153E+03
      2.958  0.4155E+02  0.2160E+03
      2.976  0.8895E+02  0.2171E+03
      2.994  0.8948E+02  0.2188E+03
      3.012  0.5018E+02  0.2200E+03
      3.030  0.5408E+02  0.2210E+03
      3.048  0.3153E+02  0.2217E+03
      3.066  0.2440E+02  0.2222E+03
      3.085  0.2513E+02  0.2227E+03
      3.103  0.3423E+02  0.2232E+03
      3.121  0.4679E+02  0.2239E+03
      3.139  0.4778E+02  0.2249E+03
      3.157  0.6098E+02  0.2258E+03
      3.175  0.8172E+02  0.2271E+03
      3.193  0.9846E+02  0.2287E+03
      3.211  0.1217E+03  0.2307E+03
      3.230  0.1406E+03  0.2331E+03
      3.248  0.1239E+03  0.2356E+03
      3.266  0.9000E+02  0.2375E+03
      3.284  0.6409E+02  0.2389E+03
      3.302  0.4565E+02  0.2398E+03
      3.320  0.1175E+03  0.2407E+03
      3.338  0.7468E+02  0.2432E+03
      3.356  0.4522E+02  0.2441E+03
      3.375  0.3955E+02  0.2448E+03
      3.393  0.3441E+02  0.2455E+03
      3.411  0.2979E+02  0.2461E+03
      3.429  0.2569E+02  0.2466E+03
      3.447  0.2211E+02  0.2470E+03
      3.465  0.1905E+02  0.2474E+03
      3.483  0.1652E+02  0.2477E+03
      3.501  0.1476E+02  0.2480E+03
      3.520  0.1438E+02  0.2483E+03
      3.538  0.1642E+02  0.2485E+03
      3.556  0.1843E+02  0.2489E+03
      3.574  0.2041E+02  0.2492E+03
      3.592  0.2233E+02  0.2496E+03
      3.610  0.2398E+02  0.2500E+03
      3.628  0.2530E+02  0.2505E+03
      3.646  0.2628E+02  0.2509E+03
      3.665  0.1731E+02  0.2513E+03
      3.683  0.2379E+02  0.2517E+03
      3.701  0.3727E+02  0.2522E+03
      3.719  0.4440E+02  0.2530E+03
      3.737  0.4708E+02  0.2537E+03
      3.755  0.4627E+02  0.2548E+03
      3.773  0.1956E+02  0.2552E+03
      3.791  0.1408E+02  0.2555E+03
      3.810  0.9502E+01  0.2557E+03
      3.828  0.5821E+01  0.2559E+03
      3.846  0.3038E+01  0.2560E+03
      3.864  0.1152E+01  0.2560E+03
      3.882  0.1626E+00  0.2560E+03
      3.900  0.0000E+00  0.2560E+03
      3.918  0.0000E+00  0.2560E+03
      3.936  0.0000E+00  0.2560E+03
      3.955  0.0000E+00  0.2560E+03
      3.973  0.0000E+00  0.2560E+03
      3.991  0.0000E+00  0.2560E+03
      4.009  0.0000E+00  0.2560E+03
      4.027  0.0000E+00  0.2560E+03
      4.045  0.0000E+00  0.2560E+03
      4.063  0.0000E+00  0.2560E+03
      4.081  0.0000E+00  0.2560E+03
      4.100  0.0000E+00  0.2560E+03
      4.118  0.0000E+00  0.2560E+03
      4.136  0.0000E+00  0.2560E+03
      4.154  0.0000E+00  0.2560E+03
      4.172  0.0000E+00  0.2560E+03
      4.190  0.0000E+00  0.2560E+03
      4.208  0.0000E+00  0.2560E+03
      4.226  0.0000E+00  0.2560E+03
      4.245  0.0000E+00  0.2560E+03
      4.263  0.0000E+00  0.2560E+03
      4.281  0.0000E+00  0.2560E+03
      4.299  0.0000E+00  0.2560E+03
      4.317  0.0000E+00  0.2560E+03
      4.335  0.0000E+00  0.2560E+03
      4.353  0.0000E+00  0.2560E+03
      4.371  0.0000E+00  0.2560E+03
      4.390  0.0000E+00  0.2560E+03
      4.408  0.0000E+00  0.2560E+03
      4.426  0.0000E+00  0.2560E+03
      4.444  0.0000E+00  0.2560E+03
      4.462  0.0000E+00  0.2560E+03
      4.480  0.0000E+00  0.2560E+03
      4.498  0.0000E+00  0.2560E+03
      4.516  0.0000E+00  0.2560E+03
      4.535  0.0000E+00  0.2560E+03
      4.553  0.0000E+00  0.2560E+03
      4.571  0.0000E+00  0.2560E+03
      4.589  0.0000E+00  0.2560E+03
      4.607  0.0000E+00  0.2560E+03
      4.625  0.0000E+00  0.2560E+03
      4.643  0.0000E+00  0.2560E+03
      4.661  0.0000E+00  0.2560E+03
      4.680  0.0000E+00  0.2560E+03
      4.698  0.0000E+00  0.2560E+03
      4.716  0.0000E+00  0.2560E+03
      4.734  0.0000E+00  0.2560E+03
      4.752  0.0000E+00  0.2560E+03
      4.770  0.0000E+00  0.2560E+03
      4.788  0.0000E+00  0.2560E+03
      4.806  0.0000E+00  0.2560E+03
      4.825  0.0000E+00  0.2560E+03
      4.843  0.0000E+00  0.2560E+03
      4.861  0.0000E+00  0.2560E+03
      4.879  0.0000E+00  0.2560E+03
      4.897  0.0000E+00  0.2560E+03
      4.915  0.0000E+00  0.2560E+03
      4.933  0.0000E+00  0.2560E+03
      4.951  0.0000E+00  0.2560E+03
      4.970  0.0000E+00  0.2560E+03
      4.988  0.0000E+00  0.2560E+03
      5.006  0.0000E+00  0.2560E+03
      5.024  0.0000E+00  0.2560E+03
      5.042  0.0000E+00  0.2560E+03
      5.060  0.0000E+00  0.2560E+03
      5.078  0.0000E+00  0.2560E+03
      5.096  0.0000E+00  0.2560E+03
      5.115  0.0000E+00  0.2560E+03
      5.133  0.0000E+00  0.2560E+03
      5.151  0.0000E+00  0.2560E+03
      5.169  0.0000E+00  0.2560E+03
      5.187  0.0000E+00  0.2560E+03
      5.205  0.0000E+00  0.2560E+03
      5.223  0.0000E+00  0.2560E+03
      5.241  0.0000E+00  0.2560E+03
      5.260  0.0000E+00  0.2560E+03
      5.278  0.0000E+00  0.2560E+03
      5.296  0.0000E+00  0.2560E+03
      5.314  0.0000E+00  0.2560E+03
      5.332  0.0000E+00  0.2560E+03
      5.350  0.0000E+00  0.2560E+03
      5.368  0.0000E+00  0.2560E+03
      5.386  0.0000E+00  0.2560E+03
      5.405  0.0000E+00  0.2560E+03
      5.423  0.0000E+00  0.2560E+03
      5.441  0.0000E+00  0.2560E+03
      5.459  0.0000E+00  0.2560E+03
      5.477  0.0000E+00  0.2560E+03
      5.495  0.0000E+00  0.2560E+03
      5.513  0.0000E+00  0.2560E+03
      5.531  0.0000E+00  0.2560E+03
      5.550  0.0000E+00  0.2560E+03
      5.568  0.0000E+00  0.2560E+03
      5.586  0.0000E+00  0.2560E+03
      5.604  0.0000E+00  0.2560E+03
      5.622  0.0000E+00  0.2560E+03
      5.640  0.0000E+00  0.2560E+03
      5.658  0.0000E+00  0.2560E+03
      5.676  0.0000E+00  0.2560E+03
      5.695  0.0000E+00  0.2560E+03
      5.713  0.0000E+00  0.2560E+03
      5.731  0.0000E+00  0.2560E+03
      5.749  0.0000E+00  0.2560E+03
      5.767  0.0000E+00  0.2560E+03
      5.785  0.0000E+00  0.2560E+03
      5.803  0.0000E+00  0.2560E+03
      5.821  0.0000E+00  0.2560E+03
      5.840  0.0000E+00  0.2560E+03
      5.858  0.0000E+00  0.2560E+03
      5.876  0.0000E+00  0.2560E+03
      5.894  0.0000E+00  0.2560E+03
      5.912  0.0000E+00  0.2560E+03
      5.930  0.0000E+00  0.2560E+03
      5.948  0.0000E+00  0.2560E+03
      5.966  0.0000E+00  0.2560E+03
      5.985  0.0000E+00  0.2560E+03
      6.003  0.0000E+00  0.2560E+03
      6.021  0.0000E+00  0.2560E+03
      6.039  0.0000E+00  0.2560E+03
      6.057  0.0000E+00  0.2560E+03
      6.075  0.0000E+00  0.2560E+03
      6.093  0.0000E+00  0.2560E+03
      6.111  0.0000E+00  0.2560E+03
      6.130  0.0000E+00  0.2560E+03
      6.148  0.0000E+00  0.2560E+03
      6.166  0.0000E+00  0.2560E+03
      6.184  0.0000E+00  0.2560E+03
      6.202  0.0000E+00  0.2560E+03
      6.220  0.0000E+00  0.2560E+03
      6.238  0.0000E+00  0.2560E+03
      6.256  0.0000E+00  0.2560E+03
      6.275  0.0000E+00  0.2560E+03
      6.293  0.0000E+00  0.2560E+03
      6.311  0.0000E+00  0.2560E+03
      6.329  0.0000E+00  0.2560E+03
      6.347  0.0000E+00  0.2560E+03
      6.365  0.0000E+00  0.2560E+03
      6.383  0.0000E+00  0.2560E+03
      6.401  0.0000E+00  0.2560E+03
      6.420  0.0000E+00  0.2560E+03
      6.438  0.0000E+00  0.2560E+03
      6.456  0.0000E+00  0.2560E+03
      6.474  0.0000E+00  0.2560E+03
      6.492  0.0000E+00  0.2560E+03
      6.510  0.0000E+00  0.2560E+03
      6.528  0.0000E+00  0.2560E+03
      6.546  0.0000E+00  0.2560E+03
      6.565  0.0000E+00  0.2560E+03
      6.583  0.0000E+00  0.2560E+03
      6.601  0.0000E+00  0.2560E+03
      6.619  0.0000E+00  0.2560E+03
      6.637  0.0000E+00  0.2560E+03
      6.655  0.0000E+00  0.2560E+03
      6.673  0.0000E+00  0.2560E+03
      6.692  0.0000E+00  0.2560E+03
      6.710  0.0000E+00  0.2560E+03
      6.728  0.0000E+00  0.2560E+03
      6.746  0.0000E+00  0.2560E+03
      6.764  0.0000E+00  0.2560E+03
      6.782  0.0000E+00  0.2560E+03
      6.800  0.0000E+00  0.2560E+03
      6.818  0.0000E+00  0.2560E+03
      6.837  0.0000E+00  0.2560E+03
      6.855  0.0000E+00  0.2560E+03
      6.873  0.0000E+00  0.2560E+03
      6.891  0.0000E+00  0.2560E+03
      6.909  0.0000E+00  0.2560E+03
      6.927  0.0000E+00  0.2560E+03
      6.945  0.0000E+00  0.2560E+03
      6.963  0.0000E+00  0.2560E+03
      6.982  0.0000E+00  0.2560E+03
      7.000  0.0000E+00  0.2560E+03
      7.018  0.0000E+00  0.2560E+03
      7.036  0.0000E+00  0.2560E+03
      7.054  0.0000E+00  0.2560E+03
      7.072  0.0000E+00  0.2560E+03
      7.090  0.0000E+00  0.2560E+03
      7.108  0.0000E+00  0.2560E+03
      7.127  0.0000E+00  0.2560E+03
      7.145  0.0000E+00  0.2560E+03
      7.163  0.0000E+00  0.2560E+03
      7.181  0.0000E+00  0.2560E+03
      7.199  0.0000E+00  0.2560E+03
      7.217  0.0000E+00  0.2560E+03
      7.235  0.0000E+00  0.2560E+03
      7.253  0.0000E+00  0.2560E+03
      7.272  0.0000E+00  0.2560E+03
      7.290  0.0000E+00  0.2560E+03
      7.308  0.0000E+00  0.2560E+03
      7.326  0.0000E+00  0.2560E+03
      7.344  0.0000E+00  0.2560E+03
      7.362  0.0000E+00  0.2560E+03
      7.380  0.0000E+00  0.2560E+03
      7.398  0.0000E+00  0.2560E+03
      7.417  0.0000E+00  0.2560E+03
      7.435  0.0000E+00  0.2560E+03
      7.453  0.0000E+00  0.2560E+03
      7.471  0.0000E+00  0.2560E+03
      7.489  0.0000E+00  0.2560E+03
      7.507  0.0000E+00  0.2560E+03
      7.525  0.0000E+00  0.2560E+03
      7.543  0.0000E+00  0.2560E+03
      7.562  0.0000E+00  0.2560E+03
      7.580  0.0000E+00  0.2560E+03
      7.598  0.0000E+00  0.2560E+03
      7.616  0.0000E+00  0.2560E+03
      7.634  0.0000E+00  0.2560E+03
      7.652  0.0000E+00  0.2560E+03
      7.670  0.0000E+00  0.2560E+03
      7.688  0.0000E+00  0.2560E+03
      7.707  0.0000E+00  0.2560E+03
      7.725  0.0000E+00  0.2560E+03
      7.743  0.0000E+00  0.2560E+03
      7.761  0.0000E+00  0.2560E+03
      7.779  0.0000E+00  0.2560E+03
      7.797  0.0000E+00  0.2560E+03
      7.815  0.0000E+00  0.2560E+03
      7.833  0.0000E+00  0.2560E+03
      7.852  0.0000E+00  0.2560E+03
      7.870  0.0000E+00  0.2560E+03
      7.888  0.0000E+00  0.2560E+03
      7.906  0.0000E+00  0.2560E+03
      7.924  0.0000E+00  0.2560E+03
      7.942  0.0000E+00  0.2560E+03
      7.960  0.0000E+00  0.2560E+03
      7.978  0.0000E+00  0.2560E+03
      7.997  0.0000E+00  0.2560E+03
      8.015  0.0000E+00  0.2560E+03
      8.033  0.0000E+00  0.2560E+03
      8.051  0.0000E+00  0.2560E+03
      8.069  0.0000E+00  0.2560E+03
      8.087  0.0000E+00  0.2560E+03
      8.105  0.0000E+00  0.2560E+03
      8.123  0.0000E+00  0.2560E+03
      8.142  0.0000E+00  0.2560E+03
      8.160  0.0000E+00  0.2560E+03
      8.178  0.0000E+00  0.2560E+03
      8.196  0.0000E+00  0.2560E+03
      8.214  0.0000E+00  0.2560E+03
      8.232  0.0000E+00  0.2560E+03
      8.250  0.0000E+00  0.2560E+03
      8.268  0.0000E+00  0.2560E+03
      8.287  0.0000E+00  0.2560E+03
      8.305  0.0000E+00  0.2560E+03
      8.323  0.0000E+00  0.2560E+03
      8.341  0.0000E+00  0.2560E+03
      8.359  0.0000E+00  0.2560E+03
      8.377  0.0000E+00  0.2560E+03
      8.395  0.0000E+00  0.2560E+03
      8.413  0.0000E+00  0.2560E+03
      8.432  0.0000E+00  0.2560E+03
      8.450  0.0000E+00  0.2560E+03
      8.468  0.0000E+00  0.2560E+03
      8.486  0.0000E+00  0.2560E+03
      8.504  0.0000E+00  0.2560E+03
      8.522  0.0000E+00  0.2560E+03
      8.540  0.0000E+00  0.2560E+03
      8.558  0.0000E+00  0.2560E+03
      8.577  0.0000E+00  0.2560E+03
      8.595  0.0000E+00  0.2560E+03
      8.613  0.0000E+00  0.2560E+03
      8.631  0.0000E+00  0.2560E+03
      8.649  0.0000E+00  0.2560E+03
      8.667  0.0000E+00  0.2560E+03
      8.685  0.0000E+00  0.2560E+03
      8.703  0.0000E+00  0.2560E+03
      8.722  0.0000E+00  0.2560E+03
      8.740  0.0000E+00  0.2560E+03
      8.758  0.0000E+00  0.2560E+03
      8.776  0.0000E+00  0.2560E+03
      8.794  0.0000E+00  0.2560E+03
      8.812  0.0000E+00  0.2560E+03
      8.830  0.0000E+00  0.2560E+03
      8.848  0.0000E+00  0.2560E+03
      8.867  0.0000E+00  0.2560E+03
      8.885  0.0000E+00  0.2560E+03
      8.903  0.0000E+00  0.2560E+03
      8.921  0.0000E+00  0.2560E+03
      8.939  0.0000E+00  0.2560E+03
      8.957  0.0000E+00  0.2560E+03
      8.975  0.0000E+00  0.2560E+03
      8.993  0.0000E+00  0.2560E+03
      9.012  0.0000E+00  0.2560E+03
      9.030  0.0000E+00  0.2560E+03
      9.048  0.0000E+00  0.2560E+03
      9.066  0.0000E+00  0.2560E+03
      9.084  0.0000E+00  0.2560E+03
      9.102  0.0000E+00  0.2560E+03
      9.120  0.0000E+00  0.2560E+03
      9.138  0.0000E+00  0.2560E+03
      9.157  0.0000E+00  0.2560E+03
      9.175  0.0000E+00  0.2560E+03
      9.193  0.0000E+00  0.2560E+03
      9.211  0.0000E+00  0.2560E+03
      9.229  0.0000E+00  0.2560E+03
      9.247  0.0000E+00  0.2560E+03
      9.265  0.0000E+00  0.2560E+03
      9.283  0.0000E+00  0.2560E+03
      9.302  0.0000E+00  0.2560E+03
      9.320  0.0000E+00  0.2560E+03
      9.338  0.0000E+00  0.2560E+03
      9.356  0.0000E+00  0.2560E+03
      9.374  0.0000E+00  0.2560E+03
      9.392  0.0000E+00  0.2560E+03
      9.410  0.0000E+00  0.2560E+03
      9.428  0.0000E+00  0.2560E+03
      9.447  0.0000E+00  0.2560E+03
      9.465  0.0000E+00  0.2560E+03
      9.483  0.0000E+00  0.2560E+03
      9.501  0.0000E+00  0.2560E+03
      9.519  0.0000E+00  0.2560E+03
      9.537  0.0000E+00  0.2560E+03
      9.555  0.0000E+00  0.2560E+03
      9.573  0.0000E+00  0.2560E+03
      9.592  0.0000E+00  0.2560E+03
      9.610  0.0000E+00  0.2560E+03
      9.628  0.0000E+00  0.2560E+03
      9.646  0.0000E+00  0.2560E+03
      9.664  0.0000E+00  0.2560E+03
      9.682  0.0000E+00  0.2560E+03
      9.700  0.0000E+00  0.2560E+03
      9.718  0.0000E+00  0.2560E+03
      9.737  0.0000E+00  0.2560E+03
      9.755  0.0000E+00  0.2560E+03
      9.773  0.0000E+00  0.2560E+03
      9.791  0.0000E+00  0.2560E+03
      9.809  0.0000E+00  0.2560E+03
      9.827  0.0000E+00  0.2560E+03
      9.845  0.0000E+00  0.2560E+03
      9.863  0.0000E+00  0.2560E+03
      9.882  0.0000E+00  0.2560E+03
      9.900  0.0000E+00  0.2560E+03
      9.918  0.0000E+00  0.2560E+03
      9.936  0.0000E+00  0.2560E+03
      9.954  0.0000E+00  0.2560E+03
      9.972  0.0000E+00  0.2560E+03
      9.990  0.0000E+00  0.2560E+03
     10.008  0.0000E+00  0.2560E+03
     10.027  0.0000E+00  0.2560E+03
     10.045  0.0000E+00  0.2560E+03
     10.063  0.0000E+00  0.2560E+03
     10.081  0.0000E+00  0.2560E+03
     10.099  0.0000E+00  0.2560E+03
     10.117  0.0000E+00  0.2560E+03
     10.135  0.0000E+00  0.2560E+03
     10.153  0.0000E+00  0.2560E+03
     10.172  0.0000E+00  0.2560E+03
     10.190  0.0000E+00  0.2560E+03
     10.208  0.0000E+00  0.2560E+03
     10.226  0.0000E+00  0.2560E+03
     10.244  0.0000E+00  0.2560E+03
     10.262  0.0000E+00  0.2560E+03
     10.280  0.0000E+00  0.2560E+03
     10.298  0.0000E+00  0.2560E+03
     10.317  0.0000E+00  0.2560E+03
     10.335  0.0000E+00  0.2560E+03
     10.353  0.5186E-04  0.2560E+03
     10.371  0.1062E-02  0.2560E+03
     10.389  0.3362E-02  0.2560E+03
     10.407  0.6950E-02  0.2560E+03
     10.425  0.1183E-01  0.2560E+03
     10.443  0.1800E-01  0.2560E+03
     10.462  0.2545E-01  0.2560E+03
     10.480  0.3420E-01  0.2560E+03
     10.498  0.4423E-01  0.2560E+03
     10.516  0.5556E-01  0.2560E+03
     10.534  0.6817E-01  0.2560E+03
     10.552  0.8207E-01  0.2560E+03
     10.570  0.9726E-01  0.2560E+03
     10.588  0.1137E+00  0.2560E+03
     10.607  0.1315E+00  0.2560E+03
     10.625  0.1506E+00  0.2560E+03
     10.643  0.1709E+00  0.2560E+03
     10.661  0.1926E+00  0.2560E+03
     10.679  0.2155E+00  0.2560E+03
     10.697  0.2397E+00  0.2560E+03
     10.715  0.2652E+00  0.2560E+03
     10.733  0.2920E+00  0.2560E+03
     10.752  0.3201E+00  0.2560E+03
     10.770  0.3495E+00  0.2560E+03
     10.788  0.3801E+00  0.2561E+03
     10.806  0.4121E+00  0.2561E+03
     10.824  0.4453E+00  0.2561E+03
     10.842  0.4798E+00  0.2561E+03
     10.860  0.5157E+00  0.2561E+03
     10.878  0.5528E+00  0.2561E+03
     10.897  0.5912E+00  0.2561E+03
     10.915  0.6308E+00  0.2561E+03
     10.933  0.6718E+00  0.2561E+03
     10.951  0.7141E+00  0.2561E+03
     10.969  0.7576E+00  0.2562E+03
     10.987  0.8025E+00  0.2562E+03
     11.005  0.8486E+00  0.2562E+03
     11.023  0.8960E+00  0.2562E+03
     11.042  0.9447E+00  0.2562E+03
     11.060  0.9947E+00  0.2562E+03
     11.078  0.1046E+01  0.2563E+03
     11.096  0.1099E+01  0.2563E+03
     11.114  0.1152E+01  0.2563E+03
     11.132  0.1208E+01  0.2563E+03
     11.150  0.1264E+01  0.2563E+03
     11.168  0.1322E+01  0.2564E+03
     11.187  0.1381E+01  0.2564E+03
     11.205  0.1441E+01  0.2564E+03
     11.223  0.1503E+01  0.2564E+03
     11.241  0.1566E+01  0.2565E+03
     11.259  0.1630E+01  0.2565E+03
     11.277  0.1695E+01  0.2565E+03
     11.295  0.1771E+01  0.2566E+03
     11.313  0.1970E+01  0.2566E+03
     11.332  0.2155E+01  0.2566E+03
     11.350  0.2328E+01  0.2567E+03
     11.368  0.2489E+01  0.2567E+03
     11.386  0.2636E+01  0.2568E+03
     11.404  0.2772E+01  0.2568E+03
     11.422  0.2895E+01  0.2569E+03
     11.440  0.3005E+01  0.2569E+03
     11.458  0.3103E+01  0.2570E+03
     11.477  0.3188E+01  0.2570E+03
     11.495  0.3261E+01  0.2571E+03
     11.513  0.3321E+01  0.2571E+03
     11.531  0.3368E+01  0.2572E+03
     11.549  0.3403E+01  0.2573E+03
     11.567  0.3426E+01  0.2573E+03
     11.585  0.3436E+01  0.2574E+03
     11.603  0.3433E+01  0.2575E+03
     11.622  0.3418E+01  0.2575E+03
     11.640  0.3391E+01  0.2576E+03
     11.658  0.3350E+01  0.2576E+03
     11.676  0.3298E+01  0.2577E+03
     11.694  0.3232E+01  0.2578E+03
     11.712  0.3155E+01  0.2578E+03
     11.730  0.3064E+01  0.2579E+03
     11.748  0.2886E+01  0.2579E+03
     11.767  0.1702E+01  0.2580E+03
     11.785  0.8291E+00  0.2580E+03
     11.803  0.2667E+00  0.2580E+03
     11.821  0.1496E-01  0.2580E+03
     11.839  0.0000E+00  0.2580E+03
     11.857  0.0000E+00  0.2580E+03
     11.875  0.1110E+00  0.2580E+03
     11.893  0.2610E+00  0.2580E+03
     11.912  0.4070E+00  0.2580E+03
     11.930  0.5492E+00  0.2580E+03
     11.948  0.6876E+00  0.2580E+03
     11.966  0.8220E+00  0.2580E+03
     11.984  0.9526E+00  0.2581E+03
     12.002  0.1079E+01  0.2581E+03
     12.020  0.1202E+01  0.2581E+03
     12.038  0.1321E+01  0.2581E+03
     12.057  0.1436E+01  0.2581E+03
     12.075  0.1547E+01  0.2582E+03
     12.093  0.1655E+01  0.2582E+03
     12.111  0.1758E+01  0.2582E+03
     12.129  0.1858E+01  0.2583E+03
     12.147  0.1953E+01  0.2583E+03
     12.165  0.2045E+01  0.2583E+03
     12.184  0.2133E+01  0.2584E+03
     12.202  0.2217E+01  0.2584E+03
     12.220  0.2297E+01  0.2585E+03
     12.238  0.2374E+01  0.2585E+03
     12.256  0.2446E+01  0.2585E+03
     12.274  0.2515E+01  0.2586E+03
     12.292  0.2580E+01  0.2586E+03
     12.310  0.2640E+01  0.2587E+03
     12.329  0.2697E+01  0.2587E+03
     12.347  0.2750E+01  0.2588E+03
     12.365  0.2800E+01  0.2588E+03
     12.383  0.2845E+01  0.2589E+03
     12.401  0.2886E+01  0.2589E+03
     12.419  0.2924E+01  0.2590E+03
     12.437  0.2958E+01  0.2590E+03
     12.455  0.2987E+01  0.2591E+03
     12.474  0.3013E+01  0.2591E+03
     12.492  0.3036E+01  0.2592E+03
     12.510  0.3054E+01  0.2593E+03
     12.528  0.3068E+01  0.2593E+03
     12.546  0.3079E+01  0.2594E+03
     12.564  0.3085E+01  0.2594E+03
     12.582  0.3088E+01  0.2595E+03
     12.600  0.3087E+01  0.2595E+03
     12.619  0.3030E+01  0.2596E+03
     12.637  0.2720E+01  0.2596E+03
     12.655  0.2431E+01  0.2597E+03
     12.673  0.2524E+01  0.2597E+03
     12.691  0.2683E+01  0.2598E+03
     12.709  0.2822E+01  0.2598E+03
     12.727  0.2942E+01  0.2599E+03
     12.745  0.3042E+01  0.2599E+03
     12.764  0.3122E+01  0.2600E+03
     12.782  0.3182E+01  0.2601E+03
     12.800  0.3220E+01  0.2601E+03
     12.818  0.3226E+01  0.2602E+03
     12.836  0.3213E+01  0.2602E+03
     12.854  0.4871E+01  0.2603E+03
     12.872  0.5384E+01  0.2604E+03
     12.890  0.5518E+01  0.2605E+03
     12.909  0.5644E+01  0.2606E+03
     12.927  0.5762E+01  0.2607E+03
     12.945  0.5872E+01  0.2608E+03
     12.963  0.5973E+01  0.2609E+03
     12.981  0.6067E+01  0.2610E+03
     12.999  0.6153E+01  0.2611E+03
     13.017  0.6231E+01  0.2612E+03
     13.035  0.6301E+01  0.2613E+03
     13.054  0.6362E+01  0.2615E+03
     13.072  0.6416E+01  0.2616E+03
     13.090  0.6462E+01  0.2617E+03
     13.108  0.6495E+01  0.2618E+03
     13.126  0.6514E+01  0.2619E+03
     13.144  0.6517E+01  0.2620E+03
     13.162  0.6521E+01  0.2622E+03
     13.180  0.6563E+01  0.2623E+03
     13.199  0.6646E+01  0.2624E+03
     13.217  0.6772E+01  0.2625E+03
     13.235  0.6945E+01  0.2626E+03
     13.253  0.7162E+01  0.2628E+03
     13.271  0.7426E+01  0.2629E+03
     13.289  0.7735E+01  0.2630E+03
     13.307  0.8083E+01  0.2632E+03
     13.325  0.8465E+01  0.2633E+03
     13.344  0.8876E+01  0.2635E+03
     13.362  0.9313E+01  0.2637E+03
     13.380  0.9767E+01  0.2638E+03
     13.398  0.1017E+02  0.2640E+03
     13.416  0.1052E+02  0.2642E+03
     13.434  0.1079E+02  0.2644E+03
     13.452  0.1090E+02  0.2646E+03
     13.470  0.1085E+02  0.2648E+03
     13.489  0.1064E+02  0.2650E+03
     13.507  0.1027E+02  0.2652E+03
     13.525  0.9743E+01  0.2654E+03
     13.543  0.9273E+01  0.2655E+03
     13.561  0.8770E+01  0.2657E+03
     13.579  0.8126E+01  0.2658E+03
     13.597  0.7372E+01  0.2660E+03
     13.615  0.6812E+01  0.2661E+03
     13.634  0.6129E+01  0.2662E+03
     13.652  0.5324E+01  0.2663E+03
     13.670  0.4397E+01  0.2664E+03
     13.688  0.3348E+01  0.2665E+03
     13.706  0.3618E+01  0.2666E+03
     13.724  0.3913E+01  0.2666E+03
     13.742  0.4220E+01  0.2667E+03
     13.760  0.4538E+01  0.2668E+03
     13.779  0.4868E+01  0.2669E+03
     13.797  0.5210E+01  0.2670E+03
     13.815  0.5563E+01  0.2671E+03
     13.833  0.5932E+01  0.2672E+03
     13.851  0.7102E+01  0.2673E+03
     13.869  0.9675E+01  0.2674E+03
     13.887  0.1365E+02  0.2676E+03
     13.905  0.1866E+02  0.2679E+03
     13.924  0.2032E+02  0.2683E+03
     13.942  0.1735E+02  0.2686E+03
     13.960  0.9748E+01  0.2689E+03
     13.978  0.4505E+01  0.2690E+03
     13.996  0.4786E+01  0.2691E+03
     14.014  0.5086E+01  0.2692E+03
     14.032  0.5418E+01  0.2693E+03
     14.050  0.5781E+01  0.2694E+03
     14.069  0.6177E+01  0.2695E+03
     14.087  0.6807E+01  0.2696E+03
     14.105  0.7676E+01  0.2697E+03
     14.123  0.8539E+01  0.2699E+03
     14.141  0.9624E+01  0.2700E+03
     14.159  0.1054E+02  0.2702E+03
     14.177  0.1128E+02  0.2704E+03
     14.195  0.1186E+02  0.2706E+03
     14.214  0.1226E+02  0.2708E+03
     14.232  0.1249E+02  0.2711E+03
     14.250  0.1256E+02  0.2713E+03
     14.268  0.1245E+02  0.2715E+03
     14.286  0.1217E+02  0.2717E+03
     14.304  0.1172E+02  0.2720E+03
     14.322  0.1279E+02  0.2722E+03
     14.340  0.1687E+02  0.2724E+03
     14.359  0.1897E+02  0.2728E+03
     14.377  0.2008E+02  0.2731E+03
     14.395  0.1952E+02  0.2735E+03
     14.413  0.2213E+02  0.2738E+03
     14.431  0.2779E+02  0.2743E+03
     14.449  0.2379E+02  0.2748E+03
     14.467  0.1936E+02  0.2752E+03
     14.485  0.1506E+02  0.2755E+03
     14.504  0.2141E+02  0.2758E+03
     14.522  0.3343E+02  0.2763E+03
     14.540  0.3540E+02  0.2770E+03
     14.558  0.2742E+02  0.2775E+03
     14.576  0.1340E+02  0.2779E+03
     14.594  0.0000E+00  0.2780E+03
     14.612  0.0000E+00  0.2780E+03
     14.630  0.0000E+00  0.2780E+03
     14.649  0.1422E+02  0.2780E+03
     14.667  0.2453E+02  0.2785E+03
     14.685  0.1007E+02  0.2788E+03
     14.703  0.8852E+01  0.2789E+03
     14.721  0.7748E+01  0.2791E+03
     14.739  0.1692E+02  0.2793E+03
     14.757  0.2099E+02  0.2797E+03
     14.775  0.1995E+02  0.2801E+03
     14.794  0.1387E+02  0.2804E+03
     14.812  0.1361E+02  0.2806E+03
     14.830  0.1466E+02  0.2809E+03
     14.848  0.1534E+02  0.2811E+03
     14.866  0.1561E+02  0.2814E+03
     14.884  0.1545E+02  0.2817E+03
     14.902  0.1669E+02  0.2820E+03
     14.920  0.1794E+02  0.2823E+03
     14.939  0.1854E+02  0.2826E+03
     14.957  0.1803E+02  0.2830E+03
     14.975  0.1661E+02  0.2833E+03
     14.993  0.1612E+02  0.2836E+03
     15.011  0.1581E+02  0.2839E+03
     15.029  0.1568E+02  0.2841E+03
     15.047  0.1612E+02  0.2844E+03
     15.065  0.1636E+02  0.2847E+03
     15.084  0.1640E+02  0.2850E+03
     15.102  0.1630E+02  0.2853E+03
     15.120  0.1605E+02  0.2856E+03
     15.138  0.1565E+02  0.2859E+03
     15.156  0.1512E+02  0.2862E+03
     15.174  0.1454E+02  0.2865E+03
     15.192  0.1391E+02  0.2867E+03
     15.210  0.1330E+02  0.2870E+03
     15.229  0.1271E+02  0.2872E+03
     15.247  0.1215E+02  0.2874E+03
     15.265  0.1216E+02  0.2876E+03
     15.283  0.1216E+02  0.2879E+03
     15.301  0.1215E+02  0.2881E+03
     15.319  0.1214E+02  0.2883E+03
     15.337  0.1212E+02  0.2885E+03
     15.355  0.1210E+02  0.2887E+03
     15.374  0.1228E+02  0.2890E+03
     15.392  0.1287E+02  0.2892E+03
     15.410  0.1343E+02  0.2894E+03
     15.428  0.1396E+02  0.2897E+03
     15.446  0.1445E+02  0.2899E+03
     15.464  0.1490E+02  0.2902E+03
     15.482  0.1532E+02  0.2905E+03
     15.500  0.1561E+02  0.2907E+03
     15.519  0.1613E+02  0.2910E+03
     15.537  0.1707E+02  0.2913E+03
     15.555  0.1869E+02  0.2917E+03
     15.573  0.2032E+02  0.2920E+03
     15.591  0.2088E+02  0.2924E+03
     15.609  0.2164E+02  0.2928E+03
     15.627  0.2261E+02  0.2932E+03
     15.645  0.2375E+02  0.2936E+03
     15.664  0.2478E+02  0.2940E+03
     15.682  0.2544E+02  0.2945E+03
     15.700  0.2620E+02  0.2950E+03
     15.718  0.2636E+02  0.2954E+03
     15.736  0.2548E+02  0.2959E+03
     15.754  0.2407E+02  0.2964E+03
     15.772  0.2342E+02  0.2968E+03
     15.790  0.2228E+02  0.2972E+03
     15.809  0.2071E+02  0.2976E+03
     15.827  0.1892E+02  0.2979E+03
     15.845  0.1810E+02  0.2983E+03
     15.863  0.1717E+02  0.2986E+03
     15.881  0.1728E+02  0.2989E+03
     15.899  0.1763E+02  0.2992E+03
     15.917  0.1834E+02  0.2996E+03
     15.935  0.1878E+02  0.2999E+03
     15.954  0.1896E+02  0.3002E+03
     15.972  0.1760E+02  0.3006E+03
     15.990  0.1525E+02  0.3009E+03
     16.008  0.1291E+02  0.3011E+03
     16.026  0.1043E+02  0.3013E+03
     16.044  0.8858E+01  0.3015E+03
     16.062  0.8597E+01  0.3017E+03
     16.080  0.9341E+01  0.3018E+03
     16.099  0.1085E+02  0.3020E+03
     16.117  0.1245E+02  0.3022E+03
     16.135  0.1412E+02  0.3025E+03
     16.153  0.1620E+02  0.3027E+03
     16.171  0.1989E+02  0.3031E+03
     16.189  0.3967E+02  0.3035E+03
     16.207  0.3514E+01  0.3042E+03
     16.225  0.4457E+01  0.3042E+03
     16.244  0.5512E+01  0.3043E+03
     16.262  0.6678E+01  0.3044E+03
     16.280  0.7957E+01  0.3046E+03
     16.298  0.9436E+01  0.3047E+03
     16.316  0.1965E+02  0.3050E+03
     16.334  0.2844E+02  0.3054E+03
     16.352  0.2029E+02  0.3059E+03
     16.370  0.2789E+01  0.3061E+03
     16.389  0.4053E+01  0.3061E+03
     16.407  0.5551E+01  0.3062E+03
     16.425  0.7316E+01  0.3063E+03
     16.443  0.9462E+01  0.3065E+03
     16.461  0.1391E+02  0.3067E+03
     16.479  0.1741E+02  0.3070E+03
     16.497  0.1947E+02  0.3073E+03
     16.515  0.2008E+02  0.3077E+03
     16.534  0.1924E+02  0.3080E+03
     16.552  0.4731E+01  0.3082E+03
     16.570  0.6392E+01  0.3083E+03
     16.588  0.8441E+01  0.3084E+03
     16.606  0.1103E+02  0.3086E+03
     16.624  0.1356E+02  0.3088E+03
     16.642  0.1598E+02  0.3091E+03
     16.660  0.1806E+02  0.3094E+03
     16.679  0.1916E+02  0.3098E+03
     16.697  0.1982E+02  0.3101E+03
     16.715  0.1821E+02  0.3105E+03
     16.733  0.1277E+02  0.3108E+03
     16.751  0.1097E+02  0.3110E+03
     16.769  0.1235E+02  0.3112E+03
     16.787  0.1346E+02  0.3114E+03
     16.805  0.1431E+02  0.3116E+03
     16.824  0.1490E+02  0.3119E+03
     16.842  0.1523E+02  0.3122E+03
     16.860  0.1483E+02  0.3125E+03
     16.878  0.1508E+02  0.3127E+03
     16.896  0.1447E+02  0.3130E+03
     16.914  0.1268E+02  0.3132E+03
     16.932  0.1369E+02  0.3135E+03
     16.950  0.1429E+02  0.3137E+03
     16.969  0.1449E+02  0.3140E+03
     16.987  0.1429E+02  0.3143E+03
     17.005  0.1377E+02  0.3145E+03
     17.023  0.1306E+02  0.3148E+03
     17.041  0.1129E+02  0.3150E+03
     17.059  0.7300E+01  0.3151E+03
     17.077  0.7068E+01  0.3153E+03
     17.095  0.6762E+01  0.3154E+03
     17.114  0.6381E+01  0.3155E+03
     17.132  0.9836E+01  0.3156E+03
     17.150  0.1673E+02  0.3159E+03
     17.168  0.1664E+02  0.3162E+03
     17.186  0.1564E+02  0.3165E+03
     17.204  0.1432E+02  0.3168E+03
     17.222  0.1267E+02  0.3170E+03
     17.240  0.1306E+02  0.3173E+03
     17.259  0.1273E+02  0.3175E+03
     17.277  0.1227E+02  0.3177E+03
     17.295  0.1229E+02  0.3179E+03
     17.313  0.1199E+02  0.3182E+03
     17.331  0.1139E+02  0.3184E+03
     17.349  0.1076E+02  0.3186E+03
     17.367  0.1014E+02  0.3188E+03
     17.385  0.9516E+01  0.3189E+03
     17.404  0.8893E+01  0.3191E+03
     17.422  0.8270E+01  0.3193E+03
     17.440  0.7647E+01  0.3194E+03
     17.458  0.7025E+01  0.3195E+03
     17.476  0.6402E+01  0.3197E+03
     17.494  0.5779E+01  0.3198E+03
     17.512  0.4604E+01  0.3199E+03
     17.530  0.2768E+01  0.3199E+03
     17.549  0.2256E+01  0.3200E+03
     17.567  0.3373E+01  0.3200E+03
     17.585  0.4788E+01  0.3201E+03
     17.603  0.6434E+01  0.3202E+03
     17.621  0.7961E+01  0.3203E+03
     17.639  0.9324E+01  0.3205E+03
     17.657  0.1052E+02  0.3207E+03
     17.676  0.1155E+02  0.3209E+03
     17.694  0.1242E+02  0.3211E+03
     17.712  0.1312E+02  0.3213E+03
     17.730  0.1366E+02  0.3216E+03
     17.748  0.1403E+02  0.3218E+03
     17.766  0.3676E+01  0.3220E+03
     17.784  0.1040E+01  0.3220E+03
     17.802  0.1498E-01  0.3220E+03
     17.821  0.0000E+00  0.3220E+03
     17.839  0.0000E+00  0.3220E+03
     17.857  0.0000E+00  0.3220E+03
     17.875  0.0000E+00  0.3220E+03
     17.893  0.0000E+00  0.3220E+03
     17.911  0.0000E+00  0.3220E+03
     17.929  0.0000E+00  0.3220E+03
     17.947  0.0000E+00  0.3220E+03
     17.966  0.0000E+00  0.3220E+03
     17.984  0.0000E+00  0.3220E+03
     18.002  0.0000E+00  0.3220E+03
     18.020  0.0000E+00  0.3220E+03
     18.038  0.0000E+00  0.3220E+03
     18.056  0.0000E+00  0.3220E+03
     18.074  0.0000E+00  0.3220E+03
     18.092  0.0000E+00  0.3220E+03
     18.111  0.0000E+00  0.3220E+03
     18.129  0.0000E+00  0.3220E+03
     18.147  0.0000E+00  0.3220E+03
     18.165  0.0000E+00  0.3220E+03
     18.183  0.0000E+00  0.3220E+03
     18.201  0.0000E+00  0.3220E+03
     18.219  0.0000E+00  0.3220E+03
     18.237  0.0000E+00  0.3220E+03
     18.256  0.0000E+00  0.3220E+03
     18.274  0.0000E+00  0.3220E+03
     18.292  0.0000E+00  0.3220E+03
     18.310  0.0000E+00  0.3220E+03
     18.328  0.0000E+00  0.3220E+03
     18.346  0.0000E+00  0.3220E+03
     18.364  0.0000E+00  0.3220E+03
     18.382  0.0000E+00  0.3220E+03
     18.401  0.0000E+00  0.3220E+03
     18.419  0.0000E+00  0.3220E+03
     18.437  0.0000E+00  0.3220E+03
     18.455  0.0000E+00  0.3220E+03
     18.473  0.0000E+00  0.3220E+03
     18.491  0.0000E+00  0.3220E+03
     18.509  0.0000E+00  0.3220E+03
     18.527  0.0000E+00  0.3220E+03
     18.546  0.0000E+00  0.3220E+03
     18.564  0.0000E+00  0.3220E+03
     18.582  0.0000E+00  0.3220E+03
     18.600  0.0000E+00  0.3220E+03
     18.618  0.0000E+00  0.3220E+03
     18.636  0.0000E+00  0.3220E+03
     18.654  0.0000E+00  0.3220E+03
     18.672  0.0000E+00  0.3220E+03
     18.691  0.0000E+00  0.3220E+03
     18.709  0.0000E+00  0.3220E+03
     18.727  0.0000E+00  0.3220E+03
     18.745  0.0000E+00  0.3220E+03
     18.763  0.0000E+00  0.3220E+03
     18.781  0.0000E+00  0.3220E+03
     18.799  0.0000E+00  0.3220E+03
     18.817  0.0000E+00  0.3220E+03
     18.836  0.0000E+00  0.3220E+03
     18.854  0.0000E+00  0.3220E+03
     18.872  0.0000E+00  0.3220E+03
     18.890  0.0000E+00  0.3220E+03
     18.908  0.0000E+00  0.3220E+03
     18.926  0.0000E+00  0.3220E+03
     18.944  0.0000E+00  0.3220E+03
     18.962  0.0000E+00  0.3220E+03
     18.981  0.0000E+00  0.3220E+03
     18.999  0.0000E+00  0.3220E+03
     19.017  0.0000E+00  0.3220E+03
     19.035  0.0000E+00  0.3220E+03
     19.053  0.0000E+00  0.3220E+03
     19.071  0.0000E+00  0.3220E+03
     19.089  0.0000E+00  0.3220E+03
     19.107  0.0000E+00  0.3220E+03
     19.126  0.0000E+00  0.3220E+03
     19.144  0.0000E+00  0.3220E+03
     19.162  0.0000E+00  0.3220E+03
     19.180  0.0000E+00  0.3220E+03
     19.198  0.0000E+00  0.3220E+03
     19.216  0.0000E+00  0.3220E+03
     19.234  0.0000E+00  0.3220E+03
     19.252  0.0000E+00  0.3220E+03
     19.271  0.0000E+00  0.3220E+03
     19.289  0.0000E+00  0.3220E+03
     19.307  0.0000E+00  0.3220E+03
     19.325  0.0000E+00  0.3220E+03
     19.343  0.0000E+00  0.3220E+03
     19.361  0.0000E+00  0.3220E+03
     19.379  0.0000E+00  0.3220E+03
     19.397  0.0000E+00  0.3220E+03
     19.416  0.0000E+00  0.3220E+03
     19.434  0.0000E+00  0.3220E+03
     19.452  0.0000E+00  0.3220E+03

