 Energy DOS Integrated_DOS
    -16.762  0.0000E+00  0.0000E+00
    -16.744  0.0000E+00  0.0000E+00
    -16.726  0.0000E+00  0.0000E+00
    -16.708  0.0000E+00  0.0000E+00
    -16.690  0.0000E+00  0.0000E+00
    -16.672  0.0000E+00  0.0000E+00
    -16.654  0.0000E+00  0.0000E+00
    -16.636  0.0000E+00  0.0000E+00
    -16.618  0.0000E+00  0.0000E+00
    -16.600  0.0000E+00  0.0000E+00
    -16.583  0.0000E+00  0.0000E+00
    -16.565  0.0000E+00  0.0000E+00
    -16.547  0.0000E+00  0.0000E+00
    -16.529  0.0000E+00  0.0000E+00
    -16.511  0.0000E+00  0.0000E+00
    -16.493  0.0000E+00  0.0000E+00
    -16.475  0.0000E+00  0.0000E+00
    -16.457  0.0000E+00  0.0000E+00
    -16.439  0.0000E+00  0.0000E+00
    -16.421  0.0000E+00  0.0000E+00
    -16.403  0.0000E+00  0.0000E+00
    -16.385  0.0000E+00  0.0000E+00
    -16.367  0.0000E+00  0.0000E+00
    -16.349  0.0000E+00  0.0000E+00
    -16.331  0.0000E+00  0.0000E+00
    -16.313  0.0000E+00  0.0000E+00
    -16.295  0.0000E+00  0.0000E+00
    -16.277  0.0000E+00  0.0000E+00
    -16.259  0.0000E+00  0.0000E+00
    -16.241  0.0000E+00  0.0000E+00
    -16.223  0.0000E+00  0.0000E+00
    -16.205  0.0000E+00  0.0000E+00
    -16.187  0.0000E+00  0.0000E+00
    -16.169  0.0000E+00  0.0000E+00
    -16.152  0.0000E+00  0.0000E+00
    -16.134  0.0000E+00  0.0000E+00
    -16.116  0.0000E+00  0.0000E+00
    -16.098  0.0000E+00  0.0000E+00
    -16.080  0.0000E+00  0.0000E+00
    -16.062  0.0000E+00  0.0000E+00
    -16.044  0.0000E+00  0.0000E+00
    -16.026  0.0000E+00  0.0000E+00
    -16.008  0.0000E+00  0.0000E+00
    -15.990  0.0000E+00  0.0000E+00
    -15.972  0.0000E+00  0.0000E+00
    -15.954  0.0000E+00  0.0000E+00
    -15.936  0.0000E+00  0.0000E+00
    -15.918  0.0000E+00  0.0000E+00
    -15.900  0.0000E+00  0.0000E+00
    -15.882  0.0000E+00  0.0000E+00
    -15.864  0.0000E+00  0.0000E+00
    -15.846  0.0000E+00  0.0000E+00
    -15.828  0.0000E+00  0.0000E+00
    -15.810  0.0000E+00  0.0000E+00
    -15.792  0.0000E+00  0.0000E+00
    -15.774  0.0000E+00  0.0000E+00
    -15.756  0.0000E+00  0.0000E+00
    -15.738  0.0000E+00  0.0000E+00
    -15.720  0.0000E+00  0.0000E+00
    -15.703  0.0000E+00  0.0000E+00
    -15.685  0.0000E+00  0.0000E+00
    -15.667  0.0000E+00  0.0000E+00
    -15.649  0.0000E+00  0.0000E+00
    -15.631  0.0000E+00  0.0000E+00
    -15.613  0.0000E+00  0.0000E+00
    -15.595  0.0000E+00  0.0000E+00
    -15.577  0.0000E+00  0.0000E+00
    -15.559  0.0000E+00  0.0000E+00
    -15.541  0.0000E+00  0.0000E+00
    -15.523  0.0000E+00  0.0000E+00
    -15.505  0.0000E+00  0.0000E+00
    -15.487  0.0000E+00  0.0000E+00
    -15.469  0.0000E+00  0.0000E+00
    -15.451  0.0000E+00  0.0000E+00
    -15.433  0.0000E+00  0.0000E+00
    -15.415  0.0000E+00  0.0000E+00
    -15.397  0.0000E+00  0.0000E+00
    -15.379  0.0000E+00  0.0000E+00
    -15.361  0.0000E+00  0.0000E+00
    -15.343  0.0000E+00  0.0000E+00
    -15.325  0.0000E+00  0.0000E+00
    -15.307  0.0000E+00  0.0000E+00
    -15.289  0.0000E+00  0.0000E+00
    -15.272  0.0000E+00  0.0000E+00
    -15.254  0.0000E+00  0.0000E+00
    -15.236  0.0000E+00  0.0000E+00
    -15.218  0.0000E+00  0.0000E+00
    -15.200  0.0000E+00  0.0000E+00
    -15.182  0.0000E+00  0.0000E+00
    -15.164  0.0000E+00  0.0000E+00
    -15.146  0.0000E+00  0.0000E+00
    -15.128  0.2522E-02  0.2059E-05
    -15.110  0.1751E+00  0.1191E-02
    -15.092  0.6190E+00  0.7917E-02
    -15.074  0.1334E+01  0.2505E-01
    -15.056  0.2321E+01  0.5746E-01
    -15.038  0.3578E+01  0.1100E+00
    -15.020  0.5107E+01  0.1876E+00
    -15.002  0.6907E+01  0.2951E+00
    -14.984  0.9162E+01  0.4376E+00
    -14.966  0.1183E+02  0.6277E+00
    -14.948  0.1344E+02  0.8561E+00
    -14.930  0.1399E+02  0.1104E+01
    -14.912  0.1348E+02  0.1352E+01
    -14.894  0.1192E+02  0.1582E+01
    -14.876  0.8992E+01  0.1773E+01
    -14.858  0.5228E+01  0.1900E+01
    -14.840  0.2478E+01  0.1967E+01
    -14.823  0.7431E+00  0.1995E+01
    -14.805  0.5854E+00  0.2001E+01
    -14.787  0.3652E+01  0.2039E+01
    -14.769  0.6217E+01  0.2129E+01
    -14.751  0.8257E+01  0.2260E+01
    -14.733  0.9772E+01  0.2422E+01
    -14.715  0.1076E+02  0.2607E+01
    -14.697  0.1123E+02  0.2806E+01
    -14.679  0.1117E+02  0.3008E+01
    -14.661  0.1059E+02  0.3204E+01
    -14.643  0.9620E+01  0.3383E+01
    -14.625  0.1003E+02  0.3559E+01
    -14.607  0.1029E+02  0.3742E+01
    -14.589  0.1040E+02  0.3928E+01
    -14.571  0.1035E+02  0.4115E+01
    -14.553  0.1015E+02  0.4299E+01
    -14.535  0.1450E+02  0.4484E+01
    -14.517  0.1786E+02  0.4794E+01
    -14.499  0.1868E+02  0.5122E+01
    -14.481  0.1927E+02  0.5463E+01
    -14.463  0.1964E+02  0.5813E+01
    -14.445  0.1977E+02  0.6167E+01
    -14.427  0.1950E+02  0.6520E+01
    -14.409  0.1883E+02  0.6865E+01
    -14.392  0.1792E+02  0.7194E+01
    -14.374  0.2043E+02  0.7532E+01
    -14.356  0.2456E+02  0.7938E+01
    -14.338  0.2729E+02  0.8406E+01
    -14.320  0.3051E+02  0.8917E+01
    -14.302  0.3808E+02  0.9556E+01
    -14.284  0.2742E+02  0.1017E+02
    -14.266  0.1197E+02  0.1047E+02
    -14.248  0.1641E+02  0.1072E+02
    -14.230  0.2261E+02  0.1107E+02
    -14.212  0.3075E+02  0.1155E+02
    -14.194  0.4706E+02  0.1219E+02
    -14.176  0.3260E+02  0.1330E+02
    -14.158  0.2853E+02  0.1377E+02
    -14.140  0.1166E+02  0.1462E+02
    -14.122  0.3791E+02  0.1504E+02
    -14.104  0.1601E+02  0.1556E+02
    -14.086  0.1638E+02  0.1585E+02
    -14.068  0.1709E+02  0.1615E+02
    -14.050  0.1806E+02  0.1647E+02
    -14.032  0.3142E+02  0.1684E+02
    -14.014  0.4958E+02  0.1761E+02
    -13.996  0.5148E+02  0.1853E+02
    -13.978  0.4402E+02  0.1940E+02
    -13.960  0.3202E+02  0.2008E+02
    -13.943  0.4702E+02  0.2076E+02
    -13.925  0.3856E+02  0.2158E+02
    -13.907  0.6454E+01  0.2196E+02
    -13.889  0.0000E+00  0.2200E+02
    -13.871  0.2499E+02  0.2223E+02
    -13.853  0.7775E+02  0.2323E+02
    -13.835  0.5990E+02  0.2447E+02
    -13.817  0.5217E+02  0.2547E+02
    -13.799  0.4608E+02  0.2635E+02
    -13.781  0.2392E+02  0.2713E+02
    -13.763  0.1599E+02  0.2749E+02
    -13.745  0.3385E+02  0.2780E+02
    -13.727  0.4708E+02  0.2862E+02
    -13.709  0.5371E+02  0.2948E+02
    -13.691  0.7180E+02  0.3063E+02
    -13.673  0.8614E+02  0.3205E+02
    -13.655  0.1011E+03  0.3377E+02
    -13.637  0.8122E+02  0.3547E+02
    -13.619  0.4781E+02  0.3655E+02
    -13.601  0.5270E+02  0.3738E+02
    -13.583  0.1636E+03  0.3897E+02
    -13.565  0.4525E+02  0.4082E+02
    -13.547  0.5611E+02  0.4174E+02
    -13.529  0.6287E+02  0.4282E+02
    -13.512  0.6551E+02  0.4397E+02
    -13.494  0.4745E+02  0.4554E+02
    -13.476  0.7209E+01  0.4597E+02
    -13.458  0.4203E+02  0.4626E+02
    -13.440  0.1558E+03  0.4843E+02
    -13.422  0.1166E+03  0.5153E+02
    -13.404  0.6179E+02  0.5271E+02
    -13.386  0.1136E+03  0.5433E+02
    -13.368  0.9619E+02  0.5632E+02
    -13.350  0.9010E+02  0.5798E+02
    -13.332  0.6420E+02  0.5986E+02
    -13.314  0.4872E+02  0.6084E+02
    -13.296  0.4659E+02  0.6169E+02
    -13.278  0.4474E+02  0.6251E+02
    -13.260  0.1956E+02  0.6396E+02
    -13.242  0.0000E+00  0.6400E+02
    -13.224  0.0000E+00  0.6400E+02
    -13.206  0.0000E+00  0.6400E+02
    -13.188  0.0000E+00  0.6400E+02
    -13.170  0.0000E+00  0.6400E+02
    -13.152  0.0000E+00  0.6400E+02
    -13.134  0.0000E+00  0.6400E+02
    -13.116  0.0000E+00  0.6400E+02
    -13.098  0.0000E+00  0.6400E+02
    -13.080  0.0000E+00  0.6400E+02
    -13.063  0.0000E+00  0.6400E+02
    -13.045  0.0000E+00  0.6400E+02
    -13.027  0.0000E+00  0.6400E+02
    -13.009  0.0000E+00  0.6400E+02
    -12.991  0.0000E+00  0.6400E+02
    -12.973  0.0000E+00  0.6400E+02
    -12.955  0.0000E+00  0.6400E+02
    -12.937  0.0000E+00  0.6400E+02
    -12.919  0.0000E+00  0.6400E+02
    -12.901  0.0000E+00  0.6400E+02
    -12.883  0.0000E+00  0.6400E+02
    -12.865  0.0000E+00  0.6400E+02
    -12.847  0.0000E+00  0.6400E+02
    -12.829  0.0000E+00  0.6400E+02
    -12.811  0.0000E+00  0.6400E+02
    -12.793  0.0000E+00  0.6400E+02
    -12.775  0.0000E+00  0.6400E+02
    -12.757  0.0000E+00  0.6400E+02
    -12.739  0.0000E+00  0.6400E+02
    -12.721  0.0000E+00  0.6400E+02
    -12.703  0.0000E+00  0.6400E+02
    -12.685  0.0000E+00  0.6400E+02
    -12.667  0.0000E+00  0.6400E+02
    -12.649  0.0000E+00  0.6400E+02
    -12.632  0.0000E+00  0.6400E+02
    -12.614  0.0000E+00  0.6400E+02
    -12.596  0.0000E+00  0.6400E+02
    -12.578  0.0000E+00  0.6400E+02
    -12.560  0.0000E+00  0.6400E+02
    -12.542  0.0000E+00  0.6400E+02
    -12.524  0.0000E+00  0.6400E+02
    -12.506  0.0000E+00  0.6400E+02
    -12.488  0.0000E+00  0.6400E+02
    -12.470  0.0000E+00  0.6400E+02
    -12.452  0.0000E+00  0.6400E+02
    -12.434  0.0000E+00  0.6400E+02
    -12.416  0.0000E+00  0.6400E+02
    -12.398  0.0000E+00  0.6400E+02
    -12.380  0.0000E+00  0.6400E+02
    -12.362  0.0000E+00  0.6400E+02
    -12.344  0.0000E+00  0.6400E+02
    -12.326  0.0000E+00  0.6400E+02
    -12.308  0.0000E+00  0.6400E+02
    -12.290  0.0000E+00  0.6400E+02
    -12.272  0.0000E+00  0.6400E+02
    -12.254  0.0000E+00  0.6400E+02
    -12.236  0.0000E+00  0.6400E+02
    -12.218  0.0000E+00  0.6400E+02
    -12.201  0.0000E+00  0.6400E+02
    -12.183  0.0000E+00  0.6400E+02
    -12.165  0.0000E+00  0.6400E+02
    -12.147  0.0000E+00  0.6400E+02
    -12.129  0.0000E+00  0.6400E+02
    -12.111  0.0000E+00  0.6400E+02
    -12.093  0.0000E+00  0.6400E+02
    -12.075  0.0000E+00  0.6400E+02
    -12.057  0.0000E+00  0.6400E+02
    -12.039  0.0000E+00  0.6400E+02
    -12.021  0.0000E+00  0.6400E+02
    -12.003  0.0000E+00  0.6400E+02
    -11.985  0.0000E+00  0.6400E+02
    -11.967  0.0000E+00  0.6400E+02
    -11.949  0.0000E+00  0.6400E+02
    -11.931  0.0000E+00  0.6400E+02
    -11.913  0.0000E+00  0.6400E+02
    -11.895  0.0000E+00  0.6400E+02
    -11.877  0.0000E+00  0.6400E+02
    -11.859  0.0000E+00  0.6400E+02
    -11.841  0.0000E+00  0.6400E+02
    -11.823  0.0000E+00  0.6400E+02
    -11.805  0.0000E+00  0.6400E+02
    -11.787  0.0000E+00  0.6400E+02
    -11.769  0.0000E+00  0.6400E+02
    -11.752  0.0000E+00  0.6400E+02
    -11.734  0.0000E+00  0.6400E+02
    -11.716  0.0000E+00  0.6400E+02
    -11.698  0.0000E+00  0.6400E+02
    -11.680  0.0000E+00  0.6400E+02
    -11.662  0.0000E+00  0.6400E+02
    -11.644  0.0000E+00  0.6400E+02
    -11.626  0.0000E+00  0.6400E+02
    -11.608  0.0000E+00  0.6400E+02
    -11.590  0.0000E+00  0.6400E+02
    -11.572  0.0000E+00  0.6400E+02
    -11.554  0.0000E+00  0.6400E+02
    -11.536  0.0000E+00  0.6400E+02
    -11.518  0.0000E+00  0.6400E+02
    -11.500  0.0000E+00  0.6400E+02
    -11.482  0.0000E+00  0.6400E+02
    -11.464  0.0000E+00  0.6400E+02
    -11.446  0.0000E+00  0.6400E+02
    -11.428  0.0000E+00  0.6400E+02
    -11.410  0.0000E+00  0.6400E+02
    -11.392  0.0000E+00  0.6400E+02
    -11.374  0.0000E+00  0.6400E+02
    -11.356  0.0000E+00  0.6400E+02
    -11.338  0.0000E+00  0.6400E+02
    -11.321  0.0000E+00  0.6400E+02
    -11.303  0.0000E+00  0.6400E+02
    -11.285  0.0000E+00  0.6400E+02
    -11.267  0.0000E+00  0.6400E+02
    -11.249  0.0000E+00  0.6400E+02
    -11.231  0.0000E+00  0.6400E+02
    -11.213  0.0000E+00  0.6400E+02
    -11.195  0.0000E+00  0.6400E+02
    -11.177  0.0000E+00  0.6400E+02
    -11.159  0.0000E+00  0.6400E+02
    -11.141  0.0000E+00  0.6400E+02
    -11.123  0.0000E+00  0.6400E+02
    -11.105  0.0000E+00  0.6400E+02
    -11.087  0.0000E+00  0.6400E+02
    -11.069  0.0000E+00  0.6400E+02
    -11.051  0.0000E+00  0.6400E+02
    -11.033  0.0000E+00  0.6400E+02
    -11.015  0.0000E+00  0.6400E+02
    -10.997  0.0000E+00  0.6400E+02
    -10.979  0.0000E+00  0.6400E+02
    -10.961  0.0000E+00  0.6400E+02
    -10.943  0.0000E+00  0.6400E+02
    -10.925  0.0000E+00  0.6400E+02
    -10.907  0.0000E+00  0.6400E+02
    -10.889  0.0000E+00  0.6400E+02
    -10.872  0.0000E+00  0.6400E+02
    -10.854  0.0000E+00  0.6400E+02
    -10.836  0.0000E+00  0.6400E+02
    -10.818  0.0000E+00  0.6400E+02
    -10.800  0.0000E+00  0.6400E+02
    -10.782  0.0000E+00  0.6400E+02
    -10.764  0.0000E+00  0.6400E+02
    -10.746  0.0000E+00  0.6400E+02
    -10.728  0.0000E+00  0.6400E+02
    -10.710  0.0000E+00  0.6400E+02
    -10.692  0.0000E+00  0.6400E+02
    -10.674  0.0000E+00  0.6400E+02
    -10.656  0.0000E+00  0.6400E+02
    -10.638  0.0000E+00  0.6400E+02
    -10.620  0.0000E+00  0.6400E+02
    -10.602  0.0000E+00  0.6400E+02
    -10.584  0.0000E+00  0.6400E+02
    -10.566  0.0000E+00  0.6400E+02
    -10.548  0.0000E+00  0.6400E+02
    -10.530  0.0000E+00  0.6400E+02
    -10.512  0.0000E+00  0.6400E+02
    -10.494  0.0000E+00  0.6400E+02
    -10.476  0.0000E+00  0.6400E+02
    -10.458  0.0000E+00  0.6400E+02
    -10.441  0.0000E+00  0.6400E+02
    -10.423  0.0000E+00  0.6400E+02
    -10.405  0.0000E+00  0.6400E+02
    -10.387  0.0000E+00  0.6400E+02
    -10.369  0.0000E+00  0.6400E+02
    -10.351  0.0000E+00  0.6400E+02
    -10.333  0.0000E+00  0.6400E+02
    -10.315  0.0000E+00  0.6400E+02
    -10.297  0.0000E+00  0.6400E+02
    -10.279  0.0000E+00  0.6400E+02
    -10.261  0.0000E+00  0.6400E+02
    -10.243  0.0000E+00  0.6400E+02
    -10.225  0.0000E+00  0.6400E+02
    -10.207  0.0000E+00  0.6400E+02
    -10.189  0.0000E+00  0.6400E+02
    -10.171  0.0000E+00  0.6400E+02
    -10.153  0.0000E+00  0.6400E+02
    -10.135  0.0000E+00  0.6400E+02
    -10.117  0.0000E+00  0.6400E+02
    -10.099  0.0000E+00  0.6400E+02
    -10.081  0.0000E+00  0.6400E+02
    -10.063  0.0000E+00  0.6400E+02
    -10.045  0.0000E+00  0.6400E+02
    -10.027  0.0000E+00  0.6400E+02
    -10.009  0.0000E+00  0.6400E+02
     -9.992  0.0000E+00  0.6400E+02
     -9.974  0.0000E+00  0.6400E+02
     -9.956  0.0000E+00  0.6400E+02
     -9.938  0.0000E+00  0.6400E+02
     -9.920  0.0000E+00  0.6400E+02
     -9.902  0.0000E+00  0.6400E+02
     -9.884  0.0000E+00  0.6400E+02
     -9.866  0.0000E+00  0.6400E+02
     -9.848  0.0000E+00  0.6400E+02
     -9.830  0.0000E+00  0.6400E+02
     -9.812  0.0000E+00  0.6400E+02
     -9.794  0.0000E+00  0.6400E+02
     -9.776  0.0000E+00  0.6400E+02
     -9.758  0.0000E+00  0.6400E+02
     -9.740  0.0000E+00  0.6400E+02
     -9.722  0.0000E+00  0.6400E+02
     -9.704  0.0000E+00  0.6400E+02
     -9.686  0.0000E+00  0.6400E+02
     -9.668  0.0000E+00  0.6400E+02
     -9.650  0.0000E+00  0.6400E+02
     -9.632  0.0000E+00  0.6400E+02
     -9.614  0.0000E+00  0.6400E+02
     -9.596  0.0000E+00  0.6400E+02
     -9.578  0.0000E+00  0.6400E+02
     -9.561  0.0000E+00  0.6400E+02
     -9.543  0.0000E+00  0.6400E+02
     -9.525  0.0000E+00  0.6400E+02
     -9.507  0.0000E+00  0.6400E+02
     -9.489  0.0000E+00  0.6400E+02
     -9.471  0.0000E+00  0.6400E+02
     -9.453  0.0000E+00  0.6400E+02
     -9.435  0.0000E+00  0.6400E+02
     -9.417  0.0000E+00  0.6400E+02
     -9.399  0.0000E+00  0.6400E+02
     -9.381  0.0000E+00  0.6400E+02
     -9.363  0.0000E+00  0.6400E+02
     -9.345  0.0000E+00  0.6400E+02
     -9.327  0.0000E+00  0.6400E+02
     -9.309  0.0000E+00  0.6400E+02
     -9.291  0.0000E+00  0.6400E+02
     -9.273  0.0000E+00  0.6400E+02
     -9.255  0.0000E+00  0.6400E+02
     -9.237  0.0000E+00  0.6400E+02
     -9.219  0.0000E+00  0.6400E+02
     -9.201  0.0000E+00  0.6400E+02
     -9.183  0.0000E+00  0.6400E+02
     -9.165  0.0000E+00  0.6400E+02
     -9.147  0.0000E+00  0.6400E+02
     -9.129  0.0000E+00  0.6400E+02
     -9.112  0.0000E+00  0.6400E+02
     -9.094  0.0000E+00  0.6400E+02
     -9.076  0.0000E+00  0.6400E+02
     -9.058  0.0000E+00  0.6400E+02
     -9.040  0.0000E+00  0.6400E+02
     -9.022  0.0000E+00  0.6400E+02
     -9.004  0.0000E+00  0.6400E+02
     -8.986  0.0000E+00  0.6400E+02
     -8.968  0.0000E+00  0.6400E+02
     -8.950  0.0000E+00  0.6400E+02
     -8.932  0.0000E+00  0.6400E+02
     -8.914  0.0000E+00  0.6400E+02
     -8.896  0.0000E+00  0.6400E+02
     -8.878  0.0000E+00  0.6400E+02
     -8.860  0.0000E+00  0.6400E+02
     -8.842  0.0000E+00  0.6400E+02
     -8.824  0.0000E+00  0.6400E+02
     -8.806  0.0000E+00  0.6400E+02
     -8.788  0.0000E+00  0.6400E+02
     -8.770  0.0000E+00  0.6400E+02
     -8.752  0.0000E+00  0.6400E+02
     -8.734  0.0000E+00  0.6400E+02
     -8.716  0.0000E+00  0.6400E+02
     -8.698  0.0000E+00  0.6400E+02
     -8.681  0.0000E+00  0.6400E+02
     -8.663  0.0000E+00  0.6400E+02
     -8.645  0.0000E+00  0.6400E+02
     -8.627  0.0000E+00  0.6400E+02
     -8.609  0.0000E+00  0.6400E+02
     -8.591  0.0000E+00  0.6400E+02
     -8.573  0.0000E+00  0.6400E+02
     -8.555  0.0000E+00  0.6400E+02
     -8.537  0.0000E+00  0.6400E+02
     -8.519  0.0000E+00  0.6400E+02
     -8.501  0.0000E+00  0.6400E+02
     -8.483  0.0000E+00  0.6400E+02
     -8.465  0.0000E+00  0.6400E+02
     -8.447  0.0000E+00  0.6400E+02
     -8.429  0.0000E+00  0.6400E+02
     -8.411  0.0000E+00  0.6400E+02
     -8.393  0.0000E+00  0.6400E+02
     -8.375  0.0000E+00  0.6400E+02
     -8.357  0.0000E+00  0.6400E+02
     -8.339  0.0000E+00  0.6400E+02
     -8.321  0.0000E+00  0.6400E+02
     -8.303  0.0000E+00  0.6400E+02
     -8.285  0.0000E+00  0.6400E+02
     -8.267  0.0000E+00  0.6400E+02
     -8.249  0.0000E+00  0.6400E+02
     -8.232  0.0000E+00  0.6400E+02
     -8.214  0.0000E+00  0.6400E+02
     -8.196  0.0000E+00  0.6400E+02
     -8.178  0.0000E+00  0.6400E+02
     -8.160  0.0000E+00  0.6400E+02
     -8.142  0.0000E+00  0.6400E+02
     -8.124  0.0000E+00  0.6400E+02
     -8.106  0.0000E+00  0.6400E+02
     -8.088  0.0000E+00  0.6400E+02
     -8.070  0.0000E+00  0.6400E+02
     -8.052  0.0000E+00  0.6400E+02
     -8.034  0.0000E+00  0.6400E+02
     -8.016  0.0000E+00  0.6400E+02
     -7.998  0.0000E+00  0.6400E+02
     -7.980  0.0000E+00  0.6400E+02
     -7.962  0.0000E+00  0.6400E+02
     -7.944  0.0000E+00  0.6400E+02
     -7.926  0.0000E+00  0.6400E+02
     -7.908  0.0000E+00  0.6400E+02
     -7.890  0.0000E+00  0.6400E+02
     -7.872  0.0000E+00  0.6400E+02
     -7.854  0.0000E+00  0.6400E+02
     -7.836  0.0000E+00  0.6400E+02
     -7.818  0.0000E+00  0.6400E+02
     -7.801  0.0000E+00  0.6400E+02
     -7.783  0.0000E+00  0.6400E+02
     -7.765  0.0000E+00  0.6400E+02
     -7.747  0.0000E+00  0.6400E+02
     -7.729  0.0000E+00  0.6400E+02
     -7.711  0.0000E+00  0.6400E+02
     -7.693  0.0000E+00  0.6400E+02
     -7.675  0.0000E+00  0.6400E+02
     -7.657  0.0000E+00  0.6400E+02
     -7.639  0.0000E+00  0.6400E+02
     -7.621  0.0000E+00  0.6400E+02
     -7.603  0.0000E+00  0.6400E+02
     -7.585  0.0000E+00  0.6400E+02
     -7.567  0.0000E+00  0.6400E+02
     -7.549  0.0000E+00  0.6400E+02
     -7.531  0.0000E+00  0.6400E+02
     -7.513  0.0000E+00  0.6400E+02
     -7.495  0.0000E+00  0.6400E+02
     -7.477  0.0000E+00  0.6400E+02
     -7.459  0.0000E+00  0.6400E+02
     -7.441  0.0000E+00  0.6400E+02
     -7.423  0.0000E+00  0.6400E+02
     -7.405  0.0000E+00  0.6400E+02
     -7.387  0.0000E+00  0.6400E+02
     -7.369  0.0000E+00  0.6400E+02
     -7.352  0.0000E+00  0.6400E+02
     -7.334  0.0000E+00  0.6400E+02
     -7.316  0.0000E+00  0.6400E+02
     -7.298  0.0000E+00  0.6400E+02
     -7.280  0.0000E+00  0.6400E+02
     -7.262  0.0000E+00  0.6400E+02
     -7.244  0.0000E+00  0.6400E+02
     -7.226  0.0000E+00  0.6400E+02
     -7.208  0.0000E+00  0.6400E+02
     -7.190  0.0000E+00  0.6400E+02
     -7.172  0.0000E+00  0.6400E+02
     -7.154  0.0000E+00  0.6400E+02
     -7.136  0.0000E+00  0.6400E+02
     -7.118  0.0000E+00  0.6400E+02
     -7.100  0.0000E+00  0.6400E+02
     -7.082  0.0000E+00  0.6400E+02
     -7.064  0.0000E+00  0.6400E+02
     -7.046  0.0000E+00  0.6400E+02
     -7.028  0.0000E+00  0.6400E+02
     -7.010  0.0000E+00  0.6400E+02
     -6.992  0.0000E+00  0.6400E+02
     -6.974  0.0000E+00  0.6400E+02
     -6.956  0.0000E+00  0.6400E+02
     -6.938  0.0000E+00  0.6400E+02
     -6.921  0.0000E+00  0.6400E+02
     -6.903  0.0000E+00  0.6400E+02
     -6.885  0.0000E+00  0.6400E+02
     -6.867  0.0000E+00  0.6400E+02
     -6.849  0.0000E+00  0.6400E+02
     -6.831  0.0000E+00  0.6400E+02
     -6.813  0.0000E+00  0.6400E+02
     -6.795  0.0000E+00  0.6400E+02
     -6.777  0.0000E+00  0.6400E+02
     -6.759  0.0000E+00  0.6400E+02
     -6.741  0.0000E+00  0.6400E+02
     -6.723  0.0000E+00  0.6400E+02
     -6.705  0.0000E+00  0.6400E+02
     -6.687  0.0000E+00  0.6400E+02
     -6.669  0.0000E+00  0.6400E+02
     -6.651  0.0000E+00  0.6400E+02
     -6.633  0.0000E+00  0.6400E+02
     -6.615  0.0000E+00  0.6400E+02
     -6.597  0.0000E+00  0.6400E+02
     -6.579  0.0000E+00  0.6400E+02
     -6.561  0.0000E+00  0.6400E+02
     -6.543  0.0000E+00  0.6400E+02
     -6.525  0.0000E+00  0.6400E+02
     -6.507  0.0000E+00  0.6400E+02
     -6.490  0.0000E+00  0.6400E+02
     -6.472  0.0000E+00  0.6400E+02
     -6.454  0.0000E+00  0.6400E+02
     -6.436  0.0000E+00  0.6400E+02
     -6.418  0.0000E+00  0.6400E+02
     -6.400  0.0000E+00  0.6400E+02
     -6.382  0.0000E+00  0.6400E+02
     -6.364  0.0000E+00  0.6400E+02
     -6.346  0.0000E+00  0.6400E+02
     -6.328  0.0000E+00  0.6400E+02
     -6.310  0.0000E+00  0.6400E+02
     -6.292  0.0000E+00  0.6400E+02
     -6.274  0.0000E+00  0.6400E+02
     -6.256  0.0000E+00  0.6400E+02
     -6.238  0.0000E+00  0.6400E+02
     -6.220  0.0000E+00  0.6400E+02
     -6.202  0.0000E+00  0.6400E+02
     -6.184  0.0000E+00  0.6400E+02
     -6.166  0.0000E+00  0.6400E+02
     -6.148  0.0000E+00  0.6400E+02
     -6.130  0.0000E+00  0.6400E+02
     -6.112  0.0000E+00  0.6400E+02
     -6.094  0.0000E+00  0.6400E+02
     -6.076  0.0000E+00  0.6400E+02
     -6.058  0.0000E+00  0.6400E+02
     -6.041  0.0000E+00  0.6400E+02
     -6.023  0.0000E+00  0.6400E+02
     -6.005  0.0000E+00  0.6400E+02
     -5.987  0.0000E+00  0.6400E+02
     -5.969  0.0000E+00  0.6400E+02
     -5.951  0.0000E+00  0.6400E+02
     -5.933  0.0000E+00  0.6400E+02
     -5.915  0.0000E+00  0.6400E+02
     -5.897  0.0000E+00  0.6400E+02
     -5.879  0.0000E+00  0.6400E+02
     -5.861  0.0000E+00  0.6400E+02
     -5.843  0.0000E+00  0.6400E+02
     -5.825  0.0000E+00  0.6400E+02
     -5.807  0.0000E+00  0.6400E+02
     -5.789  0.0000E+00  0.6400E+02
     -5.771  0.0000E+00  0.6400E+02
     -5.753  0.0000E+00  0.6400E+02
     -5.735  0.0000E+00  0.6400E+02
     -5.717  0.0000E+00  0.6400E+02
     -5.699  0.0000E+00  0.6400E+02
     -5.681  0.0000E+00  0.6400E+02
     -5.663  0.0000E+00  0.6400E+02
     -5.645  0.0000E+00  0.6400E+02
     -5.627  0.0000E+00  0.6400E+02
     -5.610  0.0000E+00  0.6400E+02
     -5.592  0.0000E+00  0.6400E+02
     -5.574  0.0000E+00  0.6400E+02
     -5.556  0.0000E+00  0.6400E+02
     -5.538  0.0000E+00  0.6400E+02
     -5.520  0.0000E+00  0.6400E+02
     -5.502  0.0000E+00  0.6400E+02
     -5.484  0.0000E+00  0.6400E+02
     -5.466  0.0000E+00  0.6400E+02
     -5.448  0.0000E+00  0.6400E+02
     -5.430  0.0000E+00  0.6400E+02
     -5.412  0.0000E+00  0.6400E+02
     -5.394  0.0000E+00  0.6400E+02
     -5.376  0.0000E+00  0.6400E+02
     -5.358  0.0000E+00  0.6400E+02
     -5.340  0.0000E+00  0.6400E+02
     -5.322  0.0000E+00  0.6400E+02
     -5.304  0.0000E+00  0.6400E+02
     -5.286  0.0000E+00  0.6400E+02
     -5.268  0.0000E+00  0.6400E+02
     -5.250  0.0000E+00  0.6400E+02
     -5.232  0.0000E+00  0.6400E+02
     -5.214  0.0000E+00  0.6400E+02
     -5.196  0.0000E+00  0.6400E+02
     -5.178  0.0000E+00  0.6400E+02
     -5.161  0.0000E+00  0.6400E+02
     -5.143  0.0000E+00  0.6400E+02
     -5.125  0.0000E+00  0.6400E+02
     -5.107  0.0000E+00  0.6400E+02
     -5.089  0.0000E+00  0.6400E+02
     -5.071  0.0000E+00  0.6400E+02
     -5.053  0.0000E+00  0.6400E+02
     -5.035  0.0000E+00  0.6400E+02
     -5.017  0.0000E+00  0.6400E+02
     -4.999  0.0000E+00  0.6400E+02
     -4.981  0.0000E+00  0.6400E+02
     -4.963  0.0000E+00  0.6400E+02
     -4.945  0.0000E+00  0.6400E+02
     -4.927  0.0000E+00  0.6400E+02
     -4.909  0.0000E+00  0.6400E+02
     -4.891  0.0000E+00  0.6400E+02
     -4.873  0.0000E+00  0.6400E+02
     -4.855  0.0000E+00  0.6400E+02
     -4.837  0.0000E+00  0.6400E+02
     -4.819  0.0000E+00  0.6400E+02
     -4.801  0.0000E+00  0.6400E+02
     -4.783  0.0000E+00  0.6400E+02
     -4.765  0.0000E+00  0.6400E+02
     -4.747  0.0000E+00  0.6400E+02
     -4.730  0.0000E+00  0.6400E+02
     -4.712  0.0000E+00  0.6400E+02
     -4.694  0.0000E+00  0.6400E+02
     -4.676  0.0000E+00  0.6400E+02
     -4.658  0.0000E+00  0.6400E+02
     -4.640  0.0000E+00  0.6400E+02
     -4.622  0.0000E+00  0.6400E+02
     -4.604  0.0000E+00  0.6400E+02
     -4.586  0.0000E+00  0.6400E+02
     -4.568  0.0000E+00  0.6400E+02
     -4.550  0.0000E+00  0.6400E+02
     -4.532  0.0000E+00  0.6400E+02
     -4.514  0.0000E+00  0.6400E+02
     -4.496  0.0000E+00  0.6400E+02
     -4.478  0.0000E+00  0.6400E+02
     -4.460  0.0000E+00  0.6400E+02
     -4.442  0.0000E+00  0.6400E+02
     -4.424  0.0000E+00  0.6400E+02
     -4.406  0.0000E+00  0.6400E+02
     -4.388  0.0000E+00  0.6400E+02
     -4.370  0.0000E+00  0.6400E+02
     -4.352  0.0000E+00  0.6400E+02
     -4.334  0.0000E+00  0.6400E+02
     -4.316  0.0000E+00  0.6400E+02
     -4.298  0.0000E+00  0.6400E+02
     -4.281  0.0000E+00  0.6400E+02
     -4.263  0.0000E+00  0.6400E+02
     -4.245  0.0000E+00  0.6400E+02
     -4.227  0.0000E+00  0.6400E+02
     -4.209  0.0000E+00  0.6400E+02
     -4.191  0.0000E+00  0.6400E+02
     -4.173  0.0000E+00  0.6400E+02
     -4.155  0.0000E+00  0.6400E+02
     -4.137  0.0000E+00  0.6400E+02
     -4.119  0.0000E+00  0.6400E+02
     -4.101  0.0000E+00  0.6400E+02
     -4.083  0.0000E+00  0.6400E+02
     -4.065  0.0000E+00  0.6400E+02
     -4.047  0.0000E+00  0.6400E+02
     -4.029  0.0000E+00  0.6400E+02
     -4.011  0.0000E+00  0.6400E+02
     -3.993  0.0000E+00  0.6400E+02
     -3.975  0.0000E+00  0.6400E+02
     -3.957  0.0000E+00  0.6400E+02
     -3.939  0.0000E+00  0.6400E+02
     -3.921  0.0000E+00  0.6400E+02
     -3.903  0.0000E+00  0.6400E+02
     -3.885  0.0000E+00  0.6400E+02
     -3.867  0.0000E+00  0.6400E+02
     -3.850  0.0000E+00  0.6400E+02
     -3.832  0.0000E+00  0.6400E+02
     -3.814  0.0000E+00  0.6400E+02
     -3.796  0.0000E+00  0.6400E+02
     -3.778  0.0000E+00  0.6400E+02
     -3.760  0.0000E+00  0.6400E+02
     -3.742  0.0000E+00  0.6400E+02
     -3.724  0.0000E+00  0.6400E+02
     -3.706  0.0000E+00  0.6400E+02
     -3.688  0.0000E+00  0.6400E+02
     -3.670  0.0000E+00  0.6400E+02
     -3.652  0.0000E+00  0.6400E+02
     -3.634  0.0000E+00  0.6400E+02
     -3.616  0.0000E+00  0.6400E+02
     -3.598  0.0000E+00  0.6400E+02
     -3.580  0.0000E+00  0.6400E+02
     -3.562  0.0000E+00  0.6400E+02
     -3.544  0.0000E+00  0.6400E+02
     -3.526  0.0000E+00  0.6400E+02
     -3.508  0.0000E+00  0.6400E+02
     -3.490  0.0000E+00  0.6400E+02
     -3.472  0.0000E+00  0.6400E+02
     -3.454  0.0000E+00  0.6400E+02
     -3.436  0.0000E+00  0.6400E+02
     -3.418  0.0000E+00  0.6400E+02
     -3.401  0.0000E+00  0.6400E+02
     -3.383  0.0000E+00  0.6400E+02
     -3.365  0.0000E+00  0.6400E+02
     -3.347  0.0000E+00  0.6400E+02
     -3.329  0.0000E+00  0.6400E+02
     -3.311  0.0000E+00  0.6400E+02
     -3.293  0.0000E+00  0.6400E+02
     -3.275  0.0000E+00  0.6400E+02
     -3.257  0.0000E+00  0.6400E+02
     -3.239  0.0000E+00  0.6400E+02
     -3.221  0.0000E+00  0.6400E+02
     -3.203  0.0000E+00  0.6400E+02
     -3.185  0.0000E+00  0.6400E+02
     -3.167  0.0000E+00  0.6400E+02
     -3.149  0.0000E+00  0.6400E+02
     -3.131  0.0000E+00  0.6400E+02
     -3.113  0.0000E+00  0.6400E+02
     -3.095  0.0000E+00  0.6400E+02
     -3.077  0.0000E+00  0.6400E+02
     -3.059  0.0000E+00  0.6400E+02
     -3.041  0.0000E+00  0.6400E+02
     -3.023  0.0000E+00  0.6400E+02
     -3.005  0.0000E+00  0.6400E+02
     -2.987  0.0000E+00  0.6400E+02
     -2.970  0.0000E+00  0.6400E+02
     -2.952  0.0000E+00  0.6400E+02
     -2.934  0.0000E+00  0.6400E+02
     -2.916  0.0000E+00  0.6400E+02
     -2.898  0.0000E+00  0.6400E+02
     -2.880  0.0000E+00  0.6400E+02
     -2.862  0.0000E+00  0.6400E+02
     -2.844  0.0000E+00  0.6400E+02
     -2.826  0.0000E+00  0.6400E+02
     -2.808  0.0000E+00  0.6400E+02
     -2.790  0.0000E+00  0.6400E+02
     -2.772  0.0000E+00  0.6400E+02
     -2.754  0.0000E+00  0.6400E+02
     -2.736  0.0000E+00  0.6400E+02
     -2.718  0.0000E+00  0.6400E+02
     -2.700  0.0000E+00  0.6400E+02
     -2.682  0.0000E+00  0.6400E+02
     -2.664  0.0000E+00  0.6400E+02
     -2.646  0.0000E+00  0.6400E+02
     -2.628  0.0000E+00  0.6400E+02
     -2.610  0.0000E+00  0.6400E+02
     -2.592  0.0000E+00  0.6400E+02
     -2.574  0.0000E+00  0.6400E+02
     -2.556  0.0000E+00  0.6400E+02
     -2.538  0.0000E+00  0.6400E+02
     -2.521  0.0000E+00  0.6400E+02
     -2.503  0.0000E+00  0.6400E+02
     -2.485  0.0000E+00  0.6400E+02
     -2.467  0.0000E+00  0.6400E+02
     -2.449  0.0000E+00  0.6400E+02
     -2.431  0.0000E+00  0.6400E+02
     -2.413  0.0000E+00  0.6400E+02
     -2.395  0.0000E+00  0.6400E+02
     -2.377  0.0000E+00  0.6400E+02
     -2.359  0.0000E+00  0.6400E+02
     -2.341  0.0000E+00  0.6400E+02
     -2.323  0.0000E+00  0.6400E+02
     -2.305  0.0000E+00  0.6400E+02
     -2.287  0.0000E+00  0.6400E+02
     -2.269  0.0000E+00  0.6400E+02
     -2.251  0.0000E+00  0.6400E+02
     -2.233  0.0000E+00  0.6400E+02
     -2.215  0.0000E+00  0.6400E+02
     -2.197  0.0000E+00  0.6400E+02
     -2.179  0.0000E+00  0.6400E+02
     -2.161  0.0000E+00  0.6400E+02
     -2.143  0.0000E+00  0.6400E+02
     -2.125  0.0000E+00  0.6400E+02
     -2.107  0.0000E+00  0.6400E+02
     -2.090  0.0000E+00  0.6400E+02
     -2.072  0.0000E+00  0.6400E+02
     -2.054  0.0000E+00  0.6400E+02
     -2.036  0.0000E+00  0.6400E+02
     -2.018  0.0000E+00  0.6400E+02
     -2.000  0.0000E+00  0.6400E+02
     -1.982  0.0000E+00  0.6400E+02
     -1.964  0.0000E+00  0.6400E+02
     -1.946  0.0000E+00  0.6400E+02
     -1.928  0.0000E+00  0.6400E+02
     -1.910  0.0000E+00  0.6400E+02
     -1.892  0.0000E+00  0.6400E+02
     -1.874  0.0000E+00  0.6400E+02
     -1.856  0.0000E+00  0.6400E+02
     -1.838  0.0000E+00  0.6400E+02
     -1.820  0.0000E+00  0.6400E+02
     -1.802  0.0000E+00  0.6400E+02
     -1.784  0.0000E+00  0.6400E+02
     -1.766  0.0000E+00  0.6400E+02
     -1.748  0.0000E+00  0.6400E+02
     -1.730  0.0000E+00  0.6400E+02
     -1.712  0.0000E+00  0.6400E+02
     -1.694  0.0000E+00  0.6400E+02
     -1.676  0.0000E+00  0.6400E+02
     -1.659  0.0000E+00  0.6400E+02
     -1.641  0.0000E+00  0.6400E+02
     -1.623  0.0000E+00  0.6400E+02
     -1.605  0.0000E+00  0.6400E+02
     -1.587  0.0000E+00  0.6400E+02
     -1.569  0.0000E+00  0.6400E+02
     -1.551  0.0000E+00  0.6400E+02
     -1.533  0.0000E+00  0.6400E+02
     -1.515  0.0000E+00  0.6400E+02
     -1.497  0.0000E+00  0.6400E+02
     -1.479  0.0000E+00  0.6400E+02
     -1.461  0.0000E+00  0.6400E+02
     -1.443  0.0000E+00  0.6400E+02
     -1.425  0.0000E+00  0.6400E+02
     -1.407  0.0000E+00  0.6400E+02
     -1.389  0.0000E+00  0.6400E+02
     -1.371  0.0000E+00  0.6400E+02
     -1.353  0.0000E+00  0.6400E+02
     -1.335  0.0000E+00  0.6400E+02
     -1.317  0.0000E+00  0.6400E+02
     -1.299  0.0000E+00  0.6400E+02
     -1.281  0.0000E+00  0.6400E+02
     -1.263  0.0000E+00  0.6400E+02
     -1.245  0.0000E+00  0.6400E+02
     -1.227  0.6202E-02  0.6400E+02
     -1.210  0.3654E-01  0.6400E+02
     -1.192  0.9215E-01  0.6400E+02
     -1.174  0.1730E+00  0.6400E+02
     -1.156  0.2792E+00  0.6401E+02
     -1.138  0.4106E+00  0.6401E+02
     -1.120  0.5748E+00  0.6402E+02
     -1.102  0.8173E+00  0.6404E+02
     -1.084  0.1146E+01  0.6405E+02
     -1.066  0.1560E+01  0.6408E+02
     -1.048  0.2061E+01  0.6411E+02
     -1.030  0.2647E+01  0.6415E+02
     -1.012  0.3319E+01  0.6420E+02
     -0.994  0.4077E+01  0.6427E+02
     -0.976  0.4921E+01  0.6435E+02
     -0.958  0.5851E+01  0.6445E+02
     -0.940  0.6867E+01  0.6456E+02
     -0.922  0.7969E+01  0.6470E+02
     -0.904  0.9157E+01  0.6485E+02
     -0.886  0.1048E+02  0.6502E+02
     -0.868  0.1288E+02  0.6524E+02
     -0.850  0.1505E+02  0.6549E+02
     -0.832  0.1699E+02  0.6577E+02
     -0.814  0.1869E+02  0.6610E+02
     -0.796  0.2017E+02  0.6644E+02
     -0.779  0.2176E+02  0.6682E+02
     -0.761  0.2314E+02  0.6722E+02
     -0.743  0.2410E+02  0.6765E+02
     -0.725  0.2279E+02  0.6808E+02
     -0.707  0.2094E+02  0.6846E+02
     -0.689  0.2387E+02  0.6887E+02
     -0.671  0.2650E+02  0.6932E+02
     -0.653  0.2883E+02  0.6982E+02
     -0.635  0.3085E+02  0.7035E+02
     -0.617  0.3153E+02  0.7092E+02
     -0.599  0.3028E+02  0.7147E+02
     -0.581  0.2672E+02  0.7199E+02
     -0.563  0.4790E+02  0.7262E+02
     -0.545  0.4722E+02  0.7347E+02
     -0.527  0.4968E+02  0.7434E+02
     -0.509  0.5092E+02  0.7525E+02
     -0.491  0.5092E+02  0.7616E+02
     -0.473  0.4921E+02  0.7707E+02
     -0.455  0.4486E+02  0.7791E+02
     -0.437  0.3448E+02  0.7865E+02
     -0.419  0.2239E+02  0.7915E+02
     -0.401  0.1564E+02  0.7949E+02
     -0.383  0.1424E+02  0.7975E+02
     -0.365  0.1689E+02  0.8002E+02
     -0.347  0.1843E+02  0.8034E+02
     -0.330  0.1810E+02  0.8067E+02
     -0.312  0.1592E+02  0.8098E+02
     -0.294  0.1200E+02  0.8123E+02
     -0.276  0.1390E+02  0.8146E+02
     -0.258  0.2544E+02  0.8180E+02
     -0.240  0.4543E+02  0.8243E+02
     -0.222  0.5885E+02  0.8338E+02
     -0.204  0.6386E+02  0.8449E+02
     -0.186  0.6533E+02  0.8565E+02
     -0.168  0.6775E+02  0.8687E+02
     -0.150  0.5875E+02  0.8801E+02
     -0.132  0.5597E+02  0.8904E+02
     -0.114  0.6951E+02  0.9037E+02
     -0.096  0.3846E+02  0.9119E+02
     -0.078  0.4010E+02  0.9189E+02
     -0.060  0.4430E+02  0.9265E+02
     -0.042  0.4931E+02  0.9349E+02
     -0.024  0.5456E+02  0.9442E+02
     -0.006  0.5957E+02  0.9545E+02
      0.012  0.6469E+02  0.9656E+02
      0.030  0.6863E+02  0.9776E+02
      0.048  0.7155E+02  0.9902E+02
      0.066  0.7342E+02  0.1003E+03
      0.084  0.7427E+02  0.1017E+03
      0.101  0.7244E+02  0.1030E+03
      0.119  0.6390E+02  0.1042E+03
      0.137  0.5413E+02  0.1053E+03
      0.155  0.5300E+02  0.1062E+03
      0.173  0.4267E+02  0.1071E+03
      0.191  0.3155E+02  0.1077E+03
      0.209  0.2804E+02  0.1082E+03
      0.227  0.2777E+02  0.1088E+03
      0.245  0.2749E+02  0.1092E+03
      0.263  0.2721E+02  0.1097E+03
      0.281  0.2698E+02  0.1102E+03
      0.299  0.2678E+02  0.1107E+03
      0.317  0.2659E+02  0.1112E+03
      0.335  0.2643E+02  0.1117E+03
      0.353  0.2630E+02  0.1121E+03
      0.371  0.2618E+02  0.1126E+03
      0.389  0.2609E+02  0.1131E+03
      0.407  0.2602E+02  0.1135E+03
      0.425  0.2598E+02  0.1140E+03
      0.443  0.2596E+02  0.1145E+03
      0.461  0.2596E+02  0.1149E+03
      0.479  0.2598E+02  0.1154E+03
      0.497  0.2603E+02  0.1159E+03
      0.515  0.2610E+02  0.1163E+03
      0.533  0.2615E+02  0.1168E+03
      0.550  0.2228E+02  0.1173E+03
      0.568  0.2038E+02  0.1176E+03
      0.586  0.1969E+02  0.1180E+03
      0.604  0.1757E+02  0.1183E+03
      0.622  0.1603E+02  0.1186E+03
      0.640  0.1514E+02  0.1189E+03
      0.658  0.1447E+02  0.1192E+03
      0.676  0.1686E+02  0.1194E+03
      0.694  0.2148E+02  0.1197E+03
      0.712  0.2650E+02  0.1202E+03
      0.730  0.2659E+02  0.1207E+03
      0.748  0.2668E+02  0.1212E+03
      0.766  0.2678E+02  0.1216E+03
      0.784  0.2689E+02  0.1221E+03
      0.802  0.2700E+02  0.1226E+03
      0.820  0.2712E+02  0.1231E+03
      0.838  0.2826E+02  0.1236E+03
      0.856  0.3198E+02  0.1241E+03
      0.874  0.3341E+02  0.1247E+03
      0.892  0.3232E+02  0.1253E+03
      0.910  0.2927E+02  0.1259E+03
      0.928  0.2674E+02  0.1264E+03
      0.946  0.2413E+02  0.1268E+03
      0.964  0.2218E+02  0.1272E+03
      0.981  0.2130E+02  0.1276E+03
      0.999  0.2082E+02  0.1280E+03
      1.017  0.2053E+02  0.1284E+03
      1.035  0.2024E+02  0.1287E+03
      1.053  0.1996E+02  0.1291E+03
      1.071  0.1968E+02  0.1295E+03
      1.089  0.1944E+02  0.1298E+03
      1.107  0.1930E+02  0.1302E+03
      1.125  0.1926E+02  0.1305E+03
      1.143  0.1931E+02  0.1309E+03
      1.161  0.1947E+02  0.1312E+03
      1.179  0.1972E+02  0.1316E+03
      1.197  0.2006E+02  0.1319E+03
      1.215  0.2038E+02  0.1323E+03
      1.233  0.2066E+02  0.1326E+03
      1.251  0.2088E+02  0.1330E+03
      1.269  0.2105E+02  0.1334E+03
      1.287  0.2118E+02  0.1338E+03
      1.305  0.2125E+02  0.1342E+03
      1.323  0.2127E+02  0.1345E+03
      1.341  0.2124E+02  0.1349E+03
      1.359  0.2116E+02  0.1353E+03
      1.377  0.2103E+02  0.1357E+03
      1.395  0.2085E+02  0.1361E+03
      1.413  0.2062E+02  0.1364E+03
      1.430  0.2033E+02  0.1368E+03
      1.448  0.2000E+02  0.1372E+03
      1.466  0.1962E+02  0.1375E+03
      1.484  0.1918E+02  0.1379E+03
      1.502  0.2065E+02  0.1382E+03
      1.520  0.2319E+02  0.1386E+03
      1.538  0.2300E+02  0.1390E+03
      1.556  0.2211E+02  0.1394E+03
      1.574  0.2177E+02  0.1398E+03
      1.592  0.2125E+02  0.1402E+03
      1.610  0.2156E+02  0.1406E+03
      1.628  0.2185E+02  0.1410E+03
      1.646  0.2250E+02  0.1414E+03
      1.664  0.2428E+02  0.1418E+03
      1.682  0.2753E+02  0.1423E+03
      1.700  0.3262E+02  0.1428E+03
      1.718  0.6418E+02  0.1436E+03
      1.736  0.4621E+02  0.1447E+03
      1.754  0.3367E+02  0.1453E+03
      1.772  0.4514E+02  0.1460E+03
      1.790  0.5840E+02  0.1469E+03
      1.808  0.8452E+02  0.1482E+03
      1.826  0.7095E+02  0.1497E+03
      1.844  0.5603E+02  0.1507E+03
      1.861  0.4695E+02  0.1516E+03
      1.879  0.5000E+02  0.1525E+03
      1.897  0.5185E+02  0.1534E+03
      1.915  0.5223E+02  0.1544E+03
      1.933  0.5087E+02  0.1553E+03
      1.951  0.4793E+02  0.1562E+03
      1.969  0.4384E+02  0.1570E+03
      1.987  0.4675E+02  0.1578E+03
      2.005  0.4937E+02  0.1587E+03
      2.023  0.5074E+02  0.1596E+03
      2.041  0.5089E+02  0.1605E+03
      2.059  0.4997E+02  0.1614E+03
      2.077  0.4797E+02  0.1623E+03
      2.095  0.4477E+02  0.1631E+03
      2.113  0.4044E+02  0.1639E+03
      2.131  0.3971E+02  0.1646E+03
      2.149  0.4044E+02  0.1653E+03
      2.167  0.4076E+02  0.1661E+03
      2.185  0.4067E+02  0.1668E+03
      2.203  0.4018E+02  0.1675E+03
      2.221  0.3927E+02  0.1682E+03
      2.239  0.3796E+02  0.1689E+03
      2.257  0.3623E+02  0.1696E+03
      2.275  0.3410E+02  0.1702E+03
      2.293  0.3158E+02  0.1708E+03
      2.310  0.3079E+02  0.1714E+03
      2.328  0.3246E+02  0.1719E+03
      2.346  0.3932E+02  0.1726E+03
      2.364  0.4305E+02  0.1733E+03
      2.382  0.4220E+02  0.1741E+03
      2.400  0.4883E+02  0.1749E+03
      2.418  0.5666E+02  0.1758E+03
      2.436  0.6041E+02  0.1769E+03
      2.454  0.6260E+02  0.1780E+03
      2.472  0.1426E+03  0.1799E+03
      2.490  0.1546E+03  0.1827E+03
      2.508  0.3490E+02  0.1846E+03
      2.526  0.1936E+02  0.1850E+03
      2.544  0.1883E+02  0.1861E+03
      2.562  0.7205E+02  0.1868E+03
      2.580  0.9240E+02  0.1881E+03
      2.598  0.1021E+03  0.1897E+03
      2.616  0.7516E+02  0.1918E+03
      2.634  0.7517E+02  0.1937E+03
      2.652  0.5437E+02  0.1949E+03
      2.670  0.6726E+02  0.1959E+03
      2.688  0.7532E+02  0.1972E+03
      2.706  0.6677E+02  0.1985E+03
      2.724  0.7548E+02  0.1997E+03
      2.741  0.9216E+02  0.2012E+03
      2.759  0.1041E+03  0.2030E+03
      2.777  0.1085E+03  0.2049E+03
      2.795  0.1080E+03  0.2068E+03
      2.813  0.9601E+02  0.2087E+03
      2.831  0.7969E+02  0.2103E+03
      2.849  0.7765E+02  0.2117E+03
      2.867  0.7364E+02  0.2130E+03
      2.885  0.6237E+02  0.2142E+03
      2.903  0.5663E+02  0.2153E+03
      2.921  0.5125E+02  0.2163E+03
      2.939  0.5868E+02  0.2172E+03
      2.957  0.4926E+02  0.2192E+03
      2.975  0.4276E+02  0.2200E+03
      2.993  0.4153E+02  0.2208E+03
      3.011  0.3863E+02  0.2215E+03
      3.029  0.3359E+02  0.2221E+03
      3.047  0.2830E+02  0.2227E+03
      3.065  0.3511E+02  0.2232E+03
      3.083  0.4542E+02  0.2240E+03
      3.101  0.6488E+02  0.2249E+03
      3.119  0.7636E+02  0.2263E+03
      3.137  0.9295E+02  0.2277E+03
      3.155  0.1167E+03  0.2296E+03
      3.173  0.1361E+03  0.2319E+03
      3.190  0.1479E+03  0.2345E+03
      3.208  0.1173E+03  0.2369E+03
      3.226  0.8390E+02  0.2386E+03
      3.244  0.5990E+02  0.2397E+03
      3.262  0.7851E+02  0.2411E+03
      3.280  0.6873E+02  0.2425E+03
      3.298  0.5644E+02  0.2436E+03
      3.316  0.4354E+02  0.2445E+03
      3.334  0.3624E+02  0.2452E+03
      3.352  0.3188E+02  0.2458E+03
      3.370  0.2789E+02  0.2463E+03
      3.388  0.2425E+02  0.2468E+03
      3.406  0.2098E+02  0.2472E+03
      3.424  0.1808E+02  0.2476E+03
      3.442  0.1534E+02  0.2479E+03
      3.460  0.1297E+02  0.2481E+03
      3.478  0.1139E+02  0.2483E+03
      3.496  0.1098E+02  0.2485E+03
      3.514  0.1141E+02  0.2487E+03
      3.532  0.1254E+02  0.2489E+03
      3.550  0.1775E+02  0.2492E+03
      3.568  0.2275E+02  0.2496E+03
      3.586  0.2734E+02  0.2500E+03
      3.604  0.2899E+02  0.2505E+03
      3.621  0.2366E+02  0.2510E+03
      3.639  0.2574E+02  0.2514E+03
      3.657  0.3041E+02  0.2520E+03
      3.675  0.1998E+02  0.2530E+03
      3.693  0.1921E+02  0.2533E+03
      3.711  0.1929E+02  0.2537E+03
      3.729  0.2022E+02  0.2540E+03
      3.747  0.4260E+02  0.2545E+03
      3.765  0.1557E+02  0.2551E+03
      3.783  0.1216E+02  0.2554E+03
      3.801  0.9241E+01  0.2556E+03
      3.819  0.6794E+01  0.2557E+03
      3.837  0.4826E+01  0.2558E+03
      3.855  0.3294E+01  0.2559E+03
      3.873  0.2114E+01  0.2559E+03
      3.891  0.1280E+01  0.2560E+03
      3.909  0.6829E+00  0.2560E+03
      3.927  0.2719E+00  0.2560E+03
      3.945  0.4685E-01  0.2560E+03
      3.963  0.0000E+00  0.2560E+03
      3.981  0.0000E+00  0.2560E+03
      3.999  0.0000E+00  0.2560E+03
      4.017  0.0000E+00  0.2560E+03
      4.035  0.0000E+00  0.2560E+03
      4.052  0.0000E+00  0.2560E+03
      4.070  0.0000E+00  0.2560E+03
      4.088  0.0000E+00  0.2560E+03
      4.106  0.0000E+00  0.2560E+03
      4.124  0.0000E+00  0.2560E+03
      4.142  0.0000E+00  0.2560E+03
      4.160  0.0000E+00  0.2560E+03
      4.178  0.0000E+00  0.2560E+03
      4.196  0.0000E+00  0.2560E+03
      4.214  0.0000E+00  0.2560E+03
      4.232  0.0000E+00  0.2560E+03
      4.250  0.0000E+00  0.2560E+03
      4.268  0.0000E+00  0.2560E+03
      4.286  0.0000E+00  0.2560E+03
      4.304  0.0000E+00  0.2560E+03
      4.322  0.0000E+00  0.2560E+03
      4.340  0.0000E+00  0.2560E+03
      4.358  0.0000E+00  0.2560E+03
      4.376  0.0000E+00  0.2560E+03
      4.394  0.0000E+00  0.2560E+03
      4.412  0.0000E+00  0.2560E+03
      4.430  0.0000E+00  0.2560E+03
      4.448  0.0000E+00  0.2560E+03
      4.466  0.0000E+00  0.2560E+03
      4.484  0.0000E+00  0.2560E+03
      4.501  0.0000E+00  0.2560E+03
      4.519  0.0000E+00  0.2560E+03
      4.537  0.0000E+00  0.2560E+03
      4.555  0.0000E+00  0.2560E+03
      4.573  0.0000E+00  0.2560E+03
      4.591  0.0000E+00  0.2560E+03
      4.609  0.0000E+00  0.2560E+03
      4.627  0.0000E+00  0.2560E+03
      4.645  0.0000E+00  0.2560E+03
      4.663  0.0000E+00  0.2560E+03
      4.681  0.0000E+00  0.2560E+03
      4.699  0.0000E+00  0.2560E+03
      4.717  0.0000E+00  0.2560E+03
      4.735  0.0000E+00  0.2560E+03
      4.753  0.0000E+00  0.2560E+03
      4.771  0.0000E+00  0.2560E+03
      4.789  0.0000E+00  0.2560E+03
      4.807  0.0000E+00  0.2560E+03
      4.825  0.0000E+00  0.2560E+03
      4.843  0.0000E+00  0.2560E+03
      4.861  0.0000E+00  0.2560E+03
      4.879  0.0000E+00  0.2560E+03
      4.897  0.0000E+00  0.2560E+03
      4.915  0.0000E+00  0.2560E+03
      4.932  0.0000E+00  0.2560E+03
      4.950  0.0000E+00  0.2560E+03
      4.968  0.0000E+00  0.2560E+03
      4.986  0.0000E+00  0.2560E+03
      5.004  0.0000E+00  0.2560E+03
      5.022  0.0000E+00  0.2560E+03
      5.040  0.0000E+00  0.2560E+03
      5.058  0.0000E+00  0.2560E+03
      5.076  0.0000E+00  0.2560E+03
      5.094  0.0000E+00  0.2560E+03
      5.112  0.0000E+00  0.2560E+03
      5.130  0.0000E+00  0.2560E+03
      5.148  0.0000E+00  0.2560E+03
      5.166  0.0000E+00  0.2560E+03
      5.184  0.0000E+00  0.2560E+03
      5.202  0.0000E+00  0.2560E+03
      5.220  0.0000E+00  0.2560E+03
      5.238  0.0000E+00  0.2560E+03
      5.256  0.0000E+00  0.2560E+03
      5.274  0.0000E+00  0.2560E+03
      5.292  0.0000E+00  0.2560E+03
      5.310  0.0000E+00  0.2560E+03
      5.328  0.0000E+00  0.2560E+03
      5.346  0.0000E+00  0.2560E+03
      5.364  0.0000E+00  0.2560E+03
      5.381  0.0000E+00  0.2560E+03
      5.399  0.0000E+00  0.2560E+03
      5.417  0.0000E+00  0.2560E+03
      5.435  0.0000E+00  0.2560E+03
      5.453  0.0000E+00  0.2560E+03
      5.471  0.0000E+00  0.2560E+03
      5.489  0.0000E+00  0.2560E+03
      5.507  0.0000E+00  0.2560E+03
      5.525  0.0000E+00  0.2560E+03
      5.543  0.0000E+00  0.2560E+03
      5.561  0.0000E+00  0.2560E+03
      5.579  0.0000E+00  0.2560E+03
      5.597  0.0000E+00  0.2560E+03
      5.615  0.0000E+00  0.2560E+03
      5.633  0.0000E+00  0.2560E+03
      5.651  0.0000E+00  0.2560E+03
      5.669  0.0000E+00  0.2560E+03
      5.687  0.0000E+00  0.2560E+03
      5.705  0.0000E+00  0.2560E+03
      5.723  0.0000E+00  0.2560E+03
      5.741  0.0000E+00  0.2560E+03
      5.759  0.0000E+00  0.2560E+03
      5.777  0.0000E+00  0.2560E+03
      5.795  0.0000E+00  0.2560E+03
      5.812  0.0000E+00  0.2560E+03
      5.830  0.0000E+00  0.2560E+03
      5.848  0.0000E+00  0.2560E+03
      5.866  0.0000E+00  0.2560E+03
      5.884  0.0000E+00  0.2560E+03
      5.902  0.0000E+00  0.2560E+03
      5.920  0.0000E+00  0.2560E+03
      5.938  0.0000E+00  0.2560E+03
      5.956  0.0000E+00  0.2560E+03
      5.974  0.0000E+00  0.2560E+03
      5.992  0.0000E+00  0.2560E+03
      6.010  0.0000E+00  0.2560E+03
      6.028  0.0000E+00  0.2560E+03
      6.046  0.0000E+00  0.2560E+03
      6.064  0.0000E+00  0.2560E+03
      6.082  0.0000E+00  0.2560E+03
      6.100  0.0000E+00  0.2560E+03
      6.118  0.0000E+00  0.2560E+03
      6.136  0.0000E+00  0.2560E+03
      6.154  0.0000E+00  0.2560E+03
      6.172  0.0000E+00  0.2560E+03
      6.190  0.0000E+00  0.2560E+03
      6.208  0.0000E+00  0.2560E+03
      6.226  0.0000E+00  0.2560E+03
      6.244  0.0000E+00  0.2560E+03
      6.261  0.0000E+00  0.2560E+03
      6.279  0.0000E+00  0.2560E+03
      6.297  0.0000E+00  0.2560E+03
      6.315  0.0000E+00  0.2560E+03
      6.333  0.0000E+00  0.2560E+03
      6.351  0.0000E+00  0.2560E+03
      6.369  0.0000E+00  0.2560E+03
      6.387  0.0000E+00  0.2560E+03
      6.405  0.0000E+00  0.2560E+03
      6.423  0.0000E+00  0.2560E+03
      6.441  0.0000E+00  0.2560E+03
      6.459  0.0000E+00  0.2560E+03
      6.477  0.0000E+00  0.2560E+03
      6.495  0.0000E+00  0.2560E+03
      6.513  0.0000E+00  0.2560E+03
      6.531  0.0000E+00  0.2560E+03
      6.549  0.0000E+00  0.2560E+03
      6.567  0.0000E+00  0.2560E+03
      6.585  0.0000E+00  0.2560E+03
      6.603  0.0000E+00  0.2560E+03
      6.621  0.0000E+00  0.2560E+03
      6.639  0.0000E+00  0.2560E+03
      6.657  0.0000E+00  0.2560E+03
      6.675  0.0000E+00  0.2560E+03
      6.692  0.0000E+00  0.2560E+03
      6.710  0.0000E+00  0.2560E+03
      6.728  0.0000E+00  0.2560E+03
      6.746  0.0000E+00  0.2560E+03
      6.764  0.0000E+00  0.2560E+03
      6.782  0.0000E+00  0.2560E+03
      6.800  0.0000E+00  0.2560E+03
      6.818  0.0000E+00  0.2560E+03
      6.836  0.0000E+00  0.2560E+03
      6.854  0.0000E+00  0.2560E+03
      6.872  0.0000E+00  0.2560E+03
      6.890  0.0000E+00  0.2560E+03
      6.908  0.0000E+00  0.2560E+03
      6.926  0.0000E+00  0.2560E+03
      6.944  0.0000E+00  0.2560E+03
      6.962  0.0000E+00  0.2560E+03
      6.980  0.0000E+00  0.2560E+03
      6.998  0.0000E+00  0.2560E+03
      7.016  0.0000E+00  0.2560E+03
      7.034  0.0000E+00  0.2560E+03
      7.052  0.0000E+00  0.2560E+03
      7.070  0.0000E+00  0.2560E+03
      7.088  0.0000E+00  0.2560E+03
      7.106  0.0000E+00  0.2560E+03
      7.124  0.0000E+00  0.2560E+03
      7.141  0.0000E+00  0.2560E+03
      7.159  0.0000E+00  0.2560E+03
      7.177  0.0000E+00  0.2560E+03
      7.195  0.0000E+00  0.2560E+03
      7.213  0.0000E+00  0.2560E+03
      7.231  0.0000E+00  0.2560E+03
      7.249  0.0000E+00  0.2560E+03
      7.267  0.0000E+00  0.2560E+03
      7.285  0.0000E+00  0.2560E+03
      7.303  0.0000E+00  0.2560E+03
      7.321  0.0000E+00  0.2560E+03
      7.339  0.0000E+00  0.2560E+03
      7.357  0.0000E+00  0.2560E+03
      7.375  0.0000E+00  0.2560E+03
      7.393  0.0000E+00  0.2560E+03
      7.411  0.0000E+00  0.2560E+03
      7.429  0.0000E+00  0.2560E+03
      7.447  0.0000E+00  0.2560E+03
      7.465  0.0000E+00  0.2560E+03
      7.483  0.0000E+00  0.2560E+03
      7.501  0.0000E+00  0.2560E+03
      7.519  0.0000E+00  0.2560E+03
      7.537  0.0000E+00  0.2560E+03
      7.555  0.0000E+00  0.2560E+03
      7.572  0.0000E+00  0.2560E+03
      7.590  0.0000E+00  0.2560E+03
      7.608  0.0000E+00  0.2560E+03
      7.626  0.0000E+00  0.2560E+03
      7.644  0.0000E+00  0.2560E+03
      7.662  0.0000E+00  0.2560E+03
      7.680  0.0000E+00  0.2560E+03
      7.698  0.0000E+00  0.2560E+03
      7.716  0.0000E+00  0.2560E+03
      7.734  0.0000E+00  0.2560E+03
      7.752  0.0000E+00  0.2560E+03
      7.770  0.0000E+00  0.2560E+03
      7.788  0.0000E+00  0.2560E+03
      7.806  0.0000E+00  0.2560E+03
      7.824  0.0000E+00  0.2560E+03
      7.842  0.0000E+00  0.2560E+03
      7.860  0.0000E+00  0.2560E+03
      7.878  0.0000E+00  0.2560E+03
      7.896  0.0000E+00  0.2560E+03
      7.914  0.0000E+00  0.2560E+03
      7.932  0.0000E+00  0.2560E+03
      7.950  0.0000E+00  0.2560E+03
      7.968  0.0000E+00  0.2560E+03
      7.986  0.0000E+00  0.2560E+03
      8.004  0.0000E+00  0.2560E+03
      8.021  0.0000E+00  0.2560E+03
      8.039  0.0000E+00  0.2560E+03
      8.057  0.0000E+00  0.2560E+03
      8.075  0.0000E+00  0.2560E+03
      8.093  0.0000E+00  0.2560E+03
      8.111  0.0000E+00  0.2560E+03
      8.129  0.0000E+00  0.2560E+03
      8.147  0.0000E+00  0.2560E+03
      8.165  0.0000E+00  0.2560E+03
      8.183  0.0000E+00  0.2560E+03
      8.201  0.0000E+00  0.2560E+03
      8.219  0.0000E+00  0.2560E+03
      8.237  0.0000E+00  0.2560E+03
      8.255  0.0000E+00  0.2560E+03
      8.273  0.0000E+00  0.2560E+03
      8.291  0.0000E+00  0.2560E+03
      8.309  0.0000E+00  0.2560E+03
      8.327  0.0000E+00  0.2560E+03
      8.345  0.0000E+00  0.2560E+03
      8.363  0.0000E+00  0.2560E+03
      8.381  0.0000E+00  0.2560E+03
      8.399  0.0000E+00  0.2560E+03
      8.417  0.0000E+00  0.2560E+03
      8.435  0.0000E+00  0.2560E+03
      8.452  0.0000E+00  0.2560E+03
      8.470  0.0000E+00  0.2560E+03
      8.488  0.0000E+00  0.2560E+03
      8.506  0.0000E+00  0.2560E+03
      8.524  0.0000E+00  0.2560E+03
      8.542  0.0000E+00  0.2560E+03
      8.560  0.0000E+00  0.2560E+03
      8.578  0.0000E+00  0.2560E+03
      8.596  0.0000E+00  0.2560E+03
      8.614  0.0000E+00  0.2560E+03
      8.632  0.0000E+00  0.2560E+03
      8.650  0.0000E+00  0.2560E+03
      8.668  0.0000E+00  0.2560E+03
      8.686  0.0000E+00  0.2560E+03
      8.704  0.0000E+00  0.2560E+03
      8.722  0.0000E+00  0.2560E+03
      8.740  0.0000E+00  0.2560E+03
      8.758  0.0000E+00  0.2560E+03
      8.776  0.0000E+00  0.2560E+03
      8.794  0.0000E+00  0.2560E+03
      8.812  0.0000E+00  0.2560E+03
      8.830  0.0000E+00  0.2560E+03
      8.848  0.0000E+00  0.2560E+03
      8.866  0.0000E+00  0.2560E+03
      8.884  0.0000E+00  0.2560E+03
      8.901  0.0000E+00  0.2560E+03
      8.919  0.0000E+00  0.2560E+03
      8.937  0.0000E+00  0.2560E+03
      8.955  0.0000E+00  0.2560E+03
      8.973  0.0000E+00  0.2560E+03
      8.991  0.0000E+00  0.2560E+03
      9.009  0.0000E+00  0.2560E+03
      9.027  0.0000E+00  0.2560E+03
      9.045  0.0000E+00  0.2560E+03
      9.063  0.0000E+00  0.2560E+03
      9.081  0.0000E+00  0.2560E+03
      9.099  0.0000E+00  0.2560E+03
      9.117  0.0000E+00  0.2560E+03
      9.135  0.0000E+00  0.2560E+03
      9.153  0.0000E+00  0.2560E+03
      9.171  0.0000E+00  0.2560E+03
      9.189  0.0000E+00  0.2560E+03
      9.207  0.0000E+00  0.2560E+03
      9.225  0.0000E+00  0.2560E+03
      9.243  0.0000E+00  0.2560E+03
      9.261  0.0000E+00  0.2560E+03
      9.279  0.0000E+00  0.2560E+03
      9.297  0.0000E+00  0.2560E+03
      9.315  0.0000E+00  0.2560E+03
      9.332  0.0000E+00  0.2560E+03
      9.350  0.0000E+00  0.2560E+03
      9.368  0.0000E+00  0.2560E+03
      9.386  0.0000E+00  0.2560E+03
      9.404  0.0000E+00  0.2560E+03
      9.422  0.0000E+00  0.2560E+03
      9.440  0.0000E+00  0.2560E+03
      9.458  0.0000E+00  0.2560E+03
      9.476  0.0000E+00  0.2560E+03
      9.494  0.0000E+00  0.2560E+03
      9.512  0.0000E+00  0.2560E+03
      9.530  0.0000E+00  0.2560E+03
      9.548  0.0000E+00  0.2560E+03
      9.566  0.0000E+00  0.2560E+03
      9.584  0.0000E+00  0.2560E+03
      9.602  0.0000E+00  0.2560E+03
      9.620  0.0000E+00  0.2560E+03
      9.638  0.0000E+00  0.2560E+03
      9.656  0.0000E+00  0.2560E+03
      9.674  0.0000E+00  0.2560E+03
      9.692  0.0000E+00  0.2560E+03
      9.710  0.0000E+00  0.2560E+03
      9.728  0.0000E+00  0.2560E+03
      9.746  0.0000E+00  0.2560E+03
      9.763  0.0000E+00  0.2560E+03
      9.781  0.0000E+00  0.2560E+03
      9.799  0.0000E+00  0.2560E+03
      9.817  0.0000E+00  0.2560E+03
      9.835  0.0000E+00  0.2560E+03
      9.853  0.0000E+00  0.2560E+03
      9.871  0.0000E+00  0.2560E+03
      9.889  0.0000E+00  0.2560E+03
      9.907  0.0000E+00  0.2560E+03
      9.925  0.0000E+00  0.2560E+03
      9.943  0.0000E+00  0.2560E+03
      9.961  0.0000E+00  0.2560E+03
      9.979  0.0000E+00  0.2560E+03
      9.997  0.0000E+00  0.2560E+03
     10.015  0.0000E+00  0.2560E+03
     10.033  0.0000E+00  0.2560E+03
     10.051  0.0000E+00  0.2560E+03
     10.069  0.0000E+00  0.2560E+03
     10.087  0.0000E+00  0.2560E+03
     10.105  0.0000E+00  0.2560E+03
     10.123  0.0000E+00  0.2560E+03
     10.141  0.0000E+00  0.2560E+03
     10.159  0.0000E+00  0.2560E+03
     10.177  0.0000E+00  0.2560E+03
     10.195  0.0000E+00  0.2560E+03
     10.212  0.0000E+00  0.2560E+03
     10.230  0.0000E+00  0.2560E+03
     10.248  0.0000E+00  0.2560E+03
     10.266  0.0000E+00  0.2560E+03
     10.284  0.0000E+00  0.2560E+03
     10.302  0.0000E+00  0.2560E+03
     10.320  0.0000E+00  0.2560E+03
     10.338  0.0000E+00  0.2560E+03
     10.356  0.0000E+00  0.2560E+03
     10.374  0.2814E-03  0.2560E+03
     10.392  0.1752E-02  0.2560E+03
     10.410  0.4482E-02  0.2560E+03
     10.428  0.8471E-02  0.2560E+03
     10.446  0.1372E-01  0.2560E+03
     10.464  0.2022E-01  0.2560E+03
     10.482  0.2799E-01  0.2560E+03
     10.500  0.3701E-01  0.2560E+03
     10.518  0.4729E-01  0.2560E+03
     10.536  0.5883E-01  0.2560E+03
     10.554  0.7163E-01  0.2560E+03
     10.572  0.8569E-01  0.2560E+03
     10.590  0.1010E+00  0.2560E+03
     10.608  0.1176E+00  0.2560E+03
     10.626  0.1354E+00  0.2560E+03
     10.643  0.1545E+00  0.2560E+03
     10.661  0.1749E+00  0.2560E+03
     10.679  0.1965E+00  0.2560E+03
     10.697  0.2193E+00  0.2560E+03
     10.715  0.2435E+00  0.2560E+03
     10.733  0.2689E+00  0.2560E+03
     10.751  0.2955E+00  0.2560E+03
     10.769  0.3234E+00  0.2560E+03
     10.787  0.3526E+00  0.2560E+03
     10.805  0.3830E+00  0.2561E+03
     10.823  0.4147E+00  0.2561E+03
     10.841  0.4476E+00  0.2561E+03
     10.859  0.4818E+00  0.2561E+03
     10.877  0.5173E+00  0.2561E+03
     10.895  0.5540E+00  0.2561E+03
     10.913  0.5919E+00  0.2561E+03
     10.931  0.6312E+00  0.2561E+03
     10.949  0.6717E+00  0.2561E+03
     10.967  0.7134E+00  0.2561E+03
     10.985  0.7564E+00  0.2562E+03
     11.003  0.8007E+00  0.2562E+03
     11.021  0.8462E+00  0.2562E+03
     11.039  0.8930E+00  0.2562E+03
     11.057  0.9410E+00  0.2562E+03
     11.075  0.9904E+00  0.2562E+03
     11.092  0.1041E+01  0.2563E+03
     11.110  0.1093E+01  0.2563E+03
     11.128  0.1146E+01  0.2563E+03
     11.146  0.1200E+01  0.2563E+03
     11.164  0.1256E+01  0.2563E+03
     11.182  0.1313E+01  0.2564E+03
     11.200  0.1371E+01  0.2564E+03
     11.218  0.1430E+01  0.2564E+03
     11.236  0.1491E+01  0.2564E+03
     11.254  0.1553E+01  0.2565E+03
     11.272  0.1616E+01  0.2565E+03
     11.290  0.1680E+01  0.2565E+03
     11.308  0.1746E+01  0.2566E+03
     11.326  0.1916E+01  0.2566E+03
     11.344  0.2113E+01  0.2566E+03
     11.362  0.2296E+01  0.2567E+03
     11.380  0.2466E+01  0.2567E+03
     11.398  0.2623E+01  0.2567E+03
     11.416  0.2767E+01  0.2568E+03
     11.434  0.2897E+01  0.2568E+03
     11.452  0.3014E+01  0.2569E+03
     11.470  0.3117E+01  0.2570E+03
     11.488  0.3207E+01  0.2570E+03
     11.506  0.3284E+01  0.2571E+03
     11.523  0.3348E+01  0.2571E+03
     11.541  0.3398E+01  0.2572E+03
     11.559  0.3435E+01  0.2573E+03
     11.577  0.3458E+01  0.2573E+03
     11.595  0.3468E+01  0.2574E+03
     11.613  0.3465E+01  0.2574E+03
     11.631  0.3449E+01  0.2575E+03
     11.649  0.3419E+01  0.2576E+03
     11.667  0.3376E+01  0.2576E+03
     11.685  0.3319E+01  0.2577E+03
     11.703  0.3250E+01  0.2577E+03
     11.721  0.3166E+01  0.2578E+03
     11.739  0.3070E+01  0.2579E+03
     11.757  0.2897E+01  0.2579E+03
     11.775  0.1891E+01  0.2580E+03
     11.793  0.1099E+01  0.2580E+03
     11.811  0.5202E+00  0.2580E+03
     11.829  0.2122E+00  0.2580E+03
     11.847  0.2154E+00  0.2580E+03
     11.865  0.3609E+00  0.2580E+03
     11.883  0.5067E+00  0.2580E+03
     11.901  0.6484E+00  0.2580E+03
     11.919  0.7860E+00  0.2580E+03
     11.937  0.9195E+00  0.2581E+03
     11.955  0.1049E+01  0.2581E+03
     11.972  0.1174E+01  0.2581E+03
     11.990  0.1295E+01  0.2581E+03
     12.008  0.1412E+01  0.2581E+03
     12.026  0.1525E+01  0.2582E+03
     12.044  0.1633E+01  0.2582E+03
     12.062  0.1738E+01  0.2582E+03
     12.080  0.1838E+01  0.2583E+03
     12.098  0.1935E+01  0.2583E+03
     12.116  0.2027E+01  0.2583E+03
     12.134  0.2115E+01  0.2584E+03
     12.152  0.2199E+01  0.2584E+03
     12.170  0.2279E+01  0.2584E+03
     12.188  0.2354E+01  0.2585E+03
     12.206  0.2426E+01  0.2585E+03
     12.224  0.2493E+01  0.2586E+03
     12.242  0.2556E+01  0.2586E+03
     12.260  0.2615E+01  0.2587E+03
     12.278  0.2670E+01  0.2587E+03
     12.296  0.2721E+01  0.2588E+03
     12.314  0.2768E+01  0.2588E+03
     12.332  0.2810E+01  0.2589E+03
     12.350  0.2849E+01  0.2589E+03
     12.368  0.2883E+01  0.2590E+03
     12.386  0.2913E+01  0.2590E+03
     12.403  0.2939E+01  0.2591E+03
     12.421  0.2961E+01  0.2591E+03
     12.439  0.2979E+01  0.2592E+03
     12.457  0.2993E+01  0.2592E+03
     12.475  0.3002E+01  0.2593E+03
     12.493  0.3008E+01  0.2593E+03
     12.511  0.3009E+01  0.2594E+03
     12.529  0.3006E+01  0.2594E+03
     12.547  0.2999E+01  0.2595E+03
     12.565  0.2924E+01  0.2595E+03
     12.583  0.2962E+01  0.2596E+03
     12.601  0.3027E+01  0.2597E+03
     12.619  0.3082E+01  0.2597E+03
     12.637  0.3128E+01  0.2598E+03
     12.655  0.3164E+01  0.2598E+03
     12.673  0.3190E+01  0.2599E+03
     12.691  0.3207E+01  0.2599E+03
     12.709  0.3215E+01  0.2600E+03
     12.727  0.3213E+01  0.2601E+03
     12.745  0.4011E+01  0.2601E+03
     12.763  0.4852E+01  0.2602E+03
     12.781  0.5258E+01  0.2603E+03
     12.799  0.5350E+01  0.2604E+03
     12.817  0.5423E+01  0.2605E+03
     12.835  0.5492E+01  0.2606E+03
     12.852  0.5556E+01  0.2607E+03
     12.870  0.5617E+01  0.2608E+03
     12.888  0.5672E+01  0.2609E+03
     12.906  0.5724E+01  0.2610E+03
     12.924  0.5771E+01  0.2611E+03
     12.942  0.5814E+01  0.2612E+03
     12.960  0.5852E+01  0.2613E+03
     12.978  0.5886E+01  0.2614E+03
     12.996  0.5916E+01  0.2615E+03
     13.014  0.5941E+01  0.2616E+03
     13.032  0.5962E+01  0.2617E+03
     13.050  0.5979E+01  0.2618E+03
     13.068  0.5991E+01  0.2619E+03
     13.086  0.5995E+01  0.2620E+03
     13.104  0.5991E+01  0.2621E+03
     13.122  0.6020E+01  0.2623E+03
     13.140  0.6095E+01  0.2624E+03
     13.158  0.6217E+01  0.2625E+03
     13.176  0.6388E+01  0.2626E+03
     13.194  0.6605E+01  0.2627E+03
     13.212  0.6871E+01  0.2628E+03
     13.230  0.7184E+01  0.2629E+03
     13.248  0.7544E+01  0.2631E+03
     13.266  0.7952E+01  0.2632E+03
     13.283  0.8407E+01  0.2634E+03
     13.301  0.8910E+01  0.2635E+03
     13.319  0.9435E+01  0.2637E+03
     13.337  0.9933E+01  0.2639E+03
     13.355  0.1040E+02  0.2640E+03
     13.373  0.1083E+02  0.2642E+03
     13.391  0.1123E+02  0.2644E+03
     13.409  0.1174E+02  0.2646E+03
     13.427  0.1218E+02  0.2649E+03
     13.445  0.1234E+02  0.2651E+03
     13.463  0.1222E+02  0.2653E+03
     13.481  0.1182E+02  0.2655E+03
     13.499  0.1114E+02  0.2657E+03
     13.517  0.1017E+02  0.2659E+03
     13.535  0.9104E+01  0.2661E+03
     13.553  0.8230E+01  0.2662E+03
     13.571  0.7169E+01  0.2664E+03
     13.589  0.5870E+01  0.2665E+03
     13.607  0.4332E+01  0.2666E+03
     13.625  0.3795E+01  0.2667E+03
     13.643  0.4063E+01  0.2667E+03
     13.661  0.4340E+01  0.2668E+03
     13.679  0.4626E+01  0.2669E+03
     13.697  0.4921E+01  0.2670E+03
     13.715  0.5226E+01  0.2671E+03
     13.732  0.5540E+01  0.2672E+03
     13.750  0.5894E+01  0.2673E+03
     13.768  0.6728E+01  0.2674E+03
     13.786  0.8182E+01  0.2675E+03
     13.804  0.1026E+02  0.2677E+03
     13.822  0.1295E+02  0.2679E+03
     13.840  0.1626E+02  0.2681E+03
     13.858  0.2830E+02  0.2685E+03
     13.876  0.1458E+02  0.2690E+03
     13.894  0.4179E+01  0.2691E+03
     13.912  0.4422E+01  0.2692E+03
     13.930  0.4719E+01  0.2692E+03
     13.948  0.5074E+01  0.2693E+03
     13.966  0.5488E+01  0.2694E+03
     13.984  0.5964E+01  0.2695E+03
     14.002  0.6794E+01  0.2696E+03
     14.020  0.7743E+01  0.2698E+03
     14.038  0.8578E+01  0.2699E+03
     14.056  0.9298E+01  0.2701E+03
     14.074  0.9905E+01  0.2703E+03
     14.092  0.1040E+02  0.2704E+03
     14.110  0.1078E+02  0.2706E+03
     14.128  0.1104E+02  0.2708E+03
     14.146  0.1119E+02  0.2710E+03
     14.163  0.1123E+02  0.2712E+03
     14.181  0.1115E+02  0.2714E+03
     14.199  0.1098E+02  0.2716E+03
     14.217  0.1106E+02  0.2718E+03
     14.235  0.1151E+02  0.2720E+03
     14.253  0.1474E+02  0.2723E+03
     14.271  0.1986E+02  0.2726E+03
     14.289  0.2602E+02  0.2730E+03
     14.307  0.3076E+02  0.2735E+03
     14.325  0.3622E+02  0.2741E+03
     14.343  0.4267E+02  0.2748E+03
     14.361  0.4327E+02  0.2756E+03
     14.379  0.3849E+02  0.2763E+03
     14.397  0.3069E+02  0.2769E+03
     14.415  0.2235E+02  0.2774E+03
     14.433  0.1423E+02  0.2777E+03
     14.451  0.1103E+02  0.2780E+03
     14.469  0.8686E+01  0.2781E+03
     14.487  0.9118E+01  0.2783E+03
     14.505  0.9846E+01  0.2785E+03
     14.523  0.9424E+01  0.2786E+03
     14.541  0.7854E+01  0.2788E+03
     14.559  0.7780E+01  0.2789E+03
     14.577  0.1222E+02  0.2791E+03
     14.594  0.1499E+02  0.2794E+03
     14.612  0.1609E+02  0.2796E+03
     14.630  0.2207E+02  0.2800E+03
     14.648  0.2482E+02  0.2804E+03
     14.666  0.2312E+02  0.2808E+03
     14.684  0.2152E+02  0.2812E+03
     14.702  0.1655E+02  0.2816E+03
     14.720  0.1614E+02  0.2819E+03
     14.738  0.1572E+02  0.2822E+03
     14.756  0.1578E+02  0.2824E+03
     14.774  0.1578E+02  0.2827E+03
     14.792  0.1571E+02  0.2830E+03
     14.810  0.1558E+02  0.2833E+03
     14.828  0.1548E+02  0.2836E+03
     14.846  0.1599E+02  0.2839E+03
     14.864  0.1640E+02  0.2841E+03
     14.882  0.1664E+02  0.2844E+03
     14.900  0.1669E+02  0.2847E+03
     14.918  0.1665E+02  0.2850E+03
     14.936  0.1655E+02  0.2853E+03
     14.954  0.1636E+02  0.2856E+03
     14.972  0.1611E+02  0.2859E+03
     14.990  0.1585E+02  0.2862E+03
     15.008  0.1570E+02  0.2865E+03
     15.026  0.1557E+02  0.2868E+03
     15.043  0.1546E+02  0.2871E+03
     15.061  0.1535E+02  0.2873E+03
     15.079  0.1525E+02  0.2876E+03
     15.097  0.1516E+02  0.2879E+03
     15.115  0.1507E+02  0.2882E+03
     15.133  0.1498E+02  0.2884E+03
     15.151  0.1488E+02  0.2887E+03
     15.169  0.1478E+02  0.2890E+03
     15.187  0.1468E+02  0.2892E+03
     15.205  0.1457E+02  0.2895E+03
     15.223  0.1446E+02  0.2897E+03
     15.241  0.1435E+02  0.2900E+03
     15.259  0.1424E+02  0.2903E+03
     15.277  0.1455E+02  0.2905E+03
     15.295  0.1520E+02  0.2908E+03
     15.313  0.1649E+02  0.2911E+03
     15.331  0.1772E+02  0.2914E+03
     15.349  0.1889E+02  0.2917E+03
     15.367  0.2000E+02  0.2921E+03
     15.385  0.2104E+02  0.2924E+03
     15.403  0.2201E+02  0.2928E+03
     15.421  0.2266E+02  0.2932E+03
     15.439  0.2279E+02  0.2936E+03
     15.457  0.2308E+02  0.2940E+03
     15.474  0.2476E+02  0.2945E+03
     15.492  0.2551E+02  0.2949E+03
     15.510  0.2649E+02  0.2954E+03
     15.528  0.2754E+02  0.2959E+03
     15.546  0.2822E+02  0.2964E+03
     15.564  0.2721E+02  0.2969E+03
     15.582  0.2581E+02  0.2973E+03
     15.600  0.2943E+02  0.2978E+03
     15.618  0.2989E+02  0.2984E+03
     15.636  0.2880E+02  0.2989E+03
     15.654  0.2663E+02  0.2994E+03
     15.672  0.2364E+02  0.2999E+03
     15.690  0.2110E+02  0.3003E+03
     15.708  0.1941E+02  0.3006E+03
     15.726  0.1760E+02  0.3010E+03
     15.744  0.1566E+02  0.3013E+03
     15.762  0.1400E+02  0.3015E+03
     15.780  0.1283E+02  0.3018E+03
     15.798  0.1172E+02  0.3020E+03
     15.816  0.1068E+02  0.3022E+03
     15.834  0.1035E+02  0.3024E+03
     15.852  0.1082E+02  0.3026E+03
     15.870  0.1139E+02  0.3028E+03
     15.888  0.1362E+02  0.3030E+03
     15.906  0.1619E+02  0.3032E+03
     15.923  0.1900E+02  0.3036E+03
     15.941  0.2190E+02  0.3039E+03
     15.959  0.3892E+02  0.3045E+03
     15.977  0.1989E+02  0.3051E+03
     15.995  0.1815E+02  0.3054E+03
     16.013  0.1883E+02  0.3057E+03
     16.031  0.1756E+02  0.3061E+03
     16.049  0.1435E+02  0.3064E+03
     16.067  0.9191E+01  0.3066E+03
     16.085  0.8873E+01  0.3067E+03
     16.103  0.1031E+02  0.3069E+03
     16.121  0.1188E+02  0.3071E+03
     16.139  0.1356E+02  0.3073E+03
     16.157  0.1886E+02  0.3076E+03
     16.175  0.2135E+02  0.3080E+03
     16.193  0.2049E+02  0.3084E+03
     16.211  0.1627E+02  0.3087E+03
     16.229  0.1157E+02  0.3089E+03
     16.247  0.1311E+02  0.3092E+03
     16.265  0.1469E+02  0.3094E+03
     16.283  0.1631E+02  0.3097E+03
     16.301  0.3539E+02  0.3102E+03
     16.319  0.6355E+01  0.3106E+03
     16.337  0.7100E+01  0.3107E+03
     16.354  0.7869E+01  0.3108E+03
     16.372  0.8665E+01  0.3110E+03
     16.390  0.9855E+01  0.3111E+03
     16.408  0.1155E+02  0.3113E+03
     16.426  0.1345E+02  0.3116E+03
     16.444  0.1515E+02  0.3118E+03
     16.462  0.1573E+02  0.3121E+03
     16.480  0.1613E+02  0.3124E+03
     16.498  0.1635E+02  0.3127E+03
     16.516  0.1639E+02  0.3130E+03
     16.534  0.1623E+02  0.3133E+03
     16.552  0.1534E+02  0.3135E+03
     16.570  0.1407E+02  0.3138E+03
     16.588  0.1248E+02  0.3140E+03
     16.606  0.1238E+02  0.3143E+03
     16.624  0.1240E+02  0.3145E+03
     16.642  0.1236E+02  0.3147E+03
     16.660  0.1250E+02  0.3149E+03
     16.678  0.1316E+02  0.3152E+03
     16.696  0.1436E+02  0.3154E+03
     16.714  0.1417E+02  0.3157E+03
     16.732  0.1390E+02  0.3159E+03
     16.750  0.1355E+02  0.3162E+03
     16.768  0.1312E+02  0.3164E+03
     16.786  0.1261E+02  0.3166E+03
     16.803  0.1203E+02  0.3169E+03
     16.821  0.1136E+02  0.3171E+03
     16.839  0.1062E+02  0.3173E+03
     16.857  0.1047E+02  0.3175E+03
     16.875  0.1032E+02  0.3176E+03
     16.893  0.1014E+02  0.3178E+03
     16.911  0.9888E+01  0.3180E+03
     16.929  0.9363E+01  0.3182E+03
     16.947  0.8861E+01  0.3183E+03
     16.965  0.8382E+01  0.3185E+03
     16.983  0.7927E+01  0.3186E+03
     17.001  0.7494E+01  0.3188E+03
     17.019  0.7085E+01  0.3189E+03
     17.037  0.6882E+01  0.3190E+03
     17.055  0.7034E+01  0.3192E+03
     17.073  0.7211E+01  0.3193E+03
     17.091  0.7414E+01  0.3194E+03
     17.109  0.7641E+01  0.3196E+03
     17.127  0.7884E+01  0.3197E+03
     17.145  0.8111E+01  0.3198E+03
     17.163  0.8321E+01  0.3200E+03
     17.181  0.8512E+01  0.3201E+03
     17.199  0.8685E+01  0.3203E+03
     17.217  0.8839E+01  0.3204E+03
     17.234  0.8938E+01  0.3206E+03
     17.252  0.8965E+01  0.3208E+03
     17.270  0.8923E+01  0.3209E+03
     17.288  0.7762E+01  0.3211E+03
     17.306  0.6738E+01  0.3212E+03
     17.324  0.6219E+01  0.3213E+03
     17.342  0.6029E+01  0.3214E+03
     17.360  0.5784E+01  0.3215E+03
     17.378  0.5471E+01  0.3216E+03
     17.396  0.5090E+01  0.3217E+03
     17.414  0.4642E+01  0.3218E+03
     17.432  0.3972E+01  0.3219E+03
     17.450  0.2283E+01  0.3220E+03
     17.468  0.1059E+01  0.3220E+03
     17.486  0.2997E+00  0.3220E+03
     17.504  0.4316E-02  0.3220E+03
     17.522  0.0000E+00  0.3220E+03
     17.540  0.0000E+00  0.3220E+03
     17.558  0.0000E+00  0.3220E+03
     17.576  0.0000E+00  0.3220E+03
     17.594  0.0000E+00  0.3220E+03
     17.612  0.0000E+00  0.3220E+03
     17.630  0.0000E+00  0.3220E+03
     17.648  0.0000E+00  0.3220E+03
     17.666  0.0000E+00  0.3220E+03
     17.683  0.0000E+00  0.3220E+03
     17.701  0.0000E+00  0.3220E+03
     17.719  0.0000E+00  0.3220E+03
     17.737  0.0000E+00  0.3220E+03
     17.755  0.0000E+00  0.3220E+03
     17.773  0.0000E+00  0.3220E+03
     17.791  0.0000E+00  0.3220E+03
     17.809  0.0000E+00  0.3220E+03
     17.827  0.0000E+00  0.3220E+03
     17.845  0.0000E+00  0.3220E+03
     17.863  0.0000E+00  0.3220E+03
     17.881  0.0000E+00  0.3220E+03
     17.899  0.0000E+00  0.3220E+03
     17.917  0.0000E+00  0.3220E+03
     17.935  0.0000E+00  0.3220E+03
     17.953  0.0000E+00  0.3220E+03
     17.971  0.0000E+00  0.3220E+03
     17.989  0.0000E+00  0.3220E+03
     18.007  0.0000E+00  0.3220E+03
     18.025  0.0000E+00  0.3220E+03
     18.043  0.0000E+00  0.3220E+03
     18.061  0.0000E+00  0.3220E+03
     18.079  0.0000E+00  0.3220E+03
     18.097  0.0000E+00  0.3220E+03
     18.114  0.0000E+00  0.3220E+03
     18.132  0.0000E+00  0.3220E+03
     18.150  0.0000E+00  0.3220E+03
     18.168  0.0000E+00  0.3220E+03
     18.186  0.0000E+00  0.3220E+03
     18.204  0.0000E+00  0.3220E+03
     18.222  0.0000E+00  0.3220E+03
     18.240  0.0000E+00  0.3220E+03
     18.258  0.0000E+00  0.3220E+03
     18.276  0.0000E+00  0.3220E+03
     18.294  0.0000E+00  0.3220E+03
     18.312  0.0000E+00  0.3220E+03
     18.330  0.0000E+00  0.3220E+03
     18.348  0.0000E+00  0.3220E+03
     18.366  0.0000E+00  0.3220E+03
     18.384  0.0000E+00  0.3220E+03
     18.402  0.0000E+00  0.3220E+03
     18.420  0.0000E+00  0.3220E+03
     18.438  0.0000E+00  0.3220E+03
     18.456  0.0000E+00  0.3220E+03
     18.474  0.0000E+00  0.3220E+03
     18.492  0.0000E+00  0.3220E+03
     18.510  0.0000E+00  0.3220E+03
     18.528  0.0000E+00  0.3220E+03
     18.546  0.0000E+00  0.3220E+03
     18.563  0.0000E+00  0.3220E+03
     18.581  0.0000E+00  0.3220E+03
     18.599  0.0000E+00  0.3220E+03
     18.617  0.0000E+00  0.3220E+03
     18.635  0.0000E+00  0.3220E+03
     18.653  0.0000E+00  0.3220E+03
     18.671  0.0000E+00  0.3220E+03
     18.689  0.0000E+00  0.3220E+03
     18.707  0.0000E+00  0.3220E+03
     18.725  0.0000E+00  0.3220E+03
     18.743  0.0000E+00  0.3220E+03
     18.761  0.0000E+00  0.3220E+03
     18.779  0.0000E+00  0.3220E+03
     18.797  0.0000E+00  0.3220E+03
     18.815  0.0000E+00  0.3220E+03
     18.833  0.0000E+00  0.3220E+03
     18.851  0.0000E+00  0.3220E+03
     18.869  0.0000E+00  0.3220E+03
     18.887  0.0000E+00  0.3220E+03
     18.905  0.0000E+00  0.3220E+03
     18.923  0.0000E+00  0.3220E+03
     18.941  0.0000E+00  0.3220E+03
     18.959  0.0000E+00  0.3220E+03
     18.977  0.0000E+00  0.3220E+03
     18.994  0.0000E+00  0.3220E+03
     19.012  0.0000E+00  0.3220E+03
     19.030  0.0000E+00  0.3220E+03
     19.048  0.0000E+00  0.3220E+03
     19.066  0.0000E+00  0.3220E+03
     19.084  0.0000E+00  0.3220E+03
     19.102  0.0000E+00  0.3220E+03
     19.120  0.0000E+00  0.3220E+03
     19.138  0.0000E+00  0.3220E+03

