 Energy DOS Integrated_DOS
    -16.773  0.0000E+00  0.0000E+00
    -16.755  0.0000E+00  0.0000E+00
    -16.738  0.0000E+00  0.0000E+00
    -16.720  0.0000E+00  0.0000E+00
    -16.702  0.0000E+00  0.0000E+00
    -16.684  0.0000E+00  0.0000E+00
    -16.666  0.0000E+00  0.0000E+00
    -16.648  0.0000E+00  0.0000E+00
    -16.630  0.0000E+00  0.0000E+00
    -16.612  0.0000E+00  0.0000E+00
    -16.594  0.0000E+00  0.0000E+00
    -16.576  0.0000E+00  0.0000E+00
    -16.558  0.0000E+00  0.0000E+00
    -16.540  0.0000E+00  0.0000E+00
    -16.522  0.0000E+00  0.0000E+00
    -16.504  0.0000E+00  0.0000E+00
    -16.486  0.0000E+00  0.0000E+00
    -16.468  0.0000E+00  0.0000E+00
    -16.450  0.0000E+00  0.0000E+00
    -16.432  0.0000E+00  0.0000E+00
    -16.414  0.0000E+00  0.0000E+00
    -16.396  0.0000E+00  0.0000E+00
    -16.378  0.0000E+00  0.0000E+00
    -16.360  0.0000E+00  0.0000E+00
    -16.342  0.0000E+00  0.0000E+00
    -16.324  0.0000E+00  0.0000E+00
    -16.306  0.0000E+00  0.0000E+00
    -16.288  0.0000E+00  0.0000E+00
    -16.271  0.0000E+00  0.0000E+00
    -16.253  0.0000E+00  0.0000E+00
    -16.235  0.0000E+00  0.0000E+00
    -16.217  0.0000E+00  0.0000E+00
    -16.199  0.0000E+00  0.0000E+00
    -16.181  0.0000E+00  0.0000E+00
    -16.163  0.0000E+00  0.0000E+00
    -16.145  0.0000E+00  0.0000E+00
    -16.127  0.0000E+00  0.0000E+00
    -16.109  0.0000E+00  0.0000E+00
    -16.091  0.0000E+00  0.0000E+00
    -16.073  0.0000E+00  0.0000E+00
    -16.055  0.0000E+00  0.0000E+00
    -16.037  0.0000E+00  0.0000E+00
    -16.019  0.0000E+00  0.0000E+00
    -16.001  0.0000E+00  0.0000E+00
    -15.983  0.0000E+00  0.0000E+00
    -15.965  0.0000E+00  0.0000E+00
    -15.947  0.0000E+00  0.0000E+00
    -15.929  0.0000E+00  0.0000E+00
    -15.911  0.0000E+00  0.0000E+00
    -15.893  0.0000E+00  0.0000E+00
    -15.875  0.0000E+00  0.0000E+00
    -15.857  0.0000E+00  0.0000E+00
    -15.839  0.0000E+00  0.0000E+00
    -15.821  0.0000E+00  0.0000E+00
    -15.804  0.0000E+00  0.0000E+00
    -15.786  0.0000E+00  0.0000E+00
    -15.768  0.0000E+00  0.0000E+00
    -15.750  0.0000E+00  0.0000E+00
    -15.732  0.0000E+00  0.0000E+00
    -15.714  0.0000E+00  0.0000E+00
    -15.696  0.0000E+00  0.0000E+00
    -15.678  0.0000E+00  0.0000E+00
    -15.660  0.0000E+00  0.0000E+00
    -15.642  0.0000E+00  0.0000E+00
    -15.624  0.0000E+00  0.0000E+00
    -15.606  0.0000E+00  0.0000E+00
    -15.588  0.0000E+00  0.0000E+00
    -15.570  0.0000E+00  0.0000E+00
    -15.552  0.0000E+00  0.0000E+00
    -15.534  0.0000E+00  0.0000E+00
    -15.516  0.0000E+00  0.0000E+00
    -15.498  0.0000E+00  0.0000E+00
    -15.480  0.0000E+00  0.0000E+00
    -15.462  0.0000E+00  0.0000E+00
    -15.444  0.0000E+00  0.0000E+00
    -15.426  0.0000E+00  0.0000E+00
    -15.408  0.0000E+00  0.0000E+00
    -15.390  0.0000E+00  0.0000E+00
    -15.372  0.0000E+00  0.0000E+00
    -15.354  0.0000E+00  0.0000E+00
    -15.337  0.0000E+00  0.0000E+00
    -15.319  0.0000E+00  0.0000E+00
    -15.301  0.0000E+00  0.0000E+00
    -15.283  0.0000E+00  0.0000E+00
    -15.265  0.0000E+00  0.0000E+00
    -15.247  0.0000E+00  0.0000E+00
    -15.229  0.0000E+00  0.0000E+00
    -15.211  0.0000E+00  0.0000E+00
    -15.193  0.0000E+00  0.0000E+00
    -15.175  0.0000E+00  0.0000E+00
    -15.157  0.0000E+00  0.0000E+00
    -15.139  0.1617E-02  0.1320E-05
    -15.121  0.1123E+00  0.7641E-03
    -15.103  0.3969E+00  0.5077E-02
    -15.085  0.8555E+00  0.1606E-01
    -15.067  0.1488E+01  0.3685E-01
    -15.049  0.2294E+01  0.7056E-01
    -15.031  0.3275E+01  0.1203E+00
    -15.013  0.4429E+01  0.1892E+00
    -14.995  0.5757E+01  0.2805E+00
    -14.977  0.7259E+01  0.3971E+00
    -14.959  0.9238E+01  0.5461E+00
    -14.941  0.1063E+02  0.7254E+00
    -14.923  0.1143E+02  0.9244E+00
    -14.905  0.1164E+02  0.1132E+01
    -14.887  0.1125E+02  0.1339E+01
    -14.870  0.1028E+02  0.1533E+01
    -14.852  0.8709E+01  0.1705E+01
    -14.834  0.8133E+01  0.1854E+01
    -14.816  0.8005E+01  0.1998E+01
    -14.798  0.8091E+01  0.2143E+01
    -14.780  0.8393E+01  0.2290E+01
    -14.762  0.8910E+01  0.2445E+01
    -14.744  0.9571E+01  0.2611E+01
    -14.726  0.9935E+01  0.2787E+01
    -14.708  0.9923E+01  0.2966E+01
    -14.690  0.9535E+01  0.3141E+01
    -14.672  0.9326E+01  0.3309E+01
    -14.654  0.9633E+01  0.3479E+01
    -14.636  0.9835E+01  0.3654E+01
    -14.618  0.9932E+01  0.3832E+01
    -14.600  0.1013E+02  0.4010E+01
    -14.582  0.1311E+02  0.4220E+01
    -14.564  0.1511E+02  0.4475E+01
    -14.546  0.1611E+02  0.4757E+01
    -14.528  0.1641E+02  0.5050E+01
    -14.510  0.1659E+02  0.5346E+01
    -14.492  0.1667E+02  0.5645E+01
    -14.474  0.1665E+02  0.5944E+01
    -14.456  0.1652E+02  0.6242E+01
    -14.438  0.1635E+02  0.6537E+01
    -14.420  0.1664E+02  0.6833E+01
    -14.403  0.1749E+02  0.7139E+01
    -14.385  0.1890E+02  0.7465E+01
    -14.367  0.2079E+02  0.7821E+01
    -14.349  0.2177E+02  0.8205E+01
    -14.331  0.2230E+02  0.8596E+01
    -14.313  0.2633E+02  0.9032E+01
    -14.295  0.3108E+02  0.9545E+01
    -14.277  0.3827E+02  0.1018E+02
    -14.259  0.3703E+02  0.1087E+02
    -14.241  0.2735E+02  0.1146E+02
    -14.223  0.2889E+02  0.1194E+02
    -14.205  0.4822E+02  0.1252E+02
    -14.187  0.1965E+02  0.1349E+02
    -14.169  0.2844E+02  0.1389E+02
    -14.151  0.3160E+02  0.1447E+02
    -14.133  0.3761E+02  0.1548E+02
    -14.115  0.1967E+02  0.1585E+02
    -14.097  0.2568E+02  0.1623E+02
    -14.079  0.3536E+02  0.1678E+02
    -14.061  0.4047E+02  0.1747E+02
    -14.043  0.4101E+02  0.1821E+02
    -14.025  0.3698E+02  0.1892E+02
    -14.007  0.2483E+02  0.1949E+02
    -13.989  0.1245E+02  0.1982E+02
    -13.971  0.7070E+02  0.2084E+02
    -13.953  0.3407E+02  0.2174E+02
    -13.936  0.1769E+02  0.2218E+02
    -13.918  0.2056E+02  0.2251E+02
    -13.900  0.2202E+02  0.2290E+02
    -13.882  0.5181E+02  0.2385E+02
    -13.864  0.5950E+02  0.2485E+02
    -13.846  0.6114E+02  0.2595E+02
    -13.828  0.2714E+02  0.2683E+02
    -13.810  0.1977E+02  0.2725E+02
    -13.792  0.1368E+02  0.2755E+02
    -13.774  0.4486E+02  0.2818E+02
    -13.756  0.6117E+02  0.2912E+02
    -13.738  0.8246E+02  0.3042E+02
    -13.720  0.9638E+02  0.3203E+02
    -13.702  0.9829E+02  0.3381E+02
    -13.684  0.8236E+02  0.3545E+02
    -13.666  0.7030E+02  0.3675E+02
    -13.648  0.1025E+03  0.3832E+02
    -13.630  0.1061E+03  0.4023E+02
    -13.612  0.5199E+02  0.4112E+02
    -13.594  0.8740E+02  0.4245E+02
    -13.576  0.6940E+02  0.4394E+02
    -13.558  0.3281E+02  0.4481E+02
    -13.540  0.0000E+00  0.4600E+02
    -13.522  0.2561E+03  0.4679E+02
    -13.504  0.1607E+03  0.5104E+02
    -13.486  0.6418E+02  0.5299E+02
    -13.469  0.9846E+02  0.5450E+02
    -13.451  0.9386E+02  0.5628E+02
    -13.433  0.8123E+02  0.5783E+02
    -13.415  0.6818E+02  0.5976E+02
    -13.397  0.5268E+02  0.6083E+02
    -13.379  0.4762E+02  0.6172E+02
    -13.361  0.4607E+02  0.6256E+02
    -13.343  0.1159E+02  0.6399E+02
    -13.325  0.0000E+00  0.6400E+02
    -13.307  0.0000E+00  0.6400E+02
    -13.289  0.0000E+00  0.6400E+02
    -13.271  0.0000E+00  0.6400E+02
    -13.253  0.0000E+00  0.6400E+02
    -13.235  0.0000E+00  0.6400E+02
    -13.217  0.0000E+00  0.6400E+02
    -13.199  0.0000E+00  0.6400E+02
    -13.181  0.0000E+00  0.6400E+02
    -13.163  0.0000E+00  0.6400E+02
    -13.145  0.0000E+00  0.6400E+02
    -13.127  0.0000E+00  0.6400E+02
    -13.109  0.0000E+00  0.6400E+02
    -13.091  0.0000E+00  0.6400E+02
    -13.073  0.0000E+00  0.6400E+02
    -13.055  0.0000E+00  0.6400E+02
    -13.037  0.0000E+00  0.6400E+02
    -13.019  0.0000E+00  0.6400E+02
    -13.002  0.0000E+00  0.6400E+02
    -12.984  0.0000E+00  0.6400E+02
    -12.966  0.0000E+00  0.6400E+02
    -12.948  0.0000E+00  0.6400E+02
    -12.930  0.0000E+00  0.6400E+02
    -12.912  0.0000E+00  0.6400E+02
    -12.894  0.0000E+00  0.6400E+02
    -12.876  0.0000E+00  0.6400E+02
    -12.858  0.0000E+00  0.6400E+02
    -12.840  0.0000E+00  0.6400E+02
    -12.822  0.0000E+00  0.6400E+02
    -12.804  0.0000E+00  0.6400E+02
    -12.786  0.0000E+00  0.6400E+02
    -12.768  0.0000E+00  0.6400E+02
    -12.750  0.0000E+00  0.6400E+02
    -12.732  0.0000E+00  0.6400E+02
    -12.714  0.0000E+00  0.6400E+02
    -12.696  0.0000E+00  0.6400E+02
    -12.678  0.0000E+00  0.6400E+02
    -12.660  0.0000E+00  0.6400E+02
    -12.642  0.0000E+00  0.6400E+02
    -12.624  0.0000E+00  0.6400E+02
    -12.606  0.0000E+00  0.6400E+02
    -12.588  0.0000E+00  0.6400E+02
    -12.570  0.0000E+00  0.6400E+02
    -12.552  0.0000E+00  0.6400E+02
    -12.535  0.0000E+00  0.6400E+02
    -12.517  0.0000E+00  0.6400E+02
    -12.499  0.0000E+00  0.6400E+02
    -12.481  0.0000E+00  0.6400E+02
    -12.463  0.0000E+00  0.6400E+02
    -12.445  0.0000E+00  0.6400E+02
    -12.427  0.0000E+00  0.6400E+02
    -12.409  0.0000E+00  0.6400E+02
    -12.391  0.0000E+00  0.6400E+02
    -12.373  0.0000E+00  0.6400E+02
    -12.355  0.0000E+00  0.6400E+02
    -12.337  0.0000E+00  0.6400E+02
    -12.319  0.0000E+00  0.6400E+02
    -12.301  0.0000E+00  0.6400E+02
    -12.283  0.0000E+00  0.6400E+02
    -12.265  0.0000E+00  0.6400E+02
    -12.247  0.0000E+00  0.6400E+02
    -12.229  0.0000E+00  0.6400E+02
    -12.211  0.0000E+00  0.6400E+02
    -12.193  0.0000E+00  0.6400E+02
    -12.175  0.0000E+00  0.6400E+02
    -12.157  0.0000E+00  0.6400E+02
    -12.139  0.0000E+00  0.6400E+02
    -12.121  0.0000E+00  0.6400E+02
    -12.103  0.0000E+00  0.6400E+02
    -12.085  0.0000E+00  0.6400E+02
    -12.068  0.0000E+00  0.6400E+02
    -12.050  0.0000E+00  0.6400E+02
    -12.032  0.0000E+00  0.6400E+02
    -12.014  0.0000E+00  0.6400E+02
    -11.996  0.0000E+00  0.6400E+02
    -11.978  0.0000E+00  0.6400E+02
    -11.960  0.0000E+00  0.6400E+02
    -11.942  0.0000E+00  0.6400E+02
    -11.924  0.0000E+00  0.6400E+02
    -11.906  0.0000E+00  0.6400E+02
    -11.888  0.0000E+00  0.6400E+02
    -11.870  0.0000E+00  0.6400E+02
    -11.852  0.0000E+00  0.6400E+02
    -11.834  0.0000E+00  0.6400E+02
    -11.816  0.0000E+00  0.6400E+02
    -11.798  0.0000E+00  0.6400E+02
    -11.780  0.0000E+00  0.6400E+02
    -11.762  0.0000E+00  0.6400E+02
    -11.744  0.0000E+00  0.6400E+02
    -11.726  0.0000E+00  0.6400E+02
    -11.708  0.0000E+00  0.6400E+02
    -11.690  0.0000E+00  0.6400E+02
    -11.672  0.0000E+00  0.6400E+02
    -11.654  0.0000E+00  0.6400E+02
    -11.636  0.0000E+00  0.6400E+02
    -11.618  0.0000E+00  0.6400E+02
    -11.601  0.0000E+00  0.6400E+02
    -11.583  0.0000E+00  0.6400E+02
    -11.565  0.0000E+00  0.6400E+02
    -11.547  0.0000E+00  0.6400E+02
    -11.529  0.0000E+00  0.6400E+02
    -11.511  0.0000E+00  0.6400E+02
    -11.493  0.0000E+00  0.6400E+02
    -11.475  0.0000E+00  0.6400E+02
    -11.457  0.0000E+00  0.6400E+02
    -11.439  0.0000E+00  0.6400E+02
    -11.421  0.0000E+00  0.6400E+02
    -11.403  0.0000E+00  0.6400E+02
    -11.385  0.0000E+00  0.6400E+02
    -11.367  0.0000E+00  0.6400E+02
    -11.349  0.0000E+00  0.6400E+02
    -11.331  0.0000E+00  0.6400E+02
    -11.313  0.0000E+00  0.6400E+02
    -11.295  0.0000E+00  0.6400E+02
    -11.277  0.0000E+00  0.6400E+02
    -11.259  0.0000E+00  0.6400E+02
    -11.241  0.0000E+00  0.6400E+02
    -11.223  0.0000E+00  0.6400E+02
    -11.205  0.0000E+00  0.6400E+02
    -11.187  0.0000E+00  0.6400E+02
    -11.169  0.0000E+00  0.6400E+02
    -11.151  0.0000E+00  0.6400E+02
    -11.134  0.0000E+00  0.6400E+02
    -11.116  0.0000E+00  0.6400E+02
    -11.098  0.0000E+00  0.6400E+02
    -11.080  0.0000E+00  0.6400E+02
    -11.062  0.0000E+00  0.6400E+02
    -11.044  0.0000E+00  0.6400E+02
    -11.026  0.0000E+00  0.6400E+02
    -11.008  0.0000E+00  0.6400E+02
    -10.990  0.0000E+00  0.6400E+02
    -10.972  0.0000E+00  0.6400E+02
    -10.954  0.0000E+00  0.6400E+02
    -10.936  0.0000E+00  0.6400E+02
    -10.918  0.0000E+00  0.6400E+02
    -10.900  0.0000E+00  0.6400E+02
    -10.882  0.0000E+00  0.6400E+02
    -10.864  0.0000E+00  0.6400E+02
    -10.846  0.0000E+00  0.6400E+02
    -10.828  0.0000E+00  0.6400E+02
    -10.810  0.0000E+00  0.6400E+02
    -10.792  0.0000E+00  0.6400E+02
    -10.774  0.0000E+00  0.6400E+02
    -10.756  0.0000E+00  0.6400E+02
    -10.738  0.0000E+00  0.6400E+02
    -10.720  0.0000E+00  0.6400E+02
    -10.702  0.0000E+00  0.6400E+02
    -10.684  0.0000E+00  0.6400E+02
    -10.667  0.0000E+00  0.6400E+02
    -10.649  0.0000E+00  0.6400E+02
    -10.631  0.0000E+00  0.6400E+02
    -10.613  0.0000E+00  0.6400E+02
    -10.595  0.0000E+00  0.6400E+02
    -10.577  0.0000E+00  0.6400E+02
    -10.559  0.0000E+00  0.6400E+02
    -10.541  0.0000E+00  0.6400E+02
    -10.523  0.0000E+00  0.6400E+02
    -10.505  0.0000E+00  0.6400E+02
    -10.487  0.0000E+00  0.6400E+02
    -10.469  0.0000E+00  0.6400E+02
    -10.451  0.0000E+00  0.6400E+02
    -10.433  0.0000E+00  0.6400E+02
    -10.415  0.0000E+00  0.6400E+02
    -10.397  0.0000E+00  0.6400E+02
    -10.379  0.0000E+00  0.6400E+02
    -10.361  0.0000E+00  0.6400E+02
    -10.343  0.0000E+00  0.6400E+02
    -10.325  0.0000E+00  0.6400E+02
    -10.307  0.0000E+00  0.6400E+02
    -10.289  0.0000E+00  0.6400E+02
    -10.271  0.0000E+00  0.6400E+02
    -10.253  0.0000E+00  0.6400E+02
    -10.235  0.0000E+00  0.6400E+02
    -10.217  0.0000E+00  0.6400E+02
    -10.200  0.0000E+00  0.6400E+02
    -10.182  0.0000E+00  0.6400E+02
    -10.164  0.0000E+00  0.6400E+02
    -10.146  0.0000E+00  0.6400E+02
    -10.128  0.0000E+00  0.6400E+02
    -10.110  0.0000E+00  0.6400E+02
    -10.092  0.0000E+00  0.6400E+02
    -10.074  0.0000E+00  0.6400E+02
    -10.056  0.0000E+00  0.6400E+02
    -10.038  0.0000E+00  0.6400E+02
    -10.020  0.0000E+00  0.6400E+02
    -10.002  0.0000E+00  0.6400E+02
     -9.984  0.0000E+00  0.6400E+02
     -9.966  0.0000E+00  0.6400E+02
     -9.948  0.0000E+00  0.6400E+02
     -9.930  0.0000E+00  0.6400E+02
     -9.912  0.0000E+00  0.6400E+02
     -9.894  0.0000E+00  0.6400E+02
     -9.876  0.0000E+00  0.6400E+02
     -9.858  0.0000E+00  0.6400E+02
     -9.840  0.0000E+00  0.6400E+02
     -9.822  0.0000E+00  0.6400E+02
     -9.804  0.0000E+00  0.6400E+02
     -9.786  0.0000E+00  0.6400E+02
     -9.768  0.0000E+00  0.6400E+02
     -9.750  0.0000E+00  0.6400E+02
     -9.733  0.0000E+00  0.6400E+02
     -9.715  0.0000E+00  0.6400E+02
     -9.697  0.0000E+00  0.6400E+02
     -9.679  0.0000E+00  0.6400E+02
     -9.661  0.0000E+00  0.6400E+02
     -9.643  0.0000E+00  0.6400E+02
     -9.625  0.0000E+00  0.6400E+02
     -9.607  0.0000E+00  0.6400E+02
     -9.589  0.0000E+00  0.6400E+02
     -9.571  0.0000E+00  0.6400E+02
     -9.553  0.0000E+00  0.6400E+02
     -9.535  0.0000E+00  0.6400E+02
     -9.517  0.0000E+00  0.6400E+02
     -9.499  0.0000E+00  0.6400E+02
     -9.481  0.0000E+00  0.6400E+02
     -9.463  0.0000E+00  0.6400E+02
     -9.445  0.0000E+00  0.6400E+02
     -9.427  0.0000E+00  0.6400E+02
     -9.409  0.0000E+00  0.6400E+02
     -9.391  0.0000E+00  0.6400E+02
     -9.373  0.0000E+00  0.6400E+02
     -9.355  0.0000E+00  0.6400E+02
     -9.337  0.0000E+00  0.6400E+02
     -9.319  0.0000E+00  0.6400E+02
     -9.301  0.0000E+00  0.6400E+02
     -9.283  0.0000E+00  0.6400E+02
     -9.266  0.0000E+00  0.6400E+02
     -9.248  0.0000E+00  0.6400E+02
     -9.230  0.0000E+00  0.6400E+02
     -9.212  0.0000E+00  0.6400E+02
     -9.194  0.0000E+00  0.6400E+02
     -9.176  0.0000E+00  0.6400E+02
     -9.158  0.0000E+00  0.6400E+02
     -9.140  0.0000E+00  0.6400E+02
     -9.122  0.0000E+00  0.6400E+02
     -9.104  0.0000E+00  0.6400E+02
     -9.086  0.0000E+00  0.6400E+02
     -9.068  0.0000E+00  0.6400E+02
     -9.050  0.0000E+00  0.6400E+02
     -9.032  0.0000E+00  0.6400E+02
     -9.014  0.0000E+00  0.6400E+02
     -8.996  0.0000E+00  0.6400E+02
     -8.978  0.0000E+00  0.6400E+02
     -8.960  0.0000E+00  0.6400E+02
     -8.942  0.0000E+00  0.6400E+02
     -8.924  0.0000E+00  0.6400E+02
     -8.906  0.0000E+00  0.6400E+02
     -8.888  0.0000E+00  0.6400E+02
     -8.870  0.0000E+00  0.6400E+02
     -8.852  0.0000E+00  0.6400E+02
     -8.834  0.0000E+00  0.6400E+02
     -8.816  0.0000E+00  0.6400E+02
     -8.799  0.0000E+00  0.6400E+02
     -8.781  0.0000E+00  0.6400E+02
     -8.763  0.0000E+00  0.6400E+02
     -8.745  0.0000E+00  0.6400E+02
     -8.727  0.0000E+00  0.6400E+02
     -8.709  0.0000E+00  0.6400E+02
     -8.691  0.0000E+00  0.6400E+02
     -8.673  0.0000E+00  0.6400E+02
     -8.655  0.0000E+00  0.6400E+02
     -8.637  0.0000E+00  0.6400E+02
     -8.619  0.0000E+00  0.6400E+02
     -8.601  0.0000E+00  0.6400E+02
     -8.583  0.0000E+00  0.6400E+02
     -8.565  0.0000E+00  0.6400E+02
     -8.547  0.0000E+00  0.6400E+02
     -8.529  0.0000E+00  0.6400E+02
     -8.511  0.0000E+00  0.6400E+02
     -8.493  0.0000E+00  0.6400E+02
     -8.475  0.0000E+00  0.6400E+02
     -8.457  0.0000E+00  0.6400E+02
     -8.439  0.0000E+00  0.6400E+02
     -8.421  0.0000E+00  0.6400E+02
     -8.403  0.0000E+00  0.6400E+02
     -8.385  0.0000E+00  0.6400E+02
     -8.367  0.0000E+00  0.6400E+02
     -8.349  0.0000E+00  0.6400E+02
     -8.331  0.0000E+00  0.6400E+02
     -8.314  0.0000E+00  0.6400E+02
     -8.296  0.0000E+00  0.6400E+02
     -8.278  0.0000E+00  0.6400E+02
     -8.260  0.0000E+00  0.6400E+02
     -8.242  0.0000E+00  0.6400E+02
     -8.224  0.0000E+00  0.6400E+02
     -8.206  0.0000E+00  0.6400E+02
     -8.188  0.0000E+00  0.6400E+02
     -8.170  0.0000E+00  0.6400E+02
     -8.152  0.0000E+00  0.6400E+02
     -8.134  0.0000E+00  0.6400E+02
     -8.116  0.0000E+00  0.6400E+02
     -8.098  0.0000E+00  0.6400E+02
     -8.080  0.0000E+00  0.6400E+02
     -8.062  0.0000E+00  0.6400E+02
     -8.044  0.0000E+00  0.6400E+02
     -8.026  0.0000E+00  0.6400E+02
     -8.008  0.0000E+00  0.6400E+02
     -7.990  0.0000E+00  0.6400E+02
     -7.972  0.0000E+00  0.6400E+02
     -7.954  0.0000E+00  0.6400E+02
     -7.936  0.0000E+00  0.6400E+02
     -7.918  0.0000E+00  0.6400E+02
     -7.900  0.0000E+00  0.6400E+02
     -7.882  0.0000E+00  0.6400E+02
     -7.864  0.0000E+00  0.6400E+02
     -7.847  0.0000E+00  0.6400E+02
     -7.829  0.0000E+00  0.6400E+02
     -7.811  0.0000E+00  0.6400E+02
     -7.793  0.0000E+00  0.6400E+02
     -7.775  0.0000E+00  0.6400E+02
     -7.757  0.0000E+00  0.6400E+02
     -7.739  0.0000E+00  0.6400E+02
     -7.721  0.0000E+00  0.6400E+02
     -7.703  0.0000E+00  0.6400E+02
     -7.685  0.0000E+00  0.6400E+02
     -7.667  0.0000E+00  0.6400E+02
     -7.649  0.0000E+00  0.6400E+02
     -7.631  0.0000E+00  0.6400E+02
     -7.613  0.0000E+00  0.6400E+02
     -7.595  0.0000E+00  0.6400E+02
     -7.577  0.0000E+00  0.6400E+02
     -7.559  0.0000E+00  0.6400E+02
     -7.541  0.0000E+00  0.6400E+02
     -7.523  0.0000E+00  0.6400E+02
     -7.505  0.0000E+00  0.6400E+02
     -7.487  0.0000E+00  0.6400E+02
     -7.469  0.0000E+00  0.6400E+02
     -7.451  0.0000E+00  0.6400E+02
     -7.433  0.0000E+00  0.6400E+02
     -7.415  0.0000E+00  0.6400E+02
     -7.397  0.0000E+00  0.6400E+02
     -7.380  0.0000E+00  0.6400E+02
     -7.362  0.0000E+00  0.6400E+02
     -7.344  0.0000E+00  0.6400E+02
     -7.326  0.0000E+00  0.6400E+02
     -7.308  0.0000E+00  0.6400E+02
     -7.290  0.0000E+00  0.6400E+02
     -7.272  0.0000E+00  0.6400E+02
     -7.254  0.0000E+00  0.6400E+02
     -7.236  0.0000E+00  0.6400E+02
     -7.218  0.0000E+00  0.6400E+02
     -7.200  0.0000E+00  0.6400E+02
     -7.182  0.0000E+00  0.6400E+02
     -7.164  0.0000E+00  0.6400E+02
     -7.146  0.0000E+00  0.6400E+02
     -7.128  0.0000E+00  0.6400E+02
     -7.110  0.0000E+00  0.6400E+02
     -7.092  0.0000E+00  0.6400E+02
     -7.074  0.0000E+00  0.6400E+02
     -7.056  0.0000E+00  0.6400E+02
     -7.038  0.0000E+00  0.6400E+02
     -7.020  0.0000E+00  0.6400E+02
     -7.002  0.0000E+00  0.6400E+02
     -6.984  0.0000E+00  0.6400E+02
     -6.966  0.0000E+00  0.6400E+02
     -6.948  0.0000E+00  0.6400E+02
     -6.930  0.0000E+00  0.6400E+02
     -6.913  0.0000E+00  0.6400E+02
     -6.895  0.0000E+00  0.6400E+02
     -6.877  0.0000E+00  0.6400E+02
     -6.859  0.0000E+00  0.6400E+02
     -6.841  0.0000E+00  0.6400E+02
     -6.823  0.0000E+00  0.6400E+02
     -6.805  0.0000E+00  0.6400E+02
     -6.787  0.0000E+00  0.6400E+02
     -6.769  0.0000E+00  0.6400E+02
     -6.751  0.0000E+00  0.6400E+02
     -6.733  0.0000E+00  0.6400E+02
     -6.715  0.0000E+00  0.6400E+02
     -6.697  0.0000E+00  0.6400E+02
     -6.679  0.0000E+00  0.6400E+02
     -6.661  0.0000E+00  0.6400E+02
     -6.643  0.0000E+00  0.6400E+02
     -6.625  0.0000E+00  0.6400E+02
     -6.607  0.0000E+00  0.6400E+02
     -6.589  0.0000E+00  0.6400E+02
     -6.571  0.0000E+00  0.6400E+02
     -6.553  0.0000E+00  0.6400E+02
     -6.535  0.0000E+00  0.6400E+02
     -6.517  0.0000E+00  0.6400E+02
     -6.499  0.0000E+00  0.6400E+02
     -6.481  0.0000E+00  0.6400E+02
     -6.463  0.0000E+00  0.6400E+02
     -6.446  0.0000E+00  0.6400E+02
     -6.428  0.0000E+00  0.6400E+02
     -6.410  0.0000E+00  0.6400E+02
     -6.392  0.0000E+00  0.6400E+02
     -6.374  0.0000E+00  0.6400E+02
     -6.356  0.0000E+00  0.6400E+02
     -6.338  0.0000E+00  0.6400E+02
     -6.320  0.0000E+00  0.6400E+02
     -6.302  0.0000E+00  0.6400E+02
     -6.284  0.0000E+00  0.6400E+02
     -6.266  0.0000E+00  0.6400E+02
     -6.248  0.0000E+00  0.6400E+02
     -6.230  0.0000E+00  0.6400E+02
     -6.212  0.0000E+00  0.6400E+02
     -6.194  0.0000E+00  0.6400E+02
     -6.176  0.0000E+00  0.6400E+02
     -6.158  0.0000E+00  0.6400E+02
     -6.140  0.0000E+00  0.6400E+02
     -6.122  0.0000E+00  0.6400E+02
     -6.104  0.0000E+00  0.6400E+02
     -6.086  0.0000E+00  0.6400E+02
     -6.068  0.0000E+00  0.6400E+02
     -6.050  0.0000E+00  0.6400E+02
     -6.032  0.0000E+00  0.6400E+02
     -6.014  0.0000E+00  0.6400E+02
     -5.996  0.0000E+00  0.6400E+02
     -5.979  0.0000E+00  0.6400E+02
     -5.961  0.0000E+00  0.6400E+02
     -5.943  0.0000E+00  0.6400E+02
     -5.925  0.0000E+00  0.6400E+02
     -5.907  0.0000E+00  0.6400E+02
     -5.889  0.0000E+00  0.6400E+02
     -5.871  0.0000E+00  0.6400E+02
     -5.853  0.0000E+00  0.6400E+02
     -5.835  0.0000E+00  0.6400E+02
     -5.817  0.0000E+00  0.6400E+02
     -5.799  0.0000E+00  0.6400E+02
     -5.781  0.0000E+00  0.6400E+02
     -5.763  0.0000E+00  0.6400E+02
     -5.745  0.0000E+00  0.6400E+02
     -5.727  0.0000E+00  0.6400E+02
     -5.709  0.0000E+00  0.6400E+02
     -5.691  0.0000E+00  0.6400E+02
     -5.673  0.0000E+00  0.6400E+02
     -5.655  0.0000E+00  0.6400E+02
     -5.637  0.0000E+00  0.6400E+02
     -5.619  0.0000E+00  0.6400E+02
     -5.601  0.0000E+00  0.6400E+02
     -5.583  0.0000E+00  0.6400E+02
     -5.565  0.0000E+00  0.6400E+02
     -5.547  0.0000E+00  0.6400E+02
     -5.529  0.0000E+00  0.6400E+02
     -5.512  0.0000E+00  0.6400E+02
     -5.494  0.0000E+00  0.6400E+02
     -5.476  0.0000E+00  0.6400E+02
     -5.458  0.0000E+00  0.6400E+02
     -5.440  0.0000E+00  0.6400E+02
     -5.422  0.0000E+00  0.6400E+02
     -5.404  0.0000E+00  0.6400E+02
     -5.386  0.0000E+00  0.6400E+02
     -5.368  0.0000E+00  0.6400E+02
     -5.350  0.0000E+00  0.6400E+02
     -5.332  0.0000E+00  0.6400E+02
     -5.314  0.0000E+00  0.6400E+02
     -5.296  0.0000E+00  0.6400E+02
     -5.278  0.0000E+00  0.6400E+02
     -5.260  0.0000E+00  0.6400E+02
     -5.242  0.0000E+00  0.6400E+02
     -5.224  0.0000E+00  0.6400E+02
     -5.206  0.0000E+00  0.6400E+02
     -5.188  0.0000E+00  0.6400E+02
     -5.170  0.0000E+00  0.6400E+02
     -5.152  0.0000E+00  0.6400E+02
     -5.134  0.0000E+00  0.6400E+02
     -5.116  0.0000E+00  0.6400E+02
     -5.098  0.0000E+00  0.6400E+02
     -5.080  0.0000E+00  0.6400E+02
     -5.062  0.0000E+00  0.6400E+02
     -5.045  0.0000E+00  0.6400E+02
     -5.027  0.0000E+00  0.6400E+02
     -5.009  0.0000E+00  0.6400E+02
     -4.991  0.0000E+00  0.6400E+02
     -4.973  0.0000E+00  0.6400E+02
     -4.955  0.0000E+00  0.6400E+02
     -4.937  0.0000E+00  0.6400E+02
     -4.919  0.0000E+00  0.6400E+02
     -4.901  0.0000E+00  0.6400E+02
     -4.883  0.0000E+00  0.6400E+02
     -4.865  0.0000E+00  0.6400E+02
     -4.847  0.0000E+00  0.6400E+02
     -4.829  0.0000E+00  0.6400E+02
     -4.811  0.0000E+00  0.6400E+02
     -4.793  0.0000E+00  0.6400E+02
     -4.775  0.0000E+00  0.6400E+02
     -4.757  0.0000E+00  0.6400E+02
     -4.739  0.0000E+00  0.6400E+02
     -4.721  0.0000E+00  0.6400E+02
     -4.703  0.0000E+00  0.6400E+02
     -4.685  0.0000E+00  0.6400E+02
     -4.667  0.0000E+00  0.6400E+02
     -4.649  0.0000E+00  0.6400E+02
     -4.631  0.0000E+00  0.6400E+02
     -4.613  0.0000E+00  0.6400E+02
     -4.595  0.0000E+00  0.6400E+02
     -4.578  0.0000E+00  0.6400E+02
     -4.560  0.0000E+00  0.6400E+02
     -4.542  0.0000E+00  0.6400E+02
     -4.524  0.0000E+00  0.6400E+02
     -4.506  0.0000E+00  0.6400E+02
     -4.488  0.0000E+00  0.6400E+02
     -4.470  0.0000E+00  0.6400E+02
     -4.452  0.0000E+00  0.6400E+02
     -4.434  0.0000E+00  0.6400E+02
     -4.416  0.0000E+00  0.6400E+02
     -4.398  0.0000E+00  0.6400E+02
     -4.380  0.0000E+00  0.6400E+02
     -4.362  0.0000E+00  0.6400E+02
     -4.344  0.0000E+00  0.6400E+02
     -4.326  0.0000E+00  0.6400E+02
     -4.308  0.0000E+00  0.6400E+02
     -4.290  0.0000E+00  0.6400E+02
     -4.272  0.0000E+00  0.6400E+02
     -4.254  0.0000E+00  0.6400E+02
     -4.236  0.0000E+00  0.6400E+02
     -4.218  0.0000E+00  0.6400E+02
     -4.200  0.0000E+00  0.6400E+02
     -4.182  0.0000E+00  0.6400E+02
     -4.164  0.0000E+00  0.6400E+02
     -4.146  0.0000E+00  0.6400E+02
     -4.128  0.0000E+00  0.6400E+02
     -4.111  0.0000E+00  0.6400E+02
     -4.093  0.0000E+00  0.6400E+02
     -4.075  0.0000E+00  0.6400E+02
     -4.057  0.0000E+00  0.6400E+02
     -4.039  0.0000E+00  0.6400E+02
     -4.021  0.0000E+00  0.6400E+02
     -4.003  0.0000E+00  0.6400E+02
     -3.985  0.0000E+00  0.6400E+02
     -3.967  0.0000E+00  0.6400E+02
     -3.949  0.0000E+00  0.6400E+02
     -3.931  0.0000E+00  0.6400E+02
     -3.913  0.0000E+00  0.6400E+02
     -3.895  0.0000E+00  0.6400E+02
     -3.877  0.0000E+00  0.6400E+02
     -3.859  0.0000E+00  0.6400E+02
     -3.841  0.0000E+00  0.6400E+02
     -3.823  0.0000E+00  0.6400E+02
     -3.805  0.0000E+00  0.6400E+02
     -3.787  0.0000E+00  0.6400E+02
     -3.769  0.0000E+00  0.6400E+02
     -3.751  0.0000E+00  0.6400E+02
     -3.733  0.0000E+00  0.6400E+02
     -3.715  0.0000E+00  0.6400E+02
     -3.697  0.0000E+00  0.6400E+02
     -3.679  0.0000E+00  0.6400E+02
     -3.661  0.0000E+00  0.6400E+02
     -3.644  0.0000E+00  0.6400E+02
     -3.626  0.0000E+00  0.6400E+02
     -3.608  0.0000E+00  0.6400E+02
     -3.590  0.0000E+00  0.6400E+02
     -3.572  0.0000E+00  0.6400E+02
     -3.554  0.0000E+00  0.6400E+02
     -3.536  0.0000E+00  0.6400E+02
     -3.518  0.0000E+00  0.6400E+02
     -3.500  0.0000E+00  0.6400E+02
     -3.482  0.0000E+00  0.6400E+02
     -3.464  0.0000E+00  0.6400E+02
     -3.446  0.0000E+00  0.6400E+02
     -3.428  0.0000E+00  0.6400E+02
     -3.410  0.0000E+00  0.6400E+02
     -3.392  0.0000E+00  0.6400E+02
     -3.374  0.0000E+00  0.6400E+02
     -3.356  0.0000E+00  0.6400E+02
     -3.338  0.0000E+00  0.6400E+02
     -3.320  0.0000E+00  0.6400E+02
     -3.302  0.0000E+00  0.6400E+02
     -3.284  0.0000E+00  0.6400E+02
     -3.266  0.0000E+00  0.6400E+02
     -3.248  0.0000E+00  0.6400E+02
     -3.230  0.0000E+00  0.6400E+02
     -3.212  0.0000E+00  0.6400E+02
     -3.194  0.0000E+00  0.6400E+02
     -3.177  0.0000E+00  0.6400E+02
     -3.159  0.0000E+00  0.6400E+02
     -3.141  0.0000E+00  0.6400E+02
     -3.123  0.0000E+00  0.6400E+02
     -3.105  0.0000E+00  0.6400E+02
     -3.087  0.0000E+00  0.6400E+02
     -3.069  0.0000E+00  0.6400E+02
     -3.051  0.0000E+00  0.6400E+02
     -3.033  0.0000E+00  0.6400E+02
     -3.015  0.0000E+00  0.6400E+02
     -2.997  0.0000E+00  0.6400E+02
     -2.979  0.0000E+00  0.6400E+02
     -2.961  0.0000E+00  0.6400E+02
     -2.943  0.0000E+00  0.6400E+02
     -2.925  0.0000E+00  0.6400E+02
     -2.907  0.0000E+00  0.6400E+02
     -2.889  0.0000E+00  0.6400E+02
     -2.871  0.0000E+00  0.6400E+02
     -2.853  0.0000E+00  0.6400E+02
     -2.835  0.0000E+00  0.6400E+02
     -2.817  0.0000E+00  0.6400E+02
     -2.799  0.0000E+00  0.6400E+02
     -2.781  0.0000E+00  0.6400E+02
     -2.763  0.0000E+00  0.6400E+02
     -2.745  0.0000E+00  0.6400E+02
     -2.727  0.0000E+00  0.6400E+02
     -2.710  0.0000E+00  0.6400E+02
     -2.692  0.0000E+00  0.6400E+02
     -2.674  0.0000E+00  0.6400E+02
     -2.656  0.0000E+00  0.6400E+02
     -2.638  0.0000E+00  0.6400E+02
     -2.620  0.0000E+00  0.6400E+02
     -2.602  0.0000E+00  0.6400E+02
     -2.584  0.0000E+00  0.6400E+02
     -2.566  0.0000E+00  0.6400E+02
     -2.548  0.0000E+00  0.6400E+02
     -2.530  0.0000E+00  0.6400E+02
     -2.512  0.0000E+00  0.6400E+02
     -2.494  0.0000E+00  0.6400E+02
     -2.476  0.0000E+00  0.6400E+02
     -2.458  0.0000E+00  0.6400E+02
     -2.440  0.0000E+00  0.6400E+02
     -2.422  0.0000E+00  0.6400E+02
     -2.404  0.0000E+00  0.6400E+02
     -2.386  0.0000E+00  0.6400E+02
     -2.368  0.0000E+00  0.6400E+02
     -2.350  0.0000E+00  0.6400E+02
     -2.332  0.0000E+00  0.6400E+02
     -2.314  0.0000E+00  0.6400E+02
     -2.296  0.0000E+00  0.6400E+02
     -2.278  0.0000E+00  0.6400E+02
     -2.260  0.0000E+00  0.6400E+02
     -2.243  0.0000E+00  0.6400E+02
     -2.225  0.0000E+00  0.6400E+02
     -2.207  0.0000E+00  0.6400E+02
     -2.189  0.0000E+00  0.6400E+02
     -2.171  0.0000E+00  0.6400E+02
     -2.153  0.0000E+00  0.6400E+02
     -2.135  0.0000E+00  0.6400E+02
     -2.117  0.0000E+00  0.6400E+02
     -2.099  0.0000E+00  0.6400E+02
     -2.081  0.0000E+00  0.6400E+02
     -2.063  0.0000E+00  0.6400E+02
     -2.045  0.0000E+00  0.6400E+02
     -2.027  0.0000E+00  0.6400E+02
     -2.009  0.0000E+00  0.6400E+02
     -1.991  0.0000E+00  0.6400E+02
     -1.973  0.0000E+00  0.6400E+02
     -1.955  0.0000E+00  0.6400E+02
     -1.937  0.0000E+00  0.6400E+02
     -1.919  0.0000E+00  0.6400E+02
     -1.901  0.0000E+00  0.6400E+02
     -1.883  0.0000E+00  0.6400E+02
     -1.865  0.0000E+00  0.6400E+02
     -1.847  0.0000E+00  0.6400E+02
     -1.829  0.0000E+00  0.6400E+02
     -1.811  0.0000E+00  0.6400E+02
     -1.793  0.0000E+00  0.6400E+02
     -1.776  0.0000E+00  0.6400E+02
     -1.758  0.0000E+00  0.6400E+02
     -1.740  0.0000E+00  0.6400E+02
     -1.722  0.0000E+00  0.6400E+02
     -1.704  0.0000E+00  0.6400E+02
     -1.686  0.0000E+00  0.6400E+02
     -1.668  0.0000E+00  0.6400E+02
     -1.650  0.0000E+00  0.6400E+02
     -1.632  0.0000E+00  0.6400E+02
     -1.614  0.0000E+00  0.6400E+02
     -1.596  0.0000E+00  0.6400E+02
     -1.578  0.0000E+00  0.6400E+02
     -1.560  0.0000E+00  0.6400E+02
     -1.542  0.0000E+00  0.6400E+02
     -1.524  0.0000E+00  0.6400E+02
     -1.506  0.0000E+00  0.6400E+02
     -1.488  0.0000E+00  0.6400E+02
     -1.470  0.0000E+00  0.6400E+02
     -1.452  0.0000E+00  0.6400E+02
     -1.434  0.0000E+00  0.6400E+02
     -1.416  0.0000E+00  0.6400E+02
     -1.398  0.0000E+00  0.6400E+02
     -1.380  0.0000E+00  0.6400E+02
     -1.362  0.0000E+00  0.6400E+02
     -1.344  0.0000E+00  0.6400E+02
     -1.326  0.0000E+00  0.6400E+02
     -1.309  0.0000E+00  0.6400E+02
     -1.291  0.0000E+00  0.6400E+02
     -1.273  0.0000E+00  0.6400E+02
     -1.255  0.0000E+00  0.6400E+02
     -1.237  0.0000E+00  0.6400E+02
     -1.219  0.9708E-02  0.6400E+02
     -1.201  0.4055E-01  0.6400E+02
     -1.183  0.9253E-01  0.6400E+02
     -1.165  0.1657E+00  0.6400E+02
     -1.147  0.2600E+00  0.6401E+02
     -1.129  0.3754E+00  0.6401E+02
     -1.111  0.5387E+00  0.6402E+02
     -1.093  0.7780E+00  0.6403E+02
     -1.075  0.1093E+01  0.6405E+02
     -1.057  0.1484E+01  0.6407E+02
     -1.039  0.1952E+01  0.6410E+02
     -1.021  0.2495E+01  0.6414E+02
     -1.003  0.3114E+01  0.6419E+02
     -0.985  0.3809E+01  0.6426E+02
     -0.967  0.4580E+01  0.6433E+02
     -0.949  0.5427E+01  0.6442E+02
     -0.931  0.6350E+01  0.6453E+02
     -0.913  0.7349E+01  0.6465E+02
     -0.895  0.8424E+01  0.6479E+02
     -0.877  0.9575E+01  0.6495E+02
     -0.859  0.1104E+02  0.6514E+02
     -0.842  0.1313E+02  0.6535E+02
     -0.824  0.1506E+02  0.6561E+02
     -0.806  0.1682E+02  0.6589E+02
     -0.788  0.1840E+02  0.6621E+02
     -0.770  0.2011E+02  0.6655E+02
     -0.752  0.2171E+02  0.6693E+02
     -0.734  0.2297E+02  0.6733E+02
     -0.716  0.2416E+02  0.6775E+02
     -0.698  0.2745E+02  0.6822E+02
     -0.680  0.2644E+02  0.6871E+02
     -0.662  0.2737E+02  0.6919E+02
     -0.644  0.3136E+02  0.6972E+02
     -0.626  0.3274E+02  0.7030E+02
     -0.608  0.3265E+02  0.7088E+02
     -0.590  0.3973E+02  0.7148E+02
     -0.572  0.5495E+02  0.7239E+02
     -0.554  0.5608E+02  0.7338E+02
     -0.536  0.5509E+02  0.7438E+02
     -0.518  0.5291E+02  0.7535E+02
     -0.500  0.4978E+02  0.7628E+02
     -0.482  0.4570E+02  0.7714E+02
     -0.464  0.4067E+02  0.7791E+02
     -0.446  0.3133E+02  0.7858E+02
     -0.428  0.1995E+02  0.7903E+02
     -0.410  0.1473E+02  0.7934E+02
     -0.392  0.1294E+02  0.7958E+02
     -0.375  0.1445E+02  0.7982E+02
     -0.357  0.1716E+02  0.8010E+02
     -0.339  0.1936E+02  0.8044E+02
     -0.321  0.1884E+02  0.8078E+02
     -0.303  0.1551E+02  0.8110E+02
     -0.285  0.1031E+02  0.8132E+02
     -0.267  0.2378E+02  0.8161E+02
     -0.249  0.3725E+02  0.8216E+02
     -0.231  0.5108E+02  0.8295E+02
     -0.213  0.6470E+02  0.8399E+02
     -0.195  0.8057E+02  0.8532E+02
     -0.177  0.8236E+02  0.8680E+02
     -0.159  0.7050E+02  0.8819E+02
     -0.141  0.1086E+03  0.8950E+02
     -0.123  0.4357E+02  0.9077E+02
     -0.105  0.4334E+02  0.9154E+02
     -0.087  0.4539E+02  0.9234E+02
     -0.069  0.4860E+02  0.9318E+02
     -0.051  0.5206E+02  0.9409E+02
     -0.033  0.5662E+02  0.9506E+02
     -0.015  0.6138E+02  0.9612E+02
      0.003  0.6569E+02  0.9726E+02
      0.021  0.6893E+02  0.9847E+02
      0.039  0.7145E+02  0.9973E+02
      0.057  0.7299E+02  0.1010E+03
      0.075  0.7345E+02  0.1023E+03
      0.092  0.7110E+02  0.1037E+03
      0.110  0.6201E+02  0.1049E+03
      0.128  0.5445E+02  0.1059E+03
      0.146  0.5249E+02  0.1068E+03
      0.164  0.3452E+02  0.1076E+03
      0.182  0.2794E+02  0.1082E+03
      0.200  0.2763E+02  0.1087E+03
      0.218  0.2730E+02  0.1092E+03
      0.236  0.2701E+02  0.1096E+03
      0.254  0.2680E+02  0.1101E+03
      0.272  0.2661E+02  0.1106E+03
      0.290  0.2644E+02  0.1111E+03
      0.308  0.2628E+02  0.1116E+03
      0.326  0.2615E+02  0.1120E+03
      0.344  0.2603E+02  0.1125E+03
      0.362  0.2593E+02  0.1130E+03
      0.380  0.2585E+02  0.1134E+03
      0.398  0.2578E+02  0.1139E+03
      0.416  0.2574E+02  0.1144E+03
      0.434  0.2571E+02  0.1148E+03
      0.452  0.2570E+02  0.1153E+03
      0.470  0.2571E+02  0.1157E+03
      0.488  0.2574E+02  0.1162E+03
      0.506  0.2578E+02  0.1167E+03
      0.524  0.2580E+02  0.1171E+03
      0.542  0.2255E+02  0.1176E+03
      0.559  0.1937E+02  0.1179E+03
      0.577  0.1756E+02  0.1183E+03
      0.595  0.1580E+02  0.1186E+03
      0.613  0.1480E+02  0.1189E+03
      0.631  0.1409E+02  0.1191E+03
      0.649  0.1366E+02  0.1193E+03
      0.667  0.1610E+02  0.1196E+03
      0.685  0.2570E+02  0.1200E+03
      0.703  0.2601E+02  0.1205E+03
      0.721  0.2623E+02  0.1210E+03
      0.739  0.2635E+02  0.1214E+03
      0.757  0.2639E+02  0.1219E+03
      0.775  0.2633E+02  0.1224E+03
      0.793  0.2618E+02  0.1229E+03
      0.811  0.2594E+02  0.1233E+03
      0.829  0.2904E+02  0.1238E+03
      0.847  0.3415E+02  0.1244E+03
      0.865  0.3447E+02  0.1250E+03
      0.883  0.2938E+02  0.1256E+03
      0.901  0.2801E+02  0.1261E+03
      0.919  0.2581E+02  0.1266E+03
      0.937  0.2426E+02  0.1270E+03
      0.955  0.2235E+02  0.1275E+03
      0.973  0.2158E+02  0.1279E+03
      0.991  0.2095E+02  0.1282E+03
      1.009  0.2043E+02  0.1286E+03
      1.026  0.1999E+02  0.1290E+03
      1.044  0.1956E+02  0.1293E+03
      1.062  0.1923E+02  0.1297E+03
      1.080  0.1900E+02  0.1300E+03
      1.098  0.1888E+02  0.1304E+03
      1.116  0.1887E+02  0.1307E+03
      1.134  0.1897E+02  0.1310E+03
      1.152  0.1917E+02  0.1314E+03
      1.170  0.1948E+02  0.1317E+03
      1.188  0.1981E+02  0.1321E+03
      1.206  0.2010E+02  0.1324E+03
      1.224  0.2034E+02  0.1328E+03
      1.242  0.2053E+02  0.1332E+03
      1.260  0.2067E+02  0.1335E+03
      1.278  0.2077E+02  0.1339E+03
      1.296  0.2082E+02  0.1343E+03
      1.314  0.2083E+02  0.1347E+03
      1.332  0.2079E+02  0.1350E+03
      1.350  0.2070E+02  0.1354E+03
      1.368  0.2056E+02  0.1358E+03
      1.386  0.2038E+02  0.1361E+03
      1.404  0.2015E+02  0.1365E+03
      1.422  0.1988E+02  0.1369E+03
      1.440  0.1956E+02  0.1372E+03
      1.458  0.1919E+02  0.1376E+03
      1.476  0.1878E+02  0.1379E+03
      1.493  0.1840E+02  0.1382E+03
      1.511  0.2316E+02  0.1386E+03
      1.529  0.2407E+02  0.1390E+03
      1.547  0.2169E+02  0.1395E+03
      1.565  0.2150E+02  0.1398E+03
      1.583  0.2103E+02  0.1402E+03
      1.601  0.2128E+02  0.1406E+03
      1.619  0.2178E+02  0.1410E+03
      1.637  0.2327E+02  0.1414E+03
      1.655  0.2611E+02  0.1418E+03
      1.673  0.3047E+02  0.1423E+03
      1.691  0.3733E+02  0.1429E+03
      1.709  0.6595E+02  0.1438E+03
      1.727  0.5633E+02  0.1450E+03
      1.745  0.4187E+02  0.1458E+03
      1.763  0.5597E+02  0.1466E+03
      1.781  0.7277E+02  0.1478E+03
      1.799  0.6305E+02  0.1495E+03
      1.817  0.5003E+02  0.1505E+03
      1.835  0.4458E+02  0.1513E+03
      1.853  0.4799E+02  0.1522E+03
      1.871  0.5102E+02  0.1531E+03
      1.889  0.5321E+02  0.1540E+03
      1.907  0.5380E+02  0.1550E+03
      1.925  0.5322E+02  0.1559E+03
      1.943  0.5144E+02  0.1569E+03
      1.961  0.4852E+02  0.1578E+03
      1.978  0.4888E+02  0.1586E+03
      1.996  0.5007E+02  0.1595E+03
      2.014  0.5023E+02  0.1604E+03
      2.032  0.4952E+02  0.1613E+03
      2.050  0.4787E+02  0.1622E+03
      2.068  0.4510E+02  0.1630E+03
      2.086  0.4245E+02  0.1638E+03
      2.104  0.4116E+02  0.1646E+03
      2.122  0.3926E+02  0.1653E+03
      2.140  0.3944E+02  0.1660E+03
      2.158  0.3932E+02  0.1667E+03
      2.176  0.3889E+02  0.1674E+03
      2.194  0.3817E+02  0.1681E+03
      2.212  0.3715E+02  0.1688E+03
      2.230  0.3583E+02  0.1694E+03
      2.248  0.3420E+02  0.1701E+03
      2.266  0.3241E+02  0.1707E+03
      2.284  0.3082E+02  0.1712E+03
      2.302  0.3064E+02  0.1718E+03
      2.320  0.3588E+02  0.1724E+03
      2.338  0.4097E+02  0.1730E+03
      2.356  0.4780E+02  0.1738E+03
      2.374  0.5032E+02  0.1747E+03
      2.392  0.5762E+02  0.1757E+03
      2.410  0.6932E+02  0.1768E+03
      2.428  0.6219E+02  0.1780E+03
      2.445  0.1796E+03  0.1797E+03
      2.463  0.1024E+03  0.1825E+03
      2.481  0.1158E+03  0.1844E+03
      2.499  0.1873E+01  0.1860E+03
      2.517  0.6767E+02  0.1867E+03
      2.535  0.9840E+02  0.1884E+03
      2.553  0.4448E+02  0.1894E+03
      2.571  0.1473E+03  0.1910E+03
      2.589  0.7771E+02  0.1931E+03
      2.607  0.6101E+02  0.1943E+03
      2.625  0.6086E+02  0.1954E+03
      2.643  0.6718E+02  0.1965E+03
      2.661  0.7943E+02  0.1979E+03
      2.679  0.8639E+02  0.1994E+03
      2.697  0.8976E+02  0.2009E+03
      2.715  0.9838E+02  0.2026E+03
      2.733  0.1014E+03  0.2044E+03
      2.751  0.1039E+03  0.2063E+03
      2.769  0.9551E+02  0.2081E+03
      2.787  0.7702E+02  0.2097E+03
      2.805  0.7296E+02  0.2110E+03
      2.823  0.7478E+02  0.2123E+03
      2.841  0.7113E+02  0.2136E+03
      2.859  0.6366E+02  0.2149E+03
      2.877  0.6021E+02  0.2160E+03
      2.895  0.8879E+02  0.2170E+03
      2.912  0.5159E+02  0.2190E+03
      2.930  0.4361E+02  0.2198E+03
      2.948  0.4003E+02  0.2206E+03
      2.966  0.3685E+02  0.2213E+03
      2.984  0.3475E+02  0.2219E+03
      3.002  0.3569E+02  0.2225E+03
      3.020  0.3774E+02  0.2232E+03
      3.038  0.4711E+02  0.2239E+03
      3.056  0.6547E+02  0.2249E+03
      3.074  0.8238E+02  0.2263E+03
      3.092  0.9462E+02  0.2278E+03
      3.110  0.1122E+03  0.2297E+03
      3.128  0.1319E+03  0.2319E+03
      3.146  0.1434E+03  0.2344E+03
      3.164  0.1213E+03  0.2368E+03
      3.182  0.7509E+02  0.2386E+03
      3.200  0.6958E+02  0.2398E+03
      3.218  0.7324E+02  0.2411E+03
      3.236  0.6602E+02  0.2424E+03
      3.254  0.5691E+02  0.2435E+03
      3.272  0.4548E+02  0.2444E+03
      3.290  0.3636E+02  0.2451E+03
      3.308  0.3198E+02  0.2457E+03
      3.326  0.2800E+02  0.2463E+03
      3.344  0.2440E+02  0.2467E+03
      3.362  0.2118E+02  0.2471E+03
      3.379  0.1835E+02  0.2475E+03
      3.397  0.1590E+02  0.2478E+03
      3.415  0.1340E+02  0.2481E+03
      3.433  0.1138E+02  0.2483E+03
      3.451  0.1013E+02  0.2485E+03
      3.469  0.1085E+02  0.2487E+03
      3.487  0.1266E+02  0.2489E+03
      3.505  0.1828E+02  0.2491E+03
      3.523  0.2397E+02  0.2495E+03
      3.541  0.2899E+02  0.2500E+03
      3.559  0.2738E+02  0.2505E+03
      3.577  0.2026E+02  0.2509E+03
      3.595  0.1919E+02  0.2513E+03
      3.613  0.1117E+02  0.2516E+03
      3.631  0.9012E+02  0.2520E+03
      3.649  0.1544E+02  0.2530E+03
      3.667  0.1371E+02  0.2533E+03
      3.685  0.1285E+02  0.2535E+03
      3.703  0.1285E+02  0.2537E+03
      3.721  0.1371E+02  0.2540E+03
      3.739  0.1543E+02  0.2542E+03
      3.757  0.1802E+02  0.2545E+03
      3.775  0.1240E+02  0.2553E+03
      3.793  0.9851E+01  0.2555E+03
      3.811  0.7627E+01  0.2556E+03
      3.829  0.5715E+01  0.2558E+03
      3.846  0.4115E+01  0.2558E+03
      3.864  0.2828E+01  0.2559E+03
      3.882  0.1852E+01  0.2560E+03
      3.900  0.1113E+01  0.2560E+03
      3.918  0.5619E+00  0.2560E+03
      3.936  0.1971E+00  0.2560E+03
      3.954  0.1915E-01  0.2560E+03
      3.972  0.0000E+00  0.2560E+03
      3.990  0.0000E+00  0.2560E+03
      4.008  0.0000E+00  0.2560E+03
      4.026  0.0000E+00  0.2560E+03
      4.044  0.0000E+00  0.2560E+03
      4.062  0.0000E+00  0.2560E+03
      4.080  0.0000E+00  0.2560E+03
      4.098  0.0000E+00  0.2560E+03
      4.116  0.0000E+00  0.2560E+03
      4.134  0.0000E+00  0.2560E+03
      4.152  0.0000E+00  0.2560E+03
      4.170  0.0000E+00  0.2560E+03
      4.188  0.0000E+00  0.2560E+03
      4.206  0.0000E+00  0.2560E+03
      4.224  0.0000E+00  0.2560E+03
      4.242  0.0000E+00  0.2560E+03
      4.260  0.0000E+00  0.2560E+03
      4.278  0.0000E+00  0.2560E+03
      4.296  0.0000E+00  0.2560E+03
      4.313  0.0000E+00  0.2560E+03
      4.331  0.0000E+00  0.2560E+03
      4.349  0.0000E+00  0.2560E+03
      4.367  0.0000E+00  0.2560E+03
      4.385  0.0000E+00  0.2560E+03
      4.403  0.0000E+00  0.2560E+03
      4.421  0.0000E+00  0.2560E+03
      4.439  0.0000E+00  0.2560E+03
      4.457  0.0000E+00  0.2560E+03
      4.475  0.0000E+00  0.2560E+03
      4.493  0.0000E+00  0.2560E+03
      4.511  0.0000E+00  0.2560E+03
      4.529  0.0000E+00  0.2560E+03
      4.547  0.0000E+00  0.2560E+03
      4.565  0.0000E+00  0.2560E+03
      4.583  0.0000E+00  0.2560E+03
      4.601  0.0000E+00  0.2560E+03
      4.619  0.0000E+00  0.2560E+03
      4.637  0.0000E+00  0.2560E+03
      4.655  0.0000E+00  0.2560E+03
      4.673  0.0000E+00  0.2560E+03
      4.691  0.0000E+00  0.2560E+03
      4.709  0.0000E+00  0.2560E+03
      4.727  0.0000E+00  0.2560E+03
      4.745  0.0000E+00  0.2560E+03
      4.763  0.0000E+00  0.2560E+03
      4.780  0.0000E+00  0.2560E+03
      4.798  0.0000E+00  0.2560E+03
      4.816  0.0000E+00  0.2560E+03
      4.834  0.0000E+00  0.2560E+03
      4.852  0.0000E+00  0.2560E+03
      4.870  0.0000E+00  0.2560E+03
      4.888  0.0000E+00  0.2560E+03
      4.906  0.0000E+00  0.2560E+03
      4.924  0.0000E+00  0.2560E+03
      4.942  0.0000E+00  0.2560E+03
      4.960  0.0000E+00  0.2560E+03
      4.978  0.0000E+00  0.2560E+03
      4.996  0.0000E+00  0.2560E+03
      5.014  0.0000E+00  0.2560E+03
      5.032  0.0000E+00  0.2560E+03
      5.050  0.0000E+00  0.2560E+03
      5.068  0.0000E+00  0.2560E+03
      5.086  0.0000E+00  0.2560E+03
      5.104  0.0000E+00  0.2560E+03
      5.122  0.0000E+00  0.2560E+03
      5.140  0.0000E+00  0.2560E+03
      5.158  0.0000E+00  0.2560E+03
      5.176  0.0000E+00  0.2560E+03
      5.194  0.0000E+00  0.2560E+03
      5.212  0.0000E+00  0.2560E+03
      5.230  0.0000E+00  0.2560E+03
      5.247  0.0000E+00  0.2560E+03
      5.265  0.0000E+00  0.2560E+03
      5.283  0.0000E+00  0.2560E+03
      5.301  0.0000E+00  0.2560E+03
      5.319  0.0000E+00  0.2560E+03
      5.337  0.0000E+00  0.2560E+03
      5.355  0.0000E+00  0.2560E+03
      5.373  0.0000E+00  0.2560E+03
      5.391  0.0000E+00  0.2560E+03
      5.409  0.0000E+00  0.2560E+03
      5.427  0.0000E+00  0.2560E+03
      5.445  0.0000E+00  0.2560E+03
      5.463  0.0000E+00  0.2560E+03
      5.481  0.0000E+00  0.2560E+03
      5.499  0.0000E+00  0.2560E+03
      5.517  0.0000E+00  0.2560E+03
      5.535  0.0000E+00  0.2560E+03
      5.553  0.0000E+00  0.2560E+03
      5.571  0.0000E+00  0.2560E+03
      5.589  0.0000E+00  0.2560E+03
      5.607  0.0000E+00  0.2560E+03
      5.625  0.0000E+00  0.2560E+03
      5.643  0.0000E+00  0.2560E+03
      5.661  0.0000E+00  0.2560E+03
      5.679  0.0000E+00  0.2560E+03
      5.697  0.0000E+00  0.2560E+03
      5.714  0.0000E+00  0.2560E+03
      5.732  0.0000E+00  0.2560E+03
      5.750  0.0000E+00  0.2560E+03
      5.768  0.0000E+00  0.2560E+03
      5.786  0.0000E+00  0.2560E+03
      5.804  0.0000E+00  0.2560E+03
      5.822  0.0000E+00  0.2560E+03
      5.840  0.0000E+00  0.2560E+03
      5.858  0.0000E+00  0.2560E+03
      5.876  0.0000E+00  0.2560E+03
      5.894  0.0000E+00  0.2560E+03
      5.912  0.0000E+00  0.2560E+03
      5.930  0.0000E+00  0.2560E+03
      5.948  0.0000E+00  0.2560E+03
      5.966  0.0000E+00  0.2560E+03
      5.984  0.0000E+00  0.2560E+03
      6.002  0.0000E+00  0.2560E+03
      6.020  0.0000E+00  0.2560E+03
      6.038  0.0000E+00  0.2560E+03
      6.056  0.0000E+00  0.2560E+03
      6.074  0.0000E+00  0.2560E+03
      6.092  0.0000E+00  0.2560E+03
      6.110  0.0000E+00  0.2560E+03
      6.128  0.0000E+00  0.2560E+03
      6.146  0.0000E+00  0.2560E+03
      6.164  0.0000E+00  0.2560E+03
      6.181  0.0000E+00  0.2560E+03
      6.199  0.0000E+00  0.2560E+03
      6.217  0.0000E+00  0.2560E+03
      6.235  0.0000E+00  0.2560E+03
      6.253  0.0000E+00  0.2560E+03
      6.271  0.0000E+00  0.2560E+03
      6.289  0.0000E+00  0.2560E+03
      6.307  0.0000E+00  0.2560E+03
      6.325  0.0000E+00  0.2560E+03
      6.343  0.0000E+00  0.2560E+03
      6.361  0.0000E+00  0.2560E+03
      6.379  0.0000E+00  0.2560E+03
      6.397  0.0000E+00  0.2560E+03
      6.415  0.0000E+00  0.2560E+03
      6.433  0.0000E+00  0.2560E+03
      6.451  0.0000E+00  0.2560E+03
      6.469  0.0000E+00  0.2560E+03
      6.487  0.0000E+00  0.2560E+03
      6.505  0.0000E+00  0.2560E+03
      6.523  0.0000E+00  0.2560E+03
      6.541  0.0000E+00  0.2560E+03
      6.559  0.0000E+00  0.2560E+03
      6.577  0.0000E+00  0.2560E+03
      6.595  0.0000E+00  0.2560E+03
      6.613  0.0000E+00  0.2560E+03
      6.631  0.0000E+00  0.2560E+03
      6.648  0.0000E+00  0.2560E+03
      6.666  0.0000E+00  0.2560E+03
      6.684  0.0000E+00  0.2560E+03
      6.702  0.0000E+00  0.2560E+03
      6.720  0.0000E+00  0.2560E+03
      6.738  0.0000E+00  0.2560E+03
      6.756  0.0000E+00  0.2560E+03
      6.774  0.0000E+00  0.2560E+03
      6.792  0.0000E+00  0.2560E+03
      6.810  0.0000E+00  0.2560E+03
      6.828  0.0000E+00  0.2560E+03
      6.846  0.0000E+00  0.2560E+03
      6.864  0.0000E+00  0.2560E+03
      6.882  0.0000E+00  0.2560E+03
      6.900  0.0000E+00  0.2560E+03
      6.918  0.0000E+00  0.2560E+03
      6.936  0.0000E+00  0.2560E+03
      6.954  0.0000E+00  0.2560E+03
      6.972  0.0000E+00  0.2560E+03
      6.990  0.0000E+00  0.2560E+03
      7.008  0.0000E+00  0.2560E+03
      7.026  0.0000E+00  0.2560E+03
      7.044  0.0000E+00  0.2560E+03
      7.062  0.0000E+00  0.2560E+03
      7.080  0.0000E+00  0.2560E+03
      7.098  0.0000E+00  0.2560E+03
      7.115  0.0000E+00  0.2560E+03
      7.133  0.0000E+00  0.2560E+03
      7.151  0.0000E+00  0.2560E+03
      7.169  0.0000E+00  0.2560E+03
      7.187  0.0000E+00  0.2560E+03
      7.205  0.0000E+00  0.2560E+03
      7.223  0.0000E+00  0.2560E+03
      7.241  0.0000E+00  0.2560E+03
      7.259  0.0000E+00  0.2560E+03
      7.277  0.0000E+00  0.2560E+03
      7.295  0.0000E+00  0.2560E+03
      7.313  0.0000E+00  0.2560E+03
      7.331  0.0000E+00  0.2560E+03
      7.349  0.0000E+00  0.2560E+03
      7.367  0.0000E+00  0.2560E+03
      7.385  0.0000E+00  0.2560E+03
      7.403  0.0000E+00  0.2560E+03
      7.421  0.0000E+00  0.2560E+03
      7.439  0.0000E+00  0.2560E+03
      7.457  0.0000E+00  0.2560E+03
      7.475  0.0000E+00  0.2560E+03
      7.493  0.0000E+00  0.2560E+03
      7.511  0.0000E+00  0.2560E+03
      7.529  0.0000E+00  0.2560E+03
      7.547  0.0000E+00  0.2560E+03
      7.565  0.0000E+00  0.2560E+03
      7.582  0.0000E+00  0.2560E+03
      7.600  0.0000E+00  0.2560E+03
      7.618  0.0000E+00  0.2560E+03
      7.636  0.0000E+00  0.2560E+03
      7.654  0.0000E+00  0.2560E+03
      7.672  0.0000E+00  0.2560E+03
      7.690  0.0000E+00  0.2560E+03
      7.708  0.0000E+00  0.2560E+03
      7.726  0.0000E+00  0.2560E+03
      7.744  0.0000E+00  0.2560E+03
      7.762  0.0000E+00  0.2560E+03
      7.780  0.0000E+00  0.2560E+03
      7.798  0.0000E+00  0.2560E+03
      7.816  0.0000E+00  0.2560E+03
      7.834  0.0000E+00  0.2560E+03
      7.852  0.0000E+00  0.2560E+03
      7.870  0.0000E+00  0.2560E+03
      7.888  0.0000E+00  0.2560E+03
      7.906  0.0000E+00  0.2560E+03
      7.924  0.0000E+00  0.2560E+03
      7.942  0.0000E+00  0.2560E+03
      7.960  0.0000E+00  0.2560E+03
      7.978  0.0000E+00  0.2560E+03
      7.996  0.0000E+00  0.2560E+03
      8.014  0.0000E+00  0.2560E+03
      8.032  0.0000E+00  0.2560E+03
      8.049  0.0000E+00  0.2560E+03
      8.067  0.0000E+00  0.2560E+03
      8.085  0.0000E+00  0.2560E+03
      8.103  0.0000E+00  0.2560E+03
      8.121  0.0000E+00  0.2560E+03
      8.139  0.0000E+00  0.2560E+03
      8.157  0.0000E+00  0.2560E+03
      8.175  0.0000E+00  0.2560E+03
      8.193  0.0000E+00  0.2560E+03
      8.211  0.0000E+00  0.2560E+03
      8.229  0.0000E+00  0.2560E+03
      8.247  0.0000E+00  0.2560E+03
      8.265  0.0000E+00  0.2560E+03
      8.283  0.0000E+00  0.2560E+03
      8.301  0.0000E+00  0.2560E+03
      8.319  0.0000E+00  0.2560E+03
      8.337  0.0000E+00  0.2560E+03
      8.355  0.0000E+00  0.2560E+03
      8.373  0.0000E+00  0.2560E+03
      8.391  0.0000E+00  0.2560E+03
      8.409  0.0000E+00  0.2560E+03
      8.427  0.0000E+00  0.2560E+03
      8.445  0.0000E+00  0.2560E+03
      8.463  0.0000E+00  0.2560E+03
      8.481  0.0000E+00  0.2560E+03
      8.499  0.0000E+00  0.2560E+03
      8.516  0.0000E+00  0.2560E+03
      8.534  0.0000E+00  0.2560E+03
      8.552  0.0000E+00  0.2560E+03
      8.570  0.0000E+00  0.2560E+03
      8.588  0.0000E+00  0.2560E+03
      8.606  0.0000E+00  0.2560E+03
      8.624  0.0000E+00  0.2560E+03
      8.642  0.0000E+00  0.2560E+03
      8.660  0.0000E+00  0.2560E+03
      8.678  0.0000E+00  0.2560E+03
      8.696  0.0000E+00  0.2560E+03
      8.714  0.0000E+00  0.2560E+03
      8.732  0.0000E+00  0.2560E+03
      8.750  0.0000E+00  0.2560E+03
      8.768  0.0000E+00  0.2560E+03
      8.786  0.0000E+00  0.2560E+03
      8.804  0.0000E+00  0.2560E+03
      8.822  0.0000E+00  0.2560E+03
      8.840  0.0000E+00  0.2560E+03
      8.858  0.0000E+00  0.2560E+03
      8.876  0.0000E+00  0.2560E+03
      8.894  0.0000E+00  0.2560E+03
      8.912  0.0000E+00  0.2560E+03
      8.930  0.0000E+00  0.2560E+03
      8.948  0.0000E+00  0.2560E+03
      8.966  0.0000E+00  0.2560E+03
      8.983  0.0000E+00  0.2560E+03
      9.001  0.0000E+00  0.2560E+03
      9.019  0.0000E+00  0.2560E+03
      9.037  0.0000E+00  0.2560E+03
      9.055  0.0000E+00  0.2560E+03
      9.073  0.0000E+00  0.2560E+03
      9.091  0.0000E+00  0.2560E+03
      9.109  0.0000E+00  0.2560E+03
      9.127  0.0000E+00  0.2560E+03
      9.145  0.0000E+00  0.2560E+03
      9.163  0.0000E+00  0.2560E+03
      9.181  0.0000E+00  0.2560E+03
      9.199  0.0000E+00  0.2560E+03
      9.217  0.0000E+00  0.2560E+03
      9.235  0.0000E+00  0.2560E+03
      9.253  0.0000E+00  0.2560E+03
      9.271  0.0000E+00  0.2560E+03
      9.289  0.0000E+00  0.2560E+03
      9.307  0.0000E+00  0.2560E+03
      9.325  0.0000E+00  0.2560E+03
      9.343  0.0000E+00  0.2560E+03
      9.361  0.0000E+00  0.2560E+03
      9.379  0.0000E+00  0.2560E+03
      9.397  0.0000E+00  0.2560E+03
      9.415  0.0000E+00  0.2560E+03
      9.433  0.0000E+00  0.2560E+03
      9.450  0.0000E+00  0.2560E+03
      9.468  0.0000E+00  0.2560E+03
      9.486  0.0000E+00  0.2560E+03
      9.504  0.0000E+00  0.2560E+03
      9.522  0.0000E+00  0.2560E+03
      9.540  0.0000E+00  0.2560E+03
      9.558  0.0000E+00  0.2560E+03
      9.576  0.0000E+00  0.2560E+03
      9.594  0.0000E+00  0.2560E+03
      9.612  0.0000E+00  0.2560E+03
      9.630  0.0000E+00  0.2560E+03
      9.648  0.0000E+00  0.2560E+03
      9.666  0.0000E+00  0.2560E+03
      9.684  0.0000E+00  0.2560E+03
      9.702  0.0000E+00  0.2560E+03
      9.720  0.0000E+00  0.2560E+03
      9.738  0.0000E+00  0.2560E+03
      9.756  0.0000E+00  0.2560E+03
      9.774  0.0000E+00  0.2560E+03
      9.792  0.0000E+00  0.2560E+03
      9.810  0.0000E+00  0.2560E+03
      9.828  0.0000E+00  0.2560E+03
      9.846  0.0000E+00  0.2560E+03
      9.864  0.0000E+00  0.2560E+03
      9.882  0.0000E+00  0.2560E+03
      9.900  0.0000E+00  0.2560E+03
      9.917  0.0000E+00  0.2560E+03
      9.935  0.0000E+00  0.2560E+03
      9.953  0.0000E+00  0.2560E+03
      9.971  0.0000E+00  0.2560E+03
      9.989  0.0000E+00  0.2560E+03
     10.007  0.0000E+00  0.2560E+03
     10.025  0.0000E+00  0.2560E+03
     10.043  0.0000E+00  0.2560E+03
     10.061  0.0000E+00  0.2560E+03
     10.079  0.0000E+00  0.2560E+03
     10.097  0.0000E+00  0.2560E+03
     10.115  0.0000E+00  0.2560E+03
     10.133  0.0000E+00  0.2560E+03
     10.151  0.0000E+00  0.2560E+03
     10.169  0.0000E+00  0.2560E+03
     10.187  0.0000E+00  0.2560E+03
     10.205  0.0000E+00  0.2560E+03
     10.223  0.0000E+00  0.2560E+03
     10.241  0.0000E+00  0.2560E+03
     10.259  0.0000E+00  0.2560E+03
     10.277  0.0000E+00  0.2560E+03
     10.295  0.0000E+00  0.2560E+03
     10.313  0.0000E+00  0.2560E+03
     10.331  0.0000E+00  0.2560E+03
     10.349  0.0000E+00  0.2560E+03
     10.367  0.0000E+00  0.2560E+03
     10.384  0.4344E-04  0.2560E+03
     10.402  0.9841E-03  0.2560E+03
     10.420  0.3153E-02  0.2560E+03
     10.438  0.6549E-02  0.2560E+03
     10.456  0.1117E-01  0.2560E+03
     10.474  0.1703E-01  0.2560E+03
     10.492  0.2411E-01  0.2560E+03
     10.510  0.3241E-01  0.2560E+03
     10.528  0.4195E-01  0.2560E+03
     10.546  0.5271E-01  0.2560E+03
     10.564  0.6471E-01  0.2560E+03
     10.582  0.7793E-01  0.2560E+03
     10.600  0.9237E-01  0.2560E+03
     10.618  0.1080E+00  0.2560E+03
     10.636  0.1250E+00  0.2560E+03
     10.654  0.1431E+00  0.2560E+03
     10.672  0.1624E+00  0.2560E+03
     10.690  0.1830E+00  0.2560E+03
     10.708  0.2048E+00  0.2560E+03
     10.726  0.2279E+00  0.2560E+03
     10.744  0.2522E+00  0.2560E+03
     10.762  0.2777E+00  0.2560E+03
     10.780  0.3044E+00  0.2560E+03
     10.798  0.3323E+00  0.2560E+03
     10.816  0.3615E+00  0.2561E+03
     10.834  0.3919E+00  0.2561E+03
     10.851  0.4236E+00  0.2561E+03
     10.869  0.4564E+00  0.2561E+03
     10.887  0.4905E+00  0.2561E+03
     10.905  0.5259E+00  0.2561E+03
     10.923  0.5624E+00  0.2561E+03
     10.941  0.6002E+00  0.2561E+03
     10.959  0.6392E+00  0.2561E+03
     10.977  0.6794E+00  0.2561E+03
     10.995  0.7209E+00  0.2561E+03
     11.013  0.7636E+00  0.2562E+03
     11.031  0.8075E+00  0.2562E+03
     11.049  0.8526E+00  0.2562E+03
     11.067  0.8990E+00  0.2562E+03
     11.085  0.9466E+00  0.2562E+03
     11.103  0.9955E+00  0.2562E+03
     11.121  0.1046E+01  0.2563E+03
     11.139  0.1097E+01  0.2563E+03
     11.157  0.1149E+01  0.2563E+03
     11.175  0.1203E+01  0.2563E+03
     11.193  0.1258E+01  0.2563E+03
     11.211  0.1314E+01  0.2564E+03
     11.229  0.1372E+01  0.2564E+03
     11.247  0.1430E+01  0.2564E+03
     11.265  0.1490E+01  0.2564E+03
     11.283  0.1551E+01  0.2565E+03
     11.301  0.1614E+01  0.2565E+03
     11.318  0.1677E+01  0.2565E+03
     11.336  0.1753E+01  0.2566E+03
     11.354  0.1948E+01  0.2566E+03
     11.372  0.2131E+01  0.2566E+03
     11.390  0.2302E+01  0.2567E+03
     11.408  0.2460E+01  0.2567E+03
     11.426  0.2605E+01  0.2568E+03
     11.444  0.2738E+01  0.2568E+03
     11.462  0.2859E+01  0.2569E+03
     11.480  0.2967E+01  0.2569E+03
     11.498  0.3063E+01  0.2570E+03
     11.516  0.3146E+01  0.2570E+03
     11.534  0.3216E+01  0.2571E+03
     11.552  0.3275E+01  0.2571E+03
     11.570  0.3320E+01  0.2572E+03
     11.588  0.3354E+01  0.2572E+03
     11.606  0.3375E+01  0.2573E+03
     11.624  0.3383E+01  0.2574E+03
     11.642  0.3379E+01  0.2574E+03
     11.660  0.3362E+01  0.2575E+03
     11.678  0.3333E+01  0.2576E+03
     11.696  0.3292E+01  0.2576E+03
     11.714  0.3238E+01  0.2577E+03
     11.732  0.3171E+01  0.2577E+03
     11.750  0.3092E+01  0.2578E+03
     11.768  0.3001E+01  0.2578E+03
     11.785  0.2897E+01  0.2579E+03
     11.803  0.2121E+01  0.2579E+03
     11.821  0.1350E+01  0.2580E+03
     11.839  0.8539E+00  0.2580E+03
     11.857  0.5806E+00  0.2580E+03
     11.875  0.4767E+00  0.2580E+03
     11.893  0.5422E+00  0.2580E+03
     11.911  0.6808E+00  0.2580E+03
     11.929  0.8154E+00  0.2580E+03
     11.947  0.9458E+00  0.2581E+03
     11.965  0.1072E+01  0.2581E+03
     11.983  0.1195E+01  0.2581E+03
     12.001  0.1313E+01  0.2581E+03
     12.019  0.1427E+01  0.2581E+03
     12.037  0.1537E+01  0.2582E+03
     12.055  0.1643E+01  0.2582E+03
     12.073  0.1745E+01  0.2582E+03
     12.091  0.1842E+01  0.2583E+03
     12.109  0.1936E+01  0.2583E+03
     12.127  0.2026E+01  0.2583E+03
     12.145  0.2111E+01  0.2584E+03
     12.163  0.2193E+01  0.2584E+03
     12.181  0.2270E+01  0.2584E+03
     12.199  0.2343E+01  0.2585E+03
     12.217  0.2412E+01  0.2585E+03
     12.235  0.2478E+01  0.2586E+03
     12.253  0.2539E+01  0.2586E+03
     12.270  0.2595E+01  0.2587E+03
     12.288  0.2648E+01  0.2587E+03
     12.306  0.2697E+01  0.2588E+03
     12.324  0.2742E+01  0.2588E+03
     12.342  0.2782E+01  0.2589E+03
     12.360  0.2819E+01  0.2589E+03
     12.378  0.2851E+01  0.2590E+03
     12.396  0.2879E+01  0.2590E+03
     12.414  0.2904E+01  0.2591E+03
     12.432  0.2924E+01  0.2591E+03
     12.450  0.2940E+01  0.2592E+03
     12.468  0.2952E+01  0.2592E+03
     12.486  0.2960E+01  0.2593E+03
     12.504  0.2963E+01  0.2593E+03
     12.522  0.2963E+01  0.2594E+03
     12.540  0.2959E+01  0.2594E+03
     12.558  0.2950E+01  0.2595E+03
     12.576  0.2943E+01  0.2595E+03
     12.594  0.2993E+01  0.2596E+03
     12.612  0.3037E+01  0.2596E+03
     12.630  0.3072E+01  0.2597E+03
     12.648  0.3101E+01  0.2598E+03
     12.666  0.3123E+01  0.2598E+03
     12.684  0.3137E+01  0.2599E+03
     12.702  0.3144E+01  0.2599E+03
     12.720  0.3143E+01  0.2600E+03
     12.737  0.3721E+01  0.2600E+03
     12.755  0.4392E+01  0.2601E+03
     12.773  0.4859E+01  0.2602E+03
     12.791  0.5121E+01  0.2603E+03
     12.809  0.5205E+01  0.2604E+03
     12.827  0.5264E+01  0.2605E+03
     12.845  0.5320E+01  0.2606E+03
     12.863  0.5372E+01  0.2607E+03
     12.881  0.5420E+01  0.2608E+03
     12.899  0.5465E+01  0.2609E+03
     12.917  0.5506E+01  0.2610E+03
     12.935  0.5543E+01  0.2611E+03
     12.953  0.5577E+01  0.2612E+03
     12.971  0.5607E+01  0.2613E+03
     12.989  0.5634E+01  0.2614E+03
     13.007  0.5657E+01  0.2615E+03
     13.025  0.5677E+01  0.2616E+03
     13.043  0.5693E+01  0.2617E+03
     13.061  0.5705E+01  0.2618E+03
     13.079  0.5714E+01  0.2619E+03
     13.097  0.5722E+01  0.2620E+03
     13.115  0.5752E+01  0.2621E+03
     13.133  0.5815E+01  0.2622E+03
     13.151  0.5910E+01  0.2623E+03
     13.169  0.6038E+01  0.2624E+03
     13.187  0.6199E+01  0.2625E+03
     13.204  0.6392E+01  0.2626E+03
     13.222  0.6618E+01  0.2627E+03
     13.240  0.6877E+01  0.2629E+03
     13.258  0.7168E+01  0.2630E+03
     13.276  0.7493E+01  0.2631E+03
     13.294  0.7850E+01  0.2633E+03
     13.312  0.8239E+01  0.2634E+03
     13.330  0.8662E+01  0.2635E+03
     13.348  0.9111E+01  0.2637E+03
     13.366  0.9557E+01  0.2639E+03
     13.384  0.9992E+01  0.2640E+03
     13.402  0.1042E+02  0.2642E+03
     13.420  0.1083E+02  0.2644E+03
     13.438  0.1123E+02  0.2646E+03
     13.456  0.1198E+02  0.2648E+03
     13.474  0.1264E+02  0.2651E+03
     13.492  0.1291E+02  0.2653E+03
     13.510  0.1280E+02  0.2655E+03
     13.528  0.1230E+02  0.2657E+03
     13.546  0.1142E+02  0.2660E+03
     13.564  0.1015E+02  0.2661E+03
     13.582  0.8771E+01  0.2663E+03
     13.600  0.7389E+01  0.2665E+03
     13.618  0.5661E+01  0.2666E+03
     13.636  0.3722E+01  0.2667E+03
     13.654  0.3976E+01  0.2667E+03
     13.671  0.4239E+01  0.2668E+03
     13.689  0.4510E+01  0.2669E+03
     13.707  0.4790E+01  0.2670E+03
     13.725  0.5078E+01  0.2671E+03
     13.743  0.5374E+01  0.2672E+03
     13.761  0.5807E+01  0.2673E+03
     13.779  0.6506E+01  0.2674E+03
     13.797  0.7471E+01  0.2675E+03
     13.815  0.8703E+01  0.2676E+03
     13.833  0.1020E+02  0.2678E+03
     13.851  0.1197E+02  0.2680E+03
     13.869  0.1400E+02  0.2682E+03
     13.887  0.6595E+02  0.2686E+03
     13.905  0.4067E+01  0.2691E+03
     13.923  0.4295E+01  0.2692E+03
     13.941  0.4578E+01  0.2692E+03
     13.959  0.4922E+01  0.2693E+03
     13.977  0.5327E+01  0.2694E+03
     13.995  0.5793E+01  0.2695E+03
     14.013  0.6478E+01  0.2696E+03
     14.031  0.7493E+01  0.2697E+03
     14.049  0.8431E+01  0.2699E+03
     14.067  0.9243E+01  0.2700E+03
     14.085  0.9931E+01  0.2702E+03
     14.103  0.1049E+02  0.2704E+03
     14.121  0.1093E+02  0.2706E+03
     14.138  0.1124E+02  0.2708E+03
     14.156  0.1142E+02  0.2710E+03
     14.174  0.1148E+02  0.2712E+03
     14.192  0.1146E+02  0.2714E+03
     14.210  0.1163E+02  0.2716E+03
     14.228  0.1203E+02  0.2718E+03
     14.246  0.1345E+02  0.2721E+03
     14.264  0.1807E+02  0.2723E+03
     14.282  0.2360E+02  0.2727E+03
     14.300  0.2785E+02  0.2732E+03
     14.318  0.3146E+02  0.2737E+03
     14.336  0.3745E+02  0.2743E+03
     14.354  0.4026E+02  0.2750E+03
     14.372  0.3989E+02  0.2758E+03
     14.390  0.3659E+02  0.2764E+03
     14.408  0.3060E+02  0.2771E+03
     14.426  0.2296E+02  0.2775E+03
     14.444  0.1613E+02  0.2779E+03
     14.462  0.1117E+02  0.2781E+03
     14.480  0.8767E+01  0.2783E+03
     14.498  0.8812E+01  0.2785E+03
     14.516  0.8659E+01  0.2786E+03
     14.534  0.7711E+01  0.2788E+03
     14.552  0.6178E+01  0.2789E+03
     14.570  0.8729E+01  0.2790E+03
     14.588  0.1091E+02  0.2792E+03
     14.605  0.1240E+02  0.2794E+03
     14.623  0.1687E+02  0.2797E+03
     14.641  0.1995E+02  0.2800E+03
     14.659  0.2171E+02  0.2804E+03
     14.677  0.2223E+02  0.2808E+03
     14.695  0.2098E+02  0.2812E+03
     14.713  0.1922E+02  0.2815E+03
     14.731  0.1740E+02  0.2818E+03
     14.749  0.1629E+02  0.2821E+03
     14.767  0.1610E+02  0.2824E+03
     14.785  0.1588E+02  0.2827E+03
     14.803  0.1602E+02  0.2830E+03
     14.821  0.1620E+02  0.2833E+03
     14.839  0.1644E+02  0.2836E+03
     14.857  0.1669E+02  0.2839E+03
     14.875  0.1689E+02  0.2842E+03
     14.893  0.1717E+02  0.2845E+03
     14.911  0.1734E+02  0.2848E+03
     14.929  0.1740E+02  0.2851E+03
     14.947  0.1734E+02  0.2854E+03
     14.965  0.1718E+02  0.2857E+03
     14.983  0.1698E+02  0.2860E+03
     15.001  0.1674E+02  0.2864E+03
     15.019  0.1649E+02  0.2867E+03
     15.037  0.1626E+02  0.2869E+03
     15.055  0.1606E+02  0.2872E+03
     15.072  0.1587E+02  0.2875E+03
     15.090  0.1569E+02  0.2878E+03
     15.108  0.1552E+02  0.2881E+03
     15.126  0.1536E+02  0.2884E+03
     15.144  0.1520E+02  0.2886E+03
     15.162  0.1504E+02  0.2889E+03
     15.180  0.1488E+02  0.2892E+03
     15.198  0.1473E+02  0.2894E+03
     15.216  0.1457E+02  0.2897E+03
     15.234  0.1441E+02  0.2900E+03
     15.252  0.1426E+02  0.2902E+03
     15.270  0.1410E+02  0.2905E+03
     15.288  0.1395E+02  0.2907E+03
     15.306  0.1384E+02  0.2910E+03
     15.324  0.1466E+02  0.2912E+03
     15.342  0.1618E+02  0.2915E+03
     15.360  0.1775E+02  0.2918E+03
     15.378  0.1924E+02  0.2921E+03
     15.396  0.2063E+02  0.2925E+03
     15.414  0.2193E+02  0.2929E+03
     15.432  0.2297E+02  0.2933E+03
     15.450  0.2341E+02  0.2937E+03
     15.468  0.2389E+02  0.2941E+03
     15.486  0.2534E+02  0.2946E+03
     15.504  0.2684E+02  0.2950E+03
     15.522  0.2839E+02  0.2955E+03
     15.539  0.2976E+02  0.2961E+03
     15.557  0.2979E+02  0.2966E+03
     15.575  0.2756E+02  0.2971E+03
     15.593  0.2622E+02  0.2976E+03
     15.611  0.3167E+02  0.2981E+03
     15.629  0.3098E+02  0.2987E+03
     15.647  0.2902E+02  0.2992E+03
     15.665  0.2591E+02  0.2997E+03
     15.683  0.2282E+02  0.3002E+03
     15.701  0.2084E+02  0.3006E+03
     15.719  0.1886E+02  0.3009E+03
     15.737  0.1671E+02  0.3012E+03
     15.755  0.1484E+02  0.3015E+03
     15.773  0.1361E+02  0.3018E+03
     15.791  0.1226E+02  0.3020E+03
     15.809  0.1155E+02  0.3022E+03
     15.827  0.1172E+02  0.3024E+03
     15.845  0.1202E+02  0.3026E+03
     15.863  0.1236E+02  0.3029E+03
     15.881  0.1396E+02  0.3031E+03
     15.899  0.1620E+02  0.3034E+03
     15.917  0.1848E+02  0.3037E+03
     15.935  0.2683E+02  0.3041E+03
     15.953  0.2979E+02  0.3046E+03
     15.971  0.2318E+02  0.3051E+03
     15.989  0.1697E+02  0.3054E+03
     16.006  0.1952E+02  0.3057E+03
     16.024  0.1963E+02  0.3061E+03
     16.042  0.1713E+02  0.3064E+03
     16.060  0.1204E+02  0.3067E+03
     16.078  0.9734E+01  0.3069E+03
     16.096  0.1122E+02  0.3071E+03
     16.114  0.1272E+02  0.3073E+03
     16.132  0.1425E+02  0.3075E+03
     16.150  0.1900E+02  0.3078E+03
     16.168  0.2153E+02  0.3082E+03
     16.186  0.2136E+02  0.3086E+03
     16.204  0.1850E+02  0.3089E+03
     16.222  0.1295E+02  0.3092E+03
     16.240  0.1319E+02  0.3095E+03
     16.258  0.1633E+02  0.3097E+03
     16.276  0.2638E+02  0.3101E+03
     16.294  0.1755E+02  0.3105E+03
     16.312  0.6509E+01  0.3107E+03
     16.330  0.7277E+01  0.3108E+03
     16.348  0.8168E+01  0.3110E+03
     16.366  0.9180E+01  0.3111E+03
     16.384  0.1047E+02  0.3113E+03
     16.402  0.1216E+02  0.3115E+03
     16.420  0.1368E+02  0.3117E+03
     16.438  0.1500E+02  0.3120E+03
     16.456  0.1577E+02  0.3123E+03
     16.473  0.1620E+02  0.3126E+03
     16.491  0.1644E+02  0.3128E+03
     16.509  0.1650E+02  0.3131E+03
     16.527  0.1555E+02  0.3134E+03
     16.545  0.1415E+02  0.3137E+03
     16.563  0.1237E+02  0.3139E+03
     16.581  0.1219E+02  0.3142E+03
     16.599  0.1224E+02  0.3144E+03
     16.617  0.1222E+02  0.3146E+03
     16.635  0.1213E+02  0.3148E+03
     16.653  0.1223E+02  0.3150E+03
     16.671  0.1368E+02  0.3153E+03
     16.689  0.1412E+02  0.3155E+03
     16.707  0.1389E+02  0.3158E+03
     16.725  0.1359E+02  0.3160E+03
     16.743  0.1321E+02  0.3163E+03
     16.761  0.1276E+02  0.3165E+03
     16.779  0.1223E+02  0.3167E+03
     16.797  0.1163E+02  0.3169E+03
     16.815  0.1096E+02  0.3171E+03
     16.833  0.1045E+02  0.3173E+03
     16.851  0.1031E+02  0.3175E+03
     16.869  0.1014E+02  0.3177E+03
     16.887  0.9937E+01  0.3179E+03
     16.905  0.9572E+01  0.3180E+03
     16.923  0.9099E+01  0.3182E+03
     16.940  0.8641E+01  0.3184E+03
     16.958  0.8199E+01  0.3185E+03
     16.976  0.7771E+01  0.3187E+03
     16.994  0.7374E+01  0.3188E+03
     17.012  0.7720E+01  0.3189E+03
     17.030  0.7775E+01  0.3191E+03
     17.048  0.7813E+01  0.3192E+03
     17.066  0.7870E+01  0.3194E+03
     17.084  0.7944E+01  0.3195E+03
     17.102  0.8036E+01  0.3196E+03
     17.120  0.8146E+01  0.3198E+03
     17.138  0.8266E+01  0.3199E+03
     17.156  0.8372E+01  0.3201E+03
     17.174  0.8461E+01  0.3202E+03
     17.192  0.8535E+01  0.3204E+03
     17.210  0.8592E+01  0.3205E+03
     17.228  0.8628E+01  0.3207E+03
     17.246  0.8611E+01  0.3209E+03
     17.264  0.8323E+01  0.3210E+03
     17.282  0.7290E+01  0.3212E+03
     17.300  0.6506E+01  0.3213E+03
     17.318  0.5970E+01  0.3214E+03
     17.336  0.5678E+01  0.3215E+03
     17.354  0.5423E+01  0.3216E+03
     17.372  0.5103E+01  0.3217E+03
     17.390  0.4717E+01  0.3218E+03
     17.407  0.4266E+01  0.3219E+03
     17.425  0.3131E+01  0.3219E+03
     17.443  0.1800E+01  0.3220E+03
     17.461  0.8351E+00  0.3220E+03
     17.479  0.2363E+00  0.3220E+03
     17.497  0.3402E-02  0.3220E+03
     17.515  0.0000E+00  0.3220E+03
     17.533  0.0000E+00  0.3220E+03
     17.551  0.0000E+00  0.3220E+03
     17.569  0.0000E+00  0.3220E+03
     17.587  0.0000E+00  0.3220E+03
     17.605  0.0000E+00  0.3220E+03
     17.623  0.0000E+00  0.3220E+03
     17.641  0.0000E+00  0.3220E+03
     17.659  0.0000E+00  0.3220E+03
     17.677  0.0000E+00  0.3220E+03
     17.695  0.0000E+00  0.3220E+03
     17.713  0.0000E+00  0.3220E+03
     17.731  0.0000E+00  0.3220E+03
     17.749  0.0000E+00  0.3220E+03
     17.767  0.0000E+00  0.3220E+03
     17.785  0.0000E+00  0.3220E+03
     17.803  0.0000E+00  0.3220E+03
     17.821  0.0000E+00  0.3220E+03
     17.839  0.0000E+00  0.3220E+03
     17.857  0.0000E+00  0.3220E+03
     17.874  0.0000E+00  0.3220E+03
     17.892  0.0000E+00  0.3220E+03
     17.910  0.0000E+00  0.3220E+03
     17.928  0.0000E+00  0.3220E+03
     17.946  0.0000E+00  0.3220E+03
     17.964  0.0000E+00  0.3220E+03
     17.982  0.0000E+00  0.3220E+03
     18.000  0.0000E+00  0.3220E+03
     18.018  0.0000E+00  0.3220E+03
     18.036  0.0000E+00  0.3220E+03
     18.054  0.0000E+00  0.3220E+03
     18.072  0.0000E+00  0.3220E+03
     18.090  0.0000E+00  0.3220E+03
     18.108  0.0000E+00  0.3220E+03
     18.126  0.0000E+00  0.3220E+03
     18.144  0.0000E+00  0.3220E+03
     18.162  0.0000E+00  0.3220E+03
     18.180  0.0000E+00  0.3220E+03
     18.198  0.0000E+00  0.3220E+03
     18.216  0.0000E+00  0.3220E+03
     18.234  0.0000E+00  0.3220E+03
     18.252  0.0000E+00  0.3220E+03
     18.270  0.0000E+00  0.3220E+03
     18.288  0.0000E+00  0.3220E+03
     18.306  0.0000E+00  0.3220E+03
     18.324  0.0000E+00  0.3220E+03
     18.341  0.0000E+00  0.3220E+03
     18.359  0.0000E+00  0.3220E+03
     18.377  0.0000E+00  0.3220E+03
     18.395  0.0000E+00  0.3220E+03
     18.413  0.0000E+00  0.3220E+03
     18.431  0.0000E+00  0.3220E+03
     18.449  0.0000E+00  0.3220E+03
     18.467  0.0000E+00  0.3220E+03
     18.485  0.0000E+00  0.3220E+03
     18.503  0.0000E+00  0.3220E+03
     18.521  0.0000E+00  0.3220E+03
     18.539  0.0000E+00  0.3220E+03
     18.557  0.0000E+00  0.3220E+03
     18.575  0.0000E+00  0.3220E+03
     18.593  0.0000E+00  0.3220E+03
     18.611  0.0000E+00  0.3220E+03
     18.629  0.0000E+00  0.3220E+03
     18.647  0.0000E+00  0.3220E+03
     18.665  0.0000E+00  0.3220E+03
     18.683  0.0000E+00  0.3220E+03
     18.701  0.0000E+00  0.3220E+03
     18.719  0.0000E+00  0.3220E+03
     18.737  0.0000E+00  0.3220E+03
     18.755  0.0000E+00  0.3220E+03
     18.773  0.0000E+00  0.3220E+03
     18.791  0.0000E+00  0.3220E+03
     18.808  0.0000E+00  0.3220E+03
     18.826  0.0000E+00  0.3220E+03
     18.844  0.0000E+00  0.3220E+03
     18.862  0.0000E+00  0.3220E+03
     18.880  0.0000E+00  0.3220E+03
     18.898  0.0000E+00  0.3220E+03
     18.916  0.0000E+00  0.3220E+03
     18.934  0.0000E+00  0.3220E+03
     18.952  0.0000E+00  0.3220E+03
     18.970  0.0000E+00  0.3220E+03
     18.988  0.0000E+00  0.3220E+03
     19.006  0.0000E+00  0.3220E+03
     19.024  0.0000E+00  0.3220E+03
     19.042  0.0000E+00  0.3220E+03
     19.060  0.0000E+00  0.3220E+03
     19.078  0.0000E+00  0.3220E+03
     19.096  0.0000E+00  0.3220E+03
     19.114  0.0000E+00  0.3220E+03
     19.132  0.0000E+00  0.3220E+03

