 Energy DOS Integrated_DOS
    -16.741  0.0000E+00  0.0000E+00
    -16.723  0.0000E+00  0.0000E+00
    -16.704  0.0000E+00  0.0000E+00
    -16.686  0.0000E+00  0.0000E+00
    -16.667  0.0000E+00  0.0000E+00
    -16.649  0.0000E+00  0.0000E+00
    -16.631  0.0000E+00  0.0000E+00
    -16.612  0.0000E+00  0.0000E+00
    -16.594  0.0000E+00  0.0000E+00
    -16.576  0.0000E+00  0.0000E+00
    -16.557  0.0000E+00  0.0000E+00
    -16.539  0.0000E+00  0.0000E+00
    -16.520  0.0000E+00  0.0000E+00
    -16.502  0.0000E+00  0.0000E+00
    -16.484  0.0000E+00  0.0000E+00
    -16.465  0.0000E+00  0.0000E+00
    -16.447  0.0000E+00  0.0000E+00
    -16.429  0.0000E+00  0.0000E+00
    -16.410  0.0000E+00  0.0000E+00
    -16.392  0.0000E+00  0.0000E+00
    -16.374  0.0000E+00  0.0000E+00
    -16.355  0.0000E+00  0.0000E+00
    -16.337  0.0000E+00  0.0000E+00
    -16.318  0.0000E+00  0.0000E+00
    -16.300  0.0000E+00  0.0000E+00
    -16.282  0.0000E+00  0.0000E+00
    -16.263  0.0000E+00  0.0000E+00
    -16.245  0.0000E+00  0.0000E+00
    -16.227  0.0000E+00  0.0000E+00
    -16.208  0.0000E+00  0.0000E+00
    -16.190  0.0000E+00  0.0000E+00
    -16.171  0.0000E+00  0.0000E+00
    -16.153  0.0000E+00  0.0000E+00
    -16.135  0.0000E+00  0.0000E+00
    -16.116  0.0000E+00  0.0000E+00
    -16.098  0.0000E+00  0.0000E+00
    -16.080  0.0000E+00  0.0000E+00
    -16.061  0.0000E+00  0.0000E+00
    -16.043  0.0000E+00  0.0000E+00
    -16.024  0.0000E+00  0.0000E+00
    -16.006  0.0000E+00  0.0000E+00
    -15.988  0.0000E+00  0.0000E+00
    -15.969  0.0000E+00  0.0000E+00
    -15.951  0.0000E+00  0.0000E+00
    -15.933  0.0000E+00  0.0000E+00
    -15.914  0.0000E+00  0.0000E+00
    -15.896  0.0000E+00  0.0000E+00
    -15.877  0.0000E+00  0.0000E+00
    -15.859  0.0000E+00  0.0000E+00
    -15.841  0.0000E+00  0.0000E+00
    -15.822  0.0000E+00  0.0000E+00
    -15.804  0.0000E+00  0.0000E+00
    -15.786  0.0000E+00  0.0000E+00
    -15.767  0.0000E+00  0.0000E+00
    -15.749  0.0000E+00  0.0000E+00
    -15.731  0.0000E+00  0.0000E+00
    -15.712  0.0000E+00  0.0000E+00
    -15.694  0.0000E+00  0.0000E+00
    -15.675  0.0000E+00  0.0000E+00
    -15.657  0.0000E+00  0.0000E+00
    -15.639  0.0000E+00  0.0000E+00
    -15.620  0.0000E+00  0.0000E+00
    -15.602  0.0000E+00  0.0000E+00
    -15.584  0.0000E+00  0.0000E+00
    -15.565  0.0000E+00  0.0000E+00
    -15.547  0.0000E+00  0.0000E+00
    -15.528  0.0000E+00  0.0000E+00
    -15.510  0.0000E+00  0.0000E+00
    -15.492  0.0000E+00  0.0000E+00
    -15.473  0.0000E+00  0.0000E+00
    -15.455  0.0000E+00  0.0000E+00
    -15.437  0.0000E+00  0.0000E+00
    -15.418  0.0000E+00  0.0000E+00
    -15.400  0.0000E+00  0.0000E+00
    -15.381  0.0000E+00  0.0000E+00
    -15.363  0.0000E+00  0.0000E+00
    -15.345  0.0000E+00  0.0000E+00
    -15.326  0.0000E+00  0.0000E+00
    -15.308  0.0000E+00  0.0000E+00
    -15.290  0.0000E+00  0.0000E+00
    -15.271  0.0000E+00  0.0000E+00
    -15.253  0.0000E+00  0.0000E+00
    -15.234  0.0000E+00  0.0000E+00
    -15.216  0.0000E+00  0.0000E+00
    -15.198  0.0000E+00  0.0000E+00
    -15.179  0.0000E+00  0.0000E+00
    -15.161  0.0000E+00  0.0000E+00
    -15.143  0.0000E+00  0.0000E+00
    -15.124  0.0000E+00  0.0000E+00
    -15.106  0.0000E+00  0.0000E+00
    -15.088  0.0000E+00  0.0000E+00
    -15.069  0.6492E-03  0.5422E-06
    -15.051  0.4509E-01  0.3138E-03
    -15.032  0.1594E+00  0.2085E-02
    -15.014  0.3435E+00  0.6597E-02
    -14.996  0.5974E+00  0.1513E-01
    -14.977  0.9211E+00  0.2897E-01
    -14.959  0.1315E+01  0.4940E-01
    -14.941  0.1778E+01  0.7771E-01
    -14.922  0.2311E+01  0.1152E+00
    -14.904  0.2914E+01  0.1631E+00
    -14.885  0.3587E+01  0.2227E+00
    -14.867  0.4330E+01  0.2953E+00
    -14.849  0.5165E+01  0.3822E+00
    -14.830  0.6865E+01  0.4883E+00
    -14.812  0.9711E+01  0.6414E+00
    -14.794  0.1203E+02  0.8419E+00
    -14.775  0.1383E+02  0.1080E+01
    -14.757  0.1509E+02  0.1347E+01
    -14.738  0.1584E+02  0.1632E+01
    -14.720  0.1605E+02  0.1925E+01
    -14.702  0.1574E+02  0.2218E+01
    -14.683  0.1491E+02  0.2501E+01
    -14.665  0.1355E+02  0.2763E+01
    -14.647  0.1164E+02  0.2994E+01
    -14.628  0.9825E+01  0.3191E+01
    -14.610  0.8583E+01  0.3358E+01
    -14.591  0.8933E+01  0.3516E+01
    -14.573  0.9833E+01  0.3688E+01
    -14.555  0.1066E+02  0.3877E+01
    -14.536  0.1142E+02  0.4080E+01
    -14.518  0.1210E+02  0.4296E+01
    -14.500  0.1271E+02  0.4524E+01
    -14.481  0.1323E+02  0.4762E+01
    -14.463  0.1362E+02  0.5009E+01
    -14.445  0.1388E+02  0.5262E+01
    -14.426  0.1412E+02  0.5519E+01
    -14.408  0.1438E+02  0.5781E+01
    -14.389  0.1465E+02  0.6048E+01
    -14.371  0.1496E+02  0.6319E+01
    -14.353  0.1535E+02  0.6598E+01
    -14.334  0.1582E+02  0.6884E+01
    -14.316  0.1638E+02  0.7179E+01
    -14.298  0.1704E+02  0.7486E+01
    -14.279  0.1771E+02  0.7806E+01
    -14.261  0.1841E+02  0.8137E+01
    -14.242  0.1913E+02  0.8482E+01
    -14.224  0.1987E+02  0.8840E+01
    -14.206  0.2064E+02  0.9212E+01
    -14.187  0.2244E+02  0.9605E+01
    -14.169  0.2494E+02  0.1004E+02
    -14.151  0.2846E+02  0.1053E+02
    -14.132  0.3147E+02  0.1108E+02
    -14.114  0.3720E+02  0.1171E+02
    -14.095  0.5018E+02  0.1252E+02
    -14.077  0.5744E+02  0.1351E+02
    -14.059  0.5438E+02  0.1456E+02
    -14.040  0.4197E+02  0.1543E+02
    -14.022  0.3466E+02  0.1613E+02
    -14.004  0.4157E+02  0.1688E+02
    -13.985  0.3097E+02  0.1758E+02
    -13.967  0.2324E+02  0.1804E+02
    -13.948  0.2300E+02  0.1846E+02
    -13.930  0.2472E+02  0.1889E+02
    -13.912  0.2728E+02  0.1937E+02
    -13.893  0.2954E+02  0.1989E+02
    -13.875  0.3150E+02  0.2046E+02
    -13.857  0.3316E+02  0.2105E+02
    -13.838  0.3451E+02  0.2167E+02
    -13.820  0.3559E+02  0.2232E+02
    -13.801  0.3639E+02  0.2298E+02
    -13.783  0.3083E+02  0.2354E+02
    -13.765  0.5027E+02  0.2427E+02
    -13.746  0.6096E+02  0.2527E+02
    -13.728  0.8477E+02  0.2661E+02
    -13.710  0.1048E+03  0.2835E+02
    -13.691  0.1131E+03  0.3037E+02
    -13.673  0.1139E+03  0.3246E+02
    -13.655  0.1010E+03  0.3451E+02
    -13.636  0.9093E+02  0.3619E+02
    -13.618  0.6049E+02  0.3755E+02
    -13.599  0.2510E+02  0.3822E+02
    -13.581  0.4694E+02  0.3883E+02
    -13.563  0.9420E+02  0.4012E+02
    -13.544  0.6974E+02  0.4148E+02
    -13.526  0.5078E+02  0.4264E+02
    -13.508  0.4828E+02  0.4354E+02
    -13.489  0.4385E+02  0.4582E+02
    -13.471  0.5533E+02  0.4614E+02
    -13.452  0.1064E+03  0.4777E+02
    -13.434  0.1280E+03  0.4994E+02
    -13.416  0.1497E+03  0.5244E+02
    -13.397  0.1043E+03  0.5476E+02
    -13.379  0.1672E+03  0.5685E+02
    -13.361  0.1163E+03  0.5938E+02
    -13.342  0.4777E+02  0.6055E+02
    -13.324  0.4747E+02  0.6142E+02
    -13.305  0.4663E+02  0.6228E+02
    -13.287  0.4485E+02  0.6383E+02
    -13.269  0.0000E+00  0.6400E+02
    -13.250  0.0000E+00  0.6400E+02
    -13.232  0.0000E+00  0.6400E+02
    -13.214  0.0000E+00  0.6400E+02
    -13.195  0.0000E+00  0.6400E+02
    -13.177  0.0000E+00  0.6400E+02
    -13.158  0.0000E+00  0.6400E+02
    -13.140  0.0000E+00  0.6400E+02
    -13.122  0.0000E+00  0.6400E+02
    -13.103  0.0000E+00  0.6400E+02
    -13.085  0.0000E+00  0.6400E+02
    -13.067  0.0000E+00  0.6400E+02
    -13.048  0.0000E+00  0.6400E+02
    -13.030  0.0000E+00  0.6400E+02
    -13.012  0.0000E+00  0.6400E+02
    -12.993  0.0000E+00  0.6400E+02
    -12.975  0.0000E+00  0.6400E+02
    -12.956  0.0000E+00  0.6400E+02
    -12.938  0.0000E+00  0.6400E+02
    -12.920  0.0000E+00  0.6400E+02
    -12.901  0.0000E+00  0.6400E+02
    -12.883  0.0000E+00  0.6400E+02
    -12.865  0.0000E+00  0.6400E+02
    -12.846  0.0000E+00  0.6400E+02
    -12.828  0.0000E+00  0.6400E+02
    -12.809  0.0000E+00  0.6400E+02
    -12.791  0.0000E+00  0.6400E+02
    -12.773  0.0000E+00  0.6400E+02
    -12.754  0.0000E+00  0.6400E+02
    -12.736  0.0000E+00  0.6400E+02
    -12.718  0.0000E+00  0.6400E+02
    -12.699  0.0000E+00  0.6400E+02
    -12.681  0.0000E+00  0.6400E+02
    -12.662  0.0000E+00  0.6400E+02
    -12.644  0.0000E+00  0.6400E+02
    -12.626  0.0000E+00  0.6400E+02
    -12.607  0.0000E+00  0.6400E+02
    -12.589  0.0000E+00  0.6400E+02
    -12.571  0.0000E+00  0.6400E+02
    -12.552  0.0000E+00  0.6400E+02
    -12.534  0.0000E+00  0.6400E+02
    -12.515  0.0000E+00  0.6400E+02
    -12.497  0.0000E+00  0.6400E+02
    -12.479  0.0000E+00  0.6400E+02
    -12.460  0.0000E+00  0.6400E+02
    -12.442  0.0000E+00  0.6400E+02
    -12.424  0.0000E+00  0.6400E+02
    -12.405  0.0000E+00  0.6400E+02
    -12.387  0.0000E+00  0.6400E+02
    -12.369  0.0000E+00  0.6400E+02
    -12.350  0.0000E+00  0.6400E+02
    -12.332  0.0000E+00  0.6400E+02
    -12.313  0.0000E+00  0.6400E+02
    -12.295  0.0000E+00  0.6400E+02
    -12.277  0.0000E+00  0.6400E+02
    -12.258  0.0000E+00  0.6400E+02
    -12.240  0.0000E+00  0.6400E+02
    -12.222  0.0000E+00  0.6400E+02
    -12.203  0.0000E+00  0.6400E+02
    -12.185  0.0000E+00  0.6400E+02
    -12.166  0.0000E+00  0.6400E+02
    -12.148  0.0000E+00  0.6400E+02
    -12.130  0.0000E+00  0.6400E+02
    -12.111  0.0000E+00  0.6400E+02
    -12.093  0.0000E+00  0.6400E+02
    -12.075  0.0000E+00  0.6400E+02
    -12.056  0.0000E+00  0.6400E+02
    -12.038  0.0000E+00  0.6400E+02
    -12.019  0.0000E+00  0.6400E+02
    -12.001  0.0000E+00  0.6400E+02
    -11.983  0.0000E+00  0.6400E+02
    -11.964  0.0000E+00  0.6400E+02
    -11.946  0.0000E+00  0.6400E+02
    -11.928  0.0000E+00  0.6400E+02
    -11.909  0.0000E+00  0.6400E+02
    -11.891  0.0000E+00  0.6400E+02
    -11.872  0.0000E+00  0.6400E+02
    -11.854  0.0000E+00  0.6400E+02
    -11.836  0.0000E+00  0.6400E+02
    -11.817  0.0000E+00  0.6400E+02
    -11.799  0.0000E+00  0.6400E+02
    -11.781  0.0000E+00  0.6400E+02
    -11.762  0.0000E+00  0.6400E+02
    -11.744  0.0000E+00  0.6400E+02
    -11.726  0.0000E+00  0.6400E+02
    -11.707  0.0000E+00  0.6400E+02
    -11.689  0.0000E+00  0.6400E+02
    -11.670  0.0000E+00  0.6400E+02
    -11.652  0.0000E+00  0.6400E+02
    -11.634  0.0000E+00  0.6400E+02
    -11.615  0.0000E+00  0.6400E+02
    -11.597  0.0000E+00  0.6400E+02
    -11.579  0.0000E+00  0.6400E+02
    -11.560  0.0000E+00  0.6400E+02
    -11.542  0.0000E+00  0.6400E+02
    -11.523  0.0000E+00  0.6400E+02
    -11.505  0.0000E+00  0.6400E+02
    -11.487  0.0000E+00  0.6400E+02
    -11.468  0.0000E+00  0.6400E+02
    -11.450  0.0000E+00  0.6400E+02
    -11.432  0.0000E+00  0.6400E+02
    -11.413  0.0000E+00  0.6400E+02
    -11.395  0.0000E+00  0.6400E+02
    -11.376  0.0000E+00  0.6400E+02
    -11.358  0.0000E+00  0.6400E+02
    -11.340  0.0000E+00  0.6400E+02
    -11.321  0.0000E+00  0.6400E+02
    -11.303  0.0000E+00  0.6400E+02
    -11.285  0.0000E+00  0.6400E+02
    -11.266  0.0000E+00  0.6400E+02
    -11.248  0.0000E+00  0.6400E+02
    -11.229  0.0000E+00  0.6400E+02
    -11.211  0.0000E+00  0.6400E+02
    -11.193  0.0000E+00  0.6400E+02
    -11.174  0.0000E+00  0.6400E+02
    -11.156  0.0000E+00  0.6400E+02
    -11.138  0.0000E+00  0.6400E+02
    -11.119  0.0000E+00  0.6400E+02
    -11.101  0.0000E+00  0.6400E+02
    -11.083  0.0000E+00  0.6400E+02
    -11.064  0.0000E+00  0.6400E+02
    -11.046  0.0000E+00  0.6400E+02
    -11.027  0.0000E+00  0.6400E+02
    -11.009  0.0000E+00  0.6400E+02
    -10.991  0.0000E+00  0.6400E+02
    -10.972  0.0000E+00  0.6400E+02
    -10.954  0.0000E+00  0.6400E+02
    -10.936  0.0000E+00  0.6400E+02
    -10.917  0.0000E+00  0.6400E+02
    -10.899  0.0000E+00  0.6400E+02
    -10.880  0.0000E+00  0.6400E+02
    -10.862  0.0000E+00  0.6400E+02
    -10.844  0.0000E+00  0.6400E+02
    -10.825  0.0000E+00  0.6400E+02
    -10.807  0.0000E+00  0.6400E+02
    -10.789  0.0000E+00  0.6400E+02
    -10.770  0.0000E+00  0.6400E+02
    -10.752  0.0000E+00  0.6400E+02
    -10.733  0.0000E+00  0.6400E+02
    -10.715  0.0000E+00  0.6400E+02
    -10.697  0.0000E+00  0.6400E+02
    -10.678  0.0000E+00  0.6400E+02
    -10.660  0.0000E+00  0.6400E+02
    -10.642  0.0000E+00  0.6400E+02
    -10.623  0.0000E+00  0.6400E+02
    -10.605  0.0000E+00  0.6400E+02
    -10.586  0.0000E+00  0.6400E+02
    -10.568  0.0000E+00  0.6400E+02
    -10.550  0.0000E+00  0.6400E+02
    -10.531  0.0000E+00  0.6400E+02
    -10.513  0.0000E+00  0.6400E+02
    -10.495  0.0000E+00  0.6400E+02
    -10.476  0.0000E+00  0.6400E+02
    -10.458  0.0000E+00  0.6400E+02
    -10.440  0.0000E+00  0.6400E+02
    -10.421  0.0000E+00  0.6400E+02
    -10.403  0.0000E+00  0.6400E+02
    -10.384  0.0000E+00  0.6400E+02
    -10.366  0.0000E+00  0.6400E+02
    -10.348  0.0000E+00  0.6400E+02
    -10.329  0.0000E+00  0.6400E+02
    -10.311  0.0000E+00  0.6400E+02
    -10.293  0.0000E+00  0.6400E+02
    -10.274  0.0000E+00  0.6400E+02
    -10.256  0.0000E+00  0.6400E+02
    -10.237  0.0000E+00  0.6400E+02
    -10.219  0.0000E+00  0.6400E+02
    -10.201  0.0000E+00  0.6400E+02
    -10.182  0.0000E+00  0.6400E+02
    -10.164  0.0000E+00  0.6400E+02
    -10.146  0.0000E+00  0.6400E+02
    -10.127  0.0000E+00  0.6400E+02
    -10.109  0.0000E+00  0.6400E+02
    -10.090  0.0000E+00  0.6400E+02
    -10.072  0.0000E+00  0.6400E+02
    -10.054  0.0000E+00  0.6400E+02
    -10.035  0.0000E+00  0.6400E+02
    -10.017  0.0000E+00  0.6400E+02
     -9.999  0.0000E+00  0.6400E+02
     -9.980  0.0000E+00  0.6400E+02
     -9.962  0.0000E+00  0.6400E+02
     -9.943  0.0000E+00  0.6400E+02
     -9.925  0.0000E+00  0.6400E+02
     -9.907  0.0000E+00  0.6400E+02
     -9.888  0.0000E+00  0.6400E+02
     -9.870  0.0000E+00  0.6400E+02
     -9.852  0.0000E+00  0.6400E+02
     -9.833  0.0000E+00  0.6400E+02
     -9.815  0.0000E+00  0.6400E+02
     -9.797  0.0000E+00  0.6400E+02
     -9.778  0.0000E+00  0.6400E+02
     -9.760  0.0000E+00  0.6400E+02
     -9.741  0.0000E+00  0.6400E+02
     -9.723  0.0000E+00  0.6400E+02
     -9.705  0.0000E+00  0.6400E+02
     -9.686  0.0000E+00  0.6400E+02
     -9.668  0.0000E+00  0.6400E+02
     -9.650  0.0000E+00  0.6400E+02
     -9.631  0.0000E+00  0.6400E+02
     -9.613  0.0000E+00  0.6400E+02
     -9.594  0.0000E+00  0.6400E+02
     -9.576  0.0000E+00  0.6400E+02
     -9.558  0.0000E+00  0.6400E+02
     -9.539  0.0000E+00  0.6400E+02
     -9.521  0.0000E+00  0.6400E+02
     -9.503  0.0000E+00  0.6400E+02
     -9.484  0.0000E+00  0.6400E+02
     -9.466  0.0000E+00  0.6400E+02
     -9.447  0.0000E+00  0.6400E+02
     -9.429  0.0000E+00  0.6400E+02
     -9.411  0.0000E+00  0.6400E+02
     -9.392  0.0000E+00  0.6400E+02
     -9.374  0.0000E+00  0.6400E+02
     -9.356  0.0000E+00  0.6400E+02
     -9.337  0.0000E+00  0.6400E+02
     -9.319  0.0000E+00  0.6400E+02
     -9.300  0.0000E+00  0.6400E+02
     -9.282  0.0000E+00  0.6400E+02
     -9.264  0.0000E+00  0.6400E+02
     -9.245  0.0000E+00  0.6400E+02
     -9.227  0.0000E+00  0.6400E+02
     -9.209  0.0000E+00  0.6400E+02
     -9.190  0.0000E+00  0.6400E+02
     -9.172  0.0000E+00  0.6400E+02
     -9.154  0.0000E+00  0.6400E+02
     -9.135  0.0000E+00  0.6400E+02
     -9.117  0.0000E+00  0.6400E+02
     -9.098  0.0000E+00  0.6400E+02
     -9.080  0.0000E+00  0.6400E+02
     -9.062  0.0000E+00  0.6400E+02
     -9.043  0.0000E+00  0.6400E+02
     -9.025  0.0000E+00  0.6400E+02
     -9.007  0.0000E+00  0.6400E+02
     -8.988  0.0000E+00  0.6400E+02
     -8.970  0.0000E+00  0.6400E+02
     -8.951  0.0000E+00  0.6400E+02
     -8.933  0.0000E+00  0.6400E+02
     -8.915  0.0000E+00  0.6400E+02
     -8.896  0.0000E+00  0.6400E+02
     -8.878  0.0000E+00  0.6400E+02
     -8.860  0.0000E+00  0.6400E+02
     -8.841  0.0000E+00  0.6400E+02
     -8.823  0.0000E+00  0.6400E+02
     -8.804  0.0000E+00  0.6400E+02
     -8.786  0.0000E+00  0.6400E+02
     -8.768  0.0000E+00  0.6400E+02
     -8.749  0.0000E+00  0.6400E+02
     -8.731  0.0000E+00  0.6400E+02
     -8.713  0.0000E+00  0.6400E+02
     -8.694  0.0000E+00  0.6400E+02
     -8.676  0.0000E+00  0.6400E+02
     -8.657  0.0000E+00  0.6400E+02
     -8.639  0.0000E+00  0.6400E+02
     -8.621  0.0000E+00  0.6400E+02
     -8.602  0.0000E+00  0.6400E+02
     -8.584  0.0000E+00  0.6400E+02
     -8.566  0.0000E+00  0.6400E+02
     -8.547  0.0000E+00  0.6400E+02
     -8.529  0.0000E+00  0.6400E+02
     -8.511  0.0000E+00  0.6400E+02
     -8.492  0.0000E+00  0.6400E+02
     -8.474  0.0000E+00  0.6400E+02
     -8.455  0.0000E+00  0.6400E+02
     -8.437  0.0000E+00  0.6400E+02
     -8.419  0.0000E+00  0.6400E+02
     -8.400  0.0000E+00  0.6400E+02
     -8.382  0.0000E+00  0.6400E+02
     -8.364  0.0000E+00  0.6400E+02
     -8.345  0.0000E+00  0.6400E+02
     -8.327  0.0000E+00  0.6400E+02
     -8.308  0.0000E+00  0.6400E+02
     -8.290  0.0000E+00  0.6400E+02
     -8.272  0.0000E+00  0.6400E+02
     -8.253  0.0000E+00  0.6400E+02
     -8.235  0.0000E+00  0.6400E+02
     -8.217  0.0000E+00  0.6400E+02
     -8.198  0.0000E+00  0.6400E+02
     -8.180  0.0000E+00  0.6400E+02
     -8.161  0.0000E+00  0.6400E+02
     -8.143  0.0000E+00  0.6400E+02
     -8.125  0.0000E+00  0.6400E+02
     -8.106  0.0000E+00  0.6400E+02
     -8.088  0.0000E+00  0.6400E+02
     -8.070  0.0000E+00  0.6400E+02
     -8.051  0.0000E+00  0.6400E+02
     -8.033  0.0000E+00  0.6400E+02
     -8.014  0.0000E+00  0.6400E+02
     -7.996  0.0000E+00  0.6400E+02
     -7.978  0.0000E+00  0.6400E+02
     -7.959  0.0000E+00  0.6400E+02
     -7.941  0.0000E+00  0.6400E+02
     -7.923  0.0000E+00  0.6400E+02
     -7.904  0.0000E+00  0.6400E+02
     -7.886  0.0000E+00  0.6400E+02
     -7.868  0.0000E+00  0.6400E+02
     -7.849  0.0000E+00  0.6400E+02
     -7.831  0.0000E+00  0.6400E+02
     -7.812  0.0000E+00  0.6400E+02
     -7.794  0.0000E+00  0.6400E+02
     -7.776  0.0000E+00  0.6400E+02
     -7.757  0.0000E+00  0.6400E+02
     -7.739  0.0000E+00  0.6400E+02
     -7.721  0.0000E+00  0.6400E+02
     -7.702  0.0000E+00  0.6400E+02
     -7.684  0.0000E+00  0.6400E+02
     -7.665  0.0000E+00  0.6400E+02
     -7.647  0.0000E+00  0.6400E+02
     -7.629  0.0000E+00  0.6400E+02
     -7.610  0.0000E+00  0.6400E+02
     -7.592  0.0000E+00  0.6400E+02
     -7.574  0.0000E+00  0.6400E+02
     -7.555  0.0000E+00  0.6400E+02
     -7.537  0.0000E+00  0.6400E+02
     -7.518  0.0000E+00  0.6400E+02
     -7.500  0.0000E+00  0.6400E+02
     -7.482  0.0000E+00  0.6400E+02
     -7.463  0.0000E+00  0.6400E+02
     -7.445  0.0000E+00  0.6400E+02
     -7.427  0.0000E+00  0.6400E+02
     -7.408  0.0000E+00  0.6400E+02
     -7.390  0.0000E+00  0.6400E+02
     -7.371  0.0000E+00  0.6400E+02
     -7.353  0.0000E+00  0.6400E+02
     -7.335  0.0000E+00  0.6400E+02
     -7.316  0.0000E+00  0.6400E+02
     -7.298  0.0000E+00  0.6400E+02
     -7.280  0.0000E+00  0.6400E+02
     -7.261  0.0000E+00  0.6400E+02
     -7.243  0.0000E+00  0.6400E+02
     -7.225  0.0000E+00  0.6400E+02
     -7.206  0.0000E+00  0.6400E+02
     -7.188  0.0000E+00  0.6400E+02
     -7.169  0.0000E+00  0.6400E+02
     -7.151  0.0000E+00  0.6400E+02
     -7.133  0.0000E+00  0.6400E+02
     -7.114  0.0000E+00  0.6400E+02
     -7.096  0.0000E+00  0.6400E+02
     -7.078  0.0000E+00  0.6400E+02
     -7.059  0.0000E+00  0.6400E+02
     -7.041  0.0000E+00  0.6400E+02
     -7.022  0.0000E+00  0.6400E+02
     -7.004  0.0000E+00  0.6400E+02
     -6.986  0.0000E+00  0.6400E+02
     -6.967  0.0000E+00  0.6400E+02
     -6.949  0.0000E+00  0.6400E+02
     -6.931  0.0000E+00  0.6400E+02
     -6.912  0.0000E+00  0.6400E+02
     -6.894  0.0000E+00  0.6400E+02
     -6.875  0.0000E+00  0.6400E+02
     -6.857  0.0000E+00  0.6400E+02
     -6.839  0.0000E+00  0.6400E+02
     -6.820  0.0000E+00  0.6400E+02
     -6.802  0.0000E+00  0.6400E+02
     -6.784  0.0000E+00  0.6400E+02
     -6.765  0.0000E+00  0.6400E+02
     -6.747  0.0000E+00  0.6400E+02
     -6.728  0.0000E+00  0.6400E+02
     -6.710  0.0000E+00  0.6400E+02
     -6.692  0.0000E+00  0.6400E+02
     -6.673  0.0000E+00  0.6400E+02
     -6.655  0.0000E+00  0.6400E+02
     -6.637  0.0000E+00  0.6400E+02
     -6.618  0.0000E+00  0.6400E+02
     -6.600  0.0000E+00  0.6400E+02
     -6.582  0.0000E+00  0.6400E+02
     -6.563  0.0000E+00  0.6400E+02
     -6.545  0.0000E+00  0.6400E+02
     -6.526  0.0000E+00  0.6400E+02
     -6.508  0.0000E+00  0.6400E+02
     -6.490  0.0000E+00  0.6400E+02
     -6.471  0.0000E+00  0.6400E+02
     -6.453  0.0000E+00  0.6400E+02
     -6.435  0.0000E+00  0.6400E+02
     -6.416  0.0000E+00  0.6400E+02
     -6.398  0.0000E+00  0.6400E+02
     -6.379  0.0000E+00  0.6400E+02
     -6.361  0.0000E+00  0.6400E+02
     -6.343  0.0000E+00  0.6400E+02
     -6.324  0.0000E+00  0.6400E+02
     -6.306  0.0000E+00  0.6400E+02
     -6.288  0.0000E+00  0.6400E+02
     -6.269  0.0000E+00  0.6400E+02
     -6.251  0.0000E+00  0.6400E+02
     -6.232  0.0000E+00  0.6400E+02
     -6.214  0.0000E+00  0.6400E+02
     -6.196  0.0000E+00  0.6400E+02
     -6.177  0.0000E+00  0.6400E+02
     -6.159  0.0000E+00  0.6400E+02
     -6.141  0.0000E+00  0.6400E+02
     -6.122  0.0000E+00  0.6400E+02
     -6.104  0.0000E+00  0.6400E+02
     -6.085  0.0000E+00  0.6400E+02
     -6.067  0.0000E+00  0.6400E+02
     -6.049  0.0000E+00  0.6400E+02
     -6.030  0.0000E+00  0.6400E+02
     -6.012  0.0000E+00  0.6400E+02
     -5.994  0.0000E+00  0.6400E+02
     -5.975  0.0000E+00  0.6400E+02
     -5.957  0.0000E+00  0.6400E+02
     -5.938  0.0000E+00  0.6400E+02
     -5.920  0.0000E+00  0.6400E+02
     -5.902  0.0000E+00  0.6400E+02
     -5.883  0.0000E+00  0.6400E+02
     -5.865  0.0000E+00  0.6400E+02
     -5.847  0.0000E+00  0.6400E+02
     -5.828  0.0000E+00  0.6400E+02
     -5.810  0.0000E+00  0.6400E+02
     -5.792  0.0000E+00  0.6400E+02
     -5.773  0.0000E+00  0.6400E+02
     -5.755  0.0000E+00  0.6400E+02
     -5.736  0.0000E+00  0.6400E+02
     -5.718  0.0000E+00  0.6400E+02
     -5.700  0.0000E+00  0.6400E+02
     -5.681  0.0000E+00  0.6400E+02
     -5.663  0.0000E+00  0.6400E+02
     -5.645  0.0000E+00  0.6400E+02
     -5.626  0.0000E+00  0.6400E+02
     -5.608  0.0000E+00  0.6400E+02
     -5.589  0.0000E+00  0.6400E+02
     -5.571  0.0000E+00  0.6400E+02
     -5.553  0.0000E+00  0.6400E+02
     -5.534  0.0000E+00  0.6400E+02
     -5.516  0.0000E+00  0.6400E+02
     -5.498  0.0000E+00  0.6400E+02
     -5.479  0.0000E+00  0.6400E+02
     -5.461  0.0000E+00  0.6400E+02
     -5.442  0.0000E+00  0.6400E+02
     -5.424  0.0000E+00  0.6400E+02
     -5.406  0.0000E+00  0.6400E+02
     -5.387  0.0000E+00  0.6400E+02
     -5.369  0.0000E+00  0.6400E+02
     -5.351  0.0000E+00  0.6400E+02
     -5.332  0.0000E+00  0.6400E+02
     -5.314  0.0000E+00  0.6400E+02
     -5.295  0.0000E+00  0.6400E+02
     -5.277  0.0000E+00  0.6400E+02
     -5.259  0.0000E+00  0.6400E+02
     -5.240  0.0000E+00  0.6400E+02
     -5.222  0.0000E+00  0.6400E+02
     -5.204  0.0000E+00  0.6400E+02
     -5.185  0.0000E+00  0.6400E+02
     -5.167  0.0000E+00  0.6400E+02
     -5.149  0.0000E+00  0.6400E+02
     -5.130  0.0000E+00  0.6400E+02
     -5.112  0.0000E+00  0.6400E+02
     -5.093  0.0000E+00  0.6400E+02
     -5.075  0.0000E+00  0.6400E+02
     -5.057  0.0000E+00  0.6400E+02
     -5.038  0.0000E+00  0.6400E+02
     -5.020  0.0000E+00  0.6400E+02
     -5.002  0.0000E+00  0.6400E+02
     -4.983  0.0000E+00  0.6400E+02
     -4.965  0.0000E+00  0.6400E+02
     -4.946  0.0000E+00  0.6400E+02
     -4.928  0.0000E+00  0.6400E+02
     -4.910  0.0000E+00  0.6400E+02
     -4.891  0.0000E+00  0.6400E+02
     -4.873  0.0000E+00  0.6400E+02
     -4.855  0.0000E+00  0.6400E+02
     -4.836  0.0000E+00  0.6400E+02
     -4.818  0.0000E+00  0.6400E+02
     -4.799  0.0000E+00  0.6400E+02
     -4.781  0.0000E+00  0.6400E+02
     -4.763  0.0000E+00  0.6400E+02
     -4.744  0.0000E+00  0.6400E+02
     -4.726  0.0000E+00  0.6400E+02
     -4.708  0.0000E+00  0.6400E+02
     -4.689  0.0000E+00  0.6400E+02
     -4.671  0.0000E+00  0.6400E+02
     -4.652  0.0000E+00  0.6400E+02
     -4.634  0.0000E+00  0.6400E+02
     -4.616  0.0000E+00  0.6400E+02
     -4.597  0.0000E+00  0.6400E+02
     -4.579  0.0000E+00  0.6400E+02
     -4.561  0.0000E+00  0.6400E+02
     -4.542  0.0000E+00  0.6400E+02
     -4.524  0.0000E+00  0.6400E+02
     -4.506  0.0000E+00  0.6400E+02
     -4.487  0.0000E+00  0.6400E+02
     -4.469  0.0000E+00  0.6400E+02
     -4.450  0.0000E+00  0.6400E+02
     -4.432  0.0000E+00  0.6400E+02
     -4.414  0.0000E+00  0.6400E+02
     -4.395  0.0000E+00  0.6400E+02
     -4.377  0.0000E+00  0.6400E+02
     -4.359  0.0000E+00  0.6400E+02
     -4.340  0.0000E+00  0.6400E+02
     -4.322  0.0000E+00  0.6400E+02
     -4.303  0.0000E+00  0.6400E+02
     -4.285  0.0000E+00  0.6400E+02
     -4.267  0.0000E+00  0.6400E+02
     -4.248  0.0000E+00  0.6400E+02
     -4.230  0.0000E+00  0.6400E+02
     -4.212  0.0000E+00  0.6400E+02
     -4.193  0.0000E+00  0.6400E+02
     -4.175  0.0000E+00  0.6400E+02
     -4.156  0.0000E+00  0.6400E+02
     -4.138  0.0000E+00  0.6400E+02
     -4.120  0.0000E+00  0.6400E+02
     -4.101  0.0000E+00  0.6400E+02
     -4.083  0.0000E+00  0.6400E+02
     -4.065  0.0000E+00  0.6400E+02
     -4.046  0.0000E+00  0.6400E+02
     -4.028  0.0000E+00  0.6400E+02
     -4.009  0.0000E+00  0.6400E+02
     -3.991  0.0000E+00  0.6400E+02
     -3.973  0.0000E+00  0.6400E+02
     -3.954  0.0000E+00  0.6400E+02
     -3.936  0.0000E+00  0.6400E+02
     -3.918  0.0000E+00  0.6400E+02
     -3.899  0.0000E+00  0.6400E+02
     -3.881  0.0000E+00  0.6400E+02
     -3.863  0.0000E+00  0.6400E+02
     -3.844  0.0000E+00  0.6400E+02
     -3.826  0.0000E+00  0.6400E+02
     -3.807  0.0000E+00  0.6400E+02
     -3.789  0.0000E+00  0.6400E+02
     -3.771  0.0000E+00  0.6400E+02
     -3.752  0.0000E+00  0.6400E+02
     -3.734  0.0000E+00  0.6400E+02
     -3.716  0.0000E+00  0.6400E+02
     -3.697  0.0000E+00  0.6400E+02
     -3.679  0.0000E+00  0.6400E+02
     -3.660  0.0000E+00  0.6400E+02
     -3.642  0.0000E+00  0.6400E+02
     -3.624  0.0000E+00  0.6400E+02
     -3.605  0.0000E+00  0.6400E+02
     -3.587  0.0000E+00  0.6400E+02
     -3.569  0.0000E+00  0.6400E+02
     -3.550  0.0000E+00  0.6400E+02
     -3.532  0.0000E+00  0.6400E+02
     -3.513  0.0000E+00  0.6400E+02
     -3.495  0.0000E+00  0.6400E+02
     -3.477  0.0000E+00  0.6400E+02
     -3.458  0.0000E+00  0.6400E+02
     -3.440  0.0000E+00  0.6400E+02
     -3.422  0.0000E+00  0.6400E+02
     -3.403  0.0000E+00  0.6400E+02
     -3.385  0.0000E+00  0.6400E+02
     -3.366  0.0000E+00  0.6400E+02
     -3.348  0.0000E+00  0.6400E+02
     -3.330  0.0000E+00  0.6400E+02
     -3.311  0.0000E+00  0.6400E+02
     -3.293  0.0000E+00  0.6400E+02
     -3.275  0.0000E+00  0.6400E+02
     -3.256  0.0000E+00  0.6400E+02
     -3.238  0.0000E+00  0.6400E+02
     -3.220  0.0000E+00  0.6400E+02
     -3.201  0.0000E+00  0.6400E+02
     -3.183  0.0000E+00  0.6400E+02
     -3.164  0.0000E+00  0.6400E+02
     -3.146  0.0000E+00  0.6400E+02
     -3.128  0.0000E+00  0.6400E+02
     -3.109  0.0000E+00  0.6400E+02
     -3.091  0.0000E+00  0.6400E+02
     -3.073  0.0000E+00  0.6400E+02
     -3.054  0.0000E+00  0.6400E+02
     -3.036  0.0000E+00  0.6400E+02
     -3.017  0.0000E+00  0.6400E+02
     -2.999  0.0000E+00  0.6400E+02
     -2.981  0.0000E+00  0.6400E+02
     -2.962  0.0000E+00  0.6400E+02
     -2.944  0.0000E+00  0.6400E+02
     -2.926  0.0000E+00  0.6400E+02
     -2.907  0.0000E+00  0.6400E+02
     -2.889  0.0000E+00  0.6400E+02
     -2.870  0.0000E+00  0.6400E+02
     -2.852  0.0000E+00  0.6400E+02
     -2.834  0.0000E+00  0.6400E+02
     -2.815  0.0000E+00  0.6400E+02
     -2.797  0.0000E+00  0.6400E+02
     -2.779  0.0000E+00  0.6400E+02
     -2.760  0.0000E+00  0.6400E+02
     -2.742  0.0000E+00  0.6400E+02
     -2.723  0.0000E+00  0.6400E+02
     -2.705  0.0000E+00  0.6400E+02
     -2.687  0.0000E+00  0.6400E+02
     -2.668  0.0000E+00  0.6400E+02
     -2.650  0.0000E+00  0.6400E+02
     -2.632  0.0000E+00  0.6400E+02
     -2.613  0.0000E+00  0.6400E+02
     -2.595  0.0000E+00  0.6400E+02
     -2.577  0.0000E+00  0.6400E+02
     -2.558  0.0000E+00  0.6400E+02
     -2.540  0.0000E+00  0.6400E+02
     -2.521  0.0000E+00  0.6400E+02
     -2.503  0.0000E+00  0.6400E+02
     -2.485  0.0000E+00  0.6400E+02
     -2.466  0.0000E+00  0.6400E+02
     -2.448  0.0000E+00  0.6400E+02
     -2.430  0.0000E+00  0.6400E+02
     -2.411  0.0000E+00  0.6400E+02
     -2.393  0.0000E+00  0.6400E+02
     -2.374  0.0000E+00  0.6400E+02
     -2.356  0.0000E+00  0.6400E+02
     -2.338  0.0000E+00  0.6400E+02
     -2.319  0.0000E+00  0.6400E+02
     -2.301  0.0000E+00  0.6400E+02
     -2.283  0.0000E+00  0.6400E+02
     -2.264  0.0000E+00  0.6400E+02
     -2.246  0.0000E+00  0.6400E+02
     -2.227  0.0000E+00  0.6400E+02
     -2.209  0.0000E+00  0.6400E+02
     -2.191  0.0000E+00  0.6400E+02
     -2.172  0.0000E+00  0.6400E+02
     -2.154  0.0000E+00  0.6400E+02
     -2.136  0.0000E+00  0.6400E+02
     -2.117  0.0000E+00  0.6400E+02
     -2.099  0.0000E+00  0.6400E+02
     -2.080  0.0000E+00  0.6400E+02
     -2.062  0.0000E+00  0.6400E+02
     -2.044  0.0000E+00  0.6400E+02
     -2.025  0.0000E+00  0.6400E+02
     -2.007  0.0000E+00  0.6400E+02
     -1.989  0.0000E+00  0.6400E+02
     -1.970  0.0000E+00  0.6400E+02
     -1.952  0.0000E+00  0.6400E+02
     -1.934  0.0000E+00  0.6400E+02
     -1.915  0.0000E+00  0.6400E+02
     -1.897  0.0000E+00  0.6400E+02
     -1.878  0.0000E+00  0.6400E+02
     -1.860  0.0000E+00  0.6400E+02
     -1.842  0.0000E+00  0.6400E+02
     -1.823  0.0000E+00  0.6400E+02
     -1.805  0.0000E+00  0.6400E+02
     -1.787  0.0000E+00  0.6400E+02
     -1.768  0.0000E+00  0.6400E+02
     -1.750  0.0000E+00  0.6400E+02
     -1.731  0.0000E+00  0.6400E+02
     -1.713  0.0000E+00  0.6400E+02
     -1.695  0.0000E+00  0.6400E+02
     -1.676  0.0000E+00  0.6400E+02
     -1.658  0.0000E+00  0.6400E+02
     -1.640  0.0000E+00  0.6400E+02
     -1.621  0.0000E+00  0.6400E+02
     -1.603  0.0000E+00  0.6400E+02
     -1.584  0.0000E+00  0.6400E+02
     -1.566  0.0000E+00  0.6400E+02
     -1.548  0.0000E+00  0.6400E+02
     -1.529  0.0000E+00  0.6400E+02
     -1.511  0.0000E+00  0.6400E+02
     -1.493  0.0000E+00  0.6400E+02
     -1.474  0.0000E+00  0.6400E+02
     -1.456  0.0000E+00  0.6400E+02
     -1.437  0.0000E+00  0.6400E+02
     -1.419  0.0000E+00  0.6400E+02
     -1.401  0.0000E+00  0.6400E+02
     -1.382  0.0000E+00  0.6400E+02
     -1.364  0.0000E+00  0.6400E+02
     -1.346  0.0000E+00  0.6400E+02
     -1.327  0.0000E+00  0.6400E+02
     -1.309  0.0000E+00  0.6400E+02
     -1.291  0.0000E+00  0.6400E+02
     -1.272  0.0000E+00  0.6400E+02
     -1.254  0.1226E-02  0.6400E+02
     -1.235  0.1283E-01  0.6400E+02
     -1.217  0.3669E-01  0.6400E+02
     -1.199  0.7280E-01  0.6400E+02
     -1.180  0.1212E+00  0.6400E+02
     -1.162  0.1818E+00  0.6401E+02
     -1.144  0.2546E+00  0.6401E+02
     -1.125  0.3629E+00  0.6402E+02
     -1.107  0.5323E+00  0.6402E+02
     -1.088  0.7629E+00  0.6404E+02
     -1.070  0.1055E+01  0.6405E+02
     -1.052  0.1408E+01  0.6407E+02
     -1.033  0.1822E+01  0.6410E+02
     -1.015  0.2297E+01  0.6414E+02
     -0.997  0.2834E+01  0.6419E+02
     -0.978  0.3431E+01  0.6425E+02
     -0.960  0.4090E+01  0.6432E+02
     -0.941  0.4810E+01  0.6440E+02
     -0.923  0.5591E+01  0.6449E+02
     -0.905  0.6434E+01  0.6460E+02
     -0.886  0.7337E+01  0.6473E+02
     -0.868  0.8302E+01  0.6487E+02
     -0.850  0.9328E+01  0.6503E+02
     -0.831  0.1041E+02  0.6522E+02
     -0.813  0.1180E+02  0.6542E+02
     -0.794  0.1339E+02  0.6565E+02
     -0.776  0.1530E+02  0.6591E+02
     -0.758  0.1720E+02  0.6621E+02
     -0.739  0.1884E+02  0.6654E+02
     -0.721  0.2022E+02  0.6690E+02
     -0.703  0.2153E+02  0.6729E+02
     -0.684  0.2647E+02  0.6772E+02
     -0.666  0.3388E+02  0.6829E+02
     -0.648  0.3709E+02  0.6894E+02
     -0.629  0.4863E+02  0.6971E+02
     -0.611  0.6052E+02  0.7072E+02
     -0.592  0.6621E+02  0.7189E+02
     -0.574  0.6459E+02  0.7310E+02
     -0.556  0.6123E+02  0.7426E+02
     -0.537  0.5465E+02  0.7532E+02
     -0.519  0.4815E+02  0.7627E+02
     -0.501  0.4171E+02  0.7709E+02
     -0.482  0.3611E+02  0.7781E+02
     -0.464  0.2911E+02  0.7841E+02
     -0.445  0.2097E+02  0.7887E+02
     -0.427  0.1415E+02  0.7919E+02
     -0.409  0.9060E+01  0.7940E+02
     -0.390  0.5686E+01  0.7953E+02
     -0.372  0.4013E+01  0.7962E+02
     -0.354  0.8339E+01  0.7973E+02
     -0.335  0.1747E+02  0.7996E+02
     -0.317  0.2780E+02  0.8038E+02
     -0.298  0.3400E+02  0.8095E+02
     -0.280  0.4678E+02  0.8169E+02
     -0.262  0.5381E+02  0.8263E+02
     -0.243  0.5366E+02  0.8362E+02
     -0.225  0.5502E+02  0.8461E+02
     -0.207  0.7854E+02  0.8582E+02
     -0.188  0.7808E+02  0.8731E+02
     -0.170  0.5829E+02  0.8851E+02
     -0.151  0.5237E+02  0.8948E+02
     -0.133  0.6960E+02  0.9065E+02
     -0.115  0.5164E+02  0.9182E+02
     -0.096  0.5030E+02  0.9272E+02
     -0.078  0.5338E+02  0.9367E+02
     -0.060  0.5709E+02  0.9469E+02
     -0.041  0.6035E+02  0.9577E+02
     -0.023  0.6357E+02  0.9691E+02
     -0.005  0.6621E+02  0.9810E+02
      0.014  0.6842E+02  0.9934E+02
      0.032  0.6970E+02  0.1006E+03
      0.051  0.7013E+02  0.1019E+03
      0.069  0.7018E+02  0.1032E+03
      0.087  0.6288E+02  0.1044E+03
      0.106  0.5959E+02  0.1056E+03
      0.124  0.4300E+02  0.1065E+03
      0.142  0.3757E+02  0.1073E+03
      0.161  0.2943E+02  0.1079E+03
      0.179  0.2837E+02  0.1084E+03
      0.198  0.2829E+02  0.1089E+03
      0.216  0.2799E+02  0.1094E+03
      0.234  0.2767E+02  0.1100E+03
      0.253  0.2745E+02  0.1105E+03
      0.271  0.2725E+02  0.1110E+03
      0.289  0.2706E+02  0.1115E+03
      0.308  0.2688E+02  0.1120E+03
      0.326  0.2672E+02  0.1125E+03
      0.345  0.2657E+02  0.1129E+03
      0.363  0.2643E+02  0.1134E+03
      0.381  0.2630E+02  0.1139E+03
      0.400  0.2619E+02  0.1144E+03
      0.418  0.2609E+02  0.1149E+03
      0.436  0.2600E+02  0.1154E+03
      0.455  0.2593E+02  0.1158E+03
      0.473  0.2587E+02  0.1163E+03
      0.492  0.2582E+02  0.1168E+03
      0.510  0.2579E+02  0.1173E+03
      0.528  0.2100E+02  0.1177E+03
      0.547  0.2005E+02  0.1181E+03
      0.565  0.1684E+02  0.1184E+03
      0.583  0.1558E+02  0.1187E+03
      0.602  0.1453E+02  0.1190E+03
      0.620  0.1326E+02  0.1192E+03
      0.638  0.1194E+02  0.1194E+03
      0.657  0.1730E+02  0.1197E+03
      0.675  0.2115E+02  0.1201E+03
      0.694  0.2335E+02  0.1205E+03
      0.712  0.2389E+02  0.1209E+03
      0.730  0.2319E+02  0.1213E+03
      0.749  0.2191E+02  0.1218E+03
      0.767  0.2115E+02  0.1222E+03
      0.785  0.2100E+02  0.1225E+03
      0.804  0.2148E+02  0.1229E+03
      0.822  0.2258E+02  0.1233E+03
      0.841  0.2452E+02  0.1238E+03
      0.859  0.3919E+02  0.1244E+03
      0.877  0.3178E+02  0.1251E+03
      0.896  0.2579E+02  0.1255E+03
      0.914  0.2637E+02  0.1260E+03
      0.932  0.2667E+02  0.1265E+03
      0.951  0.2619E+02  0.1270E+03
      0.969  0.2551E+02  0.1275E+03
      0.988  0.2435E+02  0.1279E+03
      1.006  0.2254E+02  0.1284E+03
      1.024  0.2066E+02  0.1288E+03
      1.043  0.1928E+02  0.1291E+03
      1.061  0.1824E+02  0.1295E+03
      1.079  0.1750E+02  0.1298E+03
      1.098  0.1706E+02  0.1301E+03
      1.116  0.1693E+02  0.1304E+03
      1.135  0.1711E+02  0.1307E+03
      1.153  0.1753E+02  0.1311E+03
      1.171  0.1794E+02  0.1314E+03
      1.190  0.1831E+02  0.1317E+03
      1.208  0.1864E+02  0.1321E+03
      1.226  0.1892E+02  0.1324E+03
      1.245  0.1917E+02  0.1327E+03
      1.263  0.1937E+02  0.1331E+03
      1.282  0.1954E+02  0.1335E+03
      1.300  0.1966E+02  0.1338E+03
      1.318  0.1974E+02  0.1342E+03
      1.337  0.1978E+02  0.1345E+03
      1.355  0.1978E+02  0.1349E+03
      1.373  0.1974E+02  0.1353E+03
      1.392  0.1966E+02  0.1356E+03
      1.410  0.1954E+02  0.1360E+03
      1.428  0.1937E+02  0.1364E+03
      1.447  0.1917E+02  0.1367E+03
      1.465  0.1892E+02  0.1371E+03
      1.484  0.1864E+02  0.1374E+03
      1.502  0.1831E+02  0.1377E+03
      1.520  0.1794E+02  0.1381E+03
      1.539  0.1753E+02  0.1384E+03
      1.557  0.1758E+02  0.1387E+03
      1.575  0.2449E+02  0.1391E+03
      1.594  0.2370E+02  0.1395E+03
      1.612  0.2588E+02  0.1400E+03
      1.631  0.2771E+02  0.1405E+03
      1.649  0.2923E+02  0.1410E+03
      1.667  0.3105E+02  0.1416E+03
      1.686  0.3278E+02  0.1422E+03
      1.704  0.3503E+02  0.1428E+03
      1.722  0.3710E+02  0.1434E+03
      1.741  0.4452E+02  0.1442E+03
      1.759  0.4266E+02  0.1450E+03
      1.778  0.3503E+02  0.1457E+03
      1.796  0.3251E+02  0.1463E+03
      1.814  0.4563E+02  0.1470E+03
      1.833  0.6716E+02  0.1482E+03
      1.851  0.5763E+02  0.1492E+03
      1.869  0.6086E+02  0.1504E+03
      1.888  0.5109E+02  0.1514E+03
      1.906  0.5383E+02  0.1524E+03
      1.925  0.5707E+02  0.1534E+03
      1.943  0.5867E+02  0.1544E+03
      1.961  0.5861E+02  0.1555E+03
      1.980  0.5750E+02  0.1566E+03
      1.998  0.5534E+02  0.1576E+03
      2.016  0.5209E+02  0.1586E+03
      2.035  0.4776E+02  0.1595E+03
      2.053  0.4290E+02  0.1604E+03
      2.071  0.4103E+02  0.1611E+03
      2.090  0.3832E+02  0.1619E+03
      2.108  0.3842E+02  0.1626E+03
      2.127  0.3927E+02  0.1633E+03
      2.145  0.3988E+02  0.1640E+03
      2.163  0.4021E+02  0.1647E+03
      2.182  0.4025E+02  0.1655E+03
      2.200  0.3999E+02  0.1662E+03
      2.218  0.3944E+02  0.1669E+03
      2.237  0.3859E+02  0.1677E+03
      2.255  0.3745E+02  0.1684E+03
      2.274  0.3601E+02  0.1690E+03
      2.292  0.3454E+02  0.1697E+03
      2.310  0.3348E+02  0.1703E+03
      2.329  0.3332E+02  0.1709E+03
      2.347  0.3443E+02  0.1715E+03
      2.365  0.3961E+02  0.1722E+03
      2.384  0.4228E+02  0.1730E+03
      2.402  0.4258E+02  0.1738E+03
      2.421  0.4853E+02  0.1746E+03
      2.439  0.6158E+02  0.1756E+03
      2.457  0.6730E+02  0.1768E+03
      2.476  0.6124E+02  0.1780E+03
      2.494  0.2368E+03  0.1794E+03
      2.512  0.7398E+02  0.1828E+03
      2.531  0.8550E+02  0.1836E+03
      2.549  0.6281E+02  0.1854E+03
      2.568  0.5874E+02  0.1863E+03
      2.586  0.5311E+02  0.1873E+03
      2.604  0.8930E+02  0.1892E+03
      2.623  0.6696E+02  0.1907E+03
      2.641  0.7031E+02  0.1919E+03
      2.659  0.7370E+02  0.1932E+03
      2.678  0.7019E+02  0.1946E+03
      2.696  0.6566E+02  0.1958E+03
      2.714  0.7372E+02  0.1971E+03
      2.733  0.8903E+02  0.1985E+03
      2.751  0.1037E+03  0.2003E+03
      2.770  0.1171E+03  0.2024E+03
      2.788  0.1204E+03  0.2046E+03
      2.806  0.1116E+03  0.2067E+03
      2.825  0.9669E+02  0.2086E+03
      2.843  0.8219E+02  0.2103E+03
      2.861  0.7479E+02  0.2117E+03
      2.880  0.5879E+02  0.2129E+03
      2.898  0.5107E+02  0.2139E+03
      2.917  0.4807E+02  0.2148E+03
      2.935  0.4617E+02  0.2157E+03
      2.953  0.5446E+02  0.2166E+03
      2.972  0.5855E+02  0.2177E+03
      2.990  0.5763E+02  0.2188E+03
      3.008  0.5119E+02  0.2198E+03
      3.027  0.4166E+02  0.2206E+03
      3.045  0.4366E+02  0.2214E+03
      3.064  0.4604E+02  0.2222E+03
      3.082  0.5021E+02  0.2231E+03
      3.100  0.5883E+02  0.2241E+03
      3.119  0.6490E+02  0.2252E+03
      3.137  0.8198E+02  0.2265E+03
      3.155  0.1359E+03  0.2285E+03
      3.174  0.1713E+03  0.2313E+03
      3.192  0.1526E+03  0.2345E+03
      3.211  0.1267E+03  0.2371E+03
      3.229  0.7245E+02  0.2386E+03
      3.247  0.8467E+02  0.2401E+03
      3.266  0.7680E+02  0.2416E+03
      3.284  0.6695E+02  0.2429E+03
      3.302  0.5512E+02  0.2440E+03
      3.321  0.4130E+02  0.2449E+03
      3.339  0.3453E+02  0.2456E+03
      3.357  0.2907E+02  0.2462E+03
      3.376  0.2448E+02  0.2467E+03
      3.394  0.2071E+02  0.2471E+03
      3.413  0.1741E+02  0.2475E+03
      3.431  0.1439E+02  0.2478E+03
      3.449  0.1199E+02  0.2480E+03
      3.468  0.1018E+02  0.2482E+03
      3.486  0.8885E+01  0.2484E+03
      3.504  0.8099E+01  0.2485E+03
      3.523  0.9097E+01  0.2487E+03
      3.541  0.1512E+02  0.2489E+03
      3.560  0.2164E+02  0.2492E+03
      3.578  0.2794E+02  0.2497E+03
      3.596  0.3135E+02  0.2502E+03
      3.615  0.3185E+02  0.2508E+03
      3.633  0.2949E+02  0.2514E+03
      3.651  0.3249E+02  0.2519E+03
      3.670  0.3909E+02  0.2526E+03
      3.688  0.3115E+02  0.2542E+03
      3.707  0.2479E+02  0.2547E+03
      3.725  0.1916E+02  0.2551E+03
      3.743  0.1426E+02  0.2555E+03
      3.762  0.1008E+02  0.2557E+03
      3.780  0.6619E+01  0.2558E+03
      3.798  0.3886E+01  0.2559E+03
      3.817  0.1876E+01  0.2560E+03
      3.835  0.5898E+00  0.2560E+03
      3.854  0.2772E-01  0.2560E+03
      3.872  0.0000E+00  0.2560E+03
      3.890  0.0000E+00  0.2560E+03
      3.909  0.0000E+00  0.2560E+03
      3.927  0.0000E+00  0.2560E+03
      3.945  0.0000E+00  0.2560E+03
      3.964  0.0000E+00  0.2560E+03
      3.982  0.0000E+00  0.2560E+03
      4.000  0.0000E+00  0.2560E+03
      4.019  0.0000E+00  0.2560E+03
      4.037  0.0000E+00  0.2560E+03
      4.056  0.0000E+00  0.2560E+03
      4.074  0.0000E+00  0.2560E+03
      4.092  0.0000E+00  0.2560E+03
      4.111  0.0000E+00  0.2560E+03
      4.129  0.0000E+00  0.2560E+03
      4.147  0.0000E+00  0.2560E+03
      4.166  0.0000E+00  0.2560E+03
      4.184  0.0000E+00  0.2560E+03
      4.203  0.0000E+00  0.2560E+03
      4.221  0.0000E+00  0.2560E+03
      4.239  0.0000E+00  0.2560E+03
      4.258  0.0000E+00  0.2560E+03
      4.276  0.0000E+00  0.2560E+03
      4.294  0.0000E+00  0.2560E+03
      4.313  0.0000E+00  0.2560E+03
      4.331  0.0000E+00  0.2560E+03
      4.350  0.0000E+00  0.2560E+03
      4.368  0.0000E+00  0.2560E+03
      4.386  0.0000E+00  0.2560E+03
      4.405  0.0000E+00  0.2560E+03
      4.423  0.0000E+00  0.2560E+03
      4.441  0.0000E+00  0.2560E+03
      4.460  0.0000E+00  0.2560E+03
      4.478  0.0000E+00  0.2560E+03
      4.497  0.0000E+00  0.2560E+03
      4.515  0.0000E+00  0.2560E+03
      4.533  0.0000E+00  0.2560E+03
      4.552  0.0000E+00  0.2560E+03
      4.570  0.0000E+00  0.2560E+03
      4.588  0.0000E+00  0.2560E+03
      4.607  0.0000E+00  0.2560E+03
      4.625  0.0000E+00  0.2560E+03
      4.643  0.0000E+00  0.2560E+03
      4.662  0.0000E+00  0.2560E+03
      4.680  0.0000E+00  0.2560E+03
      4.699  0.0000E+00  0.2560E+03
      4.717  0.0000E+00  0.2560E+03
      4.735  0.0000E+00  0.2560E+03
      4.754  0.0000E+00  0.2560E+03
      4.772  0.0000E+00  0.2560E+03
      4.790  0.0000E+00  0.2560E+03
      4.809  0.0000E+00  0.2560E+03
      4.827  0.0000E+00  0.2560E+03
      4.846  0.0000E+00  0.2560E+03
      4.864  0.0000E+00  0.2560E+03
      4.882  0.0000E+00  0.2560E+03
      4.901  0.0000E+00  0.2560E+03
      4.919  0.0000E+00  0.2560E+03
      4.937  0.0000E+00  0.2560E+03
      4.956  0.0000E+00  0.2560E+03
      4.974  0.0000E+00  0.2560E+03
      4.993  0.0000E+00  0.2560E+03
      5.011  0.0000E+00  0.2560E+03
      5.029  0.0000E+00  0.2560E+03
      5.048  0.0000E+00  0.2560E+03
      5.066  0.0000E+00  0.2560E+03
      5.084  0.0000E+00  0.2560E+03
      5.103  0.0000E+00  0.2560E+03
      5.121  0.0000E+00  0.2560E+03
      5.140  0.0000E+00  0.2560E+03
      5.158  0.0000E+00  0.2560E+03
      5.176  0.0000E+00  0.2560E+03
      5.195  0.0000E+00  0.2560E+03
      5.213  0.0000E+00  0.2560E+03
      5.231  0.0000E+00  0.2560E+03
      5.250  0.0000E+00  0.2560E+03
      5.268  0.0000E+00  0.2560E+03
      5.286  0.0000E+00  0.2560E+03
      5.305  0.0000E+00  0.2560E+03
      5.323  0.0000E+00  0.2560E+03
      5.342  0.0000E+00  0.2560E+03
      5.360  0.0000E+00  0.2560E+03
      5.378  0.0000E+00  0.2560E+03
      5.397  0.0000E+00  0.2560E+03
      5.415  0.0000E+00  0.2560E+03
      5.433  0.0000E+00  0.2560E+03
      5.452  0.0000E+00  0.2560E+03
      5.470  0.0000E+00  0.2560E+03
      5.489  0.0000E+00  0.2560E+03
      5.507  0.0000E+00  0.2560E+03
      5.525  0.0000E+00  0.2560E+03
      5.544  0.0000E+00  0.2560E+03
      5.562  0.0000E+00  0.2560E+03
      5.580  0.0000E+00  0.2560E+03
      5.599  0.0000E+00  0.2560E+03
      5.617  0.0000E+00  0.2560E+03
      5.636  0.0000E+00  0.2560E+03
      5.654  0.0000E+00  0.2560E+03
      5.672  0.0000E+00  0.2560E+03
      5.691  0.0000E+00  0.2560E+03
      5.709  0.0000E+00  0.2560E+03
      5.727  0.0000E+00  0.2560E+03
      5.746  0.0000E+00  0.2560E+03
      5.764  0.0000E+00  0.2560E+03
      5.783  0.0000E+00  0.2560E+03
      5.801  0.0000E+00  0.2560E+03
      5.819  0.0000E+00  0.2560E+03
      5.838  0.0000E+00  0.2560E+03
      5.856  0.0000E+00  0.2560E+03
      5.874  0.0000E+00  0.2560E+03
      5.893  0.0000E+00  0.2560E+03
      5.911  0.0000E+00  0.2560E+03
      5.929  0.0000E+00  0.2560E+03
      5.948  0.0000E+00  0.2560E+03
      5.966  0.0000E+00  0.2560E+03
      5.985  0.0000E+00  0.2560E+03
      6.003  0.0000E+00  0.2560E+03
      6.021  0.0000E+00  0.2560E+03
      6.040  0.0000E+00  0.2560E+03
      6.058  0.0000E+00  0.2560E+03
      6.076  0.0000E+00  0.2560E+03
      6.095  0.0000E+00  0.2560E+03
      6.113  0.0000E+00  0.2560E+03
      6.132  0.0000E+00  0.2560E+03
      6.150  0.0000E+00  0.2560E+03
      6.168  0.0000E+00  0.2560E+03
      6.187  0.0000E+00  0.2560E+03
      6.205  0.0000E+00  0.2560E+03
      6.223  0.0000E+00  0.2560E+03
      6.242  0.0000E+00  0.2560E+03
      6.260  0.0000E+00  0.2560E+03
      6.279  0.0000E+00  0.2560E+03
      6.297  0.0000E+00  0.2560E+03
      6.315  0.0000E+00  0.2560E+03
      6.334  0.0000E+00  0.2560E+03
      6.352  0.0000E+00  0.2560E+03
      6.370  0.0000E+00  0.2560E+03
      6.389  0.0000E+00  0.2560E+03
      6.407  0.0000E+00  0.2560E+03
      6.426  0.0000E+00  0.2560E+03
      6.444  0.0000E+00  0.2560E+03
      6.462  0.0000E+00  0.2560E+03
      6.481  0.0000E+00  0.2560E+03
      6.499  0.0000E+00  0.2560E+03
      6.517  0.0000E+00  0.2560E+03
      6.536  0.0000E+00  0.2560E+03
      6.554  0.0000E+00  0.2560E+03
      6.572  0.0000E+00  0.2560E+03
      6.591  0.0000E+00  0.2560E+03
      6.609  0.0000E+00  0.2560E+03
      6.628  0.0000E+00  0.2560E+03
      6.646  0.0000E+00  0.2560E+03
      6.664  0.0000E+00  0.2560E+03
      6.683  0.0000E+00  0.2560E+03
      6.701  0.0000E+00  0.2560E+03
      6.719  0.0000E+00  0.2560E+03
      6.738  0.0000E+00  0.2560E+03
      6.756  0.0000E+00  0.2560E+03
      6.775  0.0000E+00  0.2560E+03
      6.793  0.0000E+00  0.2560E+03
      6.811  0.0000E+00  0.2560E+03
      6.830  0.0000E+00  0.2560E+03
      6.848  0.0000E+00  0.2560E+03
      6.866  0.0000E+00  0.2560E+03
      6.885  0.0000E+00  0.2560E+03
      6.903  0.0000E+00  0.2560E+03
      6.922  0.0000E+00  0.2560E+03
      6.940  0.0000E+00  0.2560E+03
      6.958  0.0000E+00  0.2560E+03
      6.977  0.0000E+00  0.2560E+03
      6.995  0.0000E+00  0.2560E+03
      7.013  0.0000E+00  0.2560E+03
      7.032  0.0000E+00  0.2560E+03
      7.050  0.0000E+00  0.2560E+03
      7.069  0.0000E+00  0.2560E+03
      7.087  0.0000E+00  0.2560E+03
      7.105  0.0000E+00  0.2560E+03
      7.124  0.0000E+00  0.2560E+03
      7.142  0.0000E+00  0.2560E+03
      7.160  0.0000E+00  0.2560E+03
      7.179  0.0000E+00  0.2560E+03
      7.197  0.0000E+00  0.2560E+03
      7.215  0.0000E+00  0.2560E+03
      7.234  0.0000E+00  0.2560E+03
      7.252  0.0000E+00  0.2560E+03
      7.271  0.0000E+00  0.2560E+03
      7.289  0.0000E+00  0.2560E+03
      7.307  0.0000E+00  0.2560E+03
      7.326  0.0000E+00  0.2560E+03
      7.344  0.0000E+00  0.2560E+03
      7.362  0.0000E+00  0.2560E+03
      7.381  0.0000E+00  0.2560E+03
      7.399  0.0000E+00  0.2560E+03
      7.418  0.0000E+00  0.2560E+03
      7.436  0.0000E+00  0.2560E+03
      7.454  0.0000E+00  0.2560E+03
      7.473  0.0000E+00  0.2560E+03
      7.491  0.0000E+00  0.2560E+03
      7.509  0.0000E+00  0.2560E+03
      7.528  0.0000E+00  0.2560E+03
      7.546  0.0000E+00  0.2560E+03
      7.565  0.0000E+00  0.2560E+03
      7.583  0.0000E+00  0.2560E+03
      7.601  0.0000E+00  0.2560E+03
      7.620  0.0000E+00  0.2560E+03
      7.638  0.0000E+00  0.2560E+03
      7.656  0.0000E+00  0.2560E+03
      7.675  0.0000E+00  0.2560E+03
      7.693  0.0000E+00  0.2560E+03
      7.712  0.0000E+00  0.2560E+03
      7.730  0.0000E+00  0.2560E+03
      7.748  0.0000E+00  0.2560E+03
      7.767  0.0000E+00  0.2560E+03
      7.785  0.0000E+00  0.2560E+03
      7.803  0.0000E+00  0.2560E+03
      7.822  0.0000E+00  0.2560E+03
      7.840  0.0000E+00  0.2560E+03
      7.858  0.0000E+00  0.2560E+03
      7.877  0.0000E+00  0.2560E+03
      7.895  0.0000E+00  0.2560E+03
      7.914  0.0000E+00  0.2560E+03
      7.932  0.0000E+00  0.2560E+03
      7.950  0.0000E+00  0.2560E+03
      7.969  0.0000E+00  0.2560E+03
      7.987  0.0000E+00  0.2560E+03
      8.005  0.0000E+00  0.2560E+03
      8.024  0.0000E+00  0.2560E+03
      8.042  0.0000E+00  0.2560E+03
      8.061  0.0000E+00  0.2560E+03
      8.079  0.0000E+00  0.2560E+03
      8.097  0.0000E+00  0.2560E+03
      8.116  0.0000E+00  0.2560E+03
      8.134  0.0000E+00  0.2560E+03
      8.152  0.0000E+00  0.2560E+03
      8.171  0.0000E+00  0.2560E+03
      8.189  0.0000E+00  0.2560E+03
      8.208  0.0000E+00  0.2560E+03
      8.226  0.0000E+00  0.2560E+03
      8.244  0.0000E+00  0.2560E+03
      8.263  0.0000E+00  0.2560E+03
      8.281  0.0000E+00  0.2560E+03
      8.299  0.0000E+00  0.2560E+03
      8.318  0.0000E+00  0.2560E+03
      8.336  0.0000E+00  0.2560E+03
      8.355  0.0000E+00  0.2560E+03
      8.373  0.0000E+00  0.2560E+03
      8.391  0.0000E+00  0.2560E+03
      8.410  0.0000E+00  0.2560E+03
      8.428  0.0000E+00  0.2560E+03
      8.446  0.0000E+00  0.2560E+03
      8.465  0.0000E+00  0.2560E+03
      8.483  0.0000E+00  0.2560E+03
      8.501  0.0000E+00  0.2560E+03
      8.520  0.0000E+00  0.2560E+03
      8.538  0.0000E+00  0.2560E+03
      8.557  0.0000E+00  0.2560E+03
      8.575  0.0000E+00  0.2560E+03
      8.593  0.0000E+00  0.2560E+03
      8.612  0.0000E+00  0.2560E+03
      8.630  0.0000E+00  0.2560E+03
      8.648  0.0000E+00  0.2560E+03
      8.667  0.0000E+00  0.2560E+03
      8.685  0.0000E+00  0.2560E+03
      8.704  0.0000E+00  0.2560E+03
      8.722  0.0000E+00  0.2560E+03
      8.740  0.0000E+00  0.2560E+03
      8.759  0.0000E+00  0.2560E+03
      8.777  0.0000E+00  0.2560E+03
      8.795  0.0000E+00  0.2560E+03
      8.814  0.0000E+00  0.2560E+03
      8.832  0.0000E+00  0.2560E+03
      8.851  0.0000E+00  0.2560E+03
      8.869  0.0000E+00  0.2560E+03
      8.887  0.0000E+00  0.2560E+03
      8.906  0.0000E+00  0.2560E+03
      8.924  0.0000E+00  0.2560E+03
      8.942  0.0000E+00  0.2560E+03
      8.961  0.0000E+00  0.2560E+03
      8.979  0.0000E+00  0.2560E+03
      8.998  0.0000E+00  0.2560E+03
      9.016  0.0000E+00  0.2560E+03
      9.034  0.0000E+00  0.2560E+03
      9.053  0.0000E+00  0.2560E+03
      9.071  0.0000E+00  0.2560E+03
      9.089  0.0000E+00  0.2560E+03
      9.108  0.0000E+00  0.2560E+03
      9.126  0.0000E+00  0.2560E+03
      9.145  0.0000E+00  0.2560E+03
      9.163  0.0000E+00  0.2560E+03
      9.181  0.0000E+00  0.2560E+03
      9.200  0.0000E+00  0.2560E+03
      9.218  0.0000E+00  0.2560E+03
      9.236  0.0000E+00  0.2560E+03
      9.255  0.0000E+00  0.2560E+03
      9.273  0.0000E+00  0.2560E+03
      9.291  0.0000E+00  0.2560E+03
      9.310  0.0000E+00  0.2560E+03
      9.328  0.0000E+00  0.2560E+03
      9.347  0.0000E+00  0.2560E+03
      9.365  0.0000E+00  0.2560E+03
      9.383  0.0000E+00  0.2560E+03
      9.402  0.0000E+00  0.2560E+03
      9.420  0.0000E+00  0.2560E+03
      9.438  0.0000E+00  0.2560E+03
      9.457  0.0000E+00  0.2560E+03
      9.475  0.0000E+00  0.2560E+03
      9.494  0.0000E+00  0.2560E+03
      9.512  0.0000E+00  0.2560E+03
      9.530  0.0000E+00  0.2560E+03
      9.549  0.0000E+00  0.2560E+03
      9.567  0.0000E+00  0.2560E+03
      9.585  0.0000E+00  0.2560E+03
      9.604  0.0000E+00  0.2560E+03
      9.622  0.0000E+00  0.2560E+03
      9.641  0.0000E+00  0.2560E+03
      9.659  0.0000E+00  0.2560E+03
      9.677  0.0000E+00  0.2560E+03
      9.696  0.0000E+00  0.2560E+03
      9.714  0.0000E+00  0.2560E+03
      9.732  0.0000E+00  0.2560E+03
      9.751  0.3496E-04  0.2560E+03
      9.769  0.1422E-02  0.2560E+03
      9.788  0.4829E-02  0.2560E+03
      9.806  0.1026E-01  0.2560E+03
      9.824  0.1771E-01  0.2560E+03
      9.843  0.2718E-01  0.2560E+03
      9.861  0.3867E-01  0.2560E+03
      9.879  0.5219E-01  0.2560E+03
      9.898  0.6772E-01  0.2560E+03
      9.916  0.8528E-01  0.2560E+03
      9.934  0.1049E+00  0.2560E+03
      9.953  0.1265E+00  0.2560E+03
      9.971  0.1501E+00  0.2560E+03
      9.990  0.1757E+00  0.2560E+03
     10.008  0.2034E+00  0.2560E+03
     10.026  0.2331E+00  0.2560E+03
     10.045  0.2648E+00  0.2560E+03
     10.063  0.2985E+00  0.2560E+03
     10.081  0.3342E+00  0.2560E+03
     10.100  0.3720E+00  0.2560E+03
     10.118  0.4118E+00  0.2561E+03
     10.137  0.4536E+00  0.2561E+03
     10.155  0.4974E+00  0.2561E+03
     10.173  0.5433E+00  0.2561E+03
     10.192  0.5912E+00  0.2561E+03
     10.210  0.6411E+00  0.2561E+03
     10.228  0.6930E+00  0.2561E+03
     10.247  0.7469E+00  0.2561E+03
     10.265  0.8029E+00  0.2561E+03
     10.284  0.8608E+00  0.2562E+03
     10.302  0.9208E+00  0.2562E+03
     10.320  0.9829E+00  0.2562E+03
     10.339  0.1047E+01  0.2562E+03
     10.357  0.1113E+01  0.2562E+03
     10.375  0.1181E+01  0.2562E+03
     10.394  0.1251E+01  0.2563E+03
     10.412  0.1323E+01  0.2563E+03
     10.431  0.1397E+01  0.2563E+03
     10.449  0.1474E+01  0.2563E+03
     10.467  0.1552E+01  0.2564E+03
     10.486  0.1632E+01  0.2564E+03
     10.504  0.1714E+01  0.2564E+03
     10.522  0.1799E+01  0.2565E+03
     10.541  0.1885E+01  0.2565E+03
     10.559  0.1973E+01  0.2565E+03
     10.577  0.2063E+01  0.2566E+03
     10.596  0.2232E+01  0.2566E+03
     10.614  0.2586E+01  0.2567E+03
     10.633  0.2910E+01  0.2567E+03
     10.651  0.3204E+01  0.2568E+03
     10.669  0.3467E+01  0.2568E+03
     10.688  0.3701E+01  0.2569E+03
     10.706  0.3905E+01  0.2570E+03
     10.724  0.4079E+01  0.2570E+03
     10.743  0.4223E+01  0.2571E+03
     10.761  0.4336E+01  0.2572E+03
     10.780  0.4420E+01  0.2573E+03
     10.798  0.4474E+01  0.2573E+03
     10.816  0.4497E+01  0.2574E+03
     10.835  0.4491E+01  0.2575E+03
     10.853  0.4455E+01  0.2576E+03
     10.871  0.4388E+01  0.2577E+03
     10.890  0.4292E+01  0.2578E+03
     10.908  0.4165E+01  0.2578E+03
     10.927  0.4009E+01  0.2579E+03
     10.945  0.2206E+01  0.2580E+03
     10.963  0.6681E+00  0.2580E+03
     10.982  0.2237E-01  0.2580E+03
     11.000  0.0000E+00  0.2580E+03
     11.018  0.0000E+00  0.2580E+03
     11.037  0.0000E+00  0.2580E+03
     11.055  0.0000E+00  0.2580E+03
     11.074  0.0000E+00  0.2580E+03
     11.092  0.0000E+00  0.2580E+03
     11.110  0.0000E+00  0.2580E+03
     11.129  0.0000E+00  0.2580E+03
     11.147  0.0000E+00  0.2580E+03
     11.165  0.0000E+00  0.2580E+03
     11.184  0.0000E+00  0.2580E+03
     11.202  0.0000E+00  0.2580E+03
     11.220  0.0000E+00  0.2580E+03
     11.239  0.0000E+00  0.2580E+03
     11.257  0.0000E+00  0.2580E+03
     11.276  0.0000E+00  0.2580E+03
     11.294  0.0000E+00  0.2580E+03
     11.312  0.0000E+00  0.2580E+03
     11.331  0.0000E+00  0.2580E+03
     11.349  0.0000E+00  0.2580E+03
     11.367  0.0000E+00  0.2580E+03
     11.386  0.0000E+00  0.2580E+03
     11.404  0.0000E+00  0.2580E+03
     11.423  0.0000E+00  0.2580E+03
     11.441  0.0000E+00  0.2580E+03
     11.459  0.0000E+00  0.2580E+03
     11.478  0.0000E+00  0.2580E+03
     11.496  0.0000E+00  0.2580E+03
     11.514  0.0000E+00  0.2580E+03
     11.533  0.1594E+00  0.2580E+03
     11.551  0.3606E+00  0.2580E+03
     11.570  0.5557E+00  0.2580E+03
     11.588  0.7447E+00  0.2580E+03
     11.606  0.9275E+00  0.2580E+03
     11.625  0.1104E+01  0.2581E+03
     11.643  0.1275E+01  0.2581E+03
     11.661  0.1439E+01  0.2581E+03
     11.680  0.1597E+01  0.2581E+03
     11.698  0.1749E+01  0.2582E+03
     11.717  0.1895E+01  0.2582E+03
     11.735  0.2035E+01  0.2582E+03
     11.753  0.2169E+01  0.2583E+03
     11.772  0.2296E+01  0.2583E+03
     11.790  0.2417E+01  0.2584E+03
     11.808  0.2533E+01  0.2584E+03
     11.827  0.2642E+01  0.2585E+03
     11.845  0.2744E+01  0.2585E+03
     11.863  0.2841E+01  0.2586E+03
     11.882  0.2932E+01  0.2586E+03
     11.900  0.3016E+01  0.2587E+03
     11.919  0.3095E+01  0.2587E+03
     11.937  0.3167E+01  0.2588E+03
     11.955  0.3233E+01  0.2588E+03
     11.974  0.3293E+01  0.2589E+03
     11.992  0.3346E+01  0.2590E+03
     12.010  0.3394E+01  0.2590E+03
     12.029  0.3435E+01  0.2591E+03
     12.047  0.3470E+01  0.2591E+03
     12.066  0.3500E+01  0.2592E+03
     12.084  0.3523E+01  0.2593E+03
     12.102  0.3539E+01  0.2593E+03
     12.121  0.3550E+01  0.2594E+03
     12.139  0.3555E+01  0.2595E+03
     12.157  0.3553E+01  0.2595E+03
     12.176  0.3545E+01  0.2596E+03
     12.194  0.3177E+01  0.2597E+03
     12.213  0.3092E+01  0.2597E+03
     12.231  0.3302E+01  0.2598E+03
     12.249  0.3470E+01  0.2598E+03
     12.268  0.3596E+01  0.2599E+03
     12.286  0.3681E+01  0.2600E+03
     12.304  0.3725E+01  0.2600E+03
     12.323  0.3727E+01  0.2601E+03
     12.341  0.3687E+01  0.2602E+03
     12.360  0.3626E+01  0.2602E+03
     12.378  0.3583E+01  0.2603E+03
     12.396  0.3586E+01  0.2604E+03
     12.415  0.3635E+01  0.2604E+03
     12.433  0.3731E+01  0.2605E+03
     12.451  0.3873E+01  0.2606E+03
     12.470  0.4062E+01  0.2606E+03
     12.488  0.4298E+01  0.2607E+03
     12.506  0.4581E+01  0.2608E+03
     12.525  0.4910E+01  0.2609E+03
     12.543  0.5285E+01  0.2610E+03
     12.562  0.5695E+01  0.2611E+03
     12.580  0.6135E+01  0.2612E+03
     12.598  0.6605E+01  0.2613E+03
     12.617  0.7106E+01  0.2614E+03
     12.635  0.7527E+01  0.2616E+03
     12.653  0.7849E+01  0.2617E+03
     12.672  0.8129E+01  0.2619E+03
     12.690  0.8366E+01  0.2620E+03
     12.709  0.8560E+01  0.2622E+03
     12.727  0.8711E+01  0.2623E+03
     12.745  0.8820E+01  0.2625E+03
     12.764  0.8885E+01  0.2627E+03
     12.782  0.8909E+01  0.2628E+03
     12.800  0.8889E+01  0.2630E+03
     12.819  0.8796E+01  0.2631E+03
     12.837  0.8686E+01  0.2633E+03
     12.856  0.8729E+01  0.2635E+03
     12.874  0.8926E+01  0.2636E+03
     12.892  0.1052E+02  0.2638E+03
     12.911  0.1163E+02  0.2640E+03
     12.929  0.1194E+02  0.2642E+03
     12.947  0.1144E+02  0.2644E+03
     12.966  0.1032E+02  0.2646E+03
     12.984  0.9446E+01  0.2648E+03
     13.003  0.8861E+01  0.2650E+03
     13.021  0.8232E+01  0.2651E+03
     13.039  0.7598E+01  0.2653E+03
     13.058  0.6961E+01  0.2654E+03
     13.076  0.6320E+01  0.2655E+03
     13.094  0.5677E+01  0.2657E+03
     13.113  0.5034E+01  0.2658E+03
     13.131  0.4393E+01  0.2658E+03
     13.149  0.3753E+01  0.2659E+03
     13.168  0.3114E+01  0.2660E+03
     13.186  0.2477E+01  0.2660E+03
     13.205  0.1841E+01  0.2661E+03
     13.223  0.1364E+01  0.2661E+03
     13.241  0.1616E+01  0.2661E+03
     13.260  0.1889E+01  0.2662E+03
     13.278  0.2185E+01  0.2662E+03
     13.296  0.2502E+01  0.2662E+03
     13.315  0.2841E+01  0.2663E+03
     13.333  0.3201E+01  0.2663E+03
     13.352  0.3584E+01  0.2664E+03
     13.370  0.3989E+01  0.2665E+03
     13.388  0.4415E+01  0.2666E+03
     13.407  0.4863E+01  0.2666E+03
     13.425  0.5333E+01  0.2667E+03
     13.443  0.5825E+01  0.2668E+03
     13.462  0.9726E+01  0.2670E+03
     13.480  0.1495E+02  0.2672E+03
     13.499  0.1777E+02  0.2675E+03
     13.517  0.1819E+02  0.2678E+03
     13.535  0.1620E+02  0.2681E+03
     13.554  0.1182E+02  0.2684E+03
     13.572  0.5661E+01  0.2686E+03
     13.590  0.3947E+01  0.2687E+03
     13.609  0.3914E+01  0.2687E+03
     13.627  0.4178E+01  0.2688E+03
     13.646  0.4451E+01  0.2689E+03
     13.664  0.4741E+01  0.2690E+03
     13.682  0.5055E+01  0.2691E+03
     13.701  0.5398E+01  0.2691E+03
     13.719  0.5786E+01  0.2693E+03
     13.737  0.6316E+01  0.2694E+03
     13.756  0.6890E+01  0.2695E+03
     13.774  0.7503E+01  0.2696E+03
     13.792  0.8054E+01  0.2698E+03
     13.811  0.8543E+01  0.2699E+03
     13.829  0.8970E+01  0.2701E+03
     13.848  0.9335E+01  0.2702E+03
     13.866  0.9638E+01  0.2704E+03
     13.884  0.9879E+01  0.2706E+03
     13.903  0.1006E+02  0.2708E+03
     13.921  0.1017E+02  0.2710E+03
     13.939  0.1023E+02  0.2712E+03
     13.958  0.1022E+02  0.2713E+03
     13.976  0.1015E+02  0.2715E+03
     13.995  0.1002E+02  0.2717E+03
     14.013  0.9829E+01  0.2719E+03
     14.031  0.9574E+01  0.2721E+03
     14.050  0.9321E+01  0.2722E+03
     14.068  0.1039E+02  0.2724E+03
     14.086  0.1410E+02  0.2726E+03
     14.105  0.1992E+02  0.2730E+03
     14.123  0.2821E+02  0.2734E+03
     14.142  0.3807E+02  0.2740E+03
     14.160  0.3695E+02  0.2747E+03
     14.178  0.2518E+02  0.2753E+03
     14.197  0.1967E+02  0.2757E+03
     14.215  0.1915E+02  0.2760E+03
     14.233  0.1791E+02  0.2764E+03
     14.252  0.1597E+02  0.2767E+03
     14.270  0.1330E+02  0.2770E+03
     14.289  0.1442E+02  0.2772E+03
     14.307  0.2666E+02  0.2776E+03
     14.325  0.7546E+01  0.2780E+03
     14.344  0.0000E+00  0.2780E+03
     14.362  0.1434E+02  0.2780E+03
     14.380  0.2782E+02  0.2785E+03
     14.399  0.1762E+02  0.2789E+03
     14.417  0.1940E+02  0.2792E+03
     14.435  0.1806E+02  0.2796E+03
     14.454  0.1778E+02  0.2799E+03
     14.472  0.2949E+02  0.2803E+03
     14.491  0.2666E+02  0.2808E+03
     14.509  0.1775E+02  0.2812E+03
     14.527  0.1609E+02  0.2815E+03
     14.546  0.1454E+02  0.2818E+03
     14.564  0.1379E+02  0.2821E+03
     14.582  0.1389E+02  0.2823E+03
     14.601  0.1392E+02  0.2826E+03
     14.619  0.1389E+02  0.2828E+03
     14.638  0.1380E+02  0.2831E+03
     14.656  0.1364E+02  0.2834E+03
     14.674  0.1340E+02  0.2836E+03
     14.693  0.1305E+02  0.2838E+03
     14.711  0.1294E+02  0.2841E+03
     14.729  0.1338E+02  0.2843E+03
     14.748  0.1356E+02  0.2846E+03
     14.766  0.1346E+02  0.2848E+03
     14.785  0.1308E+02  0.2851E+03
     14.803  0.1318E+02  0.2853E+03
     14.821  0.1382E+02  0.2856E+03
     14.840  0.1413E+02  0.2858E+03
     14.858  0.1432E+02  0.2861E+03
     14.876  0.1469E+02  0.2863E+03
     14.895  0.1507E+02  0.2866E+03
     14.913  0.1544E+02  0.2869E+03
     14.932  0.1579E+02  0.2872E+03
     14.950  0.1612E+02  0.2875E+03
     14.968  0.1642E+02  0.2878E+03
     14.987  0.1670E+02  0.2881E+03
     15.005  0.1695E+02  0.2884E+03
     15.023  0.1718E+02  0.2887E+03
     15.042  0.1739E+02  0.2890E+03
     15.060  0.1757E+02  0.2893E+03
     15.078  0.1773E+02  0.2897E+03
     15.097  0.1786E+02  0.2900E+03
     15.115  0.1797E+02  0.2903E+03
     15.134  0.1805E+02  0.2906E+03
     15.152  0.1835E+02  0.2910E+03
     15.170  0.1935E+02  0.2913E+03
     15.189  0.2025E+02  0.2917E+03
     15.207  0.1828E+02  0.2921E+03
     15.225  0.1906E+02  0.2924E+03
     15.244  0.1996E+02  0.2928E+03
     15.262  0.2035E+02  0.2931E+03
     15.281  0.2063E+02  0.2935E+03
     15.299  0.2349E+02  0.2939E+03
     15.317  0.2541E+02  0.2943E+03
     15.336  0.2596E+02  0.2948E+03
     15.354  0.2651E+02  0.2953E+03
     15.372  0.2852E+02  0.2958E+03
     15.391  0.2947E+02  0.2963E+03
     15.409  0.2821E+02  0.2969E+03
     15.428  0.2691E+02  0.2974E+03
     15.446  0.2557E+02  0.2979E+03
     15.464  0.2259E+02  0.2983E+03
     15.483  0.1909E+02  0.2987E+03
     15.501  0.2064E+02  0.2991E+03
     15.519  0.2117E+02  0.2994E+03
     15.538  0.2115E+02  0.2998E+03
     15.556  0.2116E+02  0.3002E+03
     15.575  0.2045E+02  0.3006E+03
     15.593  0.1762E+02  0.3010E+03
     15.611  0.1467E+02  0.3013E+03
     15.630  0.1159E+02  0.3015E+03
     15.648  0.2103E+02  0.3017E+03
     15.666  0.2310E+02  0.3022E+03
     15.685  0.2059E+02  0.3026E+03
     15.703  0.1858E+02  0.3029E+03
     15.721  0.1679E+02  0.3033E+03
     15.740  0.1705E+02  0.3036E+03
     15.758  0.1723E+02  0.3039E+03
     15.777  0.1753E+02  0.3042E+03
     15.795  0.1809E+02  0.3045E+03
     15.813  0.1746E+02  0.3049E+03
     15.832  0.1643E+02  0.3052E+03
     15.850  0.1720E+02  0.3055E+03
     15.868  0.1733E+02  0.3058E+03
     15.887  0.1680E+02  0.3061E+03
     15.905  0.1561E+02  0.3064E+03
     15.924  0.1395E+02  0.3067E+03
     15.942  0.1258E+02  0.3069E+03
     15.960  0.1532E+02  0.3072E+03
     15.979  0.3695E+02  0.3075E+03
     15.997  0.9665E+01  0.3082E+03
     16.015  0.9593E+01  0.3083E+03
     16.034  0.1306E+02  0.3085E+03
     16.052  0.1754E+02  0.3088E+03
     16.071  0.2319E+02  0.3092E+03
     16.089  0.4202E+02  0.3100E+03
     16.107  0.7083E+01  0.3102E+03
     16.126  0.1070E+02  0.3104E+03
     16.144  0.1687E+02  0.3106E+03
     16.162  0.3714E+02  0.3111E+03
     16.181  0.3817E+00  0.3120E+03
     16.199  0.7876E+00  0.3120E+03
     16.218  0.1339E+01  0.3120E+03
     16.236  0.2036E+01  0.3121E+03
     16.254  0.2878E+01  0.3121E+03
     16.273  0.3879E+01  0.3122E+03
     16.291  0.4899E+01  0.3123E+03
     16.309  0.5927E+01  0.3124E+03
     16.328  0.7243E+01  0.3125E+03
     16.346  0.8849E+01  0.3126E+03
     16.364  0.1016E+02  0.3128E+03
     16.383  0.1066E+02  0.3130E+03
     16.401  0.1107E+02  0.3132E+03
     16.420  0.1140E+02  0.3134E+03
     16.438  0.1164E+02  0.3136E+03
     16.456  0.1184E+02  0.3138E+03
     16.475  0.1326E+02  0.3141E+03
     16.493  0.1587E+02  0.3143E+03
     16.511  0.1590E+02  0.3146E+03
     16.530  0.1571E+02  0.3149E+03
     16.548  0.1531E+02  0.3152E+03
     16.567  0.1469E+02  0.3155E+03
     16.585  0.1385E+02  0.3157E+03
     16.603  0.1279E+02  0.3160E+03
     16.622  0.1151E+02  0.3162E+03
     16.640  0.1565E+02  0.3164E+03
     16.658  0.1614E+02  0.3167E+03
     16.677  0.1629E+02  0.3170E+03
     16.695  0.1629E+02  0.3173E+03
     16.714  0.1563E+02  0.3176E+03
     16.732  0.1497E+02  0.3179E+03
     16.750  0.1488E+02  0.3182E+03
     16.769  0.1541E+02  0.3184E+03
     16.787  0.1586E+02  0.3187E+03
     16.805  0.1625E+02  0.3190E+03
     16.824  0.1733E+02  0.3193E+03
     16.842  0.1827E+02  0.3197E+03
     16.861  0.1660E+02  0.3200E+03
     16.879  0.1603E+02  0.3203E+03
     16.897  0.1673E+02  0.3206E+03
     16.916  0.1756E+02  0.3209E+03
     16.934  0.1829E+02  0.3212E+03
     16.952  0.1539E+02  0.3215E+03
     16.971  0.1592E+02  0.3218E+03
     16.989  0.1678E+02  0.3221E+03
     17.008  0.1734E+02  0.3224E+03
     17.026  0.1762E+02  0.3228E+03
     17.044  0.1760E+02  0.3231E+03
     17.063  0.1730E+02  0.3234E+03
     17.081  0.1505E+02  0.3237E+03
     17.099  0.1353E+02  0.3240E+03
     17.118  0.1308E+02  0.3242E+03
     17.136  0.1334E+02  0.3244E+03
     17.154  0.1303E+02  0.3247E+03
     17.173  0.1132E+02  0.3249E+03
     17.191  0.1145E+02  0.3251E+03
     17.210  0.1154E+02  0.3253E+03
     17.228  0.1219E+02  0.3255E+03
     17.246  0.1356E+02  0.3258E+03
     17.265  0.1341E+02  0.3260E+03
     17.283  0.1138E+02  0.3263E+03
     17.301  0.1134E+02  0.3265E+03
     17.320  0.1116E+02  0.3267E+03
     17.338  0.1076E+02  0.3269E+03
     17.357  0.1309E+02  0.3271E+03
     17.375  0.2046E+02  0.3274E+03
     17.393  0.2278E+02  0.3278E+03
     17.412  0.2028E+02  0.3282E+03
     17.430  0.1529E+02  0.3285E+03
     17.448  0.1273E+02  0.3288E+03
     17.467  0.1050E+02  0.3290E+03
     17.485  0.8601E+01  0.3292E+03
     17.504  0.7027E+01  0.3293E+03
     17.522  0.5748E+01  0.3294E+03
     17.540  0.4758E+01  0.3295E+03
     17.559  0.4032E+01  0.3296E+03
     17.577  0.3425E+01  0.3297E+03
     17.595  0.1496E+02  0.3298E+03
     17.614  0.2121E+02  0.3302E+03
     17.632  0.2125E+02  0.3306E+03
     17.651  0.1507E+02  0.3309E+03
     17.669  0.8038E+01  0.3311E+03
     17.687  0.7144E+01  0.3313E+03
     17.706  0.6304E+01  0.3314E+03
     17.724  0.5518E+01  0.3315E+03
     17.742  0.7494E+01  0.3316E+03
     17.761  0.1305E+02  0.3318E+03
     17.779  0.1401E+02  0.3320E+03
     17.797  0.1369E+02  0.3323E+03
     17.816  0.1319E+02  0.3325E+03
     17.834  0.1253E+02  0.3328E+03
     17.853  0.1169E+02  0.3330E+03
     17.871  0.1069E+02  0.3332E+03
     17.889  0.9513E+01  0.3334E+03
     17.908  0.8169E+01  0.3336E+03
     17.926  0.6537E+01  0.3337E+03
     17.944  0.1831E+02  0.3340E+03
     17.963  0.1708E+02  0.3343E+03
     17.981  0.1557E+02  0.3346E+03
     18.000  0.1377E+02  0.3349E+03
     18.018  0.1169E+02  0.3351E+03
     18.036  0.9298E+01  0.3353E+03
     18.055  0.6626E+01  0.3354E+03
     18.073  0.5672E+01  0.3355E+03
     18.091  0.4841E+01  0.3356E+03
     18.110  0.4076E+01  0.3357E+03
     18.128  0.3377E+01  0.3358E+03
     18.147  0.2744E+01  0.3358E+03
     18.165  0.2176E+01  0.3359E+03
     18.183  0.1674E+01  0.3359E+03
     18.202  0.1238E+01  0.3360E+03
     18.220  0.8672E+00  0.3360E+03
     18.238  0.5624E+00  0.3360E+03
     18.257  0.3233E+00  0.3360E+03
     18.275  0.1500E+00  0.3360E+03
     18.294  0.4245E-01  0.3360E+03
     18.312  0.6112E-03  0.3360E+03
     18.330  0.0000E+00  0.3360E+03
     18.349  0.0000E+00  0.3360E+03
     18.367  0.0000E+00  0.3360E+03
     18.385  0.0000E+00  0.3360E+03
     18.404  0.0000E+00  0.3360E+03
     18.422  0.0000E+00  0.3360E+03
     18.440  0.0000E+00  0.3360E+03
     18.459  0.0000E+00  0.3360E+03
     18.477  0.0000E+00  0.3360E+03
     18.496  0.0000E+00  0.3360E+03
     18.514  0.0000E+00  0.3360E+03
     18.532  0.0000E+00  0.3360E+03
     18.551  0.0000E+00  0.3360E+03
     18.569  0.0000E+00  0.3360E+03
     18.587  0.0000E+00  0.3360E+03
     18.606  0.0000E+00  0.3360E+03
     18.624  0.0000E+00  0.3360E+03
     18.643  0.0000E+00  0.3360E+03
     18.661  0.0000E+00  0.3360E+03
     18.679  0.0000E+00  0.3360E+03
     18.698  0.0000E+00  0.3360E+03
     18.716  0.0000E+00  0.3360E+03
     18.734  0.0000E+00  0.3360E+03
     18.753  0.0000E+00  0.3360E+03
     18.771  0.0000E+00  0.3360E+03
     18.790  0.0000E+00  0.3360E+03
     18.808  0.0000E+00  0.3360E+03
     18.826  0.0000E+00  0.3360E+03
     18.845  0.0000E+00  0.3360E+03
     18.863  0.0000E+00  0.3360E+03
     18.881  0.0000E+00  0.3360E+03
     18.900  0.0000E+00  0.3360E+03
     18.918  0.0000E+00  0.3360E+03
     18.937  0.0000E+00  0.3360E+03
     18.955  0.0000E+00  0.3360E+03
     18.973  0.0000E+00  0.3360E+03
     18.992  0.0000E+00  0.3360E+03
     19.010  0.0000E+00  0.3360E+03
     19.028  0.0000E+00  0.3360E+03
     19.047  0.0000E+00  0.3360E+03
     19.065  0.0000E+00  0.3360E+03
     19.083  0.0000E+00  0.3360E+03
     19.102  0.0000E+00  0.3360E+03
     19.120  0.0000E+00  0.3360E+03
     19.139  0.0000E+00  0.3360E+03
     19.157  0.0000E+00  0.3360E+03
     19.175  0.0000E+00  0.3360E+03
     19.194  0.0000E+00  0.3360E+03
     19.212  0.0000E+00  0.3360E+03
     19.230  0.0000E+00  0.3360E+03
     19.249  0.0000E+00  0.3360E+03
     19.267  0.0000E+00  0.3360E+03
     19.286  0.0000E+00  0.3360E+03
     19.304  0.0000E+00  0.3360E+03
     19.322  0.0000E+00  0.3360E+03
     19.341  0.0000E+00  0.3360E+03
     19.359  0.0000E+00  0.3360E+03
     19.377  0.0000E+00  0.3360E+03
     19.396  0.0000E+00  0.3360E+03
     19.414  0.0000E+00  0.3360E+03
     19.433  0.0000E+00  0.3360E+03
     19.451  0.0000E+00  0.3360E+03
     19.469  0.0000E+00  0.3360E+03
     19.488  0.0000E+00  0.3360E+03
     19.506  0.0000E+00  0.3360E+03
     19.524  0.0000E+00  0.3360E+03
     19.543  0.0000E+00  0.3360E+03
     19.561  0.0000E+00  0.3360E+03
     19.580  0.0000E+00  0.3360E+03
     19.598  0.0000E+00  0.3360E+03
     19.616  0.0000E+00  0.3360E+03
     19.635  0.0000E+00  0.3360E+03
     19.653  0.0000E+00  0.3360E+03
     19.671  0.0000E+00  0.3360E+03
     19.690  0.0000E+00  0.3360E+03
     19.708  0.0000E+00  0.3360E+03
     19.726  0.0000E+00  0.3360E+03
     19.745  0.0000E+00  0.3360E+03
     19.763  0.0000E+00  0.3360E+03
     19.782  0.0000E+00  0.3360E+03
     19.800  0.0000E+00  0.3360E+03
     19.818  0.0000E+00  0.3360E+03
     19.837  0.0000E+00  0.3360E+03
     19.855  0.0000E+00  0.3360E+03
     19.873  0.0000E+00  0.3360E+03
     19.892  0.0000E+00  0.3360E+03
     19.910  0.0000E+00  0.3360E+03
     19.929  0.0000E+00  0.3360E+03
     19.947  0.0000E+00  0.3360E+03
     19.965  0.0000E+00  0.3360E+03
     19.984  0.0000E+00  0.3360E+03


