 Energy DOS Integrated_DOS
    -16.756  0.0000E+00  0.0000E+00
    -16.737  0.0000E+00  0.0000E+00
    -16.719  0.0000E+00  0.0000E+00
    -16.701  0.0000E+00  0.0000E+00
    -16.682  0.0000E+00  0.0000E+00
    -16.664  0.0000E+00  0.0000E+00
    -16.646  0.0000E+00  0.0000E+00
    -16.627  0.0000E+00  0.0000E+00
    -16.609  0.0000E+00  0.0000E+00
    -16.591  0.0000E+00  0.0000E+00
    -16.572  0.0000E+00  0.0000E+00
    -16.554  0.0000E+00  0.0000E+00
    -16.536  0.0000E+00  0.0000E+00
    -16.517  0.0000E+00  0.0000E+00
    -16.499  0.0000E+00  0.0000E+00
    -16.481  0.0000E+00  0.0000E+00
    -16.462  0.0000E+00  0.0000E+00
    -16.444  0.0000E+00  0.0000E+00
    -16.426  0.0000E+00  0.0000E+00
    -16.408  0.0000E+00  0.0000E+00
    -16.389  0.0000E+00  0.0000E+00
    -16.371  0.0000E+00  0.0000E+00
    -16.353  0.0000E+00  0.0000E+00
    -16.334  0.0000E+00  0.0000E+00
    -16.316  0.0000E+00  0.0000E+00
    -16.298  0.0000E+00  0.0000E+00
    -16.279  0.0000E+00  0.0000E+00
    -16.261  0.0000E+00  0.0000E+00
    -16.243  0.0000E+00  0.0000E+00
    -16.224  0.0000E+00  0.0000E+00
    -16.206  0.0000E+00  0.0000E+00
    -16.188  0.0000E+00  0.0000E+00
    -16.169  0.0000E+00  0.0000E+00
    -16.151  0.0000E+00  0.0000E+00
    -16.133  0.0000E+00  0.0000E+00
    -16.114  0.0000E+00  0.0000E+00
    -16.096  0.0000E+00  0.0000E+00
    -16.078  0.0000E+00  0.0000E+00
    -16.060  0.0000E+00  0.0000E+00
    -16.041  0.0000E+00  0.0000E+00
    -16.023  0.0000E+00  0.0000E+00
    -16.005  0.0000E+00  0.0000E+00
    -15.986  0.0000E+00  0.0000E+00
    -15.968  0.0000E+00  0.0000E+00
    -15.950  0.0000E+00  0.0000E+00
    -15.931  0.0000E+00  0.0000E+00
    -15.913  0.0000E+00  0.0000E+00
    -15.895  0.0000E+00  0.0000E+00
    -15.876  0.0000E+00  0.0000E+00
    -15.858  0.0000E+00  0.0000E+00
    -15.840  0.0000E+00  0.0000E+00
    -15.821  0.0000E+00  0.0000E+00
    -15.803  0.0000E+00  0.0000E+00
    -15.785  0.0000E+00  0.0000E+00
    -15.766  0.0000E+00  0.0000E+00
    -15.748  0.0000E+00  0.0000E+00
    -15.730  0.0000E+00  0.0000E+00
    -15.712  0.0000E+00  0.0000E+00
    -15.693  0.0000E+00  0.0000E+00
    -15.675  0.0000E+00  0.0000E+00
    -15.657  0.0000E+00  0.0000E+00
    -15.638  0.0000E+00  0.0000E+00
    -15.620  0.0000E+00  0.0000E+00
    -15.602  0.0000E+00  0.0000E+00
    -15.583  0.0000E+00  0.0000E+00
    -15.565  0.0000E+00  0.0000E+00
    -15.547  0.0000E+00  0.0000E+00
    -15.528  0.0000E+00  0.0000E+00
    -15.510  0.0000E+00  0.0000E+00
    -15.492  0.0000E+00  0.0000E+00
    -15.473  0.0000E+00  0.0000E+00
    -15.455  0.0000E+00  0.0000E+00
    -15.437  0.0000E+00  0.0000E+00
    -15.418  0.0000E+00  0.0000E+00
    -15.400  0.0000E+00  0.0000E+00
    -15.382  0.0000E+00  0.0000E+00
    -15.363  0.0000E+00  0.0000E+00
    -15.345  0.0000E+00  0.0000E+00
    -15.327  0.0000E+00  0.0000E+00
    -15.309  0.0000E+00  0.0000E+00
    -15.290  0.0000E+00  0.0000E+00
    -15.272  0.0000E+00  0.0000E+00
    -15.254  0.0000E+00  0.0000E+00
    -15.235  0.0000E+00  0.0000E+00
    -15.217  0.0000E+00  0.0000E+00
    -15.199  0.0000E+00  0.0000E+00
    -15.180  0.0000E+00  0.0000E+00
    -15.162  0.0000E+00  0.0000E+00
    -15.144  0.0000E+00  0.0000E+00
    -15.125  0.0000E+00  0.0000E+00
    -15.107  0.0000E+00  0.0000E+00
    -15.089  0.7452E-03  0.6204E-06
    -15.070  0.5175E-01  0.3591E-03
    -15.052  0.1829E+00  0.2386E-02
    -15.034  0.3942E+00  0.7549E-02
    -15.015  0.6857E+00  0.1732E-01
    -14.997  0.1057E+01  0.3316E-01
    -14.979  0.1509E+01  0.5654E-01
    -14.961  0.2041E+01  0.8893E-01
    -14.942  0.2653E+01  0.1318E+00
    -14.924  0.3345E+01  0.1866E+00
    -14.906  0.4118E+01  0.2548E+00
    -14.887  0.4970E+01  0.3379E+00
    -14.869  0.5859E+01  0.4373E+00
    -14.851  0.6580E+01  0.5515E+00
    -14.832  0.8207E+01  0.6812E+00
    -14.814  0.1105E+02  0.8585E+00
    -14.796  0.1327E+02  0.1082E+01
    -14.777  0.1487E+02  0.1341E+01
    -14.759  0.1585E+02  0.1623E+01
    -14.741  0.1622E+02  0.1918E+01
    -14.722  0.1596E+02  0.2213E+01
    -14.704  0.1509E+02  0.2499E+01
    -14.686  0.1356E+02  0.2762E+01
    -14.667  0.1159E+02  0.2992E+01
    -14.649  0.1060E+02  0.3193E+01
    -14.631  0.9964E+01  0.3382E+01
    -14.613  0.9416E+01  0.3559E+01
    -14.594  0.8951E+01  0.3727E+01
    -14.576  0.8569E+01  0.3887E+01
    -14.558  0.9870E+01  0.4055E+01
    -14.539  0.1116E+02  0.4248E+01
    -14.521  0.1227E+02  0.4463E+01
    -14.503  0.1315E+02  0.4696E+01
    -14.484  0.1373E+02  0.4943E+01
    -14.466  0.1406E+02  0.5197E+01
    -14.448  0.1437E+02  0.5458E+01
    -14.429  0.1468E+02  0.5724E+01
    -14.411  0.1503E+02  0.5996E+01
    -14.393  0.1543E+02  0.6274E+01
    -14.374  0.1586E+02  0.6561E+01
    -14.356  0.1634E+02  0.6856E+01
    -14.338  0.1686E+02  0.7160E+01
    -14.319  0.1735E+02  0.7473E+01
    -14.301  0.1777E+02  0.7795E+01
    -14.283  0.1810E+02  0.8124E+01
    -14.265  0.1840E+02  0.8458E+01
    -14.246  0.1868E+02  0.8798E+01
    -14.228  0.1893E+02  0.9142E+01
    -14.210  0.2007E+02  0.9496E+01
    -14.191  0.2250E+02  0.9883E+01
    -14.173  0.2674E+02  0.1033E+02
    -14.155  0.3063E+02  0.1086E+02
    -14.136  0.3426E+02  0.1146E+02
    -14.118  0.3522E+02  0.1210E+02
    -14.100  0.5597E+02  0.1290E+02
    -14.081  0.6065E+02  0.1399E+02
    -14.063  0.5226E+02  0.1504E+02
    -14.045  0.3936E+02  0.1588E+02
    -14.026  0.2100E+02  0.1643E+02
    -14.008  0.1508E+02  0.1675E+02
    -13.990  0.1278E+02  0.1701E+02
    -13.971  0.5141E+02  0.1768E+02
    -13.953  0.2544E+02  0.1828E+02
    -13.935  0.2177E+02  0.1870E+02
    -13.917  0.2263E+02  0.1911E+02
    -13.898  0.2712E+02  0.1956E+02
    -13.880  0.3126E+02  0.2010E+02
    -13.862  0.3493E+02  0.2071E+02
    -13.843  0.3788E+02  0.2137E+02
    -13.825  0.4005E+02  0.2209E+02
    -13.807  0.3134E+02  0.2279E+02
    -13.788  0.2816E+02  0.2332E+02
    -13.770  0.3828E+02  0.2391E+02
    -13.752  0.8559E+02  0.2505E+02
    -13.733  0.5473E+02  0.2627E+02
    -13.715  0.1005E+03  0.2770E+02
    -13.697  0.1037E+03  0.2958E+02
    -13.678  0.1018E+03  0.3147E+02
    -13.660  0.9786E+02  0.3330E+02
    -13.642  0.7325E+02  0.3484E+02
    -13.623  0.6940E+02  0.3607E+02
    -13.605  0.7138E+02  0.3740E+02
    -13.587  0.6323E+02  0.3865E+02
    -13.569  0.8715E+02  0.3991E+02
    -13.550  0.4649E+02  0.4151E+02
    -13.532  0.6129E+02  0.4250E+02
    -13.514  0.8312E+02  0.4371E+02
    -13.495  0.1006E+02  0.4604E+02
    -13.477  0.5243E+02  0.4658E+02
    -13.459  0.8724E+02  0.4797E+02
    -13.440  0.1309E+03  0.5003E+02
    -13.422  0.1246E+03  0.5241E+02
    -13.404  0.9503E+02  0.5444E+02
    -13.385  0.7201E+02  0.5596E+02
    -13.367  0.6905E+02  0.5727E+02
    -13.349  0.1393E+03  0.5991E+02
    -13.330  0.1322E+03  0.6139E+02
    -13.312  0.5124E+02  0.6349E+02
    -13.294  0.7663E+01  0.6397E+02
    -13.275  0.0000E+00  0.6400E+02
    -13.257  0.0000E+00  0.6400E+02
    -13.239  0.0000E+00  0.6400E+02
    -13.220  0.0000E+00  0.6400E+02
    -13.202  0.0000E+00  0.6400E+02
    -13.184  0.0000E+00  0.6400E+02
    -13.166  0.0000E+00  0.6400E+02
    -13.147  0.0000E+00  0.6400E+02
    -13.129  0.0000E+00  0.6400E+02
    -13.111  0.0000E+00  0.6400E+02
    -13.092  0.0000E+00  0.6400E+02
    -13.074  0.0000E+00  0.6400E+02
    -13.056  0.0000E+00  0.6400E+02
    -13.037  0.0000E+00  0.6400E+02
    -13.019  0.0000E+00  0.6400E+02
    -13.001  0.0000E+00  0.6400E+02
    -12.982  0.0000E+00  0.6400E+02
    -12.964  0.0000E+00  0.6400E+02
    -12.946  0.0000E+00  0.6400E+02
    -12.927  0.0000E+00  0.6400E+02
    -12.909  0.0000E+00  0.6400E+02
    -12.891  0.0000E+00  0.6400E+02
    -12.872  0.0000E+00  0.6400E+02
    -12.854  0.0000E+00  0.6400E+02
    -12.836  0.0000E+00  0.6400E+02
    -12.818  0.0000E+00  0.6400E+02
    -12.799  0.0000E+00  0.6400E+02
    -12.781  0.0000E+00  0.6400E+02
    -12.763  0.0000E+00  0.6400E+02
    -12.744  0.0000E+00  0.6400E+02
    -12.726  0.0000E+00  0.6400E+02
    -12.708  0.0000E+00  0.6400E+02
    -12.689  0.0000E+00  0.6400E+02
    -12.671  0.0000E+00  0.6400E+02
    -12.653  0.0000E+00  0.6400E+02
    -12.634  0.0000E+00  0.6400E+02
    -12.616  0.0000E+00  0.6400E+02
    -12.598  0.0000E+00  0.6400E+02
    -12.579  0.0000E+00  0.6400E+02
    -12.561  0.0000E+00  0.6400E+02
    -12.543  0.0000E+00  0.6400E+02
    -12.524  0.0000E+00  0.6400E+02
    -12.506  0.0000E+00  0.6400E+02
    -12.488  0.0000E+00  0.6400E+02
    -12.470  0.0000E+00  0.6400E+02
    -12.451  0.0000E+00  0.6400E+02
    -12.433  0.0000E+00  0.6400E+02
    -12.415  0.0000E+00  0.6400E+02
    -12.396  0.0000E+00  0.6400E+02
    -12.378  0.0000E+00  0.6400E+02
    -12.360  0.0000E+00  0.6400E+02
    -12.341  0.0000E+00  0.6400E+02
    -12.323  0.0000E+00  0.6400E+02
    -12.305  0.0000E+00  0.6400E+02
    -12.286  0.0000E+00  0.6400E+02
    -12.268  0.0000E+00  0.6400E+02
    -12.250  0.0000E+00  0.6400E+02
    -12.231  0.0000E+00  0.6400E+02
    -12.213  0.0000E+00  0.6400E+02
    -12.195  0.0000E+00  0.6400E+02
    -12.176  0.0000E+00  0.6400E+02
    -12.158  0.0000E+00  0.6400E+02
    -12.140  0.0000E+00  0.6400E+02
    -12.122  0.0000E+00  0.6400E+02
    -12.103  0.0000E+00  0.6400E+02
    -12.085  0.0000E+00  0.6400E+02
    -12.067  0.0000E+00  0.6400E+02
    -12.048  0.0000E+00  0.6400E+02
    -12.030  0.0000E+00  0.6400E+02
    -12.012  0.0000E+00  0.6400E+02
    -11.993  0.0000E+00  0.6400E+02
    -11.975  0.0000E+00  0.6400E+02
    -11.957  0.0000E+00  0.6400E+02
    -11.938  0.0000E+00  0.6400E+02
    -11.920  0.0000E+00  0.6400E+02
    -11.902  0.0000E+00  0.6400E+02
    -11.883  0.0000E+00  0.6400E+02
    -11.865  0.0000E+00  0.6400E+02
    -11.847  0.0000E+00  0.6400E+02
    -11.828  0.0000E+00  0.6400E+02
    -11.810  0.0000E+00  0.6400E+02
    -11.792  0.0000E+00  0.6400E+02
    -11.774  0.0000E+00  0.6400E+02
    -11.755  0.0000E+00  0.6400E+02
    -11.737  0.0000E+00  0.6400E+02
    -11.719  0.0000E+00  0.6400E+02
    -11.700  0.0000E+00  0.6400E+02
    -11.682  0.0000E+00  0.6400E+02
    -11.664  0.0000E+00  0.6400E+02
    -11.645  0.0000E+00  0.6400E+02
    -11.627  0.0000E+00  0.6400E+02
    -11.609  0.0000E+00  0.6400E+02
    -11.590  0.0000E+00  0.6400E+02
    -11.572  0.0000E+00  0.6400E+02
    -11.554  0.0000E+00  0.6400E+02
    -11.535  0.0000E+00  0.6400E+02
    -11.517  0.0000E+00  0.6400E+02
    -11.499  0.0000E+00  0.6400E+02
    -11.480  0.0000E+00  0.6400E+02
    -11.462  0.0000E+00  0.6400E+02
    -11.444  0.0000E+00  0.6400E+02
    -11.426  0.0000E+00  0.6400E+02
    -11.407  0.0000E+00  0.6400E+02
    -11.389  0.0000E+00  0.6400E+02
    -11.371  0.0000E+00  0.6400E+02
    -11.352  0.0000E+00  0.6400E+02
    -11.334  0.0000E+00  0.6400E+02
    -11.316  0.0000E+00  0.6400E+02
    -11.297  0.0000E+00  0.6400E+02
    -11.279  0.0000E+00  0.6400E+02
    -11.261  0.0000E+00  0.6400E+02
    -11.242  0.0000E+00  0.6400E+02
    -11.224  0.0000E+00  0.6400E+02
    -11.206  0.0000E+00  0.6400E+02
    -11.187  0.0000E+00  0.6400E+02
    -11.169  0.0000E+00  0.6400E+02
    -11.151  0.0000E+00  0.6400E+02
    -11.132  0.0000E+00  0.6400E+02
    -11.114  0.0000E+00  0.6400E+02
    -11.096  0.0000E+00  0.6400E+02
    -11.077  0.0000E+00  0.6400E+02
    -11.059  0.0000E+00  0.6400E+02
    -11.041  0.0000E+00  0.6400E+02
    -11.023  0.0000E+00  0.6400E+02
    -11.004  0.0000E+00  0.6400E+02
    -10.986  0.0000E+00  0.6400E+02
    -10.968  0.0000E+00  0.6400E+02
    -10.949  0.0000E+00  0.6400E+02
    -10.931  0.0000E+00  0.6400E+02
    -10.913  0.0000E+00  0.6400E+02
    -10.894  0.0000E+00  0.6400E+02
    -10.876  0.0000E+00  0.6400E+02
    -10.858  0.0000E+00  0.6400E+02
    -10.839  0.0000E+00  0.6400E+02
    -10.821  0.0000E+00  0.6400E+02
    -10.803  0.0000E+00  0.6400E+02
    -10.784  0.0000E+00  0.6400E+02
    -10.766  0.0000E+00  0.6400E+02
    -10.748  0.0000E+00  0.6400E+02
    -10.729  0.0000E+00  0.6400E+02
    -10.711  0.0000E+00  0.6400E+02
    -10.693  0.0000E+00  0.6400E+02
    -10.675  0.0000E+00  0.6400E+02
    -10.656  0.0000E+00  0.6400E+02
    -10.638  0.0000E+00  0.6400E+02
    -10.620  0.0000E+00  0.6400E+02
    -10.601  0.0000E+00  0.6400E+02
    -10.583  0.0000E+00  0.6400E+02
    -10.565  0.0000E+00  0.6400E+02
    -10.546  0.0000E+00  0.6400E+02
    -10.528  0.0000E+00  0.6400E+02
    -10.510  0.0000E+00  0.6400E+02
    -10.491  0.0000E+00  0.6400E+02
    -10.473  0.0000E+00  0.6400E+02
    -10.455  0.0000E+00  0.6400E+02
    -10.436  0.0000E+00  0.6400E+02
    -10.418  0.0000E+00  0.6400E+02
    -10.400  0.0000E+00  0.6400E+02
    -10.381  0.0000E+00  0.6400E+02
    -10.363  0.0000E+00  0.6400E+02
    -10.345  0.0000E+00  0.6400E+02
    -10.327  0.0000E+00  0.6400E+02
    -10.308  0.0000E+00  0.6400E+02
    -10.290  0.0000E+00  0.6400E+02
    -10.272  0.0000E+00  0.6400E+02
    -10.253  0.0000E+00  0.6400E+02
    -10.235  0.0000E+00  0.6400E+02
    -10.217  0.0000E+00  0.6400E+02
    -10.198  0.0000E+00  0.6400E+02
    -10.180  0.0000E+00  0.6400E+02
    -10.162  0.0000E+00  0.6400E+02
    -10.143  0.0000E+00  0.6400E+02
    -10.125  0.0000E+00  0.6400E+02
    -10.107  0.0000E+00  0.6400E+02
    -10.088  0.0000E+00  0.6400E+02
    -10.070  0.0000E+00  0.6400E+02
    -10.052  0.0000E+00  0.6400E+02
    -10.033  0.0000E+00  0.6400E+02
    -10.015  0.0000E+00  0.6400E+02
     -9.997  0.0000E+00  0.6400E+02
     -9.979  0.0000E+00  0.6400E+02
     -9.960  0.0000E+00  0.6400E+02
     -9.942  0.0000E+00  0.6400E+02
     -9.924  0.0000E+00  0.6400E+02
     -9.905  0.0000E+00  0.6400E+02
     -9.887  0.0000E+00  0.6400E+02
     -9.869  0.0000E+00  0.6400E+02
     -9.850  0.0000E+00  0.6400E+02
     -9.832  0.0000E+00  0.6400E+02
     -9.814  0.0000E+00  0.6400E+02
     -9.795  0.0000E+00  0.6400E+02
     -9.777  0.0000E+00  0.6400E+02
     -9.759  0.0000E+00  0.6400E+02
     -9.740  0.0000E+00  0.6400E+02
     -9.722  0.0000E+00  0.6400E+02
     -9.704  0.0000E+00  0.6400E+02
     -9.685  0.0000E+00  0.6400E+02
     -9.667  0.0000E+00  0.6400E+02
     -9.649  0.0000E+00  0.6400E+02
     -9.631  0.0000E+00  0.6400E+02
     -9.612  0.0000E+00  0.6400E+02
     -9.594  0.0000E+00  0.6400E+02
     -9.576  0.0000E+00  0.6400E+02
     -9.557  0.0000E+00  0.6400E+02
     -9.539  0.0000E+00  0.6400E+02
     -9.521  0.0000E+00  0.6400E+02
     -9.502  0.0000E+00  0.6400E+02
     -9.484  0.0000E+00  0.6400E+02
     -9.466  0.0000E+00  0.6400E+02
     -9.447  0.0000E+00  0.6400E+02
     -9.429  0.0000E+00  0.6400E+02
     -9.411  0.0000E+00  0.6400E+02
     -9.392  0.0000E+00  0.6400E+02
     -9.374  0.0000E+00  0.6400E+02
     -9.356  0.0000E+00  0.6400E+02
     -9.337  0.0000E+00  0.6400E+02
     -9.319  0.0000E+00  0.6400E+02
     -9.301  0.0000E+00  0.6400E+02
     -9.283  0.0000E+00  0.6400E+02
     -9.264  0.0000E+00  0.6400E+02
     -9.246  0.0000E+00  0.6400E+02
     -9.228  0.0000E+00  0.6400E+02
     -9.209  0.0000E+00  0.6400E+02
     -9.191  0.0000E+00  0.6400E+02
     -9.173  0.0000E+00  0.6400E+02
     -9.154  0.0000E+00  0.6400E+02
     -9.136  0.0000E+00  0.6400E+02
     -9.118  0.0000E+00  0.6400E+02
     -9.099  0.0000E+00  0.6400E+02
     -9.081  0.0000E+00  0.6400E+02
     -9.063  0.0000E+00  0.6400E+02
     -9.044  0.0000E+00  0.6400E+02
     -9.026  0.0000E+00  0.6400E+02
     -9.008  0.0000E+00  0.6400E+02
     -8.989  0.0000E+00  0.6400E+02
     -8.971  0.0000E+00  0.6400E+02
     -8.953  0.0000E+00  0.6400E+02
     -8.934  0.0000E+00  0.6400E+02
     -8.916  0.0000E+00  0.6400E+02
     -8.898  0.0000E+00  0.6400E+02
     -8.880  0.0000E+00  0.6400E+02
     -8.861  0.0000E+00  0.6400E+02
     -8.843  0.0000E+00  0.6400E+02
     -8.825  0.0000E+00  0.6400E+02
     -8.806  0.0000E+00  0.6400E+02
     -8.788  0.0000E+00  0.6400E+02
     -8.770  0.0000E+00  0.6400E+02
     -8.751  0.0000E+00  0.6400E+02
     -8.733  0.0000E+00  0.6400E+02
     -8.715  0.0000E+00  0.6400E+02
     -8.696  0.0000E+00  0.6400E+02
     -8.678  0.0000E+00  0.6400E+02
     -8.660  0.0000E+00  0.6400E+02
     -8.641  0.0000E+00  0.6400E+02
     -8.623  0.0000E+00  0.6400E+02
     -8.605  0.0000E+00  0.6400E+02
     -8.586  0.0000E+00  0.6400E+02
     -8.568  0.0000E+00  0.6400E+02
     -8.550  0.0000E+00  0.6400E+02
     -8.532  0.0000E+00  0.6400E+02
     -8.513  0.0000E+00  0.6400E+02
     -8.495  0.0000E+00  0.6400E+02
     -8.477  0.0000E+00  0.6400E+02
     -8.458  0.0000E+00  0.6400E+02
     -8.440  0.0000E+00  0.6400E+02
     -8.422  0.0000E+00  0.6400E+02
     -8.403  0.0000E+00  0.6400E+02
     -8.385  0.0000E+00  0.6400E+02
     -8.367  0.0000E+00  0.6400E+02
     -8.348  0.0000E+00  0.6400E+02
     -8.330  0.0000E+00  0.6400E+02
     -8.312  0.0000E+00  0.6400E+02
     -8.293  0.0000E+00  0.6400E+02
     -8.275  0.0000E+00  0.6400E+02
     -8.257  0.0000E+00  0.6400E+02
     -8.238  0.0000E+00  0.6400E+02
     -8.220  0.0000E+00  0.6400E+02
     -8.202  0.0000E+00  0.6400E+02
     -8.184  0.0000E+00  0.6400E+02
     -8.165  0.0000E+00  0.6400E+02
     -8.147  0.0000E+00  0.6400E+02
     -8.129  0.0000E+00  0.6400E+02
     -8.110  0.0000E+00  0.6400E+02
     -8.092  0.0000E+00  0.6400E+02
     -8.074  0.0000E+00  0.6400E+02
     -8.055  0.0000E+00  0.6400E+02
     -8.037  0.0000E+00  0.6400E+02
     -8.019  0.0000E+00  0.6400E+02
     -8.000  0.0000E+00  0.6400E+02
     -7.982  0.0000E+00  0.6400E+02
     -7.964  0.0000E+00  0.6400E+02
     -7.945  0.0000E+00  0.6400E+02
     -7.927  0.0000E+00  0.6400E+02
     -7.909  0.0000E+00  0.6400E+02
     -7.890  0.0000E+00  0.6400E+02
     -7.872  0.0000E+00  0.6400E+02
     -7.854  0.0000E+00  0.6400E+02
     -7.836  0.0000E+00  0.6400E+02
     -7.817  0.0000E+00  0.6400E+02
     -7.799  0.0000E+00  0.6400E+02
     -7.781  0.0000E+00  0.6400E+02
     -7.762  0.0000E+00  0.6400E+02
     -7.744  0.0000E+00  0.6400E+02
     -7.726  0.0000E+00  0.6400E+02
     -7.707  0.0000E+00  0.6400E+02
     -7.689  0.0000E+00  0.6400E+02
     -7.671  0.0000E+00  0.6400E+02
     -7.652  0.0000E+00  0.6400E+02
     -7.634  0.0000E+00  0.6400E+02
     -7.616  0.0000E+00  0.6400E+02
     -7.597  0.0000E+00  0.6400E+02
     -7.579  0.0000E+00  0.6400E+02
     -7.561  0.0000E+00  0.6400E+02
     -7.542  0.0000E+00  0.6400E+02
     -7.524  0.0000E+00  0.6400E+02
     -7.506  0.0000E+00  0.6400E+02
     -7.488  0.0000E+00  0.6400E+02
     -7.469  0.0000E+00  0.6400E+02
     -7.451  0.0000E+00  0.6400E+02
     -7.433  0.0000E+00  0.6400E+02
     -7.414  0.0000E+00  0.6400E+02
     -7.396  0.0000E+00  0.6400E+02
     -7.378  0.0000E+00  0.6400E+02
     -7.359  0.0000E+00  0.6400E+02
     -7.341  0.0000E+00  0.6400E+02
     -7.323  0.0000E+00  0.6400E+02
     -7.304  0.0000E+00  0.6400E+02
     -7.286  0.0000E+00  0.6400E+02
     -7.268  0.0000E+00  0.6400E+02
     -7.249  0.0000E+00  0.6400E+02
     -7.231  0.0000E+00  0.6400E+02
     -7.213  0.0000E+00  0.6400E+02
     -7.194  0.0000E+00  0.6400E+02
     -7.176  0.0000E+00  0.6400E+02
     -7.158  0.0000E+00  0.6400E+02
     -7.140  0.0000E+00  0.6400E+02
     -7.121  0.0000E+00  0.6400E+02
     -7.103  0.0000E+00  0.6400E+02
     -7.085  0.0000E+00  0.6400E+02
     -7.066  0.0000E+00  0.6400E+02
     -7.048  0.0000E+00  0.6400E+02
     -7.030  0.0000E+00  0.6400E+02
     -7.011  0.0000E+00  0.6400E+02
     -6.993  0.0000E+00  0.6400E+02
     -6.975  0.0000E+00  0.6400E+02
     -6.956  0.0000E+00  0.6400E+02
     -6.938  0.0000E+00  0.6400E+02
     -6.920  0.0000E+00  0.6400E+02
     -6.901  0.0000E+00  0.6400E+02
     -6.883  0.0000E+00  0.6400E+02
     -6.865  0.0000E+00  0.6400E+02
     -6.846  0.0000E+00  0.6400E+02
     -6.828  0.0000E+00  0.6400E+02
     -6.810  0.0000E+00  0.6400E+02
     -6.792  0.0000E+00  0.6400E+02
     -6.773  0.0000E+00  0.6400E+02
     -6.755  0.0000E+00  0.6400E+02
     -6.737  0.0000E+00  0.6400E+02
     -6.718  0.0000E+00  0.6400E+02
     -6.700  0.0000E+00  0.6400E+02
     -6.682  0.0000E+00  0.6400E+02
     -6.663  0.0000E+00  0.6400E+02
     -6.645  0.0000E+00  0.6400E+02
     -6.627  0.0000E+00  0.6400E+02
     -6.608  0.0000E+00  0.6400E+02
     -6.590  0.0000E+00  0.6400E+02
     -6.572  0.0000E+00  0.6400E+02
     -6.553  0.0000E+00  0.6400E+02
     -6.535  0.0000E+00  0.6400E+02
     -6.517  0.0000E+00  0.6400E+02
     -6.498  0.0000E+00  0.6400E+02
     -6.480  0.0000E+00  0.6400E+02
     -6.462  0.0000E+00  0.6400E+02
     -6.443  0.0000E+00  0.6400E+02
     -6.425  0.0000E+00  0.6400E+02
     -6.407  0.0000E+00  0.6400E+02
     -6.389  0.0000E+00  0.6400E+02
     -6.370  0.0000E+00  0.6400E+02
     -6.352  0.0000E+00  0.6400E+02
     -6.334  0.0000E+00  0.6400E+02
     -6.315  0.0000E+00  0.6400E+02
     -6.297  0.0000E+00  0.6400E+02
     -6.279  0.0000E+00  0.6400E+02
     -6.260  0.0000E+00  0.6400E+02
     -6.242  0.0000E+00  0.6400E+02
     -6.224  0.0000E+00  0.6400E+02
     -6.205  0.0000E+00  0.6400E+02
     -6.187  0.0000E+00  0.6400E+02
     -6.169  0.0000E+00  0.6400E+02
     -6.150  0.0000E+00  0.6400E+02
     -6.132  0.0000E+00  0.6400E+02
     -6.114  0.0000E+00  0.6400E+02
     -6.095  0.0000E+00  0.6400E+02
     -6.077  0.0000E+00  0.6400E+02
     -6.059  0.0000E+00  0.6400E+02
     -6.041  0.0000E+00  0.6400E+02
     -6.022  0.0000E+00  0.6400E+02
     -6.004  0.0000E+00  0.6400E+02
     -5.986  0.0000E+00  0.6400E+02
     -5.967  0.0000E+00  0.6400E+02
     -5.949  0.0000E+00  0.6400E+02
     -5.931  0.0000E+00  0.6400E+02
     -5.912  0.0000E+00  0.6400E+02
     -5.894  0.0000E+00  0.6400E+02
     -5.876  0.0000E+00  0.6400E+02
     -5.857  0.0000E+00  0.6400E+02
     -5.839  0.0000E+00  0.6400E+02
     -5.821  0.0000E+00  0.6400E+02
     -5.802  0.0000E+00  0.6400E+02
     -5.784  0.0000E+00  0.6400E+02
     -5.766  0.0000E+00  0.6400E+02
     -5.747  0.0000E+00  0.6400E+02
     -5.729  0.0000E+00  0.6400E+02
     -5.711  0.0000E+00  0.6400E+02
     -5.693  0.0000E+00  0.6400E+02
     -5.674  0.0000E+00  0.6400E+02
     -5.656  0.0000E+00  0.6400E+02
     -5.638  0.0000E+00  0.6400E+02
     -5.619  0.0000E+00  0.6400E+02
     -5.601  0.0000E+00  0.6400E+02
     -5.583  0.0000E+00  0.6400E+02
     -5.564  0.0000E+00  0.6400E+02
     -5.546  0.0000E+00  0.6400E+02
     -5.528  0.0000E+00  0.6400E+02
     -5.509  0.0000E+00  0.6400E+02
     -5.491  0.0000E+00  0.6400E+02
     -5.473  0.0000E+00  0.6400E+02
     -5.454  0.0000E+00  0.6400E+02
     -5.436  0.0000E+00  0.6400E+02
     -5.418  0.0000E+00  0.6400E+02
     -5.399  0.0000E+00  0.6400E+02
     -5.381  0.0000E+00  0.6400E+02
     -5.363  0.0000E+00  0.6400E+02
     -5.345  0.0000E+00  0.6400E+02
     -5.326  0.0000E+00  0.6400E+02
     -5.308  0.0000E+00  0.6400E+02
     -5.290  0.0000E+00  0.6400E+02
     -5.271  0.0000E+00  0.6400E+02
     -5.253  0.0000E+00  0.6400E+02
     -5.235  0.0000E+00  0.6400E+02
     -5.216  0.0000E+00  0.6400E+02
     -5.198  0.0000E+00  0.6400E+02
     -5.180  0.0000E+00  0.6400E+02
     -5.161  0.0000E+00  0.6400E+02
     -5.143  0.0000E+00  0.6400E+02
     -5.125  0.0000E+00  0.6400E+02
     -5.106  0.0000E+00  0.6400E+02
     -5.088  0.0000E+00  0.6400E+02
     -5.070  0.0000E+00  0.6400E+02
     -5.051  0.0000E+00  0.6400E+02
     -5.033  0.0000E+00  0.6400E+02
     -5.015  0.0000E+00  0.6400E+02
     -4.997  0.0000E+00  0.6400E+02
     -4.978  0.0000E+00  0.6400E+02
     -4.960  0.0000E+00  0.6400E+02
     -4.942  0.0000E+00  0.6400E+02
     -4.923  0.0000E+00  0.6400E+02
     -4.905  0.0000E+00  0.6400E+02
     -4.887  0.0000E+00  0.6400E+02
     -4.868  0.0000E+00  0.6400E+02
     -4.850  0.0000E+00  0.6400E+02
     -4.832  0.0000E+00  0.6400E+02
     -4.813  0.0000E+00  0.6400E+02
     -4.795  0.0000E+00  0.6400E+02
     -4.777  0.0000E+00  0.6400E+02
     -4.758  0.0000E+00  0.6400E+02
     -4.740  0.0000E+00  0.6400E+02
     -4.722  0.0000E+00  0.6400E+02
     -4.703  0.0000E+00  0.6400E+02
     -4.685  0.0000E+00  0.6400E+02
     -4.667  0.0000E+00  0.6400E+02
     -4.649  0.0000E+00  0.6400E+02
     -4.630  0.0000E+00  0.6400E+02
     -4.612  0.0000E+00  0.6400E+02
     -4.594  0.0000E+00  0.6400E+02
     -4.575  0.0000E+00  0.6400E+02
     -4.557  0.0000E+00  0.6400E+02
     -4.539  0.0000E+00  0.6400E+02
     -4.520  0.0000E+00  0.6400E+02
     -4.502  0.0000E+00  0.6400E+02
     -4.484  0.0000E+00  0.6400E+02
     -4.465  0.0000E+00  0.6400E+02
     -4.447  0.0000E+00  0.6400E+02
     -4.429  0.0000E+00  0.6400E+02
     -4.410  0.0000E+00  0.6400E+02
     -4.392  0.0000E+00  0.6400E+02
     -4.374  0.0000E+00  0.6400E+02
     -4.355  0.0000E+00  0.6400E+02
     -4.337  0.0000E+00  0.6400E+02
     -4.319  0.0000E+00  0.6400E+02
     -4.300  0.0000E+00  0.6400E+02
     -4.282  0.0000E+00  0.6400E+02
     -4.264  0.0000E+00  0.6400E+02
     -4.246  0.0000E+00  0.6400E+02
     -4.227  0.0000E+00  0.6400E+02
     -4.209  0.0000E+00  0.6400E+02
     -4.191  0.0000E+00  0.6400E+02
     -4.172  0.0000E+00  0.6400E+02
     -4.154  0.0000E+00  0.6400E+02
     -4.136  0.0000E+00  0.6400E+02
     -4.117  0.0000E+00  0.6400E+02
     -4.099  0.0000E+00  0.6400E+02
     -4.081  0.0000E+00  0.6400E+02
     -4.062  0.0000E+00  0.6400E+02
     -4.044  0.0000E+00  0.6400E+02
     -4.026  0.0000E+00  0.6400E+02
     -4.007  0.0000E+00  0.6400E+02
     -3.989  0.0000E+00  0.6400E+02
     -3.971  0.0000E+00  0.6400E+02
     -3.952  0.0000E+00  0.6400E+02
     -3.934  0.0000E+00  0.6400E+02
     -3.916  0.0000E+00  0.6400E+02
     -3.898  0.0000E+00  0.6400E+02
     -3.879  0.0000E+00  0.6400E+02
     -3.861  0.0000E+00  0.6400E+02
     -3.843  0.0000E+00  0.6400E+02
     -3.824  0.0000E+00  0.6400E+02
     -3.806  0.0000E+00  0.6400E+02
     -3.788  0.0000E+00  0.6400E+02
     -3.769  0.0000E+00  0.6400E+02
     -3.751  0.0000E+00  0.6400E+02
     -3.733  0.0000E+00  0.6400E+02
     -3.714  0.0000E+00  0.6400E+02
     -3.696  0.0000E+00  0.6400E+02
     -3.678  0.0000E+00  0.6400E+02
     -3.659  0.0000E+00  0.6400E+02
     -3.641  0.0000E+00  0.6400E+02
     -3.623  0.0000E+00  0.6400E+02
     -3.604  0.0000E+00  0.6400E+02
     -3.586  0.0000E+00  0.6400E+02
     -3.568  0.0000E+00  0.6400E+02
     -3.550  0.0000E+00  0.6400E+02
     -3.531  0.0000E+00  0.6400E+02
     -3.513  0.0000E+00  0.6400E+02
     -3.495  0.0000E+00  0.6400E+02
     -3.476  0.0000E+00  0.6400E+02
     -3.458  0.0000E+00  0.6400E+02
     -3.440  0.0000E+00  0.6400E+02
     -3.421  0.0000E+00  0.6400E+02
     -3.403  0.0000E+00  0.6400E+02
     -3.385  0.0000E+00  0.6400E+02
     -3.366  0.0000E+00  0.6400E+02
     -3.348  0.0000E+00  0.6400E+02
     -3.330  0.0000E+00  0.6400E+02
     -3.311  0.0000E+00  0.6400E+02
     -3.293  0.0000E+00  0.6400E+02
     -3.275  0.0000E+00  0.6400E+02
     -3.256  0.0000E+00  0.6400E+02
     -3.238  0.0000E+00  0.6400E+02
     -3.220  0.0000E+00  0.6400E+02
     -3.202  0.0000E+00  0.6400E+02
     -3.183  0.0000E+00  0.6400E+02
     -3.165  0.0000E+00  0.6400E+02
     -3.147  0.0000E+00  0.6400E+02
     -3.128  0.0000E+00  0.6400E+02
     -3.110  0.0000E+00  0.6400E+02
     -3.092  0.0000E+00  0.6400E+02
     -3.073  0.0000E+00  0.6400E+02
     -3.055  0.0000E+00  0.6400E+02
     -3.037  0.0000E+00  0.6400E+02
     -3.018  0.0000E+00  0.6400E+02
     -3.000  0.0000E+00  0.6400E+02
     -2.982  0.0000E+00  0.6400E+02
     -2.963  0.0000E+00  0.6400E+02
     -2.945  0.0000E+00  0.6400E+02
     -2.927  0.0000E+00  0.6400E+02
     -2.908  0.0000E+00  0.6400E+02
     -2.890  0.0000E+00  0.6400E+02
     -2.872  0.0000E+00  0.6400E+02
     -2.854  0.0000E+00  0.6400E+02
     -2.835  0.0000E+00  0.6400E+02
     -2.817  0.0000E+00  0.6400E+02
     -2.799  0.0000E+00  0.6400E+02
     -2.780  0.0000E+00  0.6400E+02
     -2.762  0.0000E+00  0.6400E+02
     -2.744  0.0000E+00  0.6400E+02
     -2.725  0.0000E+00  0.6400E+02
     -2.707  0.0000E+00  0.6400E+02
     -2.689  0.0000E+00  0.6400E+02
     -2.670  0.0000E+00  0.6400E+02
     -2.652  0.0000E+00  0.6400E+02
     -2.634  0.0000E+00  0.6400E+02
     -2.615  0.0000E+00  0.6400E+02
     -2.597  0.0000E+00  0.6400E+02
     -2.579  0.0000E+00  0.6400E+02
     -2.560  0.0000E+00  0.6400E+02
     -2.542  0.0000E+00  0.6400E+02
     -2.524  0.0000E+00  0.6400E+02
     -2.506  0.0000E+00  0.6400E+02
     -2.487  0.0000E+00  0.6400E+02
     -2.469  0.0000E+00  0.6400E+02
     -2.451  0.0000E+00  0.6400E+02
     -2.432  0.0000E+00  0.6400E+02
     -2.414  0.0000E+00  0.6400E+02
     -2.396  0.0000E+00  0.6400E+02
     -2.377  0.0000E+00  0.6400E+02
     -2.359  0.0000E+00  0.6400E+02
     -2.341  0.0000E+00  0.6400E+02
     -2.322  0.0000E+00  0.6400E+02
     -2.304  0.0000E+00  0.6400E+02
     -2.286  0.0000E+00  0.6400E+02
     -2.267  0.0000E+00  0.6400E+02
     -2.249  0.0000E+00  0.6400E+02
     -2.231  0.0000E+00  0.6400E+02
     -2.212  0.0000E+00  0.6400E+02
     -2.194  0.0000E+00  0.6400E+02
     -2.176  0.0000E+00  0.6400E+02
     -2.157  0.0000E+00  0.6400E+02
     -2.139  0.0000E+00  0.6400E+02
     -2.121  0.0000E+00  0.6400E+02
     -2.103  0.0000E+00  0.6400E+02
     -2.084  0.0000E+00  0.6400E+02
     -2.066  0.0000E+00  0.6400E+02
     -2.048  0.0000E+00  0.6400E+02
     -2.029  0.0000E+00  0.6400E+02
     -2.011  0.0000E+00  0.6400E+02
     -1.993  0.0000E+00  0.6400E+02
     -1.974  0.0000E+00  0.6400E+02
     -1.956  0.0000E+00  0.6400E+02
     -1.938  0.0000E+00  0.6400E+02
     -1.919  0.0000E+00  0.6400E+02
     -1.901  0.0000E+00  0.6400E+02
     -1.883  0.0000E+00  0.6400E+02
     -1.864  0.0000E+00  0.6400E+02
     -1.846  0.0000E+00  0.6400E+02
     -1.828  0.0000E+00  0.6400E+02
     -1.809  0.0000E+00  0.6400E+02
     -1.791  0.0000E+00  0.6400E+02
     -1.773  0.0000E+00  0.6400E+02
     -1.755  0.0000E+00  0.6400E+02
     -1.736  0.0000E+00  0.6400E+02
     -1.718  0.0000E+00  0.6400E+02
     -1.700  0.0000E+00  0.6400E+02
     -1.681  0.0000E+00  0.6400E+02
     -1.663  0.0000E+00  0.6400E+02
     -1.645  0.0000E+00  0.6400E+02
     -1.626  0.0000E+00  0.6400E+02
     -1.608  0.0000E+00  0.6400E+02
     -1.590  0.0000E+00  0.6400E+02
     -1.571  0.0000E+00  0.6400E+02
     -1.553  0.0000E+00  0.6400E+02
     -1.535  0.0000E+00  0.6400E+02
     -1.516  0.0000E+00  0.6400E+02
     -1.498  0.0000E+00  0.6400E+02
     -1.480  0.0000E+00  0.6400E+02
     -1.461  0.0000E+00  0.6400E+02
     -1.443  0.0000E+00  0.6400E+02
     -1.425  0.0000E+00  0.6400E+02
     -1.407  0.0000E+00  0.6400E+02
     -1.388  0.0000E+00  0.6400E+02
     -1.370  0.0000E+00  0.6400E+02
     -1.352  0.0000E+00  0.6400E+02
     -1.333  0.0000E+00  0.6400E+02
     -1.315  0.0000E+00  0.6400E+02
     -1.297  0.0000E+00  0.6400E+02
     -1.278  0.1932E-04  0.6400E+02
     -1.260  0.6699E-02  0.6400E+02
     -1.242  0.2538E-01  0.6400E+02
     -1.223  0.5605E-01  0.6400E+02
     -1.205  0.9873E-01  0.6400E+02
     -1.187  0.1534E+00  0.6400E+02
     -1.168  0.2201E+00  0.6401E+02
     -1.150  0.3074E+00  0.6401E+02
     -1.132  0.4530E+00  0.6402E+02
     -1.113  0.6616E+00  0.6403E+02
     -1.095  0.9330E+00  0.6404E+02
     -1.077  0.1267E+01  0.6406E+02
     -1.059  0.1664E+01  0.6409E+02
     -1.040  0.2124E+01  0.6413E+02
     -1.022  0.2647E+01  0.6417E+02
     -1.004  0.3233E+01  0.6422E+02
     -0.985  0.3881E+01  0.6429E+02
     -0.967  0.4593E+01  0.6437E+02
     -0.949  0.5367E+01  0.6446E+02
     -0.930  0.6204E+01  0.6456E+02
     -0.912  0.7104E+01  0.6468E+02
     -0.894  0.8067E+01  0.6482E+02
     -0.875  0.9093E+01  0.6498E+02
     -0.857  0.1018E+02  0.6516E+02
     -0.839  0.1133E+02  0.6535E+02
     -0.820  0.1286E+02  0.6557E+02
     -0.802  0.1500E+02  0.6583E+02
     -0.784  0.1715E+02  0.6612E+02
     -0.765  0.1901E+02  0.6645E+02
     -0.747  0.2057E+02  0.6682E+02
     -0.729  0.2183E+02  0.6721E+02
     -0.711  0.2430E+02  0.6762E+02
     -0.692  0.3188E+02  0.6813E+02
     -0.674  0.3681E+02  0.6877E+02
     -0.656  0.4238E+02  0.6948E+02
     -0.637  0.5388E+02  0.7035E+02
     -0.619  0.6318E+02  0.7143E+02
     -0.601  0.6330E+02  0.7260E+02
     -0.582  0.6130E+02  0.7374E+02
     -0.564  0.5816E+02  0.7484E+02
     -0.546  0.5187E+02  0.7586E+02
     -0.527  0.4450E+02  0.7674E+02
     -0.509  0.3854E+02  0.7749E+02
     -0.491  0.3244E+02  0.7815E+02
     -0.472  0.2516E+02  0.7867E+02
     -0.454  0.1737E+02  0.7906E+02
     -0.436  0.1137E+02  0.7932E+02
     -0.417  0.7176E+01  0.7949E+02
     -0.399  0.4763E+01  0.7959E+02
     -0.381  0.6052E+01  0.7968E+02
     -0.363  0.1055E+02  0.7983E+02
     -0.344  0.2091E+02  0.8011E+02
     -0.326  0.3616E+02  0.8063E+02
     -0.308  0.4781E+02  0.8141E+02
     -0.289  0.5350E+02  0.8235E+02
     -0.271  0.5423E+02  0.8334E+02
     -0.253  0.5037E+02  0.8431E+02
     -0.234  0.4980E+02  0.8520E+02
     -0.216  0.8818E+02  0.8646E+02
     -0.198  0.6967E+02  0.8803E+02
     -0.179  0.4378E+02  0.8905E+02
     -0.161  0.6100E+02  0.9001E+02
     -0.143  0.6194E+02  0.9117E+02
     -0.124  0.4661E+02  0.9216E+02
     -0.106  0.4942E+02  0.9304E+02
     -0.088  0.5335E+02  0.9398E+02
     -0.069  0.5773E+02  0.9499E+02
     -0.051  0.6152E+02  0.9609E+02
     -0.033  0.6491E+02  0.9725E+02
     -0.014  0.6699E+02  0.9846E+02
      0.004  0.6846E+02  0.9970E+02
      0.022  0.6925E+02  0.1010E+03
      0.040  0.6928E+02  0.1022E+03
      0.059  0.6267E+02  0.1035E+03
      0.077  0.6105E+02  0.1046E+03
      0.095  0.5253E+02  0.1057E+03
      0.114  0.4126E+02  0.1065E+03
      0.132  0.3483E+02  0.1072E+03
      0.150  0.3110E+02  0.1078E+03
      0.169  0.2845E+02  0.1083E+03
      0.187  0.2824E+02  0.1089E+03
      0.205  0.2802E+02  0.1094E+03
      0.224  0.2805E+02  0.1099E+03
      0.242  0.2803E+02  0.1104E+03
      0.260  0.2794E+02  0.1109E+03
      0.279  0.2771E+02  0.1114E+03
      0.297  0.2746E+02  0.1119E+03
      0.315  0.2723E+02  0.1124E+03
      0.334  0.2703E+02  0.1129E+03
      0.352  0.2685E+02  0.1134E+03
      0.370  0.2670E+02  0.1139E+03
      0.388  0.2658E+02  0.1144E+03
      0.407  0.2648E+02  0.1149E+03
      0.425  0.2641E+02  0.1154E+03
      0.443  0.2636E+02  0.1159E+03
      0.462  0.2635E+02  0.1163E+03
      0.480  0.2636E+02  0.1168E+03
      0.498  0.2329E+02  0.1173E+03
      0.517  0.2105E+02  0.1177E+03
      0.535  0.2034E+02  0.1181E+03
      0.553  0.1802E+02  0.1184E+03
      0.572  0.1647E+02  0.1187E+03
      0.590  0.1515E+02  0.1190E+03
      0.608  0.1099E+02  0.1193E+03
      0.627  0.1117E+02  0.1195E+03
      0.645  0.1561E+02  0.1197E+03
      0.663  0.1902E+02  0.1200E+03
      0.682  0.2140E+02  0.1204E+03
      0.700  0.2275E+02  0.1208E+03
      0.718  0.2301E+02  0.1212E+03
      0.736  0.2216E+02  0.1216E+03
      0.755  0.2127E+02  0.1220E+03
      0.773  0.2374E+02  0.1224E+03
      0.791  0.2985E+02  0.1229E+03
      0.810  0.3276E+02  0.1235E+03
      0.828  0.3325E+02  0.1241E+03
      0.846  0.3153E+02  0.1247E+03
      0.865  0.2581E+02  0.1252E+03
      0.883  0.2425E+02  0.1257E+03
      0.901  0.2265E+02  0.1261E+03
      0.920  0.2168E+02  0.1265E+03
      0.938  0.2166E+02  0.1269E+03
      0.956  0.2268E+02  0.1273E+03
      0.975  0.2300E+02  0.1277E+03
      0.993  0.2270E+02  0.1282E+03
      1.011  0.2178E+02  0.1286E+03
      1.030  0.1983E+02  0.1290E+03
      1.048  0.1809E+02  0.1293E+03
      1.066  0.1685E+02  0.1296E+03
      1.084  0.1630E+02  0.1299E+03
      1.103  0.1618E+02  0.1302E+03
      1.121  0.1649E+02  0.1305E+03
      1.139  0.1703E+02  0.1308E+03
      1.158  0.1754E+02  0.1311E+03
      1.176  0.1799E+02  0.1315E+03
      1.194  0.1841E+02  0.1318E+03
      1.213  0.1878E+02  0.1321E+03
      1.231  0.1910E+02  0.1325E+03
      1.249  0.1938E+02  0.1328E+03
      1.268  0.1962E+02  0.1332E+03
      1.286  0.1981E+02  0.1336E+03
      1.304  0.1996E+02  0.1339E+03
      1.323  0.2006E+02  0.1343E+03
      1.341  0.2012E+02  0.1347E+03
      1.359  0.2013E+02  0.1350E+03
      1.378  0.2010E+02  0.1354E+03
      1.396  0.2002E+02  0.1358E+03
      1.414  0.1990E+02  0.1361E+03
      1.432  0.1974E+02  0.1365E+03
      1.451  0.1953E+02  0.1369E+03
      1.469  0.1928E+02  0.1372E+03
      1.487  0.1898E+02  0.1376E+03
      1.506  0.1864E+02  0.1379E+03
      1.524  0.1825E+02  0.1382E+03
      1.542  0.1860E+02  0.1386E+03
      1.561  0.2224E+02  0.1389E+03
      1.579  0.2512E+02  0.1394E+03
      1.597  0.2828E+02  0.1399E+03
      1.616  0.3039E+02  0.1404E+03
      1.634  0.3291E+02  0.1410E+03
      1.652  0.3394E+02  0.1416E+03
      1.671  0.3351E+02  0.1422E+03
      1.689  0.3198E+02  0.1428E+03
      1.707  0.3133E+02  0.1434E+03
      1.726  0.3215E+02  0.1440E+03
      1.744  0.3362E+02  0.1446E+03
      1.762  0.3429E+02  0.1452E+03
      1.780  0.3300E+02  0.1458E+03
      1.799  0.3160E+02  0.1464E+03
      1.817  0.4036E+02  0.1471E+03
      1.835  0.3747E+02  0.1483E+03
      1.854  0.4860E+02  0.1491E+03
      1.872  0.7607E+02  0.1502E+03
      1.890  0.5555E+02  0.1516E+03
      1.909  0.5743E+02  0.1526E+03
      1.927  0.5987E+02  0.1536E+03
      1.945  0.6033E+02  0.1547E+03
      1.964  0.5895E+02  0.1558E+03
      1.982  0.5622E+02  0.1569E+03
      2.000  0.5220E+02  0.1579E+03
      2.019  0.4667E+02  0.1588E+03
      2.037  0.4424E+02  0.1596E+03
      2.055  0.4317E+02  0.1604E+03
      2.074  0.4156E+02  0.1612E+03
      2.092  0.3942E+02  0.1619E+03
      2.110  0.3724E+02  0.1626E+03
      2.129  0.3785E+02  0.1633E+03
      2.147  0.3845E+02  0.1640E+03
      2.165  0.3884E+02  0.1647E+03
      2.183  0.3905E+02  0.1654E+03
      2.202  0.3906E+02  0.1662E+03
      2.220  0.3875E+02  0.1669E+03
      2.238  0.3812E+02  0.1676E+03
      2.257  0.3745E+02  0.1683E+03
      2.275  0.3702E+02  0.1690E+03
      2.293  0.3633E+02  0.1696E+03
      2.312  0.3575E+02  0.1703E+03
      2.330  0.3610E+02  0.1709E+03
      2.348  0.3901E+02  0.1716E+03
      2.367  0.4138E+02  0.1724E+03
      2.385  0.4265E+02  0.1731E+03
      2.403  0.4855E+02  0.1740E+03
      2.422  0.5466E+02  0.1749E+03
      2.440  0.6152E+02  0.1760E+03
      2.458  0.8215E+02  0.1772E+03
      2.477  0.1366E+03  0.1797E+03
      2.495  0.1407E+03  0.1826E+03
      2.513  0.4827E+02  0.1841E+03
      2.531  0.2281E+02  0.1847E+03
      2.550  0.9244E+02  0.1855E+03
      2.568  0.3345E+02  0.1865E+03
      2.586  0.4435E+02  0.1872E+03
      2.605  0.3910E+02  0.1880E+03
      2.623  0.1194E+03  0.1896E+03
      2.641  0.6228E+02  0.1909E+03
      2.660  0.8805E+02  0.1922E+03
      2.678  0.1025E+03  0.1940E+03
      2.696  0.6513E+02  0.1956E+03
      2.715  0.7854E+02  0.1969E+03
      2.733  0.9246E+02  0.1985E+03
      2.751  0.1058E+03  0.2003E+03
      2.770  0.1177E+03  0.2023E+03
      2.788  0.1148E+03  0.2045E+03
      2.806  0.9547E+02  0.2064E+03
      2.825  0.8188E+02  0.2080E+03
      2.843  0.8231E+02  0.2095E+03
      2.861  0.8711E+02  0.2111E+03
      2.879  0.7505E+02  0.2126E+03
      2.898  0.5348E+02  0.2137E+03
      2.916  0.3519E+02  0.2145E+03
      2.934  0.4273E+02  0.2152E+03
      2.953  0.5267E+02  0.2161E+03
      2.971  0.5509E+02  0.2171E+03
      2.989  0.5656E+02  0.2181E+03
      3.008  0.5554E+02  0.2191E+03
      3.026  0.5675E+02  0.2202E+03
      3.044  0.5928E+02  0.2212E+03
      3.063  0.5927E+02  0.2223E+03
      3.081  0.5858E+02  0.2234E+03
      3.099  0.6368E+02  0.2245E+03
      3.118  0.7086E+02  0.2257E+03
      3.136  0.8078E+02  0.2271E+03
      3.154  0.1095E+03  0.2288E+03
      3.173  0.1981E+03  0.2315E+03
      3.191  0.1863E+03  0.2351E+03
      3.209  0.8671E+02  0.2371E+03
      3.227  0.6189E+02  0.2385E+03
      3.246  0.7483E+02  0.2397E+03
      3.264  0.7704E+02  0.2411E+03
      3.282  0.7007E+02  0.2424E+03
      3.301  0.6030E+02  0.2436E+03
      3.319  0.4828E+02  0.2446E+03
      3.337  0.3862E+02  0.2454E+03
      3.356  0.3263E+02  0.2461E+03
      3.374  0.2720E+02  0.2466E+03
      3.392  0.2233E+02  0.2471E+03
      3.411  0.1803E+02  0.2474E+03
      3.429  0.1448E+02  0.2477E+03
      3.447  0.1189E+02  0.2480E+03
      3.466  0.9905E+01  0.2482E+03
      3.484  0.8528E+01  0.2483E+03
      3.502  0.7755E+01  0.2485E+03
      3.521  0.7586E+01  0.2486E+03
      3.539  0.1151E+02  0.2488E+03
      3.557  0.2114E+02  0.2491E+03
      3.575  0.2934E+02  0.2495E+03
      3.594  0.3408E+02  0.2501E+03
      3.612  0.3545E+02  0.2508E+03
      3.630  0.3347E+02  0.2514E+03
      3.649  0.3340E+02  0.2520E+03
      3.667  0.3904E+02  0.2527E+03
      3.685  0.3018E+02  0.2543E+03
      3.704  0.2409E+02  0.2548E+03
      3.722  0.1868E+02  0.2552E+03
      3.740  0.1395E+02  0.2555E+03
      3.759  0.9920E+01  0.2557E+03
      3.777  0.6571E+01  0.2558E+03
      3.795  0.3910E+01  0.2559E+03
      3.814  0.1936E+01  0.2560E+03
      3.832  0.6489E+00  0.2560E+03
      3.850  0.4869E-01  0.2560E+03
      3.869  0.0000E+00  0.2560E+03
      3.887  0.0000E+00  0.2560E+03
      3.905  0.0000E+00  0.2560E+03
      3.923  0.0000E+00  0.2560E+03
      3.942  0.0000E+00  0.2560E+03
      3.960  0.0000E+00  0.2560E+03
      3.978  0.0000E+00  0.2560E+03
      3.997  0.0000E+00  0.2560E+03
      4.015  0.0000E+00  0.2560E+03
      4.033  0.0000E+00  0.2560E+03
      4.052  0.0000E+00  0.2560E+03
      4.070  0.0000E+00  0.2560E+03
      4.088  0.0000E+00  0.2560E+03
      4.107  0.0000E+00  0.2560E+03
      4.125  0.0000E+00  0.2560E+03
      4.143  0.0000E+00  0.2560E+03
      4.162  0.0000E+00  0.2560E+03
      4.180  0.0000E+00  0.2560E+03
      4.198  0.0000E+00  0.2560E+03
      4.217  0.0000E+00  0.2560E+03
      4.235  0.0000E+00  0.2560E+03
      4.253  0.0000E+00  0.2560E+03
      4.271  0.0000E+00  0.2560E+03
      4.290  0.0000E+00  0.2560E+03
      4.308  0.0000E+00  0.2560E+03
      4.326  0.0000E+00  0.2560E+03
      4.345  0.0000E+00  0.2560E+03
      4.363  0.0000E+00  0.2560E+03
      4.381  0.0000E+00  0.2560E+03
      4.400  0.0000E+00  0.2560E+03
      4.418  0.0000E+00  0.2560E+03
      4.436  0.0000E+00  0.2560E+03
      4.455  0.0000E+00  0.2560E+03
      4.473  0.0000E+00  0.2560E+03
      4.491  0.0000E+00  0.2560E+03
      4.510  0.0000E+00  0.2560E+03
      4.528  0.0000E+00  0.2560E+03
      4.546  0.0000E+00  0.2560E+03
      4.565  0.0000E+00  0.2560E+03
      4.583  0.0000E+00  0.2560E+03
      4.601  0.0000E+00  0.2560E+03
      4.620  0.0000E+00  0.2560E+03
      4.638  0.0000E+00  0.2560E+03
      4.656  0.0000E+00  0.2560E+03
      4.674  0.0000E+00  0.2560E+03
      4.693  0.0000E+00  0.2560E+03
      4.711  0.0000E+00  0.2560E+03
      4.729  0.0000E+00  0.2560E+03
      4.748  0.0000E+00  0.2560E+03
      4.766  0.0000E+00  0.2560E+03
      4.784  0.0000E+00  0.2560E+03
      4.803  0.0000E+00  0.2560E+03
      4.821  0.0000E+00  0.2560E+03
      4.839  0.0000E+00  0.2560E+03
      4.858  0.0000E+00  0.2560E+03
      4.876  0.0000E+00  0.2560E+03
      4.894  0.0000E+00  0.2560E+03
      4.913  0.0000E+00  0.2560E+03
      4.931  0.0000E+00  0.2560E+03
      4.949  0.0000E+00  0.2560E+03
      4.968  0.0000E+00  0.2560E+03
      4.986  0.0000E+00  0.2560E+03
      5.004  0.0000E+00  0.2560E+03
      5.022  0.0000E+00  0.2560E+03
      5.041  0.0000E+00  0.2560E+03
      5.059  0.0000E+00  0.2560E+03
      5.077  0.0000E+00  0.2560E+03
      5.096  0.0000E+00  0.2560E+03
      5.114  0.0000E+00  0.2560E+03
      5.132  0.0000E+00  0.2560E+03
      5.151  0.0000E+00  0.2560E+03
      5.169  0.0000E+00  0.2560E+03
      5.187  0.0000E+00  0.2560E+03
      5.206  0.0000E+00  0.2560E+03
      5.224  0.0000E+00  0.2560E+03
      5.242  0.0000E+00  0.2560E+03
      5.261  0.0000E+00  0.2560E+03
      5.279  0.0000E+00  0.2560E+03
      5.297  0.0000E+00  0.2560E+03
      5.316  0.0000E+00  0.2560E+03
      5.334  0.0000E+00  0.2560E+03
      5.352  0.0000E+00  0.2560E+03
      5.370  0.0000E+00  0.2560E+03
      5.389  0.0000E+00  0.2560E+03
      5.407  0.0000E+00  0.2560E+03
      5.425  0.0000E+00  0.2560E+03
      5.444  0.0000E+00  0.2560E+03
      5.462  0.0000E+00  0.2560E+03
      5.480  0.0000E+00  0.2560E+03
      5.499  0.0000E+00  0.2560E+03
      5.517  0.0000E+00  0.2560E+03
      5.535  0.0000E+00  0.2560E+03
      5.554  0.0000E+00  0.2560E+03
      5.572  0.0000E+00  0.2560E+03
      5.590  0.0000E+00  0.2560E+03
      5.609  0.0000E+00  0.2560E+03
      5.627  0.0000E+00  0.2560E+03
      5.645  0.0000E+00  0.2560E+03
      5.664  0.0000E+00  0.2560E+03
      5.682  0.0000E+00  0.2560E+03
      5.700  0.0000E+00  0.2560E+03
      5.718  0.0000E+00  0.2560E+03
      5.737  0.0000E+00  0.2560E+03
      5.755  0.0000E+00  0.2560E+03
      5.773  0.0000E+00  0.2560E+03
      5.792  0.0000E+00  0.2560E+03
      5.810  0.0000E+00  0.2560E+03
      5.828  0.0000E+00  0.2560E+03
      5.847  0.0000E+00  0.2560E+03
      5.865  0.0000E+00  0.2560E+03
      5.883  0.0000E+00  0.2560E+03
      5.902  0.0000E+00  0.2560E+03
      5.920  0.0000E+00  0.2560E+03
      5.938  0.0000E+00  0.2560E+03
      5.957  0.0000E+00  0.2560E+03
      5.975  0.0000E+00  0.2560E+03
      5.993  0.0000E+00  0.2560E+03
      6.012  0.0000E+00  0.2560E+03
      6.030  0.0000E+00  0.2560E+03
      6.048  0.0000E+00  0.2560E+03
      6.066  0.0000E+00  0.2560E+03
      6.085  0.0000E+00  0.2560E+03
      6.103  0.0000E+00  0.2560E+03
      6.121  0.0000E+00  0.2560E+03
      6.140  0.0000E+00  0.2560E+03
      6.158  0.0000E+00  0.2560E+03
      6.176  0.0000E+00  0.2560E+03
      6.195  0.0000E+00  0.2560E+03
      6.213  0.0000E+00  0.2560E+03
      6.231  0.0000E+00  0.2560E+03
      6.250  0.0000E+00  0.2560E+03
      6.268  0.0000E+00  0.2560E+03
      6.286  0.0000E+00  0.2560E+03
      6.305  0.0000E+00  0.2560E+03
      6.323  0.0000E+00  0.2560E+03
      6.341  0.0000E+00  0.2560E+03
      6.360  0.0000E+00  0.2560E+03
      6.378  0.0000E+00  0.2560E+03
      6.396  0.0000E+00  0.2560E+03
      6.414  0.0000E+00  0.2560E+03
      6.433  0.0000E+00  0.2560E+03
      6.451  0.0000E+00  0.2560E+03
      6.469  0.0000E+00  0.2560E+03
      6.488  0.0000E+00  0.2560E+03
      6.506  0.0000E+00  0.2560E+03
      6.524  0.0000E+00  0.2560E+03
      6.543  0.0000E+00  0.2560E+03
      6.561  0.0000E+00  0.2560E+03
      6.579  0.0000E+00  0.2560E+03
      6.598  0.0000E+00  0.2560E+03
      6.616  0.0000E+00  0.2560E+03
      6.634  0.0000E+00  0.2560E+03
      6.653  0.0000E+00  0.2560E+03
      6.671  0.0000E+00  0.2560E+03
      6.689  0.0000E+00  0.2560E+03
      6.708  0.0000E+00  0.2560E+03
      6.726  0.0000E+00  0.2560E+03
      6.744  0.0000E+00  0.2560E+03
      6.763  0.0000E+00  0.2560E+03
      6.781  0.0000E+00  0.2560E+03
      6.799  0.0000E+00  0.2560E+03
      6.817  0.0000E+00  0.2560E+03
      6.836  0.0000E+00  0.2560E+03
      6.854  0.0000E+00  0.2560E+03
      6.872  0.0000E+00  0.2560E+03
      6.891  0.0000E+00  0.2560E+03
      6.909  0.0000E+00  0.2560E+03
      6.927  0.0000E+00  0.2560E+03
      6.946  0.0000E+00  0.2560E+03
      6.964  0.0000E+00  0.2560E+03
      6.982  0.0000E+00  0.2560E+03
      7.001  0.0000E+00  0.2560E+03
      7.019  0.0000E+00  0.2560E+03
      7.037  0.0000E+00  0.2560E+03
      7.056  0.0000E+00  0.2560E+03
      7.074  0.0000E+00  0.2560E+03
      7.092  0.0000E+00  0.2560E+03
      7.111  0.0000E+00  0.2560E+03
      7.129  0.0000E+00  0.2560E+03
      7.147  0.0000E+00  0.2560E+03
      7.165  0.0000E+00  0.2560E+03
      7.184  0.0000E+00  0.2560E+03
      7.202  0.0000E+00  0.2560E+03
      7.220  0.0000E+00  0.2560E+03
      7.239  0.0000E+00  0.2560E+03
      7.257  0.0000E+00  0.2560E+03
      7.275  0.0000E+00  0.2560E+03
      7.294  0.0000E+00  0.2560E+03
      7.312  0.0000E+00  0.2560E+03
      7.330  0.0000E+00  0.2560E+03
      7.349  0.0000E+00  0.2560E+03
      7.367  0.0000E+00  0.2560E+03
      7.385  0.0000E+00  0.2560E+03
      7.404  0.0000E+00  0.2560E+03
      7.422  0.0000E+00  0.2560E+03
      7.440  0.0000E+00  0.2560E+03
      7.459  0.0000E+00  0.2560E+03
      7.477  0.0000E+00  0.2560E+03
      7.495  0.0000E+00  0.2560E+03
      7.513  0.0000E+00  0.2560E+03
      7.532  0.0000E+00  0.2560E+03
      7.550  0.0000E+00  0.2560E+03
      7.568  0.0000E+00  0.2560E+03
      7.587  0.0000E+00  0.2560E+03
      7.605  0.0000E+00  0.2560E+03
      7.623  0.0000E+00  0.2560E+03
      7.642  0.0000E+00  0.2560E+03
      7.660  0.0000E+00  0.2560E+03
      7.678  0.0000E+00  0.2560E+03
      7.697  0.0000E+00  0.2560E+03
      7.715  0.0000E+00  0.2560E+03
      7.733  0.0000E+00  0.2560E+03
      7.752  0.0000E+00  0.2560E+03
      7.770  0.0000E+00  0.2560E+03
      7.788  0.0000E+00  0.2560E+03
      7.807  0.0000E+00  0.2560E+03
      7.825  0.0000E+00  0.2560E+03
      7.843  0.0000E+00  0.2560E+03
      7.861  0.0000E+00  0.2560E+03
      7.880  0.0000E+00  0.2560E+03
      7.898  0.0000E+00  0.2560E+03
      7.916  0.0000E+00  0.2560E+03
      7.935  0.0000E+00  0.2560E+03
      7.953  0.0000E+00  0.2560E+03
      7.971  0.0000E+00  0.2560E+03
      7.990  0.0000E+00  0.2560E+03
      8.008  0.0000E+00  0.2560E+03
      8.026  0.0000E+00  0.2560E+03
      8.045  0.0000E+00  0.2560E+03
      8.063  0.0000E+00  0.2560E+03
      8.081  0.0000E+00  0.2560E+03
      8.100  0.0000E+00  0.2560E+03
      8.118  0.0000E+00  0.2560E+03
      8.136  0.0000E+00  0.2560E+03
      8.155  0.0000E+00  0.2560E+03
      8.173  0.0000E+00  0.2560E+03
      8.191  0.0000E+00  0.2560E+03
      8.209  0.0000E+00  0.2560E+03
      8.228  0.0000E+00  0.2560E+03
      8.246  0.0000E+00  0.2560E+03
      8.264  0.0000E+00  0.2560E+03
      8.283  0.0000E+00  0.2560E+03
      8.301  0.0000E+00  0.2560E+03
      8.319  0.0000E+00  0.2560E+03
      8.338  0.0000E+00  0.2560E+03
      8.356  0.0000E+00  0.2560E+03
      8.374  0.0000E+00  0.2560E+03
      8.393  0.0000E+00  0.2560E+03
      8.411  0.0000E+00  0.2560E+03
      8.429  0.0000E+00  0.2560E+03
      8.448  0.0000E+00  0.2560E+03
      8.466  0.0000E+00  0.2560E+03
      8.484  0.0000E+00  0.2560E+03
      8.503  0.0000E+00  0.2560E+03
      8.521  0.0000E+00  0.2560E+03
      8.539  0.0000E+00  0.2560E+03
      8.557  0.0000E+00  0.2560E+03
      8.576  0.0000E+00  0.2560E+03
      8.594  0.0000E+00  0.2560E+03
      8.612  0.0000E+00  0.2560E+03
      8.631  0.0000E+00  0.2560E+03
      8.649  0.0000E+00  0.2560E+03
      8.667  0.0000E+00  0.2560E+03
      8.686  0.0000E+00  0.2560E+03
      8.704  0.0000E+00  0.2560E+03
      8.722  0.0000E+00  0.2560E+03
      8.741  0.0000E+00  0.2560E+03
      8.759  0.0000E+00  0.2560E+03
      8.777  0.0000E+00  0.2560E+03
      8.796  0.0000E+00  0.2560E+03
      8.814  0.0000E+00  0.2560E+03
      8.832  0.0000E+00  0.2560E+03
      8.851  0.0000E+00  0.2560E+03
      8.869  0.0000E+00  0.2560E+03
      8.887  0.0000E+00  0.2560E+03
      8.906  0.0000E+00  0.2560E+03
      8.924  0.0000E+00  0.2560E+03
      8.942  0.0000E+00  0.2560E+03
      8.960  0.0000E+00  0.2560E+03
      8.979  0.0000E+00  0.2560E+03
      8.997  0.0000E+00  0.2560E+03
      9.015  0.0000E+00  0.2560E+03
      9.034  0.0000E+00  0.2560E+03
      9.052  0.0000E+00  0.2560E+03
      9.070  0.0000E+00  0.2560E+03
      9.089  0.0000E+00  0.2560E+03
      9.107  0.0000E+00  0.2560E+03
      9.125  0.0000E+00  0.2560E+03
      9.144  0.0000E+00  0.2560E+03
      9.162  0.0000E+00  0.2560E+03
      9.180  0.0000E+00  0.2560E+03
      9.199  0.0000E+00  0.2560E+03
      9.217  0.0000E+00  0.2560E+03
      9.235  0.0000E+00  0.2560E+03
      9.254  0.0000E+00  0.2560E+03
      9.272  0.0000E+00  0.2560E+03
      9.290  0.0000E+00  0.2560E+03
      9.308  0.0000E+00  0.2560E+03
      9.327  0.0000E+00  0.2560E+03
      9.345  0.0000E+00  0.2560E+03
      9.363  0.0000E+00  0.2560E+03
      9.382  0.0000E+00  0.2560E+03
      9.400  0.0000E+00  0.2560E+03
      9.418  0.0000E+00  0.2560E+03
      9.437  0.0000E+00  0.2560E+03
      9.455  0.0000E+00  0.2560E+03
      9.473  0.0000E+00  0.2560E+03
      9.492  0.0000E+00  0.2560E+03
      9.510  0.0000E+00  0.2560E+03
      9.528  0.0000E+00  0.2560E+03
      9.547  0.0000E+00  0.2560E+03
      9.565  0.0000E+00  0.2560E+03
      9.583  0.0000E+00  0.2560E+03
      9.602  0.9804E-05  0.2560E+03
      9.620  0.1366E-02  0.2560E+03
      9.638  0.5011E-02  0.2560E+03
      9.656  0.1094E-01  0.2560E+03
      9.675  0.1917E-01  0.2560E+03
      9.693  0.2968E-01  0.2560E+03
      9.711  0.4248E-01  0.2560E+03
      9.730  0.5756E-01  0.2560E+03
      9.748  0.7494E-01  0.2560E+03
      9.766  0.9460E-01  0.2560E+03
      9.785  0.1166E+00  0.2560E+03
      9.803  0.1408E+00  0.2560E+03
      9.821  0.1673E+00  0.2560E+03
      9.840  0.1961E+00  0.2560E+03
      9.858  0.2273E+00  0.2560E+03
      9.876  0.2607E+00  0.2560E+03
      9.895  0.2963E+00  0.2560E+03
      9.913  0.3343E+00  0.2560E+03
      9.931  0.3746E+00  0.2560E+03
      9.950  0.4171E+00  0.2560E+03
      9.968  0.4620E+00  0.2561E+03
      9.986  0.5091E+00  0.2561E+03
     10.004  0.5585E+00  0.2561E+03
     10.023  0.6102E+00  0.2561E+03
     10.041  0.6642E+00  0.2561E+03
     10.059  0.7205E+00  0.2561E+03
     10.078  0.7791E+00  0.2561E+03
     10.096  0.8399E+00  0.2561E+03
     10.114  0.9031E+00  0.2562E+03
     10.133  0.9685E+00  0.2562E+03
     10.151  0.1036E+01  0.2562E+03
     10.169  0.1106E+01  0.2562E+03
     10.188  0.1179E+01  0.2562E+03
     10.206  0.1253E+01  0.2563E+03
     10.224  0.1330E+01  0.2563E+03
     10.243  0.1409E+01  0.2563E+03
     10.261  0.1491E+01  0.2563E+03
     10.279  0.1574E+01  0.2564E+03
     10.298  0.1660E+01  0.2564E+03
     10.316  0.1749E+01  0.2564E+03
     10.334  0.1839E+01  0.2565E+03
     10.352  0.1932E+01  0.2565E+03
     10.371  0.2027E+01  0.2565E+03
     10.389  0.2125E+01  0.2566E+03
     10.407  0.2225E+01  0.2566E+03
     10.426  0.2597E+01  0.2566E+03
     10.444  0.2973E+01  0.2567E+03
     10.462  0.3313E+01  0.2568E+03
     10.481  0.3617E+01  0.2568E+03
     10.499  0.3886E+01  0.2569E+03
     10.517  0.4119E+01  0.2570E+03
     10.536  0.4316E+01  0.2570E+03
     10.554  0.4477E+01  0.2571E+03
     10.572  0.4603E+01  0.2572E+03
     10.591  0.4693E+01  0.2573E+03
     10.609  0.4747E+01  0.2574E+03
     10.627  0.4766E+01  0.2575E+03
     10.646  0.4748E+01  0.2575E+03
     10.664  0.4695E+01  0.2576E+03
     10.682  0.4607E+01  0.2577E+03
     10.700  0.4482E+01  0.2578E+03
     10.719  0.4322E+01  0.2579E+03
     10.737  0.3113E+01  0.2580E+03
     10.755  0.1083E+01  0.2580E+03
     10.774  0.1004E+00  0.2580E+03
     10.792  0.0000E+00  0.2580E+03
     10.810  0.0000E+00  0.2580E+03
     10.829  0.0000E+00  0.2580E+03
     10.847  0.0000E+00  0.2580E+03
     10.865  0.0000E+00  0.2580E+03
     10.884  0.0000E+00  0.2580E+03
     10.902  0.0000E+00  0.2580E+03
     10.920  0.0000E+00  0.2580E+03
     10.939  0.0000E+00  0.2580E+03
     10.957  0.0000E+00  0.2580E+03
     10.975  0.0000E+00  0.2580E+03
     10.994  0.0000E+00  0.2580E+03
     11.012  0.0000E+00  0.2580E+03
     11.030  0.0000E+00  0.2580E+03
     11.049  0.0000E+00  0.2580E+03
     11.067  0.0000E+00  0.2580E+03
     11.085  0.0000E+00  0.2580E+03
     11.103  0.0000E+00  0.2580E+03
     11.122  0.0000E+00  0.2580E+03
     11.140  0.0000E+00  0.2580E+03
     11.158  0.0000E+00  0.2580E+03
     11.177  0.0000E+00  0.2580E+03
     11.195  0.0000E+00  0.2580E+03
     11.213  0.0000E+00  0.2580E+03
     11.232  0.0000E+00  0.2580E+03
     11.250  0.0000E+00  0.2580E+03
     11.268  0.0000E+00  0.2580E+03
     11.287  0.0000E+00  0.2580E+03
     11.305  0.0000E+00  0.2580E+03
     11.323  0.0000E+00  0.2580E+03
     11.342  0.0000E+00  0.2580E+03
     11.360  0.0000E+00  0.2580E+03
     11.378  0.0000E+00  0.2580E+03
     11.397  0.0000E+00  0.2580E+03
     11.415  0.5890E-01  0.2580E+03
     11.433  0.3186E+00  0.2580E+03
     11.451  0.5697E+00  0.2580E+03
     11.470  0.8123E+00  0.2580E+03
     11.488  0.1046E+01  0.2580E+03
     11.506  0.1272E+01  0.2581E+03
     11.525  0.1489E+01  0.2581E+03
     11.543  0.1697E+01  0.2581E+03
     11.561  0.1897E+01  0.2582E+03
     11.580  0.2088E+01  0.2582E+03
     11.598  0.2271E+01  0.2582E+03
     11.616  0.2445E+01  0.2583E+03
     11.635  0.2611E+01  0.2583E+03
     11.653  0.2768E+01  0.2584E+03
     11.671  0.2917E+01  0.2584E+03
     11.690  0.3057E+01  0.2585E+03
     11.708  0.3188E+01  0.2585E+03
     11.726  0.3311E+01  0.2586E+03
     11.745  0.3426E+01  0.2587E+03
     11.763  0.3531E+01  0.2587E+03
     11.781  0.3629E+01  0.2588E+03
     11.799  0.3717E+01  0.2588E+03
     11.818  0.3798E+01  0.2589E+03
     11.836  0.3869E+01  0.2590E+03
     11.854  0.3932E+01  0.2591E+03
     11.873  0.3987E+01  0.2591E+03
     11.891  0.4033E+01  0.2592E+03
     11.909  0.4070E+01  0.2593E+03
     11.928  0.4099E+01  0.2594E+03
     11.946  0.4120E+01  0.2594E+03
     11.964  0.4131E+01  0.2595E+03
     11.983  0.4135E+01  0.2596E+03
     12.001  0.3698E+01  0.2597E+03
     12.019  0.3094E+01  0.2597E+03
     12.038  0.2572E+01  0.2598E+03
     12.056  0.2129E+01  0.2598E+03
     12.074  0.2453E+01  0.2598E+03
     12.093  0.2934E+01  0.2599E+03
     12.111  0.3330E+01  0.2600E+03
     12.129  0.3590E+01  0.2600E+03
     12.147  0.3712E+01  0.2601E+03
     12.166  0.3711E+01  0.2602E+03
     12.184  0.3697E+01  0.2602E+03
     12.202  0.3688E+01  0.2603E+03
     12.221  0.3689E+01  0.2604E+03
     12.239  0.3717E+01  0.2604E+03
     12.257  0.3774E+01  0.2605E+03
     12.276  0.3859E+01  0.2606E+03
     12.294  0.3972E+01  0.2606E+03
     12.312  0.4114E+01  0.2607E+03
     12.331  0.4284E+01  0.2608E+03
     12.349  0.4483E+01  0.2609E+03
     12.367  0.4700E+01  0.2610E+03
     12.386  0.4931E+01  0.2610E+03
     12.404  0.5174E+01  0.2611E+03
     12.422  0.5430E+01  0.2612E+03
     12.441  0.5700E+01  0.2613E+03
     12.459  0.5982E+01  0.2614E+03
     12.477  0.6278E+01  0.2616E+03
     12.495  0.6586E+01  0.2617E+03
     12.514  0.6907E+01  0.2618E+03
     12.532  0.7241E+01  0.2619E+03
     12.550  0.7589E+01  0.2621E+03
     12.569  0.7949E+01  0.2622E+03
     12.587  0.8322E+01  0.2623E+03
     12.605  0.9597E+01  0.2625E+03
     12.624  0.1145E+02  0.2627E+03
     12.642  0.1261E+02  0.2629E+03
     12.660  0.1313E+02  0.2632E+03
     12.679  0.1356E+02  0.2634E+03
     12.697  0.1376E+02  0.2637E+03
     12.715  0.1291E+02  0.2639E+03
     12.734  0.1101E+02  0.2641E+03
     12.752  0.8475E+01  0.2643E+03
     12.770  0.7253E+01  0.2644E+03
     12.789  0.7866E+01  0.2646E+03
     12.807  0.8280E+01  0.2647E+03
     12.825  0.8494E+01  0.2649E+03
     12.843  0.8508E+01  0.2650E+03
     12.862  0.8323E+01  0.2652E+03
     12.880  0.7938E+01  0.2653E+03
     12.898  0.7354E+01  0.2655E+03
     12.917  0.6571E+01  0.2656E+03
     12.935  0.5588E+01  0.2657E+03
     12.953  0.4500E+01  0.2658E+03
     12.972  0.3490E+01  0.2659E+03
     12.990  0.2568E+01  0.2659E+03
     13.008  0.1732E+01  0.2660E+03
     13.027  0.9837E+00  0.2660E+03
     13.045  0.4089E+00  0.2660E+03
     13.063  0.5712E+00  0.2660E+03
     13.082  0.7659E+00  0.2660E+03
     13.100  0.9940E+00  0.2661E+03
     13.118  0.1256E+01  0.2661E+03
     13.137  0.1551E+01  0.2661E+03
     13.155  0.1879E+01  0.2661E+03
     13.173  0.2242E+01  0.2662E+03
     13.192  0.2637E+01  0.2662E+03
     13.210  0.3067E+01  0.2663E+03
     13.228  0.3529E+01  0.2663E+03
     13.246  0.4025E+01  0.2664E+03
     13.265  0.4555E+01  0.2665E+03
     13.283  0.5118E+01  0.2666E+03
     13.301  0.8633E+01  0.2667E+03
     13.320  0.1211E+02  0.2669E+03
     13.338  0.1429E+02  0.2671E+03
     13.356  0.1515E+02  0.2674E+03
     13.375  0.1471E+02  0.2677E+03
     13.393  0.1296E+02  0.2679E+03
     13.411  0.9902E+01  0.2681E+03
     13.430  0.6446E+01  0.2683E+03
     13.448  0.5623E+01  0.2684E+03
     13.466  0.5003E+01  0.2685E+03
     13.485  0.4589E+01  0.2686E+03
     13.503  0.4378E+01  0.2687E+03
     13.521  0.4372E+01  0.2687E+03
     13.540  0.4570E+01  0.2688E+03
     13.558  0.4892E+01  0.2689E+03
     13.576  0.5228E+01  0.2690E+03
     13.594  0.5608E+01  0.2691E+03
     13.613  0.6085E+01  0.2692E+03
     13.631  0.6639E+01  0.2693E+03
     13.649  0.7191E+01  0.2694E+03
     13.668  0.7695E+01  0.2696E+03
     13.686  0.8150E+01  0.2697E+03
     13.704  0.8558E+01  0.2699E+03
     13.723  0.8917E+01  0.2700E+03
     13.741  0.9229E+01  0.2702E+03
     13.759  0.9493E+01  0.2704E+03
     13.778  0.9708E+01  0.2705E+03
     13.796  0.9876E+01  0.2707E+03
     13.814  0.9995E+01  0.2709E+03
     13.833  0.1007E+02  0.2711E+03
     13.851  0.1009E+02  0.2713E+03
     13.869  0.1007E+02  0.2715E+03
     13.888  0.9993E+01  0.2716E+03
     13.906  0.9872E+01  0.2718E+03
     13.924  0.9722E+01  0.2720E+03
     13.942  0.1100E+02  0.2722E+03
     13.961  0.1395E+02  0.2724E+03
     13.979  0.1755E+02  0.2727E+03
     13.997  0.2133E+02  0.2731E+03
     14.016  0.2530E+02  0.2735E+03
     14.034  0.2944E+02  0.2740E+03
     14.052  0.3896E+02  0.2746E+03
     14.071  0.3593E+02  0.2753E+03
     14.089  0.2017E+02  0.2759E+03
     14.107  0.1892E+02  0.2762E+03
     14.126  0.1639E+02  0.2765E+03
     14.144  0.1260E+02  0.2768E+03
     14.162  0.9560E+01  0.2770E+03
     14.181  0.1040E+02  0.2772E+03
     14.199  0.1123E+02  0.2774E+03
     14.217  0.0000E+00  0.2780E+03
     14.236  0.0000E+00  0.2780E+03
     14.254  0.6352E+01  0.2780E+03
     14.272  0.1276E+02  0.2782E+03
     14.290  0.1756E+02  0.2785E+03
     14.309  0.1668E+02  0.2788E+03
     14.327  0.2122E+02  0.2792E+03
     14.345  0.2538E+02  0.2796E+03
     14.364  0.2692E+02  0.2801E+03
     14.382  0.2585E+02  0.2806E+03
     14.400  0.2218E+02  0.2810E+03
     14.419  0.1873E+02  0.2814E+03
     14.437  0.1685E+02  0.2817E+03
     14.455  0.1522E+02  0.2820E+03
     14.474  0.1505E+02  0.2823E+03
     14.492  0.1486E+02  0.2825E+03
     14.510  0.1463E+02  0.2828E+03
     14.529  0.1437E+02  0.2831E+03
     14.547  0.1408E+02  0.2833E+03
     14.565  0.1376E+02  0.2836E+03
     14.584  0.1336E+02  0.2838E+03
     14.602  0.1285E+02  0.2841E+03
     14.620  0.1224E+02  0.2843E+03
     14.638  0.1153E+02  0.2845E+03
     14.657  0.1273E+02  0.2848E+03
     14.675  0.1338E+02  0.2850E+03
     14.693  0.1343E+02  0.2852E+03
     14.712  0.1288E+02  0.2855E+03
     14.730  0.1361E+02  0.2857E+03
     14.748  0.1561E+02  0.2860E+03
     14.767  0.1578E+02  0.2863E+03
     14.785  0.1619E+02  0.2866E+03
     14.803  0.1661E+02  0.2869E+03
     14.822  0.1699E+02  0.2872E+03
     14.840  0.1734E+02  0.2875E+03
     14.858  0.1765E+02  0.2878E+03
     14.877  0.1792E+02  0.2881E+03
     14.895  0.1816E+02  0.2885E+03
     14.913  0.1835E+02  0.2888E+03
     14.932  0.1851E+02  0.2891E+03
     14.950  0.1862E+02  0.2895E+03
     14.968  0.1867E+02  0.2898E+03
     14.986  0.1866E+02  0.2902E+03
     15.005  0.1857E+02  0.2905E+03
     15.023  0.1759E+02  0.2908E+03
     15.041  0.1630E+02  0.2912E+03
     15.060  0.1665E+02  0.2915E+03
     15.078  0.1746E+02  0.2918E+03
     15.096  0.1858E+02  0.2921E+03
     15.115  0.1962E+02  0.2924E+03
     15.133  0.2056E+02  0.2928E+03
     15.151  0.1869E+02  0.2932E+03
     15.170  0.2202E+02  0.2935E+03
     15.188  0.2564E+02  0.2940E+03
     15.206  0.2510E+02  0.2944E+03
     15.225  0.2755E+02  0.2949E+03
     15.243  0.2995E+02  0.2954E+03
     15.261  0.3190E+02  0.2960E+03
     15.280  0.3263E+02  0.2966E+03
     15.298  0.3180E+02  0.2972E+03
     15.316  0.2901E+02  0.2977E+03
     15.335  0.2554E+02  0.2982E+03
     15.353  0.2109E+02  0.2987E+03
     15.371  0.2083E+02  0.2991E+03
     15.389  0.2011E+02  0.2994E+03
     15.408  0.1898E+02  0.2998E+03
     15.426  0.1783E+02  0.3001E+03
     15.444  0.1802E+02  0.3005E+03
     15.463  0.1614E+02  0.3008E+03
     15.481  0.1636E+02  0.3011E+03
     15.499  0.2168E+02  0.3014E+03
     15.518  0.2365E+02  0.3018E+03
     15.536  0.2212E+02  0.3022E+03
     15.554  0.2207E+02  0.3026E+03
     15.573  0.2259E+02  0.3031E+03
     15.591  0.2315E+02  0.3035E+03
     15.609  0.2386E+02  0.3039E+03
     15.628  0.2165E+02  0.3043E+03
     15.646  0.2030E+02  0.3047E+03
     15.664  0.1876E+02  0.3051E+03
     15.683  0.1686E+02  0.3054E+03
     15.701  0.1458E+02  0.3057E+03
     15.719  0.1281E+02  0.3059E+03
     15.737  0.1213E+02  0.3062E+03
     15.756  0.1134E+02  0.3064E+03
     15.774  0.1045E+02  0.3066E+03
     15.792  0.1255E+02  0.3068E+03
     15.811  0.1538E+02  0.3070E+03
     15.829  0.1840E+02  0.3073E+03
     15.847  0.2815E+02  0.3077E+03
     15.866  0.3199E+02  0.3084E+03
     15.884  0.1114E+02  0.3087E+03
     15.902  0.1415E+02  0.3089E+03
     15.921  0.1919E+02  0.3092E+03
     15.939  0.2320E+02  0.3096E+03
     15.957  0.2468E+02  0.3100E+03
     15.976  0.2372E+02  0.3105E+03
     15.994  0.2032E+02  0.3109E+03
     16.012  0.2230E+02  0.3112E+03
     16.031  0.3071E+02  0.3118E+03
     16.049  0.1723E+01  0.3121E+03
     16.067  0.2403E+01  0.3121E+03
     16.085  0.3117E+01  0.3121E+03
     16.104  0.3804E+01  0.3122E+03
     16.122  0.4559E+01  0.3123E+03
     16.140  0.5400E+01  0.3124E+03
     16.159  0.6308E+01  0.3125E+03
     16.177  0.7014E+01  0.3126E+03
     16.195  0.7791E+01  0.3127E+03
     16.214  0.8649E+01  0.3129E+03
     16.232  0.9664E+01  0.3131E+03
     16.250  0.1043E+02  0.3132E+03
     16.269  0.1096E+02  0.3134E+03
     16.287  0.1149E+02  0.3136E+03
     16.305  0.1204E+02  0.3139E+03
     16.324  0.1259E+02  0.3141E+03
     16.342  0.1315E+02  0.3143E+03
     16.360  0.1368E+02  0.3146E+03
     16.379  0.1368E+02  0.3148E+03
     16.397  0.1375E+02  0.3151E+03
     16.415  0.1387E+02  0.3153E+03
     16.433  0.1405E+02  0.3156E+03
     16.452  0.1428E+02  0.3158E+03
     16.470  0.1458E+02  0.3161E+03
     16.488  0.1470E+02  0.3164E+03
     16.507  0.1417E+02  0.3166E+03
     16.525  0.1429E+02  0.3169E+03
     16.543  0.1431E+02  0.3172E+03
     16.562  0.1424E+02  0.3174E+03
     16.580  0.1469E+02  0.3177E+03
     16.598  0.1501E+02  0.3180E+03
     16.617  0.1529E+02  0.3182E+03
     16.635  0.1552E+02  0.3185E+03
     16.653  0.1571E+02  0.3188E+03
     16.672  0.1629E+02  0.3191E+03
     16.690  0.1726E+02  0.3194E+03
     16.708  0.1809E+02  0.3197E+03
     16.727  0.1875E+02  0.3201E+03
     16.745  0.1980E+02  0.3204E+03
     16.763  0.1720E+02  0.3207E+03
     16.781  0.1830E+02  0.3211E+03
     16.800  0.1923E+02  0.3214E+03
     16.818  0.1981E+02  0.3218E+03
     16.836  0.1938E+02  0.3221E+03
     16.855  0.1786E+02  0.3225E+03
     16.873  0.1743E+02  0.3228E+03
     16.891  0.1788E+02  0.3231E+03
     16.910  0.1820E+02  0.3234E+03
     16.928  0.1839E+02  0.3238E+03
     16.946  0.1844E+02  0.3241E+03
     16.965  0.1472E+02  0.3244E+03
     16.983  0.1493E+02  0.3247E+03
     17.001  0.1529E+02  0.3250E+03
     17.020  0.1540E+02  0.3253E+03
     17.038  0.1197E+02  0.3255E+03
     17.056  0.1344E+02  0.3257E+03
     17.075  0.1370E+02  0.3260E+03
     17.093  0.1047E+02  0.3262E+03
     17.111  0.1274E+02  0.3264E+03
     17.129  0.1521E+02  0.3267E+03
     17.148  0.1700E+02  0.3270E+03
     17.166  0.1809E+02  0.3273E+03
     17.184  0.1850E+02  0.3276E+03
     17.203  0.1797E+02  0.3280E+03
     17.221  0.1677E+02  0.3283E+03
     17.239  0.1515E+02  0.3286E+03
     17.258  0.1263E+02  0.3288E+03
     17.276  0.1034E+02  0.3290E+03
     17.294  0.8429E+01  0.3292E+03
     17.313  0.6853E+01  0.3294E+03
     17.331  0.5604E+01  0.3295E+03
     17.349  0.4682E+01  0.3296E+03
     17.368  0.6240E+02  0.3298E+03
     17.386  0.1510E+02  0.3304E+03
     17.404  0.1275E+02  0.3307E+03
     17.423  0.1069E+02  0.3309E+03
     17.441  0.8920E+01  0.3311E+03
     17.459  0.8126E+01  0.3312E+03
     17.477  0.9685E+01  0.3314E+03
     17.496  0.1103E+02  0.3316E+03
     17.514  0.1212E+02  0.3318E+03
     17.532  0.1282E+02  0.3320E+03
     17.551  0.1308E+02  0.3323E+03
     17.569  0.1289E+02  0.3325E+03
     17.587  0.1226E+02  0.3327E+03
     17.606  0.1119E+02  0.3330E+03
     17.624  0.9670E+01  0.3331E+03
     17.642  0.7930E+01  0.3333E+03
     17.661  0.6675E+01  0.3334E+03
     17.679  0.5693E+01  0.3336E+03
     17.697  0.4803E+01  0.3336E+03
     17.716  0.4006E+01  0.3337E+03
     17.734  0.3288E+01  0.3338E+03
     17.752  0.2648E+01  0.3338E+03
     17.771  0.1858E+02  0.3340E+03
     17.789  0.2556E+02  0.3344E+03
     17.807  0.1923E+02  0.3348E+03
     17.826  0.1114E+02  0.3351E+03
     17.844  0.6741E+01  0.3353E+03
     17.862  0.5895E+01  0.3354E+03
     17.880  0.5134E+01  0.3355E+03
     17.899  0.4457E+01  0.3356E+03
     17.917  0.3865E+01  0.3356E+03
     17.935  0.3356E+01  0.3357E+03
     17.954  0.2898E+01  0.3358E+03
     17.972  0.2474E+01  0.3358E+03
     17.990  0.2083E+01  0.3359E+03
     18.009  0.1725E+01  0.3359E+03
     18.027  0.1402E+01  0.3359E+03
     18.045  0.1112E+01  0.3359E+03
     18.064  0.8553E+00  0.3360E+03
     18.082  0.6324E+00  0.3360E+03
     18.100  0.4431E+00  0.3360E+03
     18.119  0.2873E+00  0.3360E+03
     18.137  0.1652E+00  0.3360E+03
     18.155  0.7665E-01  0.3360E+03
     18.174  0.2169E-01  0.3360E+03
     18.192  0.3123E-03  0.3360E+03
     18.210  0.0000E+00  0.3360E+03
     18.228  0.0000E+00  0.3360E+03
     18.247  0.0000E+00  0.3360E+03
     18.265  0.0000E+00  0.3360E+03
     18.283  0.0000E+00  0.3360E+03
     18.302  0.0000E+00  0.3360E+03
     18.320  0.0000E+00  0.3360E+03
     18.338  0.0000E+00  0.3360E+03
     18.357  0.0000E+00  0.3360E+03
     18.375  0.0000E+00  0.3360E+03
     18.393  0.0000E+00  0.3360E+03
     18.412  0.0000E+00  0.3360E+03
     18.430  0.0000E+00  0.3360E+03
     18.448  0.0000E+00  0.3360E+03
     18.467  0.0000E+00  0.3360E+03
     18.485  0.0000E+00  0.3360E+03
     18.503  0.0000E+00  0.3360E+03
     18.522  0.0000E+00  0.3360E+03
     18.540  0.0000E+00  0.3360E+03
     18.558  0.0000E+00  0.3360E+03
     18.576  0.0000E+00  0.3360E+03
     18.595  0.0000E+00  0.3360E+03
     18.613  0.0000E+00  0.3360E+03
     18.631  0.0000E+00  0.3360E+03
     18.650  0.0000E+00  0.3360E+03
     18.668  0.0000E+00  0.3360E+03
     18.686  0.0000E+00  0.3360E+03
     18.705  0.0000E+00  0.3360E+03
     18.723  0.0000E+00  0.3360E+03
     18.741  0.0000E+00  0.3360E+03
     18.760  0.0000E+00  0.3360E+03
     18.778  0.0000E+00  0.3360E+03
     18.796  0.0000E+00  0.3360E+03
     18.815  0.0000E+00  0.3360E+03
     18.833  0.0000E+00  0.3360E+03
     18.851  0.0000E+00  0.3360E+03
     18.870  0.0000E+00  0.3360E+03
     18.888  0.0000E+00  0.3360E+03
     18.906  0.0000E+00  0.3360E+03
     18.924  0.0000E+00  0.3360E+03
     18.943  0.0000E+00  0.3360E+03
     18.961  0.0000E+00  0.3360E+03
     18.979  0.0000E+00  0.3360E+03
     18.998  0.0000E+00  0.3360E+03
     19.016  0.0000E+00  0.3360E+03
     19.034  0.0000E+00  0.3360E+03
     19.053  0.0000E+00  0.3360E+03
     19.071  0.0000E+00  0.3360E+03
     19.089  0.0000E+00  0.3360E+03
     19.108  0.0000E+00  0.3360E+03
     19.126  0.0000E+00  0.3360E+03
     19.144  0.0000E+00  0.3360E+03
     19.163  0.0000E+00  0.3360E+03
     19.181  0.0000E+00  0.3360E+03
     19.199  0.0000E+00  0.3360E+03
     19.218  0.0000E+00  0.3360E+03
     19.236  0.0000E+00  0.3360E+03
     19.254  0.0000E+00  0.3360E+03
     19.272  0.0000E+00  0.3360E+03
     19.291  0.0000E+00  0.3360E+03
     19.309  0.0000E+00  0.3360E+03
     19.327  0.0000E+00  0.3360E+03
     19.346  0.0000E+00  0.3360E+03
     19.364  0.0000E+00  0.3360E+03
     19.382  0.0000E+00  0.3360E+03
     19.401  0.0000E+00  0.3360E+03
     19.419  0.0000E+00  0.3360E+03
     19.437  0.0000E+00  0.3360E+03
     19.456  0.0000E+00  0.3360E+03
     19.474  0.0000E+00  0.3360E+03
     19.492  0.0000E+00  0.3360E+03
     19.511  0.0000E+00  0.3360E+03
     19.529  0.0000E+00  0.3360E+03
     19.547  0.0000E+00  0.3360E+03
     19.566  0.0000E+00  0.3360E+03
     19.584  0.0000E+00  0.3360E+03
     19.602  0.0000E+00  0.3360E+03
     19.620  0.0000E+00  0.3360E+03
     19.639  0.0000E+00  0.3360E+03
     19.657  0.0000E+00  0.3360E+03
     19.675  0.0000E+00  0.3360E+03
     19.694  0.0000E+00  0.3360E+03
     19.712  0.0000E+00  0.3360E+03
     19.730  0.0000E+00  0.3360E+03
     19.749  0.0000E+00  0.3360E+03
     19.767  0.0000E+00  0.3360E+03
     19.785  0.0000E+00  0.3360E+03
     19.804  0.0000E+00  0.3360E+03
     19.822  0.0000E+00  0.3360E+03
     19.840  0.0000E+00  0.3360E+03
     19.859  0.0000E+00  0.3360E+03


