 Energy DOS Integrated_DOS
    -16.736  0.0000E+00  0.0000E+00
    -16.717  0.0000E+00  0.0000E+00
    -16.699  0.0000E+00  0.0000E+00
    -16.680  0.0000E+00  0.0000E+00
    -16.662  0.0000E+00  0.0000E+00
    -16.644  0.0000E+00  0.0000E+00
    -16.625  0.0000E+00  0.0000E+00
    -16.607  0.0000E+00  0.0000E+00
    -16.588  0.0000E+00  0.0000E+00
    -16.570  0.0000E+00  0.0000E+00
    -16.551  0.0000E+00  0.0000E+00
    -16.533  0.0000E+00  0.0000E+00
    -16.515  0.0000E+00  0.0000E+00
    -16.496  0.0000E+00  0.0000E+00
    -16.478  0.0000E+00  0.0000E+00
    -16.459  0.0000E+00  0.0000E+00
    -16.441  0.0000E+00  0.0000E+00
    -16.422  0.0000E+00  0.0000E+00
    -16.404  0.0000E+00  0.0000E+00
    -16.386  0.0000E+00  0.0000E+00
    -16.367  0.0000E+00  0.0000E+00
    -16.349  0.0000E+00  0.0000E+00
    -16.330  0.0000E+00  0.0000E+00
    -16.312  0.0000E+00  0.0000E+00
    -16.293  0.0000E+00  0.0000E+00
    -16.275  0.0000E+00  0.0000E+00
    -16.257  0.0000E+00  0.0000E+00
    -16.238  0.0000E+00  0.0000E+00
    -16.220  0.0000E+00  0.0000E+00
    -16.201  0.0000E+00  0.0000E+00
    -16.183  0.0000E+00  0.0000E+00
    -16.164  0.0000E+00  0.0000E+00
    -16.146  0.0000E+00  0.0000E+00
    -16.128  0.0000E+00  0.0000E+00
    -16.109  0.0000E+00  0.0000E+00
    -16.091  0.0000E+00  0.0000E+00
    -16.072  0.0000E+00  0.0000E+00
    -16.054  0.0000E+00  0.0000E+00
    -16.035  0.0000E+00  0.0000E+00
    -16.017  0.0000E+00  0.0000E+00
    -15.998  0.0000E+00  0.0000E+00
    -15.980  0.0000E+00  0.0000E+00
    -15.962  0.0000E+00  0.0000E+00
    -15.943  0.0000E+00  0.0000E+00
    -15.925  0.0000E+00  0.0000E+00
    -15.906  0.0000E+00  0.0000E+00
    -15.888  0.0000E+00  0.0000E+00
    -15.869  0.0000E+00  0.0000E+00
    -15.851  0.0000E+00  0.0000E+00
    -15.833  0.0000E+00  0.0000E+00
    -15.814  0.0000E+00  0.0000E+00
    -15.796  0.0000E+00  0.0000E+00
    -15.777  0.0000E+00  0.0000E+00
    -15.759  0.0000E+00  0.0000E+00
    -15.740  0.0000E+00  0.0000E+00
    -15.722  0.0000E+00  0.0000E+00
    -15.704  0.0000E+00  0.0000E+00
    -15.685  0.0000E+00  0.0000E+00
    -15.667  0.0000E+00  0.0000E+00
    -15.648  0.0000E+00  0.0000E+00
    -15.630  0.0000E+00  0.0000E+00
    -15.611  0.0000E+00  0.0000E+00
    -15.593  0.0000E+00  0.0000E+00
    -15.575  0.0000E+00  0.0000E+00
    -15.556  0.0000E+00  0.0000E+00
    -15.538  0.0000E+00  0.0000E+00
    -15.519  0.0000E+00  0.0000E+00
    -15.501  0.0000E+00  0.0000E+00
    -15.482  0.0000E+00  0.0000E+00
    -15.464  0.0000E+00  0.0000E+00
    -15.446  0.0000E+00  0.0000E+00
    -15.427  0.0000E+00  0.0000E+00
    -15.409  0.0000E+00  0.0000E+00
    -15.390  0.0000E+00  0.0000E+00
    -15.372  0.0000E+00  0.0000E+00
    -15.353  0.0000E+00  0.0000E+00
    -15.335  0.0000E+00  0.0000E+00
    -15.317  0.0000E+00  0.0000E+00
    -15.298  0.0000E+00  0.0000E+00
    -15.280  0.0000E+00  0.0000E+00
    -15.261  0.0000E+00  0.0000E+00
    -15.243  0.0000E+00  0.0000E+00
    -15.224  0.0000E+00  0.0000E+00
    -15.206  0.0000E+00  0.0000E+00
    -15.188  0.0000E+00  0.0000E+00
    -15.169  0.0000E+00  0.0000E+00
    -15.151  0.0000E+00  0.0000E+00
    -15.132  0.0000E+00  0.0000E+00
    -15.114  0.0000E+00  0.0000E+00
    -15.095  0.0000E+00  0.0000E+00
    -15.077  0.0000E+00  0.0000E+00
    -15.059  0.6354E-03  0.5323E-06
    -15.040  0.4413E-01  0.3080E-03
    -15.022  0.1560E+00  0.2047E-02
    -15.003  0.3361E+00  0.6477E-02
    -14.985  0.5846E+00  0.1486E-01
    -14.966  0.9015E+00  0.2845E-01
    -14.948  0.1287E+01  0.4851E-01
    -14.930  0.1740E+01  0.7630E-01
    -14.911  0.2262E+01  0.1131E+00
    -14.893  0.2852E+01  0.1601E+00
    -14.874  0.3511E+01  0.2186E+00
    -14.856  0.4238E+01  0.2899E+00
    -14.837  0.5033E+01  0.3753E+00
    -14.819  0.7251E+01  0.4840E+00
    -14.801  0.9955E+01  0.6433E+00
    -14.782  0.1216E+02  0.8478E+00
    -14.764  0.1386E+02  0.1088E+01
    -14.745  0.1506E+02  0.1356E+01
    -14.727  0.1576E+02  0.1640E+01
    -14.708  0.1596E+02  0.1933E+01
    -14.690  0.1565E+02  0.2226E+01
    -14.671  0.1485E+02  0.2507E+01
    -14.653  0.1355E+02  0.2770E+01
    -14.635  0.1164E+02  0.3003E+01
    -14.616  0.9786E+01  0.3200E+01
    -14.598  0.8567E+01  0.3365E+01
    -14.579  0.9418E+01  0.3531E+01
    -14.561  0.1021E+02  0.3712E+01
    -14.542  0.1094E+02  0.3907E+01
    -14.524  0.1162E+02  0.4115E+01
    -14.506  0.1223E+02  0.4335E+01
    -14.487  0.1278E+02  0.4565E+01
    -14.469  0.1326E+02  0.4806E+01
    -14.450  0.1362E+02  0.5054E+01
    -14.432  0.1387E+02  0.5307E+01
    -14.413  0.1409E+02  0.5565E+01
    -14.395  0.1434E+02  0.5827E+01
    -14.377  0.1461E+02  0.6093E+01
    -14.358  0.1496E+02  0.6366E+01
    -14.340  0.1540E+02  0.6645E+01
    -14.321  0.1597E+02  0.6934E+01
    -14.303  0.1668E+02  0.7235E+01
    -14.284  0.1750E+02  0.7550E+01
    -14.266  0.1832E+02  0.7880E+01
    -14.248  0.1915E+02  0.8225E+01
    -14.229  0.1998E+02  0.8586E+01
    -14.211  0.2081E+02  0.8962E+01
    -14.192  0.2164E+02  0.9353E+01
    -14.174  0.2346E+02  0.9765E+01
    -14.155  0.2631E+02  0.1022E+02
    -14.137  0.2970E+02  0.1074E+02
    -14.119  0.3415E+02  0.1132E+02
    -14.100  0.3997E+02  0.1200E+02
    -14.082  0.5260E+02  0.1286E+02
    -14.063  0.5949E+02  0.1390E+02
    -14.045  0.5031E+02  0.1494E+02
    -14.026  0.5125E+02  0.1579E+02
    -14.008  0.4852E+02  0.1676E+02
    -13.990  0.2653E+02  0.1747E+02
    -13.971  0.2258E+02  0.1791E+02
    -13.953  0.2113E+02  0.1831E+02
    -13.934  0.2139E+02  0.1870E+02
    -13.916  0.2429E+02  0.1912E+02
    -13.897  0.2783E+02  0.1960E+02
    -13.879  0.3100E+02  0.2014E+02
    -13.861  0.3380E+02  0.2074E+02
    -13.842  0.3624E+02  0.2138E+02
    -13.824  0.3831E+02  0.2207E+02
    -13.805  0.3994E+02  0.2279E+02
    -13.787  0.3171E+02  0.2345E+02
    -13.768  0.4803E+02  0.2414E+02
    -13.750  0.4994E+02  0.2505E+02
    -13.732  0.7950E+02  0.2616E+02
    -13.713  0.1012E+03  0.2787E+02
    -13.695  0.1136E+03  0.2985E+02
    -13.676  0.1135E+03  0.3196E+02
    -13.658  0.8984E+02  0.3389E+02
    -13.639  0.8709E+02  0.3546E+02
    -13.621  0.7416E+02  0.3706E+02
    -13.603  0.2701E+02  0.3799E+02
    -13.584  0.3363E+02  0.3844E+02
    -13.566  0.7090E+02  0.3938E+02
    -13.547  0.3616E+02  0.4088E+02
    -13.529  0.7400E+02  0.4200E+02
    -13.510  0.5348E+02  0.4307E+02
    -13.492  0.1239E+03  0.4496E+02
    -13.474  0.1179E+02  0.4597E+02
    -13.455  0.7050E+02  0.4628E+02
    -13.437  0.1342E+03  0.4838E+02
    -13.418  0.1485E+03  0.5102E+02
    -13.400  0.8224E+02  0.5330E+02
    -13.381  0.1277E+03  0.5530E+02
    -13.363  0.1087E+03  0.5764E+02
    -13.344  0.6352E+02  0.5980E+02
    -13.326  0.4607E+02  0.6077E+02
    -13.308  0.4622E+02  0.6162E+02
    -13.289  0.4518E+02  0.6246E+02
    -13.271  0.1750E+02  0.6397E+02
    -13.252  0.0000E+00  0.6400E+02
    -13.234  0.0000E+00  0.6400E+02
    -13.215  0.0000E+00  0.6400E+02
    -13.197  0.0000E+00  0.6400E+02
    -13.179  0.0000E+00  0.6400E+02
    -13.160  0.0000E+00  0.6400E+02
    -13.142  0.0000E+00  0.6400E+02
    -13.123  0.0000E+00  0.6400E+02
    -13.105  0.0000E+00  0.6400E+02
    -13.086  0.0000E+00  0.6400E+02
    -13.068  0.0000E+00  0.6400E+02
    -13.050  0.0000E+00  0.6400E+02
    -13.031  0.0000E+00  0.6400E+02
    -13.013  0.0000E+00  0.6400E+02
    -12.994  0.0000E+00  0.6400E+02
    -12.976  0.0000E+00  0.6400E+02
    -12.957  0.0000E+00  0.6400E+02
    -12.939  0.0000E+00  0.6400E+02
    -12.921  0.0000E+00  0.6400E+02
    -12.902  0.0000E+00  0.6400E+02
    -12.884  0.0000E+00  0.6400E+02
    -12.865  0.0000E+00  0.6400E+02
    -12.847  0.0000E+00  0.6400E+02
    -12.828  0.0000E+00  0.6400E+02
    -12.810  0.0000E+00  0.6400E+02
    -12.792  0.0000E+00  0.6400E+02
    -12.773  0.0000E+00  0.6400E+02
    -12.755  0.0000E+00  0.6400E+02
    -12.736  0.0000E+00  0.6400E+02
    -12.718  0.0000E+00  0.6400E+02
    -12.699  0.0000E+00  0.6400E+02
    -12.681  0.0000E+00  0.6400E+02
    -12.663  0.0000E+00  0.6400E+02
    -12.644  0.0000E+00  0.6400E+02
    -12.626  0.0000E+00  0.6400E+02
    -12.607  0.0000E+00  0.6400E+02
    -12.589  0.0000E+00  0.6400E+02
    -12.570  0.0000E+00  0.6400E+02
    -12.552  0.0000E+00  0.6400E+02
    -12.534  0.0000E+00  0.6400E+02
    -12.515  0.0000E+00  0.6400E+02
    -12.497  0.0000E+00  0.6400E+02
    -12.478  0.0000E+00  0.6400E+02
    -12.460  0.0000E+00  0.6400E+02
    -12.441  0.0000E+00  0.6400E+02
    -12.423  0.0000E+00  0.6400E+02
    -12.405  0.0000E+00  0.6400E+02
    -12.386  0.0000E+00  0.6400E+02
    -12.368  0.0000E+00  0.6400E+02
    -12.349  0.0000E+00  0.6400E+02
    -12.331  0.0000E+00  0.6400E+02
    -12.312  0.0000E+00  0.6400E+02
    -12.294  0.0000E+00  0.6400E+02
    -12.276  0.0000E+00  0.6400E+02
    -12.257  0.0000E+00  0.6400E+02
    -12.239  0.0000E+00  0.6400E+02
    -12.220  0.0000E+00  0.6400E+02
    -12.202  0.0000E+00  0.6400E+02
    -12.183  0.0000E+00  0.6400E+02
    -12.165  0.0000E+00  0.6400E+02
    -12.147  0.0000E+00  0.6400E+02
    -12.128  0.0000E+00  0.6400E+02
    -12.110  0.0000E+00  0.6400E+02
    -12.091  0.0000E+00  0.6400E+02
    -12.073  0.0000E+00  0.6400E+02
    -12.054  0.0000E+00  0.6400E+02
    -12.036  0.0000E+00  0.6400E+02
    -12.018  0.0000E+00  0.6400E+02
    -11.999  0.0000E+00  0.6400E+02
    -11.981  0.0000E+00  0.6400E+02
    -11.962  0.0000E+00  0.6400E+02
    -11.944  0.0000E+00  0.6400E+02
    -11.925  0.0000E+00  0.6400E+02
    -11.907  0.0000E+00  0.6400E+02
    -11.888  0.0000E+00  0.6400E+02
    -11.870  0.0000E+00  0.6400E+02
    -11.852  0.0000E+00  0.6400E+02
    -11.833  0.0000E+00  0.6400E+02
    -11.815  0.0000E+00  0.6400E+02
    -11.796  0.0000E+00  0.6400E+02
    -11.778  0.0000E+00  0.6400E+02
    -11.759  0.0000E+00  0.6400E+02
    -11.741  0.0000E+00  0.6400E+02
    -11.723  0.0000E+00  0.6400E+02
    -11.704  0.0000E+00  0.6400E+02
    -11.686  0.0000E+00  0.6400E+02
    -11.667  0.0000E+00  0.6400E+02
    -11.649  0.0000E+00  0.6400E+02
    -11.630  0.0000E+00  0.6400E+02
    -11.612  0.0000E+00  0.6400E+02
    -11.594  0.0000E+00  0.6400E+02
    -11.575  0.0000E+00  0.6400E+02
    -11.557  0.0000E+00  0.6400E+02
    -11.538  0.0000E+00  0.6400E+02
    -11.520  0.0000E+00  0.6400E+02
    -11.501  0.0000E+00  0.6400E+02
    -11.483  0.0000E+00  0.6400E+02
    -11.465  0.0000E+00  0.6400E+02
    -11.446  0.0000E+00  0.6400E+02
    -11.428  0.0000E+00  0.6400E+02
    -11.409  0.0000E+00  0.6400E+02
    -11.391  0.0000E+00  0.6400E+02
    -11.372  0.0000E+00  0.6400E+02
    -11.354  0.0000E+00  0.6400E+02
    -11.336  0.0000E+00  0.6400E+02
    -11.317  0.0000E+00  0.6400E+02
    -11.299  0.0000E+00  0.6400E+02
    -11.280  0.0000E+00  0.6400E+02
    -11.262  0.0000E+00  0.6400E+02
    -11.243  0.0000E+00  0.6400E+02
    -11.225  0.0000E+00  0.6400E+02
    -11.207  0.0000E+00  0.6400E+02
    -11.188  0.0000E+00  0.6400E+02
    -11.170  0.0000E+00  0.6400E+02
    -11.151  0.0000E+00  0.6400E+02
    -11.133  0.0000E+00  0.6400E+02
    -11.114  0.0000E+00  0.6400E+02
    -11.096  0.0000E+00  0.6400E+02
    -11.078  0.0000E+00  0.6400E+02
    -11.059  0.0000E+00  0.6400E+02
    -11.041  0.0000E+00  0.6400E+02
    -11.022  0.0000E+00  0.6400E+02
    -11.004  0.0000E+00  0.6400E+02
    -10.985  0.0000E+00  0.6400E+02
    -10.967  0.0000E+00  0.6400E+02
    -10.949  0.0000E+00  0.6400E+02
    -10.930  0.0000E+00  0.6400E+02
    -10.912  0.0000E+00  0.6400E+02
    -10.893  0.0000E+00  0.6400E+02
    -10.875  0.0000E+00  0.6400E+02
    -10.856  0.0000E+00  0.6400E+02
    -10.838  0.0000E+00  0.6400E+02
    -10.820  0.0000E+00  0.6400E+02
    -10.801  0.0000E+00  0.6400E+02
    -10.783  0.0000E+00  0.6400E+02
    -10.764  0.0000E+00  0.6400E+02
    -10.746  0.0000E+00  0.6400E+02
    -10.727  0.0000E+00  0.6400E+02
    -10.709  0.0000E+00  0.6400E+02
    -10.691  0.0000E+00  0.6400E+02
    -10.672  0.0000E+00  0.6400E+02
    -10.654  0.0000E+00  0.6400E+02
    -10.635  0.0000E+00  0.6400E+02
    -10.617  0.0000E+00  0.6400E+02
    -10.598  0.0000E+00  0.6400E+02
    -10.580  0.0000E+00  0.6400E+02
    -10.561  0.0000E+00  0.6400E+02
    -10.543  0.0000E+00  0.6400E+02
    -10.525  0.0000E+00  0.6400E+02
    -10.506  0.0000E+00  0.6400E+02
    -10.488  0.0000E+00  0.6400E+02
    -10.469  0.0000E+00  0.6400E+02
    -10.451  0.0000E+00  0.6400E+02
    -10.432  0.0000E+00  0.6400E+02
    -10.414  0.0000E+00  0.6400E+02
    -10.396  0.0000E+00  0.6400E+02
    -10.377  0.0000E+00  0.6400E+02
    -10.359  0.0000E+00  0.6400E+02
    -10.340  0.0000E+00  0.6400E+02
    -10.322  0.0000E+00  0.6400E+02
    -10.303  0.0000E+00  0.6400E+02
    -10.285  0.0000E+00  0.6400E+02
    -10.267  0.0000E+00  0.6400E+02
    -10.248  0.0000E+00  0.6400E+02
    -10.230  0.0000E+00  0.6400E+02
    -10.211  0.0000E+00  0.6400E+02
    -10.193  0.0000E+00  0.6400E+02
    -10.174  0.0000E+00  0.6400E+02
    -10.156  0.0000E+00  0.6400E+02
    -10.138  0.0000E+00  0.6400E+02
    -10.119  0.0000E+00  0.6400E+02
    -10.101  0.0000E+00  0.6400E+02
    -10.082  0.0000E+00  0.6400E+02
    -10.064  0.0000E+00  0.6400E+02
    -10.045  0.0000E+00  0.6400E+02
    -10.027  0.0000E+00  0.6400E+02
    -10.009  0.0000E+00  0.6400E+02
     -9.990  0.0000E+00  0.6400E+02
     -9.972  0.0000E+00  0.6400E+02
     -9.953  0.0000E+00  0.6400E+02
     -9.935  0.0000E+00  0.6400E+02
     -9.916  0.0000E+00  0.6400E+02
     -9.898  0.0000E+00  0.6400E+02
     -9.880  0.0000E+00  0.6400E+02
     -9.861  0.0000E+00  0.6400E+02
     -9.843  0.0000E+00  0.6400E+02
     -9.824  0.0000E+00  0.6400E+02
     -9.806  0.0000E+00  0.6400E+02
     -9.787  0.0000E+00  0.6400E+02
     -9.769  0.0000E+00  0.6400E+02
     -9.751  0.0000E+00  0.6400E+02
     -9.732  0.0000E+00  0.6400E+02
     -9.714  0.0000E+00  0.6400E+02
     -9.695  0.0000E+00  0.6400E+02
     -9.677  0.0000E+00  0.6400E+02
     -9.658  0.0000E+00  0.6400E+02
     -9.640  0.0000E+00  0.6400E+02
     -9.622  0.0000E+00  0.6400E+02
     -9.603  0.0000E+00  0.6400E+02
     -9.585  0.0000E+00  0.6400E+02
     -9.566  0.0000E+00  0.6400E+02
     -9.548  0.0000E+00  0.6400E+02
     -9.529  0.0000E+00  0.6400E+02
     -9.511  0.0000E+00  0.6400E+02
     -9.493  0.0000E+00  0.6400E+02
     -9.474  0.0000E+00  0.6400E+02
     -9.456  0.0000E+00  0.6400E+02
     -9.437  0.0000E+00  0.6400E+02
     -9.419  0.0000E+00  0.6400E+02
     -9.400  0.0000E+00  0.6400E+02
     -9.382  0.0000E+00  0.6400E+02
     -9.364  0.0000E+00  0.6400E+02
     -9.345  0.0000E+00  0.6400E+02
     -9.327  0.0000E+00  0.6400E+02
     -9.308  0.0000E+00  0.6400E+02
     -9.290  0.0000E+00  0.6400E+02
     -9.271  0.0000E+00  0.6400E+02
     -9.253  0.0000E+00  0.6400E+02
     -9.234  0.0000E+00  0.6400E+02
     -9.216  0.0000E+00  0.6400E+02
     -9.198  0.0000E+00  0.6400E+02
     -9.179  0.0000E+00  0.6400E+02
     -9.161  0.0000E+00  0.6400E+02
     -9.142  0.0000E+00  0.6400E+02
     -9.124  0.0000E+00  0.6400E+02
     -9.105  0.0000E+00  0.6400E+02
     -9.087  0.0000E+00  0.6400E+02
     -9.069  0.0000E+00  0.6400E+02
     -9.050  0.0000E+00  0.6400E+02
     -9.032  0.0000E+00  0.6400E+02
     -9.013  0.0000E+00  0.6400E+02
     -8.995  0.0000E+00  0.6400E+02
     -8.976  0.0000E+00  0.6400E+02
     -8.958  0.0000E+00  0.6400E+02
     -8.940  0.0000E+00  0.6400E+02
     -8.921  0.0000E+00  0.6400E+02
     -8.903  0.0000E+00  0.6400E+02
     -8.884  0.0000E+00  0.6400E+02
     -8.866  0.0000E+00  0.6400E+02
     -8.847  0.0000E+00  0.6400E+02
     -8.829  0.0000E+00  0.6400E+02
     -8.811  0.0000E+00  0.6400E+02
     -8.792  0.0000E+00  0.6400E+02
     -8.774  0.0000E+00  0.6400E+02
     -8.755  0.0000E+00  0.6400E+02
     -8.737  0.0000E+00  0.6400E+02
     -8.718  0.0000E+00  0.6400E+02
     -8.700  0.0000E+00  0.6400E+02
     -8.682  0.0000E+00  0.6400E+02
     -8.663  0.0000E+00  0.6400E+02
     -8.645  0.0000E+00  0.6400E+02
     -8.626  0.0000E+00  0.6400E+02
     -8.608  0.0000E+00  0.6400E+02
     -8.589  0.0000E+00  0.6400E+02
     -8.571  0.0000E+00  0.6400E+02
     -8.553  0.0000E+00  0.6400E+02
     -8.534  0.0000E+00  0.6400E+02
     -8.516  0.0000E+00  0.6400E+02
     -8.497  0.0000E+00  0.6400E+02
     -8.479  0.0000E+00  0.6400E+02
     -8.460  0.0000E+00  0.6400E+02
     -8.442  0.0000E+00  0.6400E+02
     -8.424  0.0000E+00  0.6400E+02
     -8.405  0.0000E+00  0.6400E+02
     -8.387  0.0000E+00  0.6400E+02
     -8.368  0.0000E+00  0.6400E+02
     -8.350  0.0000E+00  0.6400E+02
     -8.331  0.0000E+00  0.6400E+02
     -8.313  0.0000E+00  0.6400E+02
     -8.295  0.0000E+00  0.6400E+02
     -8.276  0.0000E+00  0.6400E+02
     -8.258  0.0000E+00  0.6400E+02
     -8.239  0.0000E+00  0.6400E+02
     -8.221  0.0000E+00  0.6400E+02
     -8.202  0.0000E+00  0.6400E+02
     -8.184  0.0000E+00  0.6400E+02
     -8.166  0.0000E+00  0.6400E+02
     -8.147  0.0000E+00  0.6400E+02
     -8.129  0.0000E+00  0.6400E+02
     -8.110  0.0000E+00  0.6400E+02
     -8.092  0.0000E+00  0.6400E+02
     -8.073  0.0000E+00  0.6400E+02
     -8.055  0.0000E+00  0.6400E+02
     -8.037  0.0000E+00  0.6400E+02
     -8.018  0.0000E+00  0.6400E+02
     -8.000  0.0000E+00  0.6400E+02
     -7.981  0.0000E+00  0.6400E+02
     -7.963  0.0000E+00  0.6400E+02
     -7.944  0.0000E+00  0.6400E+02
     -7.926  0.0000E+00  0.6400E+02
     -7.908  0.0000E+00  0.6400E+02
     -7.889  0.0000E+00  0.6400E+02
     -7.871  0.0000E+00  0.6400E+02
     -7.852  0.0000E+00  0.6400E+02
     -7.834  0.0000E+00  0.6400E+02
     -7.815  0.0000E+00  0.6400E+02
     -7.797  0.0000E+00  0.6400E+02
     -7.778  0.0000E+00  0.6400E+02
     -7.760  0.0000E+00  0.6400E+02
     -7.742  0.0000E+00  0.6400E+02
     -7.723  0.0000E+00  0.6400E+02
     -7.705  0.0000E+00  0.6400E+02
     -7.686  0.0000E+00  0.6400E+02
     -7.668  0.0000E+00  0.6400E+02
     -7.649  0.0000E+00  0.6400E+02
     -7.631  0.0000E+00  0.6400E+02
     -7.613  0.0000E+00  0.6400E+02
     -7.594  0.0000E+00  0.6400E+02
     -7.576  0.0000E+00  0.6400E+02
     -7.557  0.0000E+00  0.6400E+02
     -7.539  0.0000E+00  0.6400E+02
     -7.520  0.0000E+00  0.6400E+02
     -7.502  0.0000E+00  0.6400E+02
     -7.484  0.0000E+00  0.6400E+02
     -7.465  0.0000E+00  0.6400E+02
     -7.447  0.0000E+00  0.6400E+02
     -7.428  0.0000E+00  0.6400E+02
     -7.410  0.0000E+00  0.6400E+02
     -7.391  0.0000E+00  0.6400E+02
     -7.373  0.0000E+00  0.6400E+02
     -7.355  0.0000E+00  0.6400E+02
     -7.336  0.0000E+00  0.6400E+02
     -7.318  0.0000E+00  0.6400E+02
     -7.299  0.0000E+00  0.6400E+02
     -7.281  0.0000E+00  0.6400E+02
     -7.262  0.0000E+00  0.6400E+02
     -7.244  0.0000E+00  0.6400E+02
     -7.226  0.0000E+00  0.6400E+02
     -7.207  0.0000E+00  0.6400E+02
     -7.189  0.0000E+00  0.6400E+02
     -7.170  0.0000E+00  0.6400E+02
     -7.152  0.0000E+00  0.6400E+02
     -7.133  0.0000E+00  0.6400E+02
     -7.115  0.0000E+00  0.6400E+02
     -7.097  0.0000E+00  0.6400E+02
     -7.078  0.0000E+00  0.6400E+02
     -7.060  0.0000E+00  0.6400E+02
     -7.041  0.0000E+00  0.6400E+02
     -7.023  0.0000E+00  0.6400E+02
     -7.004  0.0000E+00  0.6400E+02
     -6.986  0.0000E+00  0.6400E+02
     -6.968  0.0000E+00  0.6400E+02
     -6.949  0.0000E+00  0.6400E+02
     -6.931  0.0000E+00  0.6400E+02
     -6.912  0.0000E+00  0.6400E+02
     -6.894  0.0000E+00  0.6400E+02
     -6.875  0.0000E+00  0.6400E+02
     -6.857  0.0000E+00  0.6400E+02
     -6.839  0.0000E+00  0.6400E+02
     -6.820  0.0000E+00  0.6400E+02
     -6.802  0.0000E+00  0.6400E+02
     -6.783  0.0000E+00  0.6400E+02
     -6.765  0.0000E+00  0.6400E+02
     -6.746  0.0000E+00  0.6400E+02
     -6.728  0.0000E+00  0.6400E+02
     -6.710  0.0000E+00  0.6400E+02
     -6.691  0.0000E+00  0.6400E+02
     -6.673  0.0000E+00  0.6400E+02
     -6.654  0.0000E+00  0.6400E+02
     -6.636  0.0000E+00  0.6400E+02
     -6.617  0.0000E+00  0.6400E+02
     -6.599  0.0000E+00  0.6400E+02
     -6.581  0.0000E+00  0.6400E+02
     -6.562  0.0000E+00  0.6400E+02
     -6.544  0.0000E+00  0.6400E+02
     -6.525  0.0000E+00  0.6400E+02
     -6.507  0.0000E+00  0.6400E+02
     -6.488  0.0000E+00  0.6400E+02
     -6.470  0.0000E+00  0.6400E+02
     -6.451  0.0000E+00  0.6400E+02
     -6.433  0.0000E+00  0.6400E+02
     -6.415  0.0000E+00  0.6400E+02
     -6.396  0.0000E+00  0.6400E+02
     -6.378  0.0000E+00  0.6400E+02
     -6.359  0.0000E+00  0.6400E+02
     -6.341  0.0000E+00  0.6400E+02
     -6.322  0.0000E+00  0.6400E+02
     -6.304  0.0000E+00  0.6400E+02
     -6.286  0.0000E+00  0.6400E+02
     -6.267  0.0000E+00  0.6400E+02
     -6.249  0.0000E+00  0.6400E+02
     -6.230  0.0000E+00  0.6400E+02
     -6.212  0.0000E+00  0.6400E+02
     -6.193  0.0000E+00  0.6400E+02
     -6.175  0.0000E+00  0.6400E+02
     -6.157  0.0000E+00  0.6400E+02
     -6.138  0.0000E+00  0.6400E+02
     -6.120  0.0000E+00  0.6400E+02
     -6.101  0.0000E+00  0.6400E+02
     -6.083  0.0000E+00  0.6400E+02
     -6.064  0.0000E+00  0.6400E+02
     -6.046  0.0000E+00  0.6400E+02
     -6.028  0.0000E+00  0.6400E+02
     -6.009  0.0000E+00  0.6400E+02
     -5.991  0.0000E+00  0.6400E+02
     -5.972  0.0000E+00  0.6400E+02
     -5.954  0.0000E+00  0.6400E+02
     -5.935  0.0000E+00  0.6400E+02
     -5.917  0.0000E+00  0.6400E+02
     -5.899  0.0000E+00  0.6400E+02
     -5.880  0.0000E+00  0.6400E+02
     -5.862  0.0000E+00  0.6400E+02
     -5.843  0.0000E+00  0.6400E+02
     -5.825  0.0000E+00  0.6400E+02
     -5.806  0.0000E+00  0.6400E+02
     -5.788  0.0000E+00  0.6400E+02
     -5.770  0.0000E+00  0.6400E+02
     -5.751  0.0000E+00  0.6400E+02
     -5.733  0.0000E+00  0.6400E+02
     -5.714  0.0000E+00  0.6400E+02
     -5.696  0.0000E+00  0.6400E+02
     -5.677  0.0000E+00  0.6400E+02
     -5.659  0.0000E+00  0.6400E+02
     -5.641  0.0000E+00  0.6400E+02
     -5.622  0.0000E+00  0.6400E+02
     -5.604  0.0000E+00  0.6400E+02
     -5.585  0.0000E+00  0.6400E+02
     -5.567  0.0000E+00  0.6400E+02
     -5.548  0.0000E+00  0.6400E+02
     -5.530  0.0000E+00  0.6400E+02
     -5.512  0.0000E+00  0.6400E+02
     -5.493  0.0000E+00  0.6400E+02
     -5.475  0.0000E+00  0.6400E+02
     -5.456  0.0000E+00  0.6400E+02
     -5.438  0.0000E+00  0.6400E+02
     -5.419  0.0000E+00  0.6400E+02
     -5.401  0.0000E+00  0.6400E+02
     -5.383  0.0000E+00  0.6400E+02
     -5.364  0.0000E+00  0.6400E+02
     -5.346  0.0000E+00  0.6400E+02
     -5.327  0.0000E+00  0.6400E+02
     -5.309  0.0000E+00  0.6400E+02
     -5.290  0.0000E+00  0.6400E+02
     -5.272  0.0000E+00  0.6400E+02
     -5.254  0.0000E+00  0.6400E+02
     -5.235  0.0000E+00  0.6400E+02
     -5.217  0.0000E+00  0.6400E+02
     -5.198  0.0000E+00  0.6400E+02
     -5.180  0.0000E+00  0.6400E+02
     -5.161  0.0000E+00  0.6400E+02
     -5.143  0.0000E+00  0.6400E+02
     -5.125  0.0000E+00  0.6400E+02
     -5.106  0.0000E+00  0.6400E+02
     -5.088  0.0000E+00  0.6400E+02
     -5.069  0.0000E+00  0.6400E+02
     -5.051  0.0000E+00  0.6400E+02
     -5.032  0.0000E+00  0.6400E+02
     -5.014  0.0000E+00  0.6400E+02
     -4.995  0.0000E+00  0.6400E+02
     -4.977  0.0000E+00  0.6400E+02
     -4.959  0.0000E+00  0.6400E+02
     -4.940  0.0000E+00  0.6400E+02
     -4.922  0.0000E+00  0.6400E+02
     -4.903  0.0000E+00  0.6400E+02
     -4.885  0.0000E+00  0.6400E+02
     -4.866  0.0000E+00  0.6400E+02
     -4.848  0.0000E+00  0.6400E+02
     -4.830  0.0000E+00  0.6400E+02
     -4.811  0.0000E+00  0.6400E+02
     -4.793  0.0000E+00  0.6400E+02
     -4.774  0.0000E+00  0.6400E+02
     -4.756  0.0000E+00  0.6400E+02
     -4.737  0.0000E+00  0.6400E+02
     -4.719  0.0000E+00  0.6400E+02
     -4.701  0.0000E+00  0.6400E+02
     -4.682  0.0000E+00  0.6400E+02
     -4.664  0.0000E+00  0.6400E+02
     -4.645  0.0000E+00  0.6400E+02
     -4.627  0.0000E+00  0.6400E+02
     -4.608  0.0000E+00  0.6400E+02
     -4.590  0.0000E+00  0.6400E+02
     -4.572  0.0000E+00  0.6400E+02
     -4.553  0.0000E+00  0.6400E+02
     -4.535  0.0000E+00  0.6400E+02
     -4.516  0.0000E+00  0.6400E+02
     -4.498  0.0000E+00  0.6400E+02
     -4.479  0.0000E+00  0.6400E+02
     -4.461  0.0000E+00  0.6400E+02
     -4.443  0.0000E+00  0.6400E+02
     -4.424  0.0000E+00  0.6400E+02
     -4.406  0.0000E+00  0.6400E+02
     -4.387  0.0000E+00  0.6400E+02
     -4.369  0.0000E+00  0.6400E+02
     -4.350  0.0000E+00  0.6400E+02
     -4.332  0.0000E+00  0.6400E+02
     -4.314  0.0000E+00  0.6400E+02
     -4.295  0.0000E+00  0.6400E+02
     -4.277  0.0000E+00  0.6400E+02
     -4.258  0.0000E+00  0.6400E+02
     -4.240  0.0000E+00  0.6400E+02
     -4.221  0.0000E+00  0.6400E+02
     -4.203  0.0000E+00  0.6400E+02
     -4.185  0.0000E+00  0.6400E+02
     -4.166  0.0000E+00  0.6400E+02
     -4.148  0.0000E+00  0.6400E+02
     -4.129  0.0000E+00  0.6400E+02
     -4.111  0.0000E+00  0.6400E+02
     -4.092  0.0000E+00  0.6400E+02
     -4.074  0.0000E+00  0.6400E+02
     -4.056  0.0000E+00  0.6400E+02
     -4.037  0.0000E+00  0.6400E+02
     -4.019  0.0000E+00  0.6400E+02
     -4.000  0.0000E+00  0.6400E+02
     -3.982  0.0000E+00  0.6400E+02
     -3.963  0.0000E+00  0.6400E+02
     -3.945  0.0000E+00  0.6400E+02
     -3.927  0.0000E+00  0.6400E+02
     -3.908  0.0000E+00  0.6400E+02
     -3.890  0.0000E+00  0.6400E+02
     -3.871  0.0000E+00  0.6400E+02
     -3.853  0.0000E+00  0.6400E+02
     -3.834  0.0000E+00  0.6400E+02
     -3.816  0.0000E+00  0.6400E+02
     -3.798  0.0000E+00  0.6400E+02
     -3.779  0.0000E+00  0.6400E+02
     -3.761  0.0000E+00  0.6400E+02
     -3.742  0.0000E+00  0.6400E+02
     -3.724  0.0000E+00  0.6400E+02
     -3.705  0.0000E+00  0.6400E+02
     -3.687  0.0000E+00  0.6400E+02
     -3.668  0.0000E+00  0.6400E+02
     -3.650  0.0000E+00  0.6400E+02
     -3.632  0.0000E+00  0.6400E+02
     -3.613  0.0000E+00  0.6400E+02
     -3.595  0.0000E+00  0.6400E+02
     -3.576  0.0000E+00  0.6400E+02
     -3.558  0.0000E+00  0.6400E+02
     -3.539  0.0000E+00  0.6400E+02
     -3.521  0.0000E+00  0.6400E+02
     -3.503  0.0000E+00  0.6400E+02
     -3.484  0.0000E+00  0.6400E+02
     -3.466  0.0000E+00  0.6400E+02
     -3.447  0.0000E+00  0.6400E+02
     -3.429  0.0000E+00  0.6400E+02
     -3.410  0.0000E+00  0.6400E+02
     -3.392  0.0000E+00  0.6400E+02
     -3.374  0.0000E+00  0.6400E+02
     -3.355  0.0000E+00  0.6400E+02
     -3.337  0.0000E+00  0.6400E+02
     -3.318  0.0000E+00  0.6400E+02
     -3.300  0.0000E+00  0.6400E+02
     -3.281  0.0000E+00  0.6400E+02
     -3.263  0.0000E+00  0.6400E+02
     -3.245  0.0000E+00  0.6400E+02
     -3.226  0.0000E+00  0.6400E+02
     -3.208  0.0000E+00  0.6400E+02
     -3.189  0.0000E+00  0.6400E+02
     -3.171  0.0000E+00  0.6400E+02
     -3.152  0.0000E+00  0.6400E+02
     -3.134  0.0000E+00  0.6400E+02
     -3.116  0.0000E+00  0.6400E+02
     -3.097  0.0000E+00  0.6400E+02
     -3.079  0.0000E+00  0.6400E+02
     -3.060  0.0000E+00  0.6400E+02
     -3.042  0.0000E+00  0.6400E+02
     -3.023  0.0000E+00  0.6400E+02
     -3.005  0.0000E+00  0.6400E+02
     -2.987  0.0000E+00  0.6400E+02
     -2.968  0.0000E+00  0.6400E+02
     -2.950  0.0000E+00  0.6400E+02
     -2.931  0.0000E+00  0.6400E+02
     -2.913  0.0000E+00  0.6400E+02
     -2.894  0.0000E+00  0.6400E+02
     -2.876  0.0000E+00  0.6400E+02
     -2.858  0.0000E+00  0.6400E+02
     -2.839  0.0000E+00  0.6400E+02
     -2.821  0.0000E+00  0.6400E+02
     -2.802  0.0000E+00  0.6400E+02
     -2.784  0.0000E+00  0.6400E+02
     -2.765  0.0000E+00  0.6400E+02
     -2.747  0.0000E+00  0.6400E+02
     -2.729  0.0000E+00  0.6400E+02
     -2.710  0.0000E+00  0.6400E+02
     -2.692  0.0000E+00  0.6400E+02
     -2.673  0.0000E+00  0.6400E+02
     -2.655  0.0000E+00  0.6400E+02
     -2.636  0.0000E+00  0.6400E+02
     -2.618  0.0000E+00  0.6400E+02
     -2.600  0.0000E+00  0.6400E+02
     -2.581  0.0000E+00  0.6400E+02
     -2.563  0.0000E+00  0.6400E+02
     -2.544  0.0000E+00  0.6400E+02
     -2.526  0.0000E+00  0.6400E+02
     -2.507  0.0000E+00  0.6400E+02
     -2.489  0.0000E+00  0.6400E+02
     -2.471  0.0000E+00  0.6400E+02
     -2.452  0.0000E+00  0.6400E+02
     -2.434  0.0000E+00  0.6400E+02
     -2.415  0.0000E+00  0.6400E+02
     -2.397  0.0000E+00  0.6400E+02
     -2.378  0.0000E+00  0.6400E+02
     -2.360  0.0000E+00  0.6400E+02
     -2.341  0.0000E+00  0.6400E+02
     -2.323  0.0000E+00  0.6400E+02
     -2.305  0.0000E+00  0.6400E+02
     -2.286  0.0000E+00  0.6400E+02
     -2.268  0.0000E+00  0.6400E+02
     -2.249  0.0000E+00  0.6400E+02
     -2.231  0.0000E+00  0.6400E+02
     -2.212  0.0000E+00  0.6400E+02
     -2.194  0.0000E+00  0.6400E+02
     -2.176  0.0000E+00  0.6400E+02
     -2.157  0.0000E+00  0.6400E+02
     -2.139  0.0000E+00  0.6400E+02
     -2.120  0.0000E+00  0.6400E+02
     -2.102  0.0000E+00  0.6400E+02
     -2.083  0.0000E+00  0.6400E+02
     -2.065  0.0000E+00  0.6400E+02
     -2.047  0.0000E+00  0.6400E+02
     -2.028  0.0000E+00  0.6400E+02
     -2.010  0.0000E+00  0.6400E+02
     -1.991  0.0000E+00  0.6400E+02
     -1.973  0.0000E+00  0.6400E+02
     -1.954  0.0000E+00  0.6400E+02
     -1.936  0.0000E+00  0.6400E+02
     -1.918  0.0000E+00  0.6400E+02
     -1.899  0.0000E+00  0.6400E+02
     -1.881  0.0000E+00  0.6400E+02
     -1.862  0.0000E+00  0.6400E+02
     -1.844  0.0000E+00  0.6400E+02
     -1.825  0.0000E+00  0.6400E+02
     -1.807  0.0000E+00  0.6400E+02
     -1.789  0.0000E+00  0.6400E+02
     -1.770  0.0000E+00  0.6400E+02
     -1.752  0.0000E+00  0.6400E+02
     -1.733  0.0000E+00  0.6400E+02
     -1.715  0.0000E+00  0.6400E+02
     -1.696  0.0000E+00  0.6400E+02
     -1.678  0.0000E+00  0.6400E+02
     -1.660  0.0000E+00  0.6400E+02
     -1.641  0.0000E+00  0.6400E+02
     -1.623  0.0000E+00  0.6400E+02
     -1.604  0.0000E+00  0.6400E+02
     -1.586  0.0000E+00  0.6400E+02
     -1.567  0.0000E+00  0.6400E+02
     -1.549  0.0000E+00  0.6400E+02
     -1.531  0.0000E+00  0.6400E+02
     -1.512  0.0000E+00  0.6400E+02
     -1.494  0.0000E+00  0.6400E+02
     -1.475  0.0000E+00  0.6400E+02
     -1.457  0.0000E+00  0.6400E+02
     -1.438  0.0000E+00  0.6400E+02
     -1.420  0.0000E+00  0.6400E+02
     -1.402  0.0000E+00  0.6400E+02
     -1.383  0.0000E+00  0.6400E+02
     -1.365  0.0000E+00  0.6400E+02
     -1.346  0.0000E+00  0.6400E+02
     -1.328  0.0000E+00  0.6400E+02
     -1.309  0.0000E+00  0.6400E+02
     -1.291  0.0000E+00  0.6400E+02
     -1.273  0.0000E+00  0.6400E+02
     -1.254  0.0000E+00  0.6400E+02
     -1.236  0.1293E-02  0.6400E+02
     -1.217  0.1324E-01  0.6400E+02
     -1.199  0.3770E-01  0.6400E+02
     -1.180  0.7468E-01  0.6400E+02
     -1.162  0.1242E+00  0.6400E+02
     -1.144  0.1862E+00  0.6401E+02
     -1.125  0.2607E+00  0.6401E+02
     -1.107  0.3743E+00  0.6402E+02
     -1.088  0.5498E+00  0.6402E+02
     -1.070  0.7873E+00  0.6404E+02
     -1.051  0.1087E+01  0.6405E+02
     -1.033  0.1448E+01  0.6408E+02
     -1.015  0.1871E+01  0.6411E+02
     -0.996  0.2357E+01  0.6415E+02
     -0.978  0.2904E+01  0.6419E+02
     -0.959  0.3513E+01  0.6425E+02
     -0.941  0.4184E+01  0.6432E+02
     -0.922  0.4918E+01  0.6441E+02
     -0.904  0.5713E+01  0.6451E+02
     -0.885  0.6570E+01  0.6462E+02
     -0.867  0.7489E+01  0.6475E+02
     -0.849  0.8470E+01  0.6490E+02
     -0.830  0.9513E+01  0.6506E+02
     -0.812  0.1062E+02  0.6525E+02
     -0.793  0.1213E+02  0.6546E+02
     -0.775  0.1367E+02  0.6569E+02
     -0.756  0.1558E+02  0.6596E+02
     -0.738  0.1743E+02  0.6627E+02
     -0.720  0.1902E+02  0.6660E+02
     -0.701  0.2037E+02  0.6697E+02
     -0.683  0.2216E+02  0.6736E+02
     -0.664  0.2876E+02  0.6781E+02
     -0.646  0.3496E+02  0.6841E+02
     -0.627  0.3808E+02  0.6909E+02
     -0.609  0.5167E+02  0.6992E+02
     -0.591  0.6247E+02  0.7098E+02
     -0.572  0.6669E+02  0.7218E+02
     -0.554  0.6423E+02  0.7339E+02
     -0.535  0.5925E+02  0.7453E+02
     -0.517  0.5320E+02  0.7557E+02
     -0.498  0.4706E+02  0.7650E+02
     -0.480  0.4031E+02  0.7730E+02
     -0.462  0.3397E+02  0.7799E+02
     -0.443  0.2631E+02  0.7854E+02
     -0.425  0.1854E+02  0.7895E+02
     -0.406  0.1254E+02  0.7924E+02
     -0.388  0.8218E+01  0.7943E+02
     -0.369  0.5264E+01  0.7955E+02
     -0.351  0.7011E+01  0.7965E+02
     -0.333  0.1209E+02  0.7982E+02
     -0.314  0.2150E+02  0.8013E+02
     -0.296  0.3081E+02  0.8062E+02
     -0.277  0.3503E+02  0.8123E+02
     -0.259  0.4673E+02  0.8199E+02
     -0.240  0.4948E+02  0.8289E+02
     -0.222  0.5339E+02  0.8383E+02
     -0.204  0.6664E+02  0.8489E+02
     -0.185  0.8253E+02  0.8633E+02
     -0.167  0.6763E+02  0.8775E+02
     -0.148  0.5597E+02  0.8886E+02
     -0.130  0.6704E+02  0.8987E+02
     -0.111  0.6586E+02  0.9120E+02
     -0.093  0.4851E+02  0.9215E+02
     -0.075  0.5121E+02  0.9307E+02
     -0.056  0.5457E+02  0.9404E+02
     -0.038  0.5823E+02  0.9508E+02
     -0.019  0.6158E+02  0.9619E+02
     -0.001  0.6473E+02  0.9735E+02
      0.018  0.6736E+02  0.9857E+02
      0.036  0.6941E+02  0.9983E+02
      0.054  0.7050E+02  0.1011E+03
      0.073  0.7076E+02  0.1024E+03
      0.091  0.7057E+02  0.1037E+03
      0.110  0.6233E+02  0.1050E+03
      0.128  0.5435E+02  0.1061E+03
      0.147  0.4057E+02  0.1069E+03
      0.165  0.3353E+02  0.1076E+03
      0.183  0.2855E+02  0.1081E+03
      0.202  0.2840E+02  0.1087E+03
      0.220  0.2803E+02  0.1092E+03
      0.239  0.2762E+02  0.1097E+03
      0.257  0.2739E+02  0.1102E+03
      0.276  0.2717E+02  0.1107E+03
      0.294  0.2697E+02  0.1112E+03
      0.312  0.2678E+02  0.1117E+03
      0.331  0.2661E+02  0.1122E+03
      0.349  0.2646E+02  0.1127E+03
      0.368  0.2631E+02  0.1132E+03
      0.386  0.2619E+02  0.1136E+03
      0.405  0.2608E+02  0.1141E+03
      0.423  0.2599E+02  0.1146E+03
      0.442  0.2591E+02  0.1151E+03
      0.460  0.2585E+02  0.1156E+03
      0.478  0.2580E+02  0.1160E+03
      0.497  0.2577E+02  0.1165E+03
      0.515  0.2576E+02  0.1170E+03
      0.534  0.2471E+02  0.1175E+03
      0.552  0.2057E+02  0.1179E+03
      0.571  0.1828E+02  0.1182E+03
      0.589  0.1611E+02  0.1185E+03
      0.607  0.1496E+02  0.1188E+03
      0.626  0.1403E+02  0.1191E+03
      0.644  0.1044E+02  0.1193E+03
      0.663  0.1506E+02  0.1196E+03
      0.681  0.2050E+02  0.1199E+03
      0.700  0.2353E+02  0.1203E+03
      0.718  0.2430E+02  0.1207E+03
      0.736  0.2386E+02  0.1212E+03
      0.755  0.2260E+02  0.1216E+03
      0.773  0.2167E+02  0.1220E+03
      0.792  0.2121E+02  0.1224E+03
      0.810  0.2121E+02  0.1228E+03
      0.829  0.2167E+02  0.1232E+03
      0.847  0.2277E+02  0.1236E+03
      0.865  0.3444E+02  0.1241E+03
      0.884  0.3991E+02  0.1249E+03
      0.902  0.2588E+02  0.1254E+03
      0.921  0.2672E+02  0.1259E+03
      0.939  0.2722E+02  0.1264E+03
      0.958  0.2685E+02  0.1269E+03
      0.976  0.2590E+02  0.1274E+03
      0.994  0.2474E+02  0.1278E+03
      1.013  0.2273E+02  0.1283E+03
      1.031  0.2111E+02  0.1287E+03
      1.050  0.1980E+02  0.1290E+03
      1.068  0.1886E+02  0.1294E+03
      1.087  0.1814E+02  0.1297E+03
      1.105  0.1767E+02  0.1301E+03
      1.123  0.1742E+02  0.1304E+03
      1.142  0.1740E+02  0.1307E+03
      1.160  0.1762E+02  0.1310E+03
      1.179  0.1801E+02  0.1314E+03
      1.197  0.1838E+02  0.1317E+03
      1.216  0.1870E+02  0.1320E+03
      1.234  0.1899E+02  0.1324E+03
      1.252  0.1923E+02  0.1327E+03
      1.271  0.1944E+02  0.1331E+03
      1.289  0.1960E+02  0.1335E+03
      1.308  0.1972E+02  0.1338E+03
      1.326  0.1979E+02  0.1342E+03
      1.345  0.1983E+02  0.1345E+03
      1.363  0.1983E+02  0.1349E+03
      1.381  0.1978E+02  0.1353E+03
      1.400  0.1969E+02  0.1356E+03
      1.418  0.1956E+02  0.1360E+03
      1.437  0.1939E+02  0.1364E+03
      1.455  0.1918E+02  0.1367E+03
      1.474  0.1893E+02  0.1371E+03
      1.492  0.1863E+02  0.1374E+03
      1.510  0.1830E+02  0.1378E+03
      1.529  0.1792E+02  0.1381E+03
      1.547  0.1750E+02  0.1384E+03
      1.566  0.1899E+02  0.1387E+03
      1.584  0.2467E+02  0.1392E+03
      1.603  0.2356E+02  0.1396E+03
      1.621  0.2548E+02  0.1401E+03
      1.639  0.2711E+02  0.1406E+03
      1.658  0.2835E+02  0.1411E+03
      1.676  0.3015E+02  0.1416E+03
      1.695  0.3269E+02  0.1422E+03
      1.713  0.3565E+02  0.1428E+03
      1.732  0.4007E+02  0.1435E+03
      1.750  0.4636E+02  0.1443E+03
      1.768  0.4214E+02  0.1451E+03
      1.787  0.3094E+02  0.1458E+03
      1.805  0.3514E+02  0.1464E+03
      1.824  0.5831E+02  0.1472E+03
      1.842  0.6850E+02  0.1485E+03
      1.861  0.5759E+02  0.1496E+03
      1.879  0.5760E+02  0.1506E+03
      1.898  0.5012E+02  0.1516E+03
      1.916  0.5520E+02  0.1526E+03
      1.934  0.5789E+02  0.1536E+03
      1.953  0.5926E+02  0.1547E+03
      1.971  0.5906E+02  0.1558E+03
      1.990  0.5768E+02  0.1569E+03
      2.008  0.5518E+02  0.1579E+03
      2.027  0.5156E+02  0.1589E+03
      2.045  0.4681E+02  0.1598E+03
      2.063  0.4199E+02  0.1606E+03
      2.082  0.3959E+02  0.1614E+03
      2.100  0.3814E+02  0.1621E+03
      2.119  0.3925E+02  0.1628E+03
      2.137  0.4007E+02  0.1636E+03
      2.156  0.4059E+02  0.1643E+03
      2.174  0.4079E+02  0.1650E+03
      2.192  0.4067E+02  0.1658E+03
      2.211  0.4024E+02  0.1665E+03
      2.229  0.3949E+02  0.1673E+03
      2.248  0.3843E+02  0.1680E+03
      2.266  0.3705E+02  0.1687E+03
      2.285  0.3535E+02  0.1694E+03
      2.303  0.3379E+02  0.1700E+03
      2.321  0.3328E+02  0.1706E+03
      2.340  0.3312E+02  0.1712E+03
      2.358  0.3598E+02  0.1718E+03
      2.377  0.4095E+02  0.1726E+03
      2.395  0.4270E+02  0.1733E+03
      2.414  0.4303E+02  0.1741E+03
      2.432  0.5504E+02  0.1750E+03
      2.450  0.6260E+02  0.1761E+03
      2.469  0.6340E+02  0.1773E+03
      2.487  0.5489E+02  0.1784E+03
      2.506  0.2495E+03  0.1811E+03
      2.524  0.3628E+02  0.1831E+03
      2.543  0.9443E+02  0.1843E+03
      2.561  0.3470E+02  0.1857E+03
      2.579  0.6884E+02  0.1869E+03
      2.598  0.7880E+02  0.1889E+03
      2.616  0.7408E+02  0.1903E+03
      2.635  0.6522E+02  0.1915E+03
      2.653  0.6773E+02  0.1928E+03
      2.672  0.6844E+02  0.1940E+03
      2.690  0.6404E+02  0.1953E+03
      2.708  0.6838E+02  0.1965E+03
      2.727  0.8110E+02  0.1978E+03
      2.745  0.9704E+02  0.1995E+03
      2.764  0.1124E+03  0.2014E+03
      2.782  0.1203E+03  0.2036E+03
      2.801  0.1163E+03  0.2058E+03
      2.819  0.1035E+03  0.2078E+03
      2.837  0.8981E+02  0.2096E+03
      2.856  0.7846E+02  0.2111E+03
      2.874  0.6516E+02  0.2125E+03
      2.893  0.5333E+02  0.2135E+03
      2.911  0.5114E+02  0.2145E+03
      2.930  0.4838E+02  0.2154E+03
      2.948  0.5200E+02  0.2163E+03
      2.966  0.5985E+02  0.2173E+03
      2.985  0.6079E+02  0.2185E+03
      3.003  0.5426E+02  0.2195E+03
      3.022  0.4250E+02  0.2204E+03
      3.040  0.4015E+02  0.2212E+03
      3.059  0.4341E+02  0.2219E+03
      3.077  0.4617E+02  0.2228E+03
      3.095  0.5527E+02  0.2237E+03
      3.114  0.6232E+02  0.2248E+03
      3.132  0.6744E+02  0.2260E+03
      3.151  0.1157E+03  0.2276E+03
      3.169  0.1487E+03  0.2301E+03
      3.188  0.1771E+03  0.2332E+03
      3.206  0.1353E+03  0.2362E+03
      3.225  0.7760E+02  0.2381E+03
      3.243  0.8361E+02  0.2396E+03
      3.261  0.7975E+02  0.2411E+03
      3.280  0.6994E+02  0.2425E+03
      3.298  0.5829E+02  0.2437E+03
      3.317  0.4481E+02  0.2447E+03
      3.335  0.3588E+02  0.2454E+03
      3.354  0.3032E+02  0.2460E+03
      3.372  0.2573E+02  0.2465E+03
      3.390  0.2197E+02  0.2469E+03
      3.409  0.1865E+02  0.2473E+03
      3.427  0.1572E+02  0.2476E+03
      3.446  0.1305E+02  0.2479E+03
      3.464  0.1105E+02  0.2481E+03
      3.483  0.9571E+01  0.2483E+03
      3.501  0.8597E+01  0.2485E+03
      3.519  0.8555E+01  0.2486E+03
      3.538  0.1411E+02  0.2488E+03
      3.556  0.2003E+02  0.2492E+03
      3.575  0.2615E+02  0.2496E+03
      3.593  0.3069E+02  0.2501E+03
      3.612  0.3188E+02  0.2507E+03
      3.630  0.2978E+02  0.2513E+03
      3.648  0.2988E+02  0.2518E+03
      3.667  0.3562E+02  0.2524E+03
      3.685  0.6174E+02  0.2534E+03
      3.704  0.2698E+02  0.2546E+03
      3.722  0.2104E+02  0.2550E+03
      3.741  0.1584E+02  0.2554E+03
      3.759  0.1138E+02  0.2556E+03
      3.777  0.7655E+01  0.2558E+03
      3.796  0.4666E+01  0.2559E+03
      3.814  0.2413E+01  0.2560E+03
      3.833  0.8959E+00  0.2560E+03
      3.851  0.1154E+00  0.2560E+03
      3.870  0.0000E+00  0.2560E+03
      3.888  0.0000E+00  0.2560E+03
      3.906  0.0000E+00  0.2560E+03
      3.925  0.0000E+00  0.2560E+03
      3.943  0.0000E+00  0.2560E+03
      3.962  0.0000E+00  0.2560E+03
      3.980  0.0000E+00  0.2560E+03
      3.999  0.0000E+00  0.2560E+03
      4.017  0.0000E+00  0.2560E+03
      4.035  0.0000E+00  0.2560E+03
      4.054  0.0000E+00  0.2560E+03
      4.072  0.0000E+00  0.2560E+03
      4.091  0.0000E+00  0.2560E+03
      4.109  0.0000E+00  0.2560E+03
      4.128  0.0000E+00  0.2560E+03
      4.146  0.0000E+00  0.2560E+03
      4.164  0.0000E+00  0.2560E+03
      4.183  0.0000E+00  0.2560E+03
      4.201  0.0000E+00  0.2560E+03
      4.220  0.0000E+00  0.2560E+03
      4.238  0.0000E+00  0.2560E+03
      4.257  0.0000E+00  0.2560E+03
      4.275  0.0000E+00  0.2560E+03
      4.293  0.0000E+00  0.2560E+03
      4.312  0.0000E+00  0.2560E+03
      4.330  0.0000E+00  0.2560E+03
      4.349  0.0000E+00  0.2560E+03
      4.367  0.0000E+00  0.2560E+03
      4.386  0.0000E+00  0.2560E+03
      4.404  0.0000E+00  0.2560E+03
      4.422  0.0000E+00  0.2560E+03
      4.441  0.0000E+00  0.2560E+03
      4.459  0.0000E+00  0.2560E+03
      4.478  0.0000E+00  0.2560E+03
      4.496  0.0000E+00  0.2560E+03
      4.515  0.0000E+00  0.2560E+03
      4.533  0.0000E+00  0.2560E+03
      4.552  0.0000E+00  0.2560E+03
      4.570  0.0000E+00  0.2560E+03
      4.588  0.0000E+00  0.2560E+03
      4.607  0.0000E+00  0.2560E+03
      4.625  0.0000E+00  0.2560E+03
      4.644  0.0000E+00  0.2560E+03
      4.662  0.0000E+00  0.2560E+03
      4.681  0.0000E+00  0.2560E+03
      4.699  0.0000E+00  0.2560E+03
      4.717  0.0000E+00  0.2560E+03
      4.736  0.0000E+00  0.2560E+03
      4.754  0.0000E+00  0.2560E+03
      4.773  0.0000E+00  0.2560E+03
      4.791  0.0000E+00  0.2560E+03
      4.810  0.0000E+00  0.2560E+03
      4.828  0.0000E+00  0.2560E+03
      4.846  0.0000E+00  0.2560E+03
      4.865  0.0000E+00  0.2560E+03
      4.883  0.0000E+00  0.2560E+03
      4.902  0.0000E+00  0.2560E+03
      4.920  0.0000E+00  0.2560E+03
      4.939  0.0000E+00  0.2560E+03
      4.957  0.0000E+00  0.2560E+03
      4.975  0.0000E+00  0.2560E+03
      4.994  0.0000E+00  0.2560E+03
      5.012  0.0000E+00  0.2560E+03
      5.031  0.0000E+00  0.2560E+03
      5.049  0.0000E+00  0.2560E+03
      5.068  0.0000E+00  0.2560E+03
      5.086  0.0000E+00  0.2560E+03
      5.104  0.0000E+00  0.2560E+03
      5.123  0.0000E+00  0.2560E+03
      5.141  0.0000E+00  0.2560E+03
      5.160  0.0000E+00  0.2560E+03
      5.178  0.0000E+00  0.2560E+03
      5.197  0.0000E+00  0.2560E+03
      5.215  0.0000E+00  0.2560E+03
      5.233  0.0000E+00  0.2560E+03
      5.252  0.0000E+00  0.2560E+03
      5.270  0.0000E+00  0.2560E+03
      5.289  0.0000E+00  0.2560E+03
      5.307  0.0000E+00  0.2560E+03
      5.326  0.0000E+00  0.2560E+03
      5.344  0.0000E+00  0.2560E+03
      5.362  0.0000E+00  0.2560E+03
      5.381  0.0000E+00  0.2560E+03
      5.399  0.0000E+00  0.2560E+03
      5.418  0.0000E+00  0.2560E+03
      5.436  0.0000E+00  0.2560E+03
      5.455  0.0000E+00  0.2560E+03
      5.473  0.0000E+00  0.2560E+03
      5.491  0.0000E+00  0.2560E+03
      5.510  0.0000E+00  0.2560E+03
      5.528  0.0000E+00  0.2560E+03
      5.547  0.0000E+00  0.2560E+03
      5.565  0.0000E+00  0.2560E+03
      5.584  0.0000E+00  0.2560E+03
      5.602  0.0000E+00  0.2560E+03
      5.620  0.0000E+00  0.2560E+03
      5.639  0.0000E+00  0.2560E+03
      5.657  0.0000E+00  0.2560E+03
      5.676  0.0000E+00  0.2560E+03
      5.694  0.0000E+00  0.2560E+03
      5.713  0.0000E+00  0.2560E+03
      5.731  0.0000E+00  0.2560E+03
      5.749  0.0000E+00  0.2560E+03
      5.768  0.0000E+00  0.2560E+03
      5.786  0.0000E+00  0.2560E+03
      5.805  0.0000E+00  0.2560E+03
      5.823  0.0000E+00  0.2560E+03
      5.842  0.0000E+00  0.2560E+03
      5.860  0.0000E+00  0.2560E+03
      5.878  0.0000E+00  0.2560E+03
      5.897  0.0000E+00  0.2560E+03
      5.915  0.0000E+00  0.2560E+03
      5.934  0.0000E+00  0.2560E+03
      5.952  0.0000E+00  0.2560E+03
      5.971  0.0000E+00  0.2560E+03
      5.989  0.0000E+00  0.2560E+03
      6.008  0.0000E+00  0.2560E+03
      6.026  0.0000E+00  0.2560E+03
      6.044  0.0000E+00  0.2560E+03
      6.063  0.0000E+00  0.2560E+03
      6.081  0.0000E+00  0.2560E+03
      6.100  0.0000E+00  0.2560E+03
      6.118  0.0000E+00  0.2560E+03
      6.137  0.0000E+00  0.2560E+03
      6.155  0.0000E+00  0.2560E+03
      6.173  0.0000E+00  0.2560E+03
      6.192  0.0000E+00  0.2560E+03
      6.210  0.0000E+00  0.2560E+03
      6.229  0.0000E+00  0.2560E+03
      6.247  0.0000E+00  0.2560E+03
      6.266  0.0000E+00  0.2560E+03
      6.284  0.0000E+00  0.2560E+03
      6.302  0.0000E+00  0.2560E+03
      6.321  0.0000E+00  0.2560E+03
      6.339  0.0000E+00  0.2560E+03
      6.358  0.0000E+00  0.2560E+03
      6.376  0.0000E+00  0.2560E+03
      6.395  0.0000E+00  0.2560E+03
      6.413  0.0000E+00  0.2560E+03
      6.431  0.0000E+00  0.2560E+03
      6.450  0.0000E+00  0.2560E+03
      6.468  0.0000E+00  0.2560E+03
      6.487  0.0000E+00  0.2560E+03
      6.505  0.0000E+00  0.2560E+03
      6.524  0.0000E+00  0.2560E+03
      6.542  0.0000E+00  0.2560E+03
      6.560  0.0000E+00  0.2560E+03
      6.579  0.0000E+00  0.2560E+03
      6.597  0.0000E+00  0.2560E+03
      6.616  0.0000E+00  0.2560E+03
      6.634  0.0000E+00  0.2560E+03
      6.653  0.0000E+00  0.2560E+03
      6.671  0.0000E+00  0.2560E+03
      6.689  0.0000E+00  0.2560E+03
      6.708  0.0000E+00  0.2560E+03
      6.726  0.0000E+00  0.2560E+03
      6.745  0.0000E+00  0.2560E+03
      6.763  0.0000E+00  0.2560E+03
      6.782  0.0000E+00  0.2560E+03
      6.800  0.0000E+00  0.2560E+03
      6.818  0.0000E+00  0.2560E+03
      6.837  0.0000E+00  0.2560E+03
      6.855  0.0000E+00  0.2560E+03
      6.874  0.0000E+00  0.2560E+03
      6.892  0.0000E+00  0.2560E+03
      6.911  0.0000E+00  0.2560E+03
      6.929  0.0000E+00  0.2560E+03
      6.947  0.0000E+00  0.2560E+03
      6.966  0.0000E+00  0.2560E+03
      6.984  0.0000E+00  0.2560E+03
      7.003  0.0000E+00  0.2560E+03
      7.021  0.0000E+00  0.2560E+03
      7.040  0.0000E+00  0.2560E+03
      7.058  0.0000E+00  0.2560E+03
      7.076  0.0000E+00  0.2560E+03
      7.095  0.0000E+00  0.2560E+03
      7.113  0.0000E+00  0.2560E+03
      7.132  0.0000E+00  0.2560E+03
      7.150  0.0000E+00  0.2560E+03
      7.169  0.0000E+00  0.2560E+03
      7.187  0.0000E+00  0.2560E+03
      7.205  0.0000E+00  0.2560E+03
      7.224  0.0000E+00  0.2560E+03
      7.242  0.0000E+00  0.2560E+03
      7.261  0.0000E+00  0.2560E+03
      7.279  0.0000E+00  0.2560E+03
      7.298  0.0000E+00  0.2560E+03
      7.316  0.0000E+00  0.2560E+03
      7.335  0.0000E+00  0.2560E+03
      7.353  0.0000E+00  0.2560E+03
      7.371  0.0000E+00  0.2560E+03
      7.390  0.0000E+00  0.2560E+03
      7.408  0.0000E+00  0.2560E+03
      7.427  0.0000E+00  0.2560E+03
      7.445  0.0000E+00  0.2560E+03
      7.464  0.0000E+00  0.2560E+03
      7.482  0.0000E+00  0.2560E+03
      7.500  0.0000E+00  0.2560E+03
      7.519  0.0000E+00  0.2560E+03
      7.537  0.0000E+00  0.2560E+03
      7.556  0.0000E+00  0.2560E+03
      7.574  0.0000E+00  0.2560E+03
      7.593  0.0000E+00  0.2560E+03
      7.611  0.0000E+00  0.2560E+03
      7.629  0.0000E+00  0.2560E+03
      7.648  0.0000E+00  0.2560E+03
      7.666  0.0000E+00  0.2560E+03
      7.685  0.0000E+00  0.2560E+03
      7.703  0.0000E+00  0.2560E+03
      7.722  0.0000E+00  0.2560E+03
      7.740  0.0000E+00  0.2560E+03
      7.758  0.0000E+00  0.2560E+03
      7.777  0.0000E+00  0.2560E+03
      7.795  0.0000E+00  0.2560E+03
      7.814  0.0000E+00  0.2560E+03
      7.832  0.0000E+00  0.2560E+03
      7.851  0.0000E+00  0.2560E+03
      7.869  0.0000E+00  0.2560E+03
      7.887  0.0000E+00  0.2560E+03
      7.906  0.0000E+00  0.2560E+03
      7.924  0.0000E+00  0.2560E+03
      7.943  0.0000E+00  0.2560E+03
      7.961  0.0000E+00  0.2560E+03
      7.980  0.0000E+00  0.2560E+03
      7.998  0.0000E+00  0.2560E+03
      8.016  0.0000E+00  0.2560E+03
      8.035  0.0000E+00  0.2560E+03
      8.053  0.0000E+00  0.2560E+03
      8.072  0.0000E+00  0.2560E+03
      8.090  0.0000E+00  0.2560E+03
      8.109  0.0000E+00  0.2560E+03
      8.127  0.0000E+00  0.2560E+03
      8.145  0.0000E+00  0.2560E+03
      8.164  0.0000E+00  0.2560E+03
      8.182  0.0000E+00  0.2560E+03
      8.201  0.0000E+00  0.2560E+03
      8.219  0.0000E+00  0.2560E+03
      8.238  0.0000E+00  0.2560E+03
      8.256  0.0000E+00  0.2560E+03
      8.274  0.0000E+00  0.2560E+03
      8.293  0.0000E+00  0.2560E+03
      8.311  0.0000E+00  0.2560E+03
      8.330  0.0000E+00  0.2560E+03
      8.348  0.0000E+00  0.2560E+03
      8.367  0.0000E+00  0.2560E+03
      8.385  0.0000E+00  0.2560E+03
      8.403  0.0000E+00  0.2560E+03
      8.422  0.0000E+00  0.2560E+03
      8.440  0.0000E+00  0.2560E+03
      8.459  0.0000E+00  0.2560E+03
      8.477  0.0000E+00  0.2560E+03
      8.496  0.0000E+00  0.2560E+03
      8.514  0.0000E+00  0.2560E+03
      8.532  0.0000E+00  0.2560E+03
      8.551  0.0000E+00  0.2560E+03
      8.569  0.0000E+00  0.2560E+03
      8.588  0.0000E+00  0.2560E+03
      8.606  0.0000E+00  0.2560E+03
      8.625  0.0000E+00  0.2560E+03
      8.643  0.0000E+00  0.2560E+03
      8.661  0.0000E+00  0.2560E+03
      8.680  0.0000E+00  0.2560E+03
      8.698  0.0000E+00  0.2560E+03
      8.717  0.0000E+00  0.2560E+03
      8.735  0.0000E+00  0.2560E+03
      8.754  0.0000E+00  0.2560E+03
      8.772  0.0000E+00  0.2560E+03
      8.791  0.0000E+00  0.2560E+03
      8.809  0.0000E+00  0.2560E+03
      8.827  0.0000E+00  0.2560E+03
      8.846  0.0000E+00  0.2560E+03
      8.864  0.0000E+00  0.2560E+03
      8.883  0.0000E+00  0.2560E+03
      8.901  0.0000E+00  0.2560E+03
      8.920  0.0000E+00  0.2560E+03
      8.938  0.0000E+00  0.2560E+03
      8.956  0.0000E+00  0.2560E+03
      8.975  0.0000E+00  0.2560E+03
      8.993  0.0000E+00  0.2560E+03
      9.012  0.0000E+00  0.2560E+03
      9.030  0.0000E+00  0.2560E+03
      9.049  0.0000E+00  0.2560E+03
      9.067  0.0000E+00  0.2560E+03
      9.085  0.0000E+00  0.2560E+03
      9.104  0.0000E+00  0.2560E+03
      9.122  0.0000E+00  0.2560E+03
      9.141  0.0000E+00  0.2560E+03
      9.159  0.0000E+00  0.2560E+03
      9.178  0.0000E+00  0.2560E+03
      9.196  0.0000E+00  0.2560E+03
      9.214  0.0000E+00  0.2560E+03
      9.233  0.0000E+00  0.2560E+03
      9.251  0.0000E+00  0.2560E+03
      9.270  0.0000E+00  0.2560E+03
      9.288  0.0000E+00  0.2560E+03
      9.307  0.0000E+00  0.2560E+03
      9.325  0.0000E+00  0.2560E+03
      9.343  0.0000E+00  0.2560E+03
      9.362  0.0000E+00  0.2560E+03
      9.380  0.0000E+00  0.2560E+03
      9.399  0.0000E+00  0.2560E+03
      9.417  0.0000E+00  0.2560E+03
      9.436  0.0000E+00  0.2560E+03
      9.454  0.0000E+00  0.2560E+03
      9.472  0.0000E+00  0.2560E+03
      9.491  0.0000E+00  0.2560E+03
      9.509  0.0000E+00  0.2560E+03
      9.528  0.0000E+00  0.2560E+03
      9.546  0.0000E+00  0.2560E+03
      9.565  0.0000E+00  0.2560E+03
      9.583  0.0000E+00  0.2560E+03
      9.601  0.0000E+00  0.2560E+03
      9.620  0.0000E+00  0.2560E+03
      9.638  0.0000E+00  0.2560E+03
      9.657  0.0000E+00  0.2560E+03
      9.675  0.0000E+00  0.2560E+03
      9.694  0.0000E+00  0.2560E+03
      9.712  0.0000E+00  0.2560E+03
      9.730  0.0000E+00  0.2560E+03
      9.749  0.0000E+00  0.2560E+03
      9.767  0.0000E+00  0.2560E+03
      9.786  0.0000E+00  0.2560E+03
      9.804  0.0000E+00  0.2560E+03
      9.823  0.0000E+00  0.2560E+03
      9.841  0.0000E+00  0.2560E+03
      9.859  0.0000E+00  0.2560E+03
      9.878  0.0000E+00  0.2560E+03
      9.896  0.1706E-03  0.2560E+03
      9.915  0.2305E-02  0.2560E+03
      9.933  0.6883E-02  0.2560E+03
      9.952  0.1390E-01  0.2560E+03
      9.970  0.2337E-01  0.2560E+03
      9.988  0.3527E-01  0.2560E+03
     10.007  0.4962E-01  0.2560E+03
     10.025  0.6642E-01  0.2560E+03
     10.044  0.8565E-01  0.2560E+03
     10.062  0.1073E+00  0.2560E+03
     10.081  0.1315E+00  0.2560E+03
     10.099  0.1580E+00  0.2560E+03
     10.118  0.1870E+00  0.2560E+03
     10.136  0.2185E+00  0.2560E+03
     10.154  0.2524E+00  0.2560E+03
     10.173  0.2887E+00  0.2560E+03
     10.191  0.3275E+00  0.2560E+03
     10.210  0.3687E+00  0.2560E+03
     10.228  0.4124E+00  0.2560E+03
     10.247  0.4585E+00  0.2561E+03
     10.265  0.5071E+00  0.2561E+03
     10.283  0.5581E+00  0.2561E+03
     10.302  0.6115E+00  0.2561E+03
     10.320  0.6674E+00  0.2561E+03
     10.339  0.7257E+00  0.2561E+03
     10.357  0.7865E+00  0.2561E+03
     10.376  0.8497E+00  0.2561E+03
     10.394  0.9153E+00  0.2562E+03
     10.412  0.9834E+00  0.2562E+03
     10.431  0.1054E+01  0.2562E+03
     10.449  0.1127E+01  0.2562E+03
     10.468  0.1202E+01  0.2562E+03
     10.486  0.1280E+01  0.2563E+03
     10.505  0.1361E+01  0.2563E+03
     10.523  0.1443E+01  0.2563E+03
     10.541  0.1529E+01  0.2563E+03
     10.560  0.1616E+01  0.2564E+03
     10.578  0.1706E+01  0.2564E+03
     10.597  0.1799E+01  0.2564E+03
     10.615  0.1894E+01  0.2565E+03
     10.634  0.1991E+01  0.2565E+03
     10.652  0.2091E+01  0.2565E+03
     10.670  0.2193E+01  0.2566E+03
     10.689  0.2415E+01  0.2566E+03
     10.707  0.2801E+01  0.2567E+03
     10.726  0.3152E+01  0.2567E+03
     10.744  0.3469E+01  0.2568E+03
     10.763  0.3750E+01  0.2568E+03
     10.781  0.3996E+01  0.2569E+03
     10.799  0.4208E+01  0.2570E+03
     10.818  0.4384E+01  0.2571E+03
     10.836  0.4526E+01  0.2572E+03
     10.855  0.4632E+01  0.2572E+03
     10.873  0.4703E+01  0.2573E+03
     10.892  0.4740E+01  0.2574E+03
     10.910  0.4741E+01  0.2575E+03
     10.928  0.4708E+01  0.2576E+03
     10.947  0.4640E+01  0.2577E+03
     10.965  0.4536E+01  0.2578E+03
     10.984  0.4398E+01  0.2578E+03
     11.002  0.4224E+01  0.2579E+03
     11.021  0.2025E+01  0.2580E+03
     11.039  0.4379E+00  0.2580E+03
     11.057  0.0000E+00  0.2580E+03
     11.076  0.0000E+00  0.2580E+03
     11.094  0.0000E+00  0.2580E+03
     11.113  0.0000E+00  0.2580E+03
     11.131  0.0000E+00  0.2580E+03
     11.150  0.0000E+00  0.2580E+03
     11.168  0.0000E+00  0.2580E+03
     11.186  0.0000E+00  0.2580E+03
     11.205  0.0000E+00  0.2580E+03
     11.223  0.0000E+00  0.2580E+03
     11.242  0.0000E+00  0.2580E+03
     11.260  0.0000E+00  0.2580E+03
     11.279  0.0000E+00  0.2580E+03
     11.297  0.0000E+00  0.2580E+03
     11.315  0.0000E+00  0.2580E+03
     11.334  0.0000E+00  0.2580E+03
     11.352  0.0000E+00  0.2580E+03
     11.371  0.0000E+00  0.2580E+03
     11.389  0.0000E+00  0.2580E+03
     11.408  0.0000E+00  0.2580E+03
     11.426  0.0000E+00  0.2580E+03
     11.445  0.0000E+00  0.2580E+03
     11.463  0.0000E+00  0.2580E+03
     11.481  0.0000E+00  0.2580E+03
     11.500  0.0000E+00  0.2580E+03
     11.518  0.0000E+00  0.2580E+03
     11.537  0.0000E+00  0.2580E+03
     11.555  0.0000E+00  0.2580E+03
     11.574  0.0000E+00  0.2580E+03
     11.592  0.0000E+00  0.2580E+03
     11.610  0.0000E+00  0.2580E+03
     11.629  0.0000E+00  0.2580E+03
     11.647  0.0000E+00  0.2580E+03
     11.666  0.0000E+00  0.2580E+03
     11.684  0.1910E+00  0.2580E+03
     11.703  0.4118E+00  0.2580E+03
     11.721  0.6256E+00  0.2580E+03
     11.739  0.8323E+00  0.2580E+03
     11.758  0.1032E+01  0.2580E+03
     11.776  0.1225E+01  0.2581E+03
     11.795  0.1410E+01  0.2581E+03
     11.813  0.1588E+01  0.2581E+03
     11.832  0.1760E+01  0.2582E+03
     11.850  0.1924E+01  0.2582E+03
     11.868  0.2081E+01  0.2582E+03
     11.887  0.2231E+01  0.2583E+03
     11.905  0.2375E+01  0.2583E+03
     11.924  0.2511E+01  0.2583E+03
     11.942  0.2640E+01  0.2584E+03
     11.961  0.2761E+01  0.2584E+03
     11.979  0.2876E+01  0.2585E+03
     11.997  0.2984E+01  0.2586E+03
     12.016  0.3085E+01  0.2586E+03
     12.034  0.3178E+01  0.2587E+03
     12.053  0.3265E+01  0.2587E+03
     12.071  0.3344E+01  0.2588E+03
     12.090  0.3417E+01  0.2588E+03
     12.108  0.3482E+01  0.2589E+03
     12.126  0.3541E+01  0.2590E+03
     12.145  0.3592E+01  0.2590E+03
     12.163  0.3636E+01  0.2591E+03
     12.182  0.3673E+01  0.2592E+03
     12.200  0.3703E+01  0.2592E+03
     12.219  0.3726E+01  0.2593E+03
     12.237  0.3742E+01  0.2594E+03
     12.255  0.3751E+01  0.2595E+03
     12.274  0.3753E+01  0.2595E+03
     12.292  0.3747E+01  0.2596E+03
     12.311  0.3424E+01  0.2597E+03
     12.329  0.3230E+01  0.2597E+03
     12.348  0.3441E+01  0.2598E+03
     12.366  0.3606E+01  0.2598E+03
     12.384  0.3726E+01  0.2599E+03
     12.403  0.3799E+01  0.2600E+03
     12.421  0.3827E+01  0.2600E+03
     12.440  0.3808E+01  0.2601E+03
     12.458  0.3744E+01  0.2602E+03
     12.477  0.3676E+01  0.2603E+03
     12.495  0.3634E+01  0.2603E+03
     12.513  0.3638E+01  0.2604E+03
     12.532  0.3689E+01  0.2605E+03
     12.550  0.3786E+01  0.2605E+03
     12.569  0.3930E+01  0.2606E+03
     12.587  0.4120E+01  0.2607E+03
     12.606  0.4357E+01  0.2608E+03
     12.624  0.4640E+01  0.2608E+03
     12.642  0.4968E+01  0.2609E+03
     12.661  0.5326E+01  0.2610E+03
     12.679  0.5712E+01  0.2611E+03
     12.698  0.6125E+01  0.2612E+03
     12.716  0.6566E+01  0.2613E+03
     12.735  0.7033E+01  0.2615E+03
     12.753  0.7527E+01  0.2616E+03
     12.771  0.7972E+01  0.2617E+03
     12.790  0.8349E+01  0.2619E+03
     12.808  0.8676E+01  0.2621E+03
     12.827  0.8951E+01  0.2622E+03
     12.845  0.9175E+01  0.2624E+03
     12.864  0.9347E+01  0.2626E+03
     12.882  0.9468E+01  0.2627E+03
     12.901  0.9538E+01  0.2629E+03
     12.919  0.9480E+01  0.2631E+03
     12.937  0.9366E+01  0.2633E+03
     12.956  0.9408E+01  0.2634E+03
     12.974  0.9650E+01  0.2636E+03
     12.993  0.1134E+02  0.2638E+03
     13.011  0.1223E+02  0.2640E+03
     13.030  0.1231E+02  0.2642E+03
     13.048  0.1159E+02  0.2645E+03
     13.066  0.1029E+02  0.2647E+03
     13.085  0.9536E+01  0.2648E+03
     13.103  0.8928E+01  0.2650E+03
     13.122  0.8249E+01  0.2652E+03
     13.140  0.7567E+01  0.2653E+03
     13.159  0.6881E+01  0.2655E+03
     13.177  0.6195E+01  0.2656E+03
     13.195  0.5511E+01  0.2657E+03
     13.214  0.4829E+01  0.2658E+03
     13.232  0.4148E+01  0.2659E+03
     13.251  0.3471E+01  0.2659E+03
     13.269  0.2801E+01  0.2660E+03
     13.288  0.2139E+01  0.2660E+03
     13.306  0.1485E+01  0.2661E+03
     13.324  0.1351E+01  0.2661E+03
     13.343  0.1623E+01  0.2661E+03
     13.361  0.1922E+01  0.2662E+03
     13.380  0.2248E+01  0.2662E+03
     13.398  0.2602E+01  0.2662E+03
     13.417  0.2982E+01  0.2663E+03
     13.435  0.3388E+01  0.2663E+03
     13.453  0.3822E+01  0.2664E+03
     13.472  0.4283E+01  0.2665E+03
     13.490  0.4771E+01  0.2666E+03
     13.509  0.5285E+01  0.2667E+03
     13.527  0.5827E+01  0.2668E+03
     13.546  0.6395E+01  0.2669E+03
     13.564  0.1470E+02  0.2671E+03
     13.582  0.1950E+02  0.2674E+03
     13.601  0.2043E+02  0.2678E+03
     13.619  0.1748E+02  0.2681E+03
     13.638  0.1067E+02  0.2684E+03
     13.656  0.4888E+01  0.2685E+03
     13.675  0.3707E+01  0.2686E+03
     13.693  0.3979E+01  0.2687E+03
     13.711  0.4279E+01  0.2687E+03
     13.730  0.4593E+01  0.2688E+03
     13.748  0.4921E+01  0.2689E+03
     13.767  0.5263E+01  0.2690E+03
     13.785  0.5621E+01  0.2691E+03
     13.804  0.5998E+01  0.2692E+03
     13.822  0.6496E+01  0.2693E+03
     13.840  0.7013E+01  0.2694E+03
     13.859  0.7592E+01  0.2696E+03
     13.877  0.8149E+01  0.2697E+03
     13.896  0.8641E+01  0.2699E+03
     13.914  0.9069E+01  0.2700E+03
     13.933  0.9433E+01  0.2702E+03
     13.951  0.9732E+01  0.2704E+03
     13.969  0.9966E+01  0.2706E+03
     13.988  0.1014E+02  0.2708E+03
     14.006  0.1024E+02  0.2709E+03
     14.025  0.1028E+02  0.2711E+03
     14.043  0.1026E+02  0.2713E+03
     14.062  0.1017E+02  0.2715E+03
     14.080  0.1002E+02  0.2717E+03
     14.098  0.9798E+01  0.2719E+03
     14.117  0.9516E+01  0.2721E+03
     14.135  0.9169E+01  0.2722E+03
     14.154  0.9411E+01  0.2724E+03
     14.172  0.1286E+02  0.2726E+03
     14.191  0.1739E+02  0.2729E+03
     14.209  0.2280E+02  0.2733E+03
     14.228  0.3013E+02  0.2737E+03
     14.246  0.4439E+02  0.2744E+03
     14.264  0.3199E+02  0.2752E+03
     14.283  0.2167E+02  0.2756E+03
     14.301  0.2012E+02  0.2760E+03
     14.320  0.1664E+02  0.2764E+03
     14.338  0.1142E+02  0.2766E+03
     14.357  0.1360E+02  0.2768E+03
     14.375  0.1586E+02  0.2771E+03
     14.393  0.3942E+02  0.2774E+03
     14.412  0.0000E+00  0.2780E+03
     14.430  0.0000E+00  0.2780E+03
     14.449  0.1668E+02  0.2782E+03
     14.467  0.1707E+02  0.2785E+03
     14.486  0.1829E+02  0.2788E+03
     14.504  0.2281E+02  0.2792E+03
     14.522  0.1950E+02  0.2796E+03
     14.541  0.1396E+02  0.2799E+03
     14.559  0.1259E+02  0.2801E+03
     14.578  0.4699E+02  0.2807E+03
     14.596  0.1807E+02  0.2812E+03
     14.615  0.1633E+02  0.2815E+03
     14.633  0.1471E+02  0.2818E+03
     14.651  0.1322E+02  0.2821E+03
     14.670  0.1223E+02  0.2823E+03
     14.688  0.1276E+02  0.2825E+03
     14.707  0.1317E+02  0.2828E+03
     14.725  0.1349E+02  0.2830E+03
     14.744  0.1367E+02  0.2833E+03
     14.762  0.1369E+02  0.2835E+03
     14.780  0.1353E+02  0.2838E+03
     14.799  0.1321E+02  0.2840E+03
     14.817  0.1326E+02  0.2843E+03
     14.836  0.1356E+02  0.2845E+03
     14.854  0.1354E+02  0.2848E+03
     14.873  0.1320E+02  0.2850E+03
     14.891  0.1260E+02  0.2852E+03
     14.909  0.1189E+02  0.2855E+03
     14.928  0.1281E+02  0.2857E+03
     14.946  0.1346E+02  0.2859E+03
     14.965  0.1374E+02  0.2862E+03
     14.983  0.1378E+02  0.2864E+03
     15.002  0.1396E+02  0.2867E+03
     15.020  0.1434E+02  0.2870E+03
     15.038  0.1492E+02  0.2872E+03
     15.057  0.1546E+02  0.2875E+03
     15.075  0.1597E+02  0.2878E+03
     15.094  0.1644E+02  0.2881E+03
     15.112  0.1688E+02  0.2884E+03
     15.131  0.1729E+02  0.2887E+03
     15.149  0.1766E+02  0.2890E+03
     15.167  0.1799E+02  0.2894E+03
     15.186  0.1829E+02  0.2897E+03
     15.204  0.1855E+02  0.2900E+03
     15.223  0.1876E+02  0.2904E+03
     15.241  0.1890E+02  0.2907E+03
     15.260  0.1954E+02  0.2911E+03
     15.278  0.2061E+02  0.2915E+03
     15.296  0.1861E+02  0.2918E+03
     15.315  0.1978E+02  0.2922E+03
     15.333  0.2083E+02  0.2925E+03
     15.352  0.2029E+02  0.2929E+03
     15.370  0.2110E+02  0.2933E+03
     15.389  0.2310E+02  0.2937E+03
     15.407  0.2452E+02  0.2941E+03
     15.425  0.2577E+02  0.2946E+03
     15.444  0.2607E+02  0.2951E+03
     15.462  0.2724E+02  0.2956E+03
     15.481  0.2777E+02  0.2961E+03
     15.499  0.2691E+02  0.2966E+03
     15.518  0.2673E+02  0.2971E+03
     15.536  0.2522E+02  0.2976E+03
     15.554  0.2191E+02  0.2980E+03
     15.573  0.1895E+02  0.2984E+03
     15.591  0.1972E+02  0.2987E+03
     15.610  0.2079E+02  0.2991E+03
     15.628  0.2056E+02  0.2995E+03
     15.647  0.1980E+02  0.2998E+03
     15.665  0.1955E+02  0.3002E+03
     15.684  0.2019E+02  0.3006E+03
     15.702  0.1797E+02  0.3009E+03
     15.720  0.1499E+02  0.3012E+03
     15.739  0.1191E+02  0.3015E+03
     15.757  0.8720E+01  0.3017E+03
     15.776  0.1729E+02  0.3019E+03
     15.794  0.2600E+02  0.3023E+03
     15.813  0.2218E+02  0.3028E+03
     15.831  0.1796E+02  0.3031E+03
     15.849  0.1612E+02  0.3034E+03
     15.868  0.1527E+02  0.3037E+03
     15.886  0.1464E+02  0.3040E+03
     15.905  0.1408E+02  0.3043E+03
     15.923  0.1411E+02  0.3045E+03
     15.942  0.1467E+02  0.3048E+03
     15.960  0.1540E+02  0.3051E+03
     15.978  0.1649E+02  0.3054E+03
     15.997  0.1789E+02  0.3057E+03
     16.015  0.1895E+02  0.3060E+03
     16.034  0.1978E+02  0.3064E+03
     16.052  0.2040E+02  0.3067E+03
     16.071  0.2182E+02  0.3071E+03
     16.089  0.4168E+02  0.3077E+03
     16.107  0.4970E+01  0.3082E+03
     16.126  0.6925E+01  0.3083E+03
     16.144  0.9203E+01  0.3084E+03
     16.163  0.1222E+02  0.3086E+03
     16.181  0.2395E+02  0.3090E+03
     16.200  0.2697E+02  0.3094E+03
     16.218  0.1979E+02  0.3099E+03
     16.236  0.7614E+01  0.3101E+03
     16.255  0.7180E+01  0.3103E+03
     16.273  0.9810E+01  0.3104E+03
     16.292  0.1420E+02  0.3106E+03
     16.310  0.1986E+02  0.3109E+03
     16.329  0.2301E+02  0.3113E+03
     16.347  0.2373E+02  0.3118E+03
     16.365  0.7853E+00  0.3120E+03
     16.384  0.2161E+01  0.3120E+03
     16.402  0.4220E+01  0.3121E+03
     16.421  0.4880E+01  0.3122E+03
     16.439  0.5276E+01  0.3123E+03
     16.458  0.7939E+01  0.3124E+03
     16.476  0.1044E+02  0.3126E+03
     16.494  0.1097E+02  0.3128E+03
     16.513  0.1142E+02  0.3130E+03
     16.531  0.1178E+02  0.3132E+03
     16.550  0.1204E+02  0.3134E+03
     16.568  0.1222E+02  0.3136E+03
     16.587  0.1231E+02  0.3139E+03
     16.605  0.1231E+02  0.3141E+03
     16.623  0.1221E+02  0.3143E+03
     16.642  0.1642E+02  0.3146E+03
     16.660  0.1758E+02  0.3149E+03
     16.679  0.1762E+02  0.3152E+03
     16.697  0.1750E+02  0.3155E+03
     16.716  0.1651E+02  0.3159E+03
     16.734  0.1222E+02  0.3161E+03
     16.752  0.1211E+02  0.3163E+03
     16.771  0.1272E+02  0.3166E+03
     16.789  0.1510E+02  0.3168E+03
     16.808  0.1679E+02  0.3171E+03
     16.826  0.1716E+02  0.3174E+03
     16.845  0.1713E+02  0.3178E+03
     16.863  0.1670E+02  0.3181E+03
     16.881  0.1602E+02  0.3184E+03
     16.900  0.1530E+02  0.3187E+03
     16.918  0.1456E+02  0.3189E+03
     16.937  0.1330E+02  0.3192E+03
     16.955  0.1138E+02  0.3194E+03
     16.974  0.1182E+02  0.3196E+03
     16.992  0.1314E+02  0.3199E+03
     17.011  0.1478E+02  0.3201E+03
     17.029  0.1459E+02  0.3204E+03
     17.047  0.1423E+02  0.3207E+03
     17.066  0.1448E+02  0.3209E+03
     17.084  0.1533E+02  0.3212E+03
     17.103  0.1714E+02  0.3215E+03
     17.121  0.1871E+02  0.3218E+03
     17.140  0.1993E+02  0.3222E+03
     17.158  0.2040E+02  0.3226E+03
     17.176  0.1891E+02  0.3229E+03
     17.195  0.1707E+02  0.3232E+03
     17.213  0.1490E+02  0.3235E+03
     17.232  0.1397E+02  0.3238E+03
     17.250  0.1441E+02  0.3241E+03
     17.269  0.1401E+02  0.3243E+03
     17.287  0.1286E+02  0.3246E+03
     17.305  0.1176E+02  0.3248E+03
     17.324  0.1074E+02  0.3250E+03
     17.342  0.9779E+01  0.3252E+03
     17.361  0.1031E+02  0.3254E+03
     17.379  0.1337E+02  0.3256E+03
     17.398  0.1241E+02  0.3258E+03
     17.416  0.1290E+02  0.3261E+03
     17.434  0.1365E+02  0.3263E+03
     17.453  0.1366E+02  0.3266E+03
     17.471  0.1294E+02  0.3268E+03
     17.490  0.1144E+02  0.3270E+03
     17.508  0.9659E+01  0.3272E+03
     17.527  0.8052E+01  0.3274E+03
     17.545  0.1446E+02  0.3275E+03
     17.563  0.3514E+02  0.3281E+03
     17.582  0.1691E+02  0.3285E+03
     17.600  0.1360E+02  0.3288E+03
     17.619  0.1084E+02  0.3290E+03
     17.637  0.8566E+01  0.3292E+03
     17.656  0.6782E+01  0.3294E+03
     17.674  0.5478E+01  0.3295E+03
     17.692  0.4604E+01  0.3296E+03
     17.711  0.3891E+01  0.3296E+03
     17.729  0.4570E+01  0.3297E+03
     17.748  0.1016E+02  0.3299E+03
     17.766  0.1333E+02  0.3301E+03
     17.785  0.1407E+02  0.3303E+03
     17.803  0.1318E+02  0.3306E+03
     17.821  0.1207E+02  0.3308E+03
     17.840  0.1078E+02  0.3310E+03
     17.858  0.9289E+01  0.3312E+03
     17.877  0.7607E+01  0.3314E+03
     17.895  0.6583E+01  0.3315E+03
     17.914  0.1304E+02  0.3317E+03
     17.932  0.1289E+02  0.3319E+03
     17.950  0.1266E+02  0.3322E+03
     17.969  0.1234E+02  0.3324E+03
     17.987  0.1193E+02  0.3326E+03
     18.006  0.1143E+02  0.3329E+03
     18.024  0.1083E+02  0.3331E+03
     18.043  0.1013E+02  0.3332E+03
     18.061  0.9302E+01  0.3334E+03
     18.079  0.1873E+02  0.3337E+03
     18.098  0.1833E+02  0.3340E+03
     18.116  0.1670E+02  0.3343E+03
     18.135  0.1448E+02  0.3346E+03
     18.153  0.1252E+02  0.3349E+03
     18.172  0.1079E+02  0.3351E+03
     18.190  0.9257E+01  0.3353E+03
     18.208  0.7833E+01  0.3354E+03
     18.227  0.6284E+01  0.3356E+03
     18.245  0.5207E+01  0.3357E+03
     18.264  0.4230E+01  0.3358E+03
     18.282  0.3355E+01  0.3358E+03
     18.301  0.2581E+01  0.3359E+03
     18.319  0.1908E+01  0.3359E+03
     18.338  0.1337E+01  0.3360E+03
     18.356  0.8670E+00  0.3360E+03
     18.374  0.4985E+00  0.3360E+03
     18.393  0.2313E+00  0.3360E+03
     18.411  0.6544E-01  0.3360E+03
     18.430  0.9423E-03  0.3360E+03
     18.448  0.0000E+00  0.3360E+03
     18.467  0.0000E+00  0.3360E+03
     18.485  0.0000E+00  0.3360E+03
     18.503  0.0000E+00  0.3360E+03
     18.522  0.0000E+00  0.3360E+03
     18.540  0.0000E+00  0.3360E+03
     18.559  0.0000E+00  0.3360E+03
     18.577  0.0000E+00  0.3360E+03
     18.596  0.0000E+00  0.3360E+03
     18.614  0.0000E+00  0.3360E+03
     18.632  0.0000E+00  0.3360E+03
     18.651  0.0000E+00  0.3360E+03
     18.669  0.0000E+00  0.3360E+03
     18.688  0.0000E+00  0.3360E+03
     18.706  0.0000E+00  0.3360E+03
     18.725  0.0000E+00  0.3360E+03
     18.743  0.0000E+00  0.3360E+03
     18.761  0.0000E+00  0.3360E+03
     18.780  0.0000E+00  0.3360E+03
     18.798  0.0000E+00  0.3360E+03
     18.817  0.0000E+00  0.3360E+03
     18.835  0.0000E+00  0.3360E+03
     18.854  0.0000E+00  0.3360E+03
     18.872  0.0000E+00  0.3360E+03
     18.890  0.0000E+00  0.3360E+03
     18.909  0.0000E+00  0.3360E+03
     18.927  0.0000E+00  0.3360E+03
     18.946  0.0000E+00  0.3360E+03
     18.964  0.0000E+00  0.3360E+03
     18.983  0.0000E+00  0.3360E+03
     19.001  0.0000E+00  0.3360E+03
     19.019  0.0000E+00  0.3360E+03
     19.038  0.0000E+00  0.3360E+03
     19.056  0.0000E+00  0.3360E+03
     19.075  0.0000E+00  0.3360E+03
     19.093  0.0000E+00  0.3360E+03
     19.112  0.0000E+00  0.3360E+03
     19.130  0.0000E+00  0.3360E+03
     19.148  0.0000E+00  0.3360E+03
     19.167  0.0000E+00  0.3360E+03
     19.185  0.0000E+00  0.3360E+03
     19.204  0.0000E+00  0.3360E+03
     19.222  0.0000E+00  0.3360E+03
     19.241  0.0000E+00  0.3360E+03
     19.259  0.0000E+00  0.3360E+03
     19.277  0.0000E+00  0.3360E+03
     19.296  0.0000E+00  0.3360E+03
     19.314  0.0000E+00  0.3360E+03
     19.333  0.0000E+00  0.3360E+03
     19.351  0.0000E+00  0.3360E+03
     19.370  0.0000E+00  0.3360E+03
     19.388  0.0000E+00  0.3360E+03
     19.406  0.0000E+00  0.3360E+03
     19.425  0.0000E+00  0.3360E+03
     19.443  0.0000E+00  0.3360E+03
     19.462  0.0000E+00  0.3360E+03
     19.480  0.0000E+00  0.3360E+03
     19.499  0.0000E+00  0.3360E+03
     19.517  0.0000E+00  0.3360E+03
     19.535  0.0000E+00  0.3360E+03
     19.554  0.0000E+00  0.3360E+03
     19.572  0.0000E+00  0.3360E+03
     19.591  0.0000E+00  0.3360E+03
     19.609  0.0000E+00  0.3360E+03
     19.628  0.0000E+00  0.3360E+03
     19.646  0.0000E+00  0.3360E+03
     19.664  0.0000E+00  0.3360E+03
     19.683  0.0000E+00  0.3360E+03
     19.701  0.0000E+00  0.3360E+03
     19.720  0.0000E+00  0.3360E+03
     19.738  0.0000E+00  0.3360E+03
     19.757  0.0000E+00  0.3360E+03
     19.775  0.0000E+00  0.3360E+03
     19.794  0.0000E+00  0.3360E+03
     19.812  0.0000E+00  0.3360E+03
     19.830  0.0000E+00  0.3360E+03
     19.849  0.0000E+00  0.3360E+03
     19.867  0.0000E+00  0.3360E+03
     19.886  0.0000E+00  0.3360E+03
     19.904  0.0000E+00  0.3360E+03
     19.923  0.0000E+00  0.3360E+03
     19.941  0.0000E+00  0.3360E+03
     19.959  0.0000E+00  0.3360E+03
     19.978  0.0000E+00  0.3360E+03
     19.996  0.0000E+00  0.3360E+03
     20.015  0.0000E+00  0.3360E+03
     20.033  0.0000E+00  0.3360E+03
     20.052  0.0000E+00  0.3360E+03
     20.070  0.0000E+00  0.3360E+03
     20.088  0.0000E+00  0.3360E+03
     20.107  0.0000E+00  0.3360E+03


