 Energy DOS Integrated_DOS
    -16.873  0.0000E+00  0.0000E+00
    -16.855  0.0000E+00  0.0000E+00
    -16.837  0.0000E+00  0.0000E+00
    -16.819  0.0000E+00  0.0000E+00
    -16.800  0.0000E+00  0.0000E+00
    -16.782  0.0000E+00  0.0000E+00
    -16.764  0.0000E+00  0.0000E+00
    -16.746  0.0000E+00  0.0000E+00
    -16.728  0.0000E+00  0.0000E+00
    -16.709  0.0000E+00  0.0000E+00
    -16.691  0.0000E+00  0.0000E+00
    -16.673  0.0000E+00  0.0000E+00
    -16.655  0.0000E+00  0.0000E+00
    -16.637  0.0000E+00  0.0000E+00
    -16.618  0.0000E+00  0.0000E+00
    -16.600  0.0000E+00  0.0000E+00
    -16.582  0.0000E+00  0.0000E+00
    -16.564  0.0000E+00  0.0000E+00
    -16.545  0.0000E+00  0.0000E+00
    -16.527  0.0000E+00  0.0000E+00
    -16.509  0.0000E+00  0.0000E+00
    -16.491  0.0000E+00  0.0000E+00
    -16.473  0.0000E+00  0.0000E+00
    -16.454  0.0000E+00  0.0000E+00
    -16.436  0.0000E+00  0.0000E+00
    -16.418  0.0000E+00  0.0000E+00
    -16.400  0.0000E+00  0.0000E+00
    -16.381  0.0000E+00  0.0000E+00
    -16.363  0.0000E+00  0.0000E+00
    -16.345  0.0000E+00  0.0000E+00
    -16.327  0.0000E+00  0.0000E+00
    -16.309  0.0000E+00  0.0000E+00
    -16.290  0.0000E+00  0.0000E+00
    -16.272  0.0000E+00  0.0000E+00
    -16.254  0.0000E+00  0.0000E+00
    -16.236  0.0000E+00  0.0000E+00
    -16.218  0.0000E+00  0.0000E+00
    -16.199  0.0000E+00  0.0000E+00
    -16.181  0.0000E+00  0.0000E+00
    -16.163  0.0000E+00  0.0000E+00
    -16.145  0.0000E+00  0.0000E+00
    -16.126  0.0000E+00  0.0000E+00
    -16.108  0.0000E+00  0.0000E+00
    -16.090  0.0000E+00  0.0000E+00
    -16.072  0.0000E+00  0.0000E+00
    -16.054  0.0000E+00  0.0000E+00
    -16.035  0.0000E+00  0.0000E+00
    -16.017  0.0000E+00  0.0000E+00
    -15.999  0.0000E+00  0.0000E+00
    -15.981  0.0000E+00  0.0000E+00
    -15.963  0.0000E+00  0.0000E+00
    -15.944  0.0000E+00  0.0000E+00
    -15.926  0.0000E+00  0.0000E+00
    -15.908  0.0000E+00  0.0000E+00
    -15.890  0.0000E+00  0.0000E+00
    -15.871  0.0000E+00  0.0000E+00
    -15.853  0.0000E+00  0.0000E+00
    -15.835  0.0000E+00  0.0000E+00
    -15.817  0.0000E+00  0.0000E+00
    -15.799  0.0000E+00  0.0000E+00
    -15.780  0.0000E+00  0.0000E+00
    -15.762  0.0000E+00  0.0000E+00
    -15.744  0.0000E+00  0.0000E+00
    -15.726  0.0000E+00  0.0000E+00
    -15.708  0.0000E+00  0.0000E+00
    -15.689  0.0000E+00  0.0000E+00
    -15.671  0.0000E+00  0.0000E+00
    -15.653  0.0000E+00  0.0000E+00
    -15.635  0.0000E+00  0.0000E+00
    -15.616  0.0000E+00  0.0000E+00
    -15.598  0.0000E+00  0.0000E+00
    -15.580  0.0000E+00  0.0000E+00
    -15.562  0.0000E+00  0.0000E+00
    -15.544  0.0000E+00  0.0000E+00
    -15.525  0.0000E+00  0.0000E+00
    -15.507  0.0000E+00  0.0000E+00
    -15.489  0.0000E+00  0.0000E+00
    -15.471  0.0000E+00  0.0000E+00
    -15.452  0.0000E+00  0.0000E+00
    -15.434  0.0000E+00  0.0000E+00
    -15.416  0.0000E+00  0.0000E+00
    -15.398  0.0000E+00  0.0000E+00
    -15.380  0.0000E+00  0.0000E+00
    -15.361  0.0000E+00  0.0000E+00
    -15.343  0.0000E+00  0.0000E+00
    -15.325  0.0000E+00  0.0000E+00
    -15.307  0.0000E+00  0.0000E+00
    -15.289  0.0000E+00  0.0000E+00
    -15.270  0.0000E+00  0.0000E+00
    -15.252  0.0000E+00  0.0000E+00
    -15.234  0.0000E+00  0.0000E+00
    -15.216  0.7252E-03  0.6005E-06
    -15.197  0.5036E-01  0.3475E-03
    -15.179  0.1780E+00  0.2309E-02
    -15.161  0.3836E+00  0.7306E-02
    -15.143  0.6673E+00  0.1676E-01
    -15.125  0.1029E+01  0.3209E-01
    -15.106  0.1469E+01  0.5472E-01
    -15.088  0.1986E+01  0.8606E-01
    -15.070  0.2582E+01  0.1276E+00
    -15.052  0.3255E+01  0.1806E+00
    -15.034  0.4007E+01  0.2466E+00
    -15.015  0.4837E+01  0.3271E+00
    -14.997  0.5840E+01  0.4236E+00
    -14.979  0.9062E+01  0.5567E+00
    -14.961  0.1211E+02  0.7505E+00
    -14.942  0.1451E+02  0.9940E+00
    -14.924  0.1626E+02  0.1275E+01
    -14.906  0.1735E+02  0.1582E+01
    -14.888  0.1780E+02  0.1904E+01
    -14.870  0.1759E+02  0.2227E+01
    -14.851  0.1673E+02  0.2540E+01
    -14.833  0.1522E+02  0.2833E+01
    -14.815  0.1260E+02  0.3087E+01
    -14.797  0.1015E+02  0.3293E+01
    -14.778  0.8770E+01  0.3461E+01
    -14.760  0.8780E+01  0.3621E+01
    -14.742  0.8785E+01  0.3781E+01
    -14.724  0.9493E+01  0.3944E+01
    -14.706  0.1060E+02  0.4128E+01
    -14.687  0.1160E+02  0.4330E+01
    -14.669  0.1246E+02  0.4549E+01
    -14.651  0.1316E+02  0.4783E+01
    -14.633  0.1373E+02  0.5028E+01
    -14.615  0.1414E+02  0.5282E+01
    -14.596  0.1441E+02  0.5542E+01
    -14.578  0.1453E+02  0.5806E+01
    -14.560  0.1465E+02  0.6072E+01
    -14.542  0.1483E+02  0.6340E+01
    -14.523  0.1507E+02  0.6612E+01
    -14.505  0.1538E+02  0.6890E+01
    -14.487  0.1569E+02  0.7173E+01
    -14.469  0.1599E+02  0.7461E+01
    -14.451  0.1629E+02  0.7755E+01
    -14.432  0.1658E+02  0.8055E+01
    -14.414  0.1767E+02  0.8362E+01
    -14.396  0.2048E+02  0.8709E+01
    -14.378  0.2371E+02  0.9111E+01
    -14.360  0.2737E+02  0.9575E+01
    -14.341  0.3167E+02  0.1011E+02
    -14.323  0.3834E+02  0.1074E+02
    -14.305  0.4627E+02  0.1152E+02
    -14.287  0.5028E+02  0.1240E+02
    -14.268  0.5134E+02  0.1334E+02
    -14.250  0.3637E+02  0.1417E+02
    -14.232  0.1794E+02  0.1462E+02
    -14.214  0.3201E+02  0.1508E+02
    -14.196  0.3722E+02  0.1572E+02
    -14.177  0.5654E+02  0.1660E+02
    -14.159  0.3669E+02  0.1751E+02
    -14.141  0.2530E+02  0.1803E+02
    -14.123  0.2424E+02  0.1847E+02
    -14.104  0.2551E+02  0.1892E+02
    -14.086  0.2635E+02  0.1940E+02
    -14.068  0.2867E+02  0.1989E+02
    -14.050  0.3478E+02  0.2047E+02
    -14.032  0.3915E+02  0.2114E+02
    -14.013  0.4167E+02  0.2188E+02
    -13.995  0.3574E+02  0.2258E+02
    -13.977  0.3198E+02  0.2320E+02
    -13.959  0.1580E+02  0.2354E+02
    -13.941  0.3460E+02  0.2404E+02
    -13.922  0.3731E+02  0.2467E+02
    -13.904  0.7894E+02  0.2566E+02
    -13.886  0.9721E+02  0.2786E+02
    -13.868  0.1029E+03  0.2969E+02
    -13.849  0.1034E+03  0.3157E+02
    -13.831  0.1001E+03  0.3343E+02
    -13.813  0.9240E+02  0.3519E+02
    -13.795  0.8200E+02  0.3683E+02
    -13.777  0.6370E+02  0.3825E+02
    -13.758  0.5180E+02  0.3909E+02
    -13.740  0.5371E+02  0.4059E+02
    -13.722  0.6529E+02  0.4168E+02
    -13.704  0.7363E+02  0.4295E+02
    -13.686  0.1581E+03  0.4467E+02
    -13.667  0.1333E+03  0.4738E+02
    -13.649  0.1102E+03  0.4946E+02
    -13.631  0.6408E+02  0.5167E+02
    -13.613  0.9054E+02  0.5309E+02
    -13.594  0.8736E+02  0.5477E+02
    -13.576  0.6905E+02  0.5614E+02
    -13.558  0.7936E+02  0.5742E+02
    -13.540  0.9227E+02  0.5904E+02
    -13.522  0.6411E+02  0.6054E+02
    -13.503  0.0000E+00  0.6200E+02
    -13.485  0.0000E+00  0.6200E+02
    -13.467  0.0000E+00  0.6200E+02
    -13.449  0.0000E+00  0.6200E+02
    -13.430  0.0000E+00  0.6200E+02
    -13.412  0.0000E+00  0.6200E+02
    -13.394  0.0000E+00  0.6200E+02
    -13.376  0.0000E+00  0.6200E+02
    -13.358  0.0000E+00  0.6200E+02
    -13.339  0.0000E+00  0.6200E+02
    -13.321  0.0000E+00  0.6200E+02
    -13.303  0.0000E+00  0.6200E+02
    -13.285  0.0000E+00  0.6200E+02
    -13.267  0.0000E+00  0.6200E+02
    -13.248  0.0000E+00  0.6200E+02
    -13.230  0.0000E+00  0.6200E+02
    -13.212  0.0000E+00  0.6200E+02
    -13.194  0.0000E+00  0.6200E+02
    -13.175  0.0000E+00  0.6200E+02
    -13.157  0.0000E+00  0.6200E+02
    -13.139  0.0000E+00  0.6200E+02
    -13.121  0.0000E+00  0.6200E+02
    -13.103  0.0000E+00  0.6200E+02
    -13.084  0.0000E+00  0.6200E+02
    -13.066  0.0000E+00  0.6200E+02
    -13.048  0.0000E+00  0.6200E+02
    -13.030  0.0000E+00  0.6200E+02
    -13.012  0.0000E+00  0.6200E+02
    -12.993  0.0000E+00  0.6200E+02
    -12.975  0.0000E+00  0.6200E+02
    -12.957  0.0000E+00  0.6200E+02
    -12.939  0.0000E+00  0.6200E+02
    -12.920  0.0000E+00  0.6200E+02
    -12.902  0.0000E+00  0.6200E+02
    -12.884  0.0000E+00  0.6200E+02
    -12.866  0.0000E+00  0.6200E+02
    -12.848  0.0000E+00  0.6200E+02
    -12.829  0.0000E+00  0.6200E+02
    -12.811  0.0000E+00  0.6200E+02
    -12.793  0.0000E+00  0.6200E+02
    -12.775  0.0000E+00  0.6200E+02
    -12.756  0.0000E+00  0.6200E+02
    -12.738  0.0000E+00  0.6200E+02
    -12.720  0.0000E+00  0.6200E+02
    -12.702  0.0000E+00  0.6200E+02
    -12.684  0.0000E+00  0.6200E+02
    -12.665  0.0000E+00  0.6200E+02
    -12.647  0.0000E+00  0.6200E+02
    -12.629  0.0000E+00  0.6200E+02
    -12.611  0.0000E+00  0.6200E+02
    -12.593  0.0000E+00  0.6200E+02
    -12.574  0.0000E+00  0.6200E+02
    -12.556  0.0000E+00  0.6200E+02
    -12.538  0.0000E+00  0.6200E+02
    -12.520  0.0000E+00  0.6200E+02
    -12.501  0.0000E+00  0.6200E+02
    -12.483  0.0000E+00  0.6200E+02
    -12.465  0.0000E+00  0.6200E+02
    -12.447  0.0000E+00  0.6200E+02
    -12.429  0.0000E+00  0.6200E+02
    -12.410  0.0000E+00  0.6200E+02
    -12.392  0.0000E+00  0.6200E+02
    -12.374  0.0000E+00  0.6200E+02
    -12.356  0.0000E+00  0.6200E+02
    -12.338  0.0000E+00  0.6200E+02
    -12.319  0.0000E+00  0.6200E+02
    -12.301  0.0000E+00  0.6200E+02
    -12.283  0.0000E+00  0.6200E+02
    -12.265  0.0000E+00  0.6200E+02
    -12.246  0.0000E+00  0.6200E+02
    -12.228  0.0000E+00  0.6200E+02
    -12.210  0.0000E+00  0.6200E+02
    -12.192  0.0000E+00  0.6200E+02
    -12.174  0.0000E+00  0.6200E+02
    -12.155  0.0000E+00  0.6200E+02
    -12.137  0.0000E+00  0.6200E+02
    -12.119  0.0000E+00  0.6200E+02
    -12.101  0.0000E+00  0.6200E+02
    -12.083  0.0000E+00  0.6200E+02
    -12.064  0.0000E+00  0.6200E+02
    -12.046  0.0000E+00  0.6200E+02
    -12.028  0.0000E+00  0.6200E+02
    -12.010  0.0000E+00  0.6200E+02
    -11.991  0.0000E+00  0.6200E+02
    -11.973  0.0000E+00  0.6200E+02
    -11.955  0.0000E+00  0.6200E+02
    -11.937  0.0000E+00  0.6200E+02
    -11.919  0.0000E+00  0.6200E+02
    -11.900  0.0000E+00  0.6200E+02
    -11.882  0.0000E+00  0.6200E+02
    -11.864  0.0000E+00  0.6200E+02
    -11.846  0.0000E+00  0.6200E+02
    -11.827  0.0000E+00  0.6200E+02
    -11.809  0.0000E+00  0.6200E+02
    -11.791  0.0000E+00  0.6200E+02
    -11.773  0.0000E+00  0.6200E+02
    -11.755  0.0000E+00  0.6200E+02
    -11.736  0.0000E+00  0.6200E+02
    -11.718  0.0000E+00  0.6200E+02
    -11.700  0.0000E+00  0.6200E+02
    -11.682  0.0000E+00  0.6200E+02
    -11.664  0.0000E+00  0.6200E+02
    -11.645  0.0000E+00  0.6200E+02
    -11.627  0.0000E+00  0.6200E+02
    -11.609  0.0000E+00  0.6200E+02
    -11.591  0.0000E+00  0.6200E+02
    -11.572  0.0000E+00  0.6200E+02
    -11.554  0.0000E+00  0.6200E+02
    -11.536  0.0000E+00  0.6200E+02
    -11.518  0.0000E+00  0.6200E+02
    -11.500  0.0000E+00  0.6200E+02
    -11.481  0.0000E+00  0.6200E+02
    -11.463  0.0000E+00  0.6200E+02
    -11.445  0.0000E+00  0.6200E+02
    -11.427  0.0000E+00  0.6200E+02
    -11.409  0.0000E+00  0.6200E+02
    -11.390  0.0000E+00  0.6200E+02
    -11.372  0.0000E+00  0.6200E+02
    -11.354  0.0000E+00  0.6200E+02
    -11.336  0.0000E+00  0.6200E+02
    -11.317  0.0000E+00  0.6200E+02
    -11.299  0.0000E+00  0.6200E+02
    -11.281  0.0000E+00  0.6200E+02
    -11.263  0.0000E+00  0.6200E+02
    -11.245  0.0000E+00  0.6200E+02
    -11.226  0.0000E+00  0.6200E+02
    -11.208  0.0000E+00  0.6200E+02
    -11.190  0.0000E+00  0.6200E+02
    -11.172  0.0000E+00  0.6200E+02
    -11.153  0.0000E+00  0.6200E+02
    -11.135  0.0000E+00  0.6200E+02
    -11.117  0.0000E+00  0.6200E+02
    -11.099  0.0000E+00  0.6200E+02
    -11.081  0.0000E+00  0.6200E+02
    -11.062  0.0000E+00  0.6200E+02
    -11.044  0.0000E+00  0.6200E+02
    -11.026  0.0000E+00  0.6200E+02
    -11.008  0.0000E+00  0.6200E+02
    -10.990  0.0000E+00  0.6200E+02
    -10.971  0.0000E+00  0.6200E+02
    -10.953  0.0000E+00  0.6200E+02
    -10.935  0.0000E+00  0.6200E+02
    -10.917  0.0000E+00  0.6200E+02
    -10.898  0.0000E+00  0.6200E+02
    -10.880  0.0000E+00  0.6200E+02
    -10.862  0.0000E+00  0.6200E+02
    -10.844  0.0000E+00  0.6200E+02
    -10.826  0.0000E+00  0.6200E+02
    -10.807  0.0000E+00  0.6200E+02
    -10.789  0.0000E+00  0.6200E+02
    -10.771  0.0000E+00  0.6200E+02
    -10.753  0.0000E+00  0.6200E+02
    -10.735  0.0000E+00  0.6200E+02
    -10.716  0.0000E+00  0.6200E+02
    -10.698  0.0000E+00  0.6200E+02
    -10.680  0.0000E+00  0.6200E+02
    -10.662  0.0000E+00  0.6200E+02
    -10.643  0.0000E+00  0.6200E+02
    -10.625  0.0000E+00  0.6200E+02
    -10.607  0.0000E+00  0.6200E+02
    -10.589  0.0000E+00  0.6200E+02
    -10.571  0.0000E+00  0.6200E+02
    -10.552  0.0000E+00  0.6200E+02
    -10.534  0.0000E+00  0.6200E+02
    -10.516  0.0000E+00  0.6200E+02
    -10.498  0.0000E+00  0.6200E+02
    -10.479  0.0000E+00  0.6200E+02
    -10.461  0.0000E+00  0.6200E+02
    -10.443  0.0000E+00  0.6200E+02
    -10.425  0.0000E+00  0.6200E+02
    -10.407  0.0000E+00  0.6200E+02
    -10.388  0.0000E+00  0.6200E+02
    -10.370  0.0000E+00  0.6200E+02
    -10.352  0.0000E+00  0.6200E+02
    -10.334  0.0000E+00  0.6200E+02
    -10.316  0.0000E+00  0.6200E+02
    -10.297  0.0000E+00  0.6200E+02
    -10.279  0.0000E+00  0.6200E+02
    -10.261  0.0000E+00  0.6200E+02
    -10.243  0.0000E+00  0.6200E+02
    -10.224  0.0000E+00  0.6200E+02
    -10.206  0.0000E+00  0.6200E+02
    -10.188  0.0000E+00  0.6200E+02
    -10.170  0.0000E+00  0.6200E+02
    -10.152  0.0000E+00  0.6200E+02
    -10.133  0.0000E+00  0.6200E+02
    -10.115  0.0000E+00  0.6200E+02
    -10.097  0.0000E+00  0.6200E+02
    -10.079  0.0000E+00  0.6200E+02
    -10.061  0.0000E+00  0.6200E+02
    -10.042  0.0000E+00  0.6200E+02
    -10.024  0.0000E+00  0.6200E+02
    -10.006  0.0000E+00  0.6200E+02
     -9.988  0.0000E+00  0.6200E+02
     -9.969  0.0000E+00  0.6200E+02
     -9.951  0.0000E+00  0.6200E+02
     -9.933  0.0000E+00  0.6200E+02
     -9.915  0.0000E+00  0.6200E+02
     -9.897  0.0000E+00  0.6200E+02
     -9.878  0.0000E+00  0.6200E+02
     -9.860  0.0000E+00  0.6200E+02
     -9.842  0.0000E+00  0.6200E+02
     -9.824  0.0000E+00  0.6200E+02
     -9.805  0.0000E+00  0.6200E+02
     -9.787  0.0000E+00  0.6200E+02
     -9.769  0.0000E+00  0.6200E+02
     -9.751  0.0000E+00  0.6200E+02
     -9.733  0.0000E+00  0.6200E+02
     -9.714  0.0000E+00  0.6200E+02
     -9.696  0.0000E+00  0.6200E+02
     -9.678  0.0000E+00  0.6200E+02
     -9.660  0.0000E+00  0.6200E+02
     -9.642  0.0000E+00  0.6200E+02
     -9.623  0.0000E+00  0.6200E+02
     -9.605  0.0000E+00  0.6200E+02
     -9.587  0.0000E+00  0.6200E+02
     -9.569  0.0000E+00  0.6200E+02
     -9.550  0.0000E+00  0.6200E+02
     -9.532  0.0000E+00  0.6200E+02
     -9.514  0.0000E+00  0.6200E+02
     -9.496  0.0000E+00  0.6200E+02
     -9.478  0.0000E+00  0.6200E+02
     -9.459  0.0000E+00  0.6200E+02
     -9.441  0.0000E+00  0.6200E+02
     -9.423  0.0000E+00  0.6200E+02
     -9.405  0.0000E+00  0.6200E+02
     -9.387  0.0000E+00  0.6200E+02
     -9.368  0.0000E+00  0.6200E+02
     -9.350  0.0000E+00  0.6200E+02
     -9.332  0.0000E+00  0.6200E+02
     -9.314  0.0000E+00  0.6200E+02
     -9.295  0.0000E+00  0.6200E+02
     -9.277  0.0000E+00  0.6200E+02
     -9.259  0.0000E+00  0.6200E+02
     -9.241  0.0000E+00  0.6200E+02
     -9.223  0.0000E+00  0.6200E+02
     -9.204  0.0000E+00  0.6200E+02
     -9.186  0.0000E+00  0.6200E+02
     -9.168  0.0000E+00  0.6200E+02
     -9.150  0.0000E+00  0.6200E+02
     -9.132  0.0000E+00  0.6200E+02
     -9.113  0.0000E+00  0.6200E+02
     -9.095  0.0000E+00  0.6200E+02
     -9.077  0.0000E+00  0.6200E+02
     -9.059  0.0000E+00  0.6200E+02
     -9.040  0.0000E+00  0.6200E+02
     -9.022  0.0000E+00  0.6200E+02
     -9.004  0.0000E+00  0.6200E+02
     -8.986  0.0000E+00  0.6200E+02
     -8.968  0.0000E+00  0.6200E+02
     -8.949  0.0000E+00  0.6200E+02
     -8.931  0.0000E+00  0.6200E+02
     -8.913  0.0000E+00  0.6200E+02
     -8.895  0.0000E+00  0.6200E+02
     -8.876  0.0000E+00  0.6200E+02
     -8.858  0.0000E+00  0.6200E+02
     -8.840  0.0000E+00  0.6200E+02
     -8.822  0.0000E+00  0.6200E+02
     -8.804  0.0000E+00  0.6200E+02
     -8.785  0.0000E+00  0.6200E+02
     -8.767  0.0000E+00  0.6200E+02
     -8.749  0.0000E+00  0.6200E+02
     -8.731  0.0000E+00  0.6200E+02
     -8.713  0.0000E+00  0.6200E+02
     -8.694  0.0000E+00  0.6200E+02
     -8.676  0.0000E+00  0.6200E+02
     -8.658  0.0000E+00  0.6200E+02
     -8.640  0.0000E+00  0.6200E+02
     -8.621  0.0000E+00  0.6200E+02
     -8.603  0.0000E+00  0.6200E+02
     -8.585  0.0000E+00  0.6200E+02
     -8.567  0.0000E+00  0.6200E+02
     -8.549  0.0000E+00  0.6200E+02
     -8.530  0.0000E+00  0.6200E+02
     -8.512  0.0000E+00  0.6200E+02
     -8.494  0.0000E+00  0.6200E+02
     -8.476  0.0000E+00  0.6200E+02
     -8.458  0.0000E+00  0.6200E+02
     -8.439  0.0000E+00  0.6200E+02
     -8.421  0.0000E+00  0.6200E+02
     -8.403  0.0000E+00  0.6200E+02
     -8.385  0.0000E+00  0.6200E+02
     -8.366  0.0000E+00  0.6200E+02
     -8.348  0.0000E+00  0.6200E+02
     -8.330  0.0000E+00  0.6200E+02
     -8.312  0.0000E+00  0.6200E+02
     -8.294  0.0000E+00  0.6200E+02
     -8.275  0.0000E+00  0.6200E+02
     -8.257  0.0000E+00  0.6200E+02
     -8.239  0.0000E+00  0.6200E+02
     -8.221  0.0000E+00  0.6200E+02
     -8.202  0.0000E+00  0.6200E+02
     -8.184  0.0000E+00  0.6200E+02
     -8.166  0.0000E+00  0.6200E+02
     -8.148  0.0000E+00  0.6200E+02
     -8.130  0.0000E+00  0.6200E+02
     -8.111  0.0000E+00  0.6200E+02
     -8.093  0.0000E+00  0.6200E+02
     -8.075  0.0000E+00  0.6200E+02
     -8.057  0.0000E+00  0.6200E+02
     -8.039  0.0000E+00  0.6200E+02
     -8.020  0.0000E+00  0.6200E+02
     -8.002  0.0000E+00  0.6200E+02
     -7.984  0.0000E+00  0.6200E+02
     -7.966  0.0000E+00  0.6200E+02
     -7.947  0.0000E+00  0.6200E+02
     -7.929  0.0000E+00  0.6200E+02
     -7.911  0.0000E+00  0.6200E+02
     -7.893  0.0000E+00  0.6200E+02
     -7.875  0.0000E+00  0.6200E+02
     -7.856  0.0000E+00  0.6200E+02
     -7.838  0.0000E+00  0.6200E+02
     -7.820  0.0000E+00  0.6200E+02
     -7.802  0.0000E+00  0.6200E+02
     -7.784  0.0000E+00  0.6200E+02
     -7.765  0.0000E+00  0.6200E+02
     -7.747  0.0000E+00  0.6200E+02
     -7.729  0.0000E+00  0.6200E+02
     -7.711  0.0000E+00  0.6200E+02
     -7.692  0.0000E+00  0.6200E+02
     -7.674  0.0000E+00  0.6200E+02
     -7.656  0.0000E+00  0.6200E+02
     -7.638  0.0000E+00  0.6200E+02
     -7.620  0.0000E+00  0.6200E+02
     -7.601  0.0000E+00  0.6200E+02
     -7.583  0.0000E+00  0.6200E+02
     -7.565  0.0000E+00  0.6200E+02
     -7.547  0.0000E+00  0.6200E+02
     -7.528  0.0000E+00  0.6200E+02
     -7.510  0.0000E+00  0.6200E+02
     -7.492  0.0000E+00  0.6200E+02
     -7.474  0.0000E+00  0.6200E+02
     -7.456  0.0000E+00  0.6200E+02
     -7.437  0.0000E+00  0.6200E+02
     -7.419  0.0000E+00  0.6200E+02
     -7.401  0.0000E+00  0.6200E+02
     -7.383  0.0000E+00  0.6200E+02
     -7.365  0.0000E+00  0.6200E+02
     -7.346  0.0000E+00  0.6200E+02
     -7.328  0.0000E+00  0.6200E+02
     -7.310  0.0000E+00  0.6200E+02
     -7.292  0.0000E+00  0.6200E+02
     -7.273  0.0000E+00  0.6200E+02
     -7.255  0.0000E+00  0.6200E+02
     -7.237  0.0000E+00  0.6200E+02
     -7.219  0.0000E+00  0.6200E+02
     -7.201  0.0000E+00  0.6200E+02
     -7.182  0.0000E+00  0.6200E+02
     -7.164  0.0000E+00  0.6200E+02
     -7.146  0.0000E+00  0.6200E+02
     -7.128  0.0000E+00  0.6200E+02
     -7.110  0.0000E+00  0.6200E+02
     -7.091  0.0000E+00  0.6200E+02
     -7.073  0.0000E+00  0.6200E+02
     -7.055  0.0000E+00  0.6200E+02
     -7.037  0.0000E+00  0.6200E+02
     -7.018  0.0000E+00  0.6200E+02
     -7.000  0.0000E+00  0.6200E+02
     -6.982  0.0000E+00  0.6200E+02
     -6.964  0.0000E+00  0.6200E+02
     -6.946  0.0000E+00  0.6200E+02
     -6.927  0.0000E+00  0.6200E+02
     -6.909  0.0000E+00  0.6200E+02
     -6.891  0.0000E+00  0.6200E+02
     -6.873  0.0000E+00  0.6200E+02
     -6.854  0.0000E+00  0.6200E+02
     -6.836  0.0000E+00  0.6200E+02
     -6.818  0.0000E+00  0.6200E+02
     -6.800  0.0000E+00  0.6200E+02
     -6.782  0.0000E+00  0.6200E+02
     -6.763  0.0000E+00  0.6200E+02
     -6.745  0.0000E+00  0.6200E+02
     -6.727  0.0000E+00  0.6200E+02
     -6.709  0.0000E+00  0.6200E+02
     -6.691  0.0000E+00  0.6200E+02
     -6.672  0.0000E+00  0.6200E+02
     -6.654  0.0000E+00  0.6200E+02
     -6.636  0.0000E+00  0.6200E+02
     -6.618  0.0000E+00  0.6200E+02
     -6.599  0.0000E+00  0.6200E+02
     -6.581  0.0000E+00  0.6200E+02
     -6.563  0.0000E+00  0.6200E+02
     -6.545  0.0000E+00  0.6200E+02
     -6.527  0.0000E+00  0.6200E+02
     -6.508  0.0000E+00  0.6200E+02
     -6.490  0.0000E+00  0.6200E+02
     -6.472  0.0000E+00  0.6200E+02
     -6.454  0.0000E+00  0.6200E+02
     -6.436  0.0000E+00  0.6200E+02
     -6.417  0.0000E+00  0.6200E+02
     -6.399  0.0000E+00  0.6200E+02
     -6.381  0.0000E+00  0.6200E+02
     -6.363  0.0000E+00  0.6200E+02
     -6.344  0.0000E+00  0.6200E+02
     -6.326  0.0000E+00  0.6200E+02
     -6.308  0.0000E+00  0.6200E+02
     -6.290  0.0000E+00  0.6200E+02
     -6.272  0.0000E+00  0.6200E+02
     -6.253  0.0000E+00  0.6200E+02
     -6.235  0.0000E+00  0.6200E+02
     -6.217  0.0000E+00  0.6200E+02
     -6.199  0.0000E+00  0.6200E+02
     -6.180  0.0000E+00  0.6200E+02
     -6.162  0.0000E+00  0.6200E+02
     -6.144  0.0000E+00  0.6200E+02
     -6.126  0.0000E+00  0.6200E+02
     -6.108  0.0000E+00  0.6200E+02
     -6.089  0.0000E+00  0.6200E+02
     -6.071  0.0000E+00  0.6200E+02
     -6.053  0.0000E+00  0.6200E+02
     -6.035  0.0000E+00  0.6200E+02
     -6.017  0.0000E+00  0.6200E+02
     -5.998  0.0000E+00  0.6200E+02
     -5.980  0.0000E+00  0.6200E+02
     -5.962  0.0000E+00  0.6200E+02
     -5.944  0.0000E+00  0.6200E+02
     -5.925  0.0000E+00  0.6200E+02
     -5.907  0.0000E+00  0.6200E+02
     -5.889  0.0000E+00  0.6200E+02
     -5.871  0.0000E+00  0.6200E+02
     -5.853  0.0000E+00  0.6200E+02
     -5.834  0.0000E+00  0.6200E+02
     -5.816  0.0000E+00  0.6200E+02
     -5.798  0.0000E+00  0.6200E+02
     -5.780  0.0000E+00  0.6200E+02
     -5.762  0.0000E+00  0.6200E+02
     -5.743  0.0000E+00  0.6200E+02
     -5.725  0.0000E+00  0.6200E+02
     -5.707  0.0000E+00  0.6200E+02
     -5.689  0.0000E+00  0.6200E+02
     -5.670  0.0000E+00  0.6200E+02
     -5.652  0.0000E+00  0.6200E+02
     -5.634  0.0000E+00  0.6200E+02
     -5.616  0.0000E+00  0.6200E+02
     -5.598  0.0000E+00  0.6200E+02
     -5.579  0.0000E+00  0.6200E+02
     -5.561  0.0000E+00  0.6200E+02
     -5.543  0.0000E+00  0.6200E+02
     -5.525  0.0000E+00  0.6200E+02
     -5.507  0.0000E+00  0.6200E+02
     -5.488  0.0000E+00  0.6200E+02
     -5.470  0.0000E+00  0.6200E+02
     -5.452  0.0000E+00  0.6200E+02
     -5.434  0.0000E+00  0.6200E+02
     -5.415  0.0000E+00  0.6200E+02
     -5.397  0.0000E+00  0.6200E+02
     -5.379  0.0000E+00  0.6200E+02
     -5.361  0.0000E+00  0.6200E+02
     -5.343  0.0000E+00  0.6200E+02
     -5.324  0.0000E+00  0.6200E+02
     -5.306  0.0000E+00  0.6200E+02
     -5.288  0.0000E+00  0.6200E+02
     -5.270  0.0000E+00  0.6200E+02
     -5.251  0.0000E+00  0.6200E+02
     -5.233  0.0000E+00  0.6200E+02
     -5.215  0.0000E+00  0.6200E+02
     -5.197  0.0000E+00  0.6200E+02
     -5.179  0.0000E+00  0.6200E+02
     -5.160  0.0000E+00  0.6200E+02
     -5.142  0.0000E+00  0.6200E+02
     -5.124  0.0000E+00  0.6200E+02
     -5.106  0.0000E+00  0.6200E+02
     -5.088  0.0000E+00  0.6200E+02
     -5.069  0.0000E+00  0.6200E+02
     -5.051  0.0000E+00  0.6200E+02
     -5.033  0.0000E+00  0.6200E+02
     -5.015  0.0000E+00  0.6200E+02
     -4.996  0.0000E+00  0.6200E+02
     -4.978  0.0000E+00  0.6200E+02
     -4.960  0.0000E+00  0.6200E+02
     -4.942  0.0000E+00  0.6200E+02
     -4.924  0.0000E+00  0.6200E+02
     -4.905  0.0000E+00  0.6200E+02
     -4.887  0.0000E+00  0.6200E+02
     -4.869  0.0000E+00  0.6200E+02
     -4.851  0.0000E+00  0.6200E+02
     -4.833  0.0000E+00  0.6200E+02
     -4.814  0.0000E+00  0.6200E+02
     -4.796  0.0000E+00  0.6200E+02
     -4.778  0.0000E+00  0.6200E+02
     -4.760  0.0000E+00  0.6200E+02
     -4.741  0.0000E+00  0.6200E+02
     -4.723  0.0000E+00  0.6200E+02
     -4.705  0.0000E+00  0.6200E+02
     -4.687  0.0000E+00  0.6200E+02
     -4.669  0.0000E+00  0.6200E+02
     -4.650  0.0000E+00  0.6200E+02
     -4.632  0.0000E+00  0.6200E+02
     -4.614  0.0000E+00  0.6200E+02
     -4.596  0.0000E+00  0.6200E+02
     -4.577  0.0000E+00  0.6200E+02
     -4.559  0.0000E+00  0.6200E+02
     -4.541  0.0000E+00  0.6200E+02
     -4.523  0.0000E+00  0.6200E+02
     -4.505  0.0000E+00  0.6200E+02
     -4.486  0.0000E+00  0.6200E+02
     -4.468  0.0000E+00  0.6200E+02
     -4.450  0.0000E+00  0.6200E+02
     -4.432  0.0000E+00  0.6200E+02
     -4.414  0.0000E+00  0.6200E+02
     -4.395  0.0000E+00  0.6200E+02
     -4.377  0.0000E+00  0.6200E+02
     -4.359  0.0000E+00  0.6200E+02
     -4.341  0.0000E+00  0.6200E+02
     -4.322  0.0000E+00  0.6200E+02
     -4.304  0.0000E+00  0.6200E+02
     -4.286  0.0000E+00  0.6200E+02
     -4.268  0.0000E+00  0.6200E+02
     -4.250  0.0000E+00  0.6200E+02
     -4.231  0.0000E+00  0.6200E+02
     -4.213  0.0000E+00  0.6200E+02
     -4.195  0.0000E+00  0.6200E+02
     -4.177  0.0000E+00  0.6200E+02
     -4.159  0.0000E+00  0.6200E+02
     -4.140  0.0000E+00  0.6200E+02
     -4.122  0.0000E+00  0.6200E+02
     -4.104  0.0000E+00  0.6200E+02
     -4.086  0.0000E+00  0.6200E+02
     -4.067  0.0000E+00  0.6200E+02
     -4.049  0.0000E+00  0.6200E+02
     -4.031  0.0000E+00  0.6200E+02
     -4.013  0.0000E+00  0.6200E+02
     -3.995  0.0000E+00  0.6200E+02
     -3.976  0.0000E+00  0.6200E+02
     -3.958  0.0000E+00  0.6200E+02
     -3.940  0.0000E+00  0.6200E+02
     -3.922  0.0000E+00  0.6200E+02
     -3.903  0.0000E+00  0.6200E+02
     -3.885  0.0000E+00  0.6200E+02
     -3.867  0.0000E+00  0.6200E+02
     -3.849  0.0000E+00  0.6200E+02
     -3.831  0.0000E+00  0.6200E+02
     -3.812  0.0000E+00  0.6200E+02
     -3.794  0.0000E+00  0.6200E+02
     -3.776  0.0000E+00  0.6200E+02
     -3.758  0.0000E+00  0.6200E+02
     -3.740  0.0000E+00  0.6200E+02
     -3.721  0.0000E+00  0.6200E+02
     -3.703  0.0000E+00  0.6200E+02
     -3.685  0.0000E+00  0.6200E+02
     -3.667  0.0000E+00  0.6200E+02
     -3.648  0.0000E+00  0.6200E+02
     -3.630  0.0000E+00  0.6200E+02
     -3.612  0.0000E+00  0.6200E+02
     -3.594  0.0000E+00  0.6200E+02
     -3.576  0.0000E+00  0.6200E+02
     -3.557  0.0000E+00  0.6200E+02
     -3.539  0.0000E+00  0.6200E+02
     -3.521  0.0000E+00  0.6200E+02
     -3.503  0.0000E+00  0.6200E+02
     -3.485  0.0000E+00  0.6200E+02
     -3.466  0.0000E+00  0.6200E+02
     -3.448  0.0000E+00  0.6200E+02
     -3.430  0.0000E+00  0.6200E+02
     -3.412  0.0000E+00  0.6200E+02
     -3.393  0.0000E+00  0.6200E+02
     -3.375  0.0000E+00  0.6200E+02
     -3.357  0.0000E+00  0.6200E+02
     -3.339  0.0000E+00  0.6200E+02
     -3.321  0.0000E+00  0.6200E+02
     -3.302  0.0000E+00  0.6200E+02
     -3.284  0.0000E+00  0.6200E+02
     -3.266  0.0000E+00  0.6200E+02
     -3.248  0.0000E+00  0.6200E+02
     -3.229  0.0000E+00  0.6200E+02
     -3.211  0.0000E+00  0.6200E+02
     -3.193  0.0000E+00  0.6200E+02
     -3.175  0.0000E+00  0.6200E+02
     -3.157  0.0000E+00  0.6200E+02
     -3.138  0.0000E+00  0.6200E+02
     -3.120  0.0000E+00  0.6200E+02
     -3.102  0.0000E+00  0.6200E+02
     -3.084  0.0000E+00  0.6200E+02
     -3.066  0.0000E+00  0.6200E+02
     -3.047  0.0000E+00  0.6200E+02
     -3.029  0.0000E+00  0.6200E+02
     -3.011  0.0000E+00  0.6200E+02
     -2.993  0.0000E+00  0.6200E+02
     -2.974  0.0000E+00  0.6200E+02
     -2.956  0.0000E+00  0.6200E+02
     -2.938  0.0000E+00  0.6200E+02
     -2.920  0.0000E+00  0.6200E+02
     -2.902  0.0000E+00  0.6200E+02
     -2.883  0.0000E+00  0.6200E+02
     -2.865  0.0000E+00  0.6200E+02
     -2.847  0.0000E+00  0.6200E+02
     -2.829  0.0000E+00  0.6200E+02
     -2.811  0.0000E+00  0.6200E+02
     -2.792  0.0000E+00  0.6200E+02
     -2.774  0.0000E+00  0.6200E+02
     -2.756  0.0000E+00  0.6200E+02
     -2.738  0.0000E+00  0.6200E+02
     -2.719  0.0000E+00  0.6200E+02
     -2.701  0.0000E+00  0.6200E+02
     -2.683  0.0000E+00  0.6200E+02
     -2.665  0.0000E+00  0.6200E+02
     -2.647  0.0000E+00  0.6200E+02
     -2.628  0.0000E+00  0.6200E+02
     -2.610  0.0000E+00  0.6200E+02
     -2.592  0.0000E+00  0.6200E+02
     -2.574  0.0000E+00  0.6200E+02
     -2.555  0.0000E+00  0.6200E+02
     -2.537  0.0000E+00  0.6200E+02
     -2.519  0.0000E+00  0.6200E+02
     -2.501  0.0000E+00  0.6200E+02
     -2.483  0.0000E+00  0.6200E+02
     -2.464  0.0000E+00  0.6200E+02
     -2.446  0.0000E+00  0.6200E+02
     -2.428  0.0000E+00  0.6200E+02
     -2.410  0.0000E+00  0.6200E+02
     -2.392  0.0000E+00  0.6200E+02
     -2.373  0.0000E+00  0.6200E+02
     -2.355  0.0000E+00  0.6200E+02
     -2.337  0.0000E+00  0.6200E+02
     -2.319  0.0000E+00  0.6200E+02
     -2.300  0.0000E+00  0.6200E+02
     -2.282  0.0000E+00  0.6200E+02
     -2.264  0.0000E+00  0.6200E+02
     -2.246  0.0000E+00  0.6200E+02
     -2.228  0.0000E+00  0.6200E+02
     -2.209  0.0000E+00  0.6200E+02
     -2.191  0.0000E+00  0.6200E+02
     -2.173  0.0000E+00  0.6200E+02
     -2.155  0.0000E+00  0.6200E+02
     -2.137  0.0000E+00  0.6200E+02
     -2.118  0.0000E+00  0.6200E+02
     -2.100  0.0000E+00  0.6200E+02
     -2.082  0.0000E+00  0.6200E+02
     -2.064  0.0000E+00  0.6200E+02
     -2.045  0.0000E+00  0.6200E+02
     -2.027  0.0000E+00  0.6200E+02
     -2.009  0.0000E+00  0.6200E+02
     -1.991  0.0000E+00  0.6200E+02
     -1.973  0.0000E+00  0.6200E+02
     -1.954  0.0000E+00  0.6200E+02
     -1.936  0.0000E+00  0.6200E+02
     -1.918  0.0000E+00  0.6200E+02
     -1.900  0.0000E+00  0.6200E+02
     -1.882  0.0000E+00  0.6200E+02
     -1.863  0.0000E+00  0.6200E+02
     -1.845  0.0000E+00  0.6200E+02
     -1.827  0.0000E+00  0.6200E+02
     -1.809  0.0000E+00  0.6200E+02
     -1.790  0.0000E+00  0.6200E+02
     -1.772  0.0000E+00  0.6200E+02
     -1.754  0.0000E+00  0.6200E+02
     -1.736  0.0000E+00  0.6200E+02
     -1.718  0.0000E+00  0.6200E+02
     -1.699  0.0000E+00  0.6200E+02
     -1.681  0.0000E+00  0.6200E+02
     -1.663  0.0000E+00  0.6200E+02
     -1.645  0.0000E+00  0.6200E+02
     -1.626  0.0000E+00  0.6200E+02
     -1.608  0.0000E+00  0.6200E+02
     -1.590  0.0000E+00  0.6200E+02
     -1.572  0.0000E+00  0.6200E+02
     -1.554  0.0000E+00  0.6200E+02
     -1.535  0.0000E+00  0.6200E+02
     -1.517  0.0000E+00  0.6200E+02
     -1.499  0.0000E+00  0.6200E+02
     -1.481  0.0000E+00  0.6200E+02
     -1.463  0.0000E+00  0.6200E+02
     -1.444  0.0000E+00  0.6200E+02
     -1.426  0.0000E+00  0.6200E+02
     -1.408  0.0000E+00  0.6200E+02
     -1.390  0.0000E+00  0.6200E+02
     -1.371  0.0000E+00  0.6200E+02
     -1.353  0.0000E+00  0.6200E+02
     -1.335  0.0000E+00  0.6200E+02
     -1.317  0.0000E+00  0.6200E+02
     -1.299  0.0000E+00  0.6200E+02
     -1.280  0.1045E-01  0.6200E+02
     -1.262  0.7410E-01  0.6200E+02
     -1.244  0.2030E+00  0.6200E+02
     -1.226  0.3970E+00  0.6201E+02
     -1.208  0.6563E+00  0.6202E+02
     -1.189  0.9807E+00  0.6203E+02
     -1.171  0.1370E+01  0.6205E+02
     -1.153  0.1825E+01  0.6208E+02
     -1.135  0.2345E+01  0.6212E+02
     -1.116  0.2931E+01  0.6217E+02
     -1.098  0.3581E+01  0.6223E+02
     -1.080  0.4297E+01  0.6230E+02
     -1.062  0.5078E+01  0.6239E+02
     -1.044  0.5924E+01  0.6249E+02
     -1.025  0.6835E+01  0.6260E+02
     -1.007  0.7811E+01  0.6273E+02
     -0.989  0.8853E+01  0.6289E+02
     -0.971  0.9960E+01  0.6306E+02
     -0.952  0.1113E+02  0.6325E+02
     -0.934  0.1282E+02  0.6347E+02
     -0.916  0.1444E+02  0.6372E+02
     -0.898  0.1596E+02  0.6399E+02
     -0.880  0.1737E+02  0.6430E+02
     -0.861  0.1868E+02  0.6463E+02
     -0.843  0.2018E+02  0.6498E+02
     -0.825  0.2604E+02  0.6538E+02
     -0.807  0.4120E+02  0.6598E+02
     -0.789  0.5579E+02  0.6687E+02
     -0.770  0.6659E+02  0.6799E+02
     -0.752  0.7201E+02  0.6926E+02
     -0.734  0.6904E+02  0.7055E+02
     -0.716  0.6722E+02  0.7179E+02
     -0.697  0.6531E+02  0.7300E+02
     -0.679  0.5951E+02  0.7414E+02
     -0.661  0.5033E+02  0.7516E+02
     -0.643  0.3685E+02  0.7595E+02
     -0.625  0.2761E+02  0.7653E+02
     -0.606  0.2076E+02  0.7697E+02
     -0.588  0.1533E+02  0.7730E+02
     -0.570  0.1953E+02  0.7760E+02
     -0.552  0.2319E+02  0.7800E+02
     -0.534  0.2317E+02  0.7842E+02
     -0.515  0.1925E+02  0.7882E+02
     -0.497  0.1148E+02  0.7910E+02
     -0.479  0.7840E+01  0.7927E+02
     -0.461  0.6009E+01  0.7940E+02
     -0.442  0.8493E+01  0.7951E+02
     -0.424  0.3016E+02  0.7985E+02
     -0.406  0.4885E+02  0.8058E+02
     -0.388  0.5994E+02  0.8158E+02
     -0.370  0.6342E+02  0.8271E+02
     -0.351  0.7641E+02  0.8400E+02
     -0.333  0.8048E+02  0.8545E+02
     -0.315  0.7254E+02  0.8686E+02
     -0.297  0.6209E+02  0.8806E+02
     -0.278  0.5312E+02  0.8964E+02
     -0.260  0.5272E+02  0.9060E+02
     -0.242  0.5320E+02  0.9157E+02
     -0.224  0.5338E+02  0.9254E+02
     -0.206  0.5346E+02  0.9351E+02
     -0.187  0.5343E+02  0.9448E+02
     -0.169  0.5488E+02  0.9547E+02
     -0.151  0.5608E+02  0.9648E+02
     -0.133  0.5795E+02  0.9751E+02
     -0.115  0.6077E+02  0.9860E+02
     -0.096  0.6223E+02  0.9972E+02
     -0.078  0.5513E+02  0.1008E+03
     -0.060  0.4661E+02  0.1017E+03
     -0.042  0.4615E+02  0.1025E+03
     -0.023  0.4520E+02  0.1034E+03
     -0.005  0.4132E+02  0.1042E+03
      0.013  0.2863E+02  0.1048E+03
      0.031  0.2576E+02  0.1053E+03
      0.049  0.2535E+02  0.1058E+03
      0.068  0.2475E+02  0.1062E+03
      0.086  0.2400E+02  0.1067E+03
      0.104  0.2324E+02  0.1071E+03
      0.122  0.2243E+02  0.1075E+03
      0.140  0.2287E+02  0.1079E+03
      0.159  0.2346E+02  0.1083E+03
      0.177  0.2390E+02  0.1088E+03
      0.195  0.2429E+02  0.1092E+03
      0.213  0.2462E+02  0.1097E+03
      0.232  0.2490E+02  0.1101E+03
      0.250  0.2512E+02  0.1106E+03
      0.268  0.2529E+02  0.1110E+03
      0.286  0.2533E+02  0.1115E+03
      0.304  0.2497E+02  0.1119E+03
      0.323  0.2466E+02  0.1124E+03
      0.341  0.2440E+02  0.1128E+03
      0.359  0.2866E+02  0.1133E+03
      0.377  0.3400E+02  0.1139E+03
      0.396  0.3716E+02  0.1145E+03
      0.414  0.3934E+02  0.1152E+03
      0.432  0.3754E+02  0.1160E+03
      0.450  0.1665E+02  0.1165E+03
      0.468  0.1386E+02  0.1168E+03
      0.487  0.1423E+02  0.1170E+03
      0.505  0.1477E+02  0.1173E+03
      0.523  0.1503E+02  0.1176E+03
      0.541  0.1504E+02  0.1178E+03
      0.559  0.1478E+02  0.1181E+03
      0.578  0.1426E+02  0.1184E+03
      0.596  0.1347E+02  0.1186E+03
      0.614  0.1328E+02  0.1189E+03
      0.632  0.1541E+02  0.1191E+03
      0.651  0.1991E+02  0.1195E+03
      0.669  0.2681E+02  0.1199E+03
      0.687  0.4748E+02  0.1205E+03
      0.705  0.4373E+02  0.1214E+03
      0.723  0.3466E+02  0.1221E+03
      0.742  0.3520E+02  0.1227E+03
      0.760  0.3495E+02  0.1234E+03
      0.778  0.3406E+02  0.1240E+03
      0.796  0.3279E+02  0.1246E+03
      0.814  0.3099E+02  0.1252E+03
      0.833  0.2828E+02  0.1257E+03
      0.851  0.2338E+02  0.1262E+03
      0.869  0.1858E+02  0.1266E+03
      0.887  0.1508E+02  0.1269E+03
      0.906  0.1286E+02  0.1271E+03
      0.924  0.1194E+02  0.1274E+03
      0.942  0.1218E+02  0.1276E+03
      0.960  0.1254E+02  0.1278E+03
      0.978  0.1281E+02  0.1280E+03
      0.997  0.1382E+02  0.1283E+03
      1.015  0.1599E+02  0.1285E+03
      1.033  0.1671E+02  0.1288E+03
      1.051  0.1737E+02  0.1292E+03
      1.070  0.1797E+02  0.1295E+03
      1.088  0.1851E+02  0.1298E+03
      1.106  0.1900E+02  0.1302E+03
      1.124  0.1942E+02  0.1305E+03
      1.142  0.1978E+02  0.1309E+03
      1.161  0.2008E+02  0.1312E+03
      1.179  0.2033E+02  0.1316E+03
      1.197  0.2051E+02  0.1320E+03
      1.215  0.2063E+02  0.1323E+03
      1.233  0.2070E+02  0.1327E+03
      1.252  0.2066E+02  0.1331E+03
      1.270  0.2042E+02  0.1335E+03
      1.288  0.1999E+02  0.1338E+03
      1.306  0.1936E+02  0.1342E+03
      1.325  0.1854E+02  0.1345E+03
      1.343  0.1772E+02  0.1349E+03
      1.361  0.1762E+02  0.1352E+03
      1.379  0.1748E+02  0.1355E+03
      1.397  0.1729E+02  0.1358E+03
      1.416  0.1705E+02  0.1361E+03
      1.434  0.1677E+02  0.1364E+03
      1.452  0.1644E+02  0.1367E+03
      1.470  0.1606E+02  0.1370E+03
      1.488  0.1780E+02  0.1373E+03
      1.507  0.2266E+02  0.1377E+03
      1.525  0.3381E+02  0.1382E+03
      1.543  0.4830E+02  0.1390E+03
      1.561  0.7034E+02  0.1400E+03
      1.580  0.1254E+03  0.1422E+03
      1.598  0.4103E+02  0.1432E+03
      1.616  0.4654E+02  0.1440E+03
      1.634  0.4995E+02  0.1448E+03
      1.652  0.5139E+02  0.1458E+03
      1.671  0.5090E+02  0.1467E+03
      1.689  0.2830E+02  0.1479E+03
      1.707  0.3315E+02  0.1484E+03
      1.725  0.3831E+02  0.1491E+03
      1.743  0.4317E+02  0.1498E+03
      1.762  0.4727E+02  0.1507E+03
      1.780  0.5061E+02  0.1516E+03
      1.798  0.5325E+02  0.1525E+03
      1.816  0.5518E+02  0.1535E+03
      1.835  0.5691E+02  0.1545E+03
      1.853  0.5712E+02  0.1556E+03
      1.871  0.5571E+02  0.1566E+03
      1.889  0.5217E+02  0.1576E+03
      1.907  0.4683E+02  0.1585E+03
      1.926  0.3995E+02  0.1593E+03
      1.944  0.3392E+02  0.1599E+03
      1.962  0.3309E+02  0.1605E+03
      1.980  0.3405E+02  0.1611E+03
      1.999  0.3487E+02  0.1618E+03
      2.017  0.3548E+02  0.1624E+03
      2.035  0.3590E+02  0.1631E+03
      2.053  0.3612E+02  0.1637E+03
      2.071  0.3614E+02  0.1644E+03
      2.090  0.3597E+02  0.1650E+03
      2.108  0.3560E+02  0.1657E+03
      2.126  0.3504E+02  0.1663E+03
      2.144  0.3454E+02  0.1670E+03
      2.162  0.3450E+02  0.1676E+03
      2.181  0.3489E+02  0.1682E+03
      2.199  0.3584E+02  0.1689E+03
      2.217  0.3737E+02  0.1695E+03
      2.235  0.4513E+02  0.1703E+03
      2.254  0.5206E+02  0.1712E+03
      2.272  0.6036E+02  0.1722E+03
      2.290  0.6952E+02  0.1733E+03
      2.308  0.1097E+03  0.1749E+03
      2.326  0.1611E+03  0.1773E+03
      2.345  0.1824E+03  0.1807E+03
      2.363  0.5589E+02  0.1829E+03
      2.381  0.5657E+02  0.1842E+03
      2.399  0.5621E+02  0.1852E+03
      2.417  0.6364E+02  0.1863E+03
      2.436  0.8150E+02  0.1876E+03
      2.454  0.9912E+02  0.1893E+03
      2.472  0.1024E+03  0.1912E+03
      2.490  0.8385E+02  0.1928E+03
      2.509  0.9427E+02  0.1944E+03
      2.527  0.1044E+03  0.1962E+03
      2.545  0.9190E+02  0.1979E+03
      2.563  0.9698E+02  0.1997E+03
      2.581  0.9220E+02  0.2014E+03
      2.600  0.8001E+02  0.2030E+03
      2.618  0.7211E+02  0.2044E+03
      2.636  0.6612E+02  0.2056E+03
      2.654  0.7303E+02  0.2068E+03
      2.673  0.7458E+02  0.2082E+03
      2.691  0.7194E+02  0.2096E+03
      2.709  0.5906E+02  0.2108E+03
      2.727  0.3802E+02  0.2116E+03
      2.745  0.3596E+02  0.2123E+03
      2.764  0.3690E+02  0.2130E+03
      2.782  0.3598E+02  0.2136E+03
      2.800  0.3897E+02  0.2143E+03
      2.818  0.4557E+02  0.2151E+03
      2.836  0.4537E+02  0.2159E+03
      2.855  0.5235E+02  0.2168E+03
      2.873  0.6942E+02  0.2179E+03
      2.891  0.8407E+02  0.2193E+03
      2.909  0.1199E+03  0.2210E+03
      2.928  0.1765E+03  0.2237E+03
      2.946  0.1907E+03  0.2271E+03
      2.964  0.1010E+03  0.2297E+03
      2.982  0.9275E+02  0.2311E+03
      3.000  0.8707E+02  0.2328E+03
      3.019  0.7875E+02  0.2343E+03
      3.037  0.6554E+02  0.2356E+03
      3.055  0.4883E+02  0.2367E+03
      3.073  0.4148E+02  0.2375E+03
      3.091  0.3430E+02  0.2382E+03
      3.110  0.2736E+02  0.2387E+03
      3.128  0.2203E+02  0.2392E+03
      3.146  0.1760E+02  0.2395E+03
      3.164  0.1407E+02  0.2398E+03
      3.183  0.1142E+02  0.2401E+03
      3.201  0.9509E+01  0.2402E+03
      3.219  0.8294E+01  0.2404E+03
      3.237  0.7775E+01  0.2406E+03
      3.255  0.9121E+01  0.2407E+03
      3.274  0.1998E+02  0.2410E+03
      3.292  0.3132E+02  0.2414E+03
      3.310  0.4075E+02  0.2421E+03
      3.328  0.3979E+02  0.2428E+03
      3.347  0.2753E+02  0.2435E+03
      3.365  0.2048E+02  0.2439E+03
      3.383  0.2863E+02  0.2443E+03
      3.401  0.3221E+02  0.2454E+03
      3.419  0.4728E+02  0.2461E+03
      3.438  0.3418E+02  0.2469E+03
      3.456  0.1700E+02  0.2473E+03
      3.474  0.1228E+02  0.2476E+03
      3.492  0.8334E+01  0.2478E+03
      3.510  0.5148E+01  0.2479E+03
      3.529  0.2725E+01  0.2480E+03
      3.547  0.1067E+01  0.2480E+03
      3.565  0.1721E+00  0.2480E+03
      3.583  0.0000E+00  0.2480E+03
      3.602  0.0000E+00  0.2480E+03
      3.620  0.0000E+00  0.2480E+03
      3.638  0.0000E+00  0.2480E+03
      3.656  0.0000E+00  0.2480E+03
      3.674  0.0000E+00  0.2480E+03
      3.693  0.0000E+00  0.2480E+03
      3.711  0.0000E+00  0.2480E+03
      3.729  0.0000E+00  0.2480E+03
      3.747  0.0000E+00  0.2480E+03
      3.765  0.0000E+00  0.2480E+03
      3.784  0.0000E+00  0.2480E+03
      3.802  0.0000E+00  0.2480E+03
      3.820  0.0000E+00  0.2480E+03
      3.838  0.0000E+00  0.2480E+03
      3.857  0.0000E+00  0.2480E+03
      3.875  0.0000E+00  0.2480E+03
      3.893  0.0000E+00  0.2480E+03
      3.911  0.0000E+00  0.2480E+03
      3.929  0.0000E+00  0.2480E+03
      3.948  0.0000E+00  0.2480E+03
      3.966  0.0000E+00  0.2480E+03
      3.984  0.0000E+00  0.2480E+03
      4.002  0.0000E+00  0.2480E+03
      4.021  0.0000E+00  0.2480E+03
      4.039  0.0000E+00  0.2480E+03
      4.057  0.0000E+00  0.2480E+03
      4.075  0.0000E+00  0.2480E+03
      4.093  0.0000E+00  0.2480E+03
      4.112  0.0000E+00  0.2480E+03
      4.130  0.0000E+00  0.2480E+03
      4.148  0.0000E+00  0.2480E+03
      4.166  0.0000E+00  0.2480E+03
      4.184  0.0000E+00  0.2480E+03
      4.203  0.0000E+00  0.2480E+03
      4.221  0.0000E+00  0.2480E+03
      4.239  0.0000E+00  0.2480E+03
      4.257  0.0000E+00  0.2480E+03
      4.276  0.0000E+00  0.2480E+03
      4.294  0.0000E+00  0.2480E+03
      4.312  0.0000E+00  0.2480E+03
      4.330  0.0000E+00  0.2480E+03
      4.348  0.0000E+00  0.2480E+03
      4.367  0.0000E+00  0.2480E+03
      4.385  0.0000E+00  0.2480E+03
      4.403  0.0000E+00  0.2480E+03
      4.421  0.0000E+00  0.2480E+03
      4.439  0.0000E+00  0.2480E+03
      4.458  0.0000E+00  0.2480E+03
      4.476  0.0000E+00  0.2480E+03
      4.494  0.0000E+00  0.2480E+03
      4.512  0.0000E+00  0.2480E+03
      4.531  0.0000E+00  0.2480E+03
      4.549  0.0000E+00  0.2480E+03
      4.567  0.0000E+00  0.2480E+03
      4.585  0.0000E+00  0.2480E+03
      4.603  0.0000E+00  0.2480E+03
      4.622  0.0000E+00  0.2480E+03
      4.640  0.0000E+00  0.2480E+03
      4.658  0.0000E+00  0.2480E+03
      4.676  0.0000E+00  0.2480E+03
      4.694  0.0000E+00  0.2480E+03
      4.713  0.0000E+00  0.2480E+03
      4.731  0.0000E+00  0.2480E+03
      4.749  0.0000E+00  0.2480E+03
      4.767  0.0000E+00  0.2480E+03
      4.786  0.0000E+00  0.2480E+03
      4.804  0.0000E+00  0.2480E+03
      4.822  0.0000E+00  0.2480E+03
      4.840  0.0000E+00  0.2480E+03
      4.858  0.0000E+00  0.2480E+03
      4.877  0.0000E+00  0.2480E+03
      4.895  0.0000E+00  0.2480E+03
      4.913  0.0000E+00  0.2480E+03
      4.931  0.0000E+00  0.2480E+03
      4.950  0.0000E+00  0.2480E+03
      4.968  0.0000E+00  0.2480E+03
      4.986  0.0000E+00  0.2480E+03
      5.004  0.0000E+00  0.2480E+03
      5.022  0.0000E+00  0.2480E+03
      5.041  0.0000E+00  0.2480E+03
      5.059  0.0000E+00  0.2480E+03
      5.077  0.0000E+00  0.2480E+03
      5.095  0.0000E+00  0.2480E+03
      5.113  0.0000E+00  0.2480E+03
      5.132  0.0000E+00  0.2480E+03
      5.150  0.0000E+00  0.2480E+03
      5.168  0.0000E+00  0.2480E+03
      5.186  0.0000E+00  0.2480E+03
      5.205  0.0000E+00  0.2480E+03
      5.223  0.0000E+00  0.2480E+03
      5.241  0.0000E+00  0.2480E+03
      5.259  0.0000E+00  0.2480E+03
      5.277  0.0000E+00  0.2480E+03
      5.296  0.0000E+00  0.2480E+03
      5.314  0.0000E+00  0.2480E+03
      5.332  0.0000E+00  0.2480E+03
      5.350  0.0000E+00  0.2480E+03
      5.368  0.0000E+00  0.2480E+03
      5.387  0.0000E+00  0.2480E+03
      5.405  0.0000E+00  0.2480E+03
      5.423  0.0000E+00  0.2480E+03
      5.441  0.0000E+00  0.2480E+03
      5.460  0.0000E+00  0.2480E+03
      5.478  0.0000E+00  0.2480E+03
      5.496  0.0000E+00  0.2480E+03
      5.514  0.0000E+00  0.2480E+03
      5.532  0.0000E+00  0.2480E+03
      5.551  0.0000E+00  0.2480E+03
      5.569  0.0000E+00  0.2480E+03
      5.587  0.0000E+00  0.2480E+03
      5.605  0.0000E+00  0.2480E+03
      5.624  0.0000E+00  0.2480E+03
      5.642  0.0000E+00  0.2480E+03
      5.660  0.0000E+00  0.2480E+03
      5.678  0.0000E+00  0.2480E+03
      5.696  0.0000E+00  0.2480E+03
      5.715  0.0000E+00  0.2480E+03
      5.733  0.0000E+00  0.2480E+03
      5.751  0.0000E+00  0.2480E+03
      5.769  0.0000E+00  0.2480E+03
      5.787  0.0000E+00  0.2480E+03
      5.806  0.0000E+00  0.2480E+03
      5.824  0.0000E+00  0.2480E+03
      5.842  0.0000E+00  0.2480E+03
      5.860  0.0000E+00  0.2480E+03
      5.879  0.0000E+00  0.2480E+03
      5.897  0.0000E+00  0.2480E+03
      5.915  0.0000E+00  0.2480E+03
      5.933  0.0000E+00  0.2480E+03
      5.951  0.0000E+00  0.2480E+03
      5.970  0.0000E+00  0.2480E+03
      5.988  0.0000E+00  0.2480E+03
      6.006  0.0000E+00  0.2480E+03
      6.024  0.0000E+00  0.2480E+03
      6.042  0.0000E+00  0.2480E+03
      6.061  0.0000E+00  0.2480E+03
      6.079  0.0000E+00  0.2480E+03
      6.097  0.0000E+00  0.2480E+03
      6.115  0.0000E+00  0.2480E+03
      6.134  0.0000E+00  0.2480E+03
      6.152  0.0000E+00  0.2480E+03
      6.170  0.0000E+00  0.2480E+03
      6.188  0.0000E+00  0.2480E+03
      6.206  0.0000E+00  0.2480E+03
      6.225  0.0000E+00  0.2480E+03
      6.243  0.0000E+00  0.2480E+03
      6.261  0.0000E+00  0.2480E+03
      6.279  0.0000E+00  0.2480E+03
      6.298  0.0000E+00  0.2480E+03
      6.316  0.0000E+00  0.2480E+03
      6.334  0.0000E+00  0.2480E+03
      6.352  0.0000E+00  0.2480E+03
      6.370  0.0000E+00  0.2480E+03
      6.389  0.0000E+00  0.2480E+03
      6.407  0.0000E+00  0.2480E+03
      6.425  0.0000E+00  0.2480E+03
      6.443  0.0000E+00  0.2480E+03
      6.461  0.0000E+00  0.2480E+03
      6.480  0.0000E+00  0.2480E+03
      6.498  0.0000E+00  0.2480E+03
      6.516  0.0000E+00  0.2480E+03
      6.534  0.0000E+00  0.2480E+03
      6.553  0.0000E+00  0.2480E+03
      6.571  0.0000E+00  0.2480E+03
      6.589  0.0000E+00  0.2480E+03
      6.607  0.0000E+00  0.2480E+03
      6.625  0.0000E+00  0.2480E+03
      6.644  0.0000E+00  0.2480E+03
      6.662  0.0000E+00  0.2480E+03
      6.680  0.0000E+00  0.2480E+03
      6.698  0.0000E+00  0.2480E+03
      6.716  0.0000E+00  0.2480E+03
      6.735  0.0000E+00  0.2480E+03
      6.753  0.0000E+00  0.2480E+03
      6.771  0.0000E+00  0.2480E+03
      6.789  0.0000E+00  0.2480E+03
      6.808  0.0000E+00  0.2480E+03
      6.826  0.0000E+00  0.2480E+03
      6.844  0.0000E+00  0.2480E+03
      6.862  0.0000E+00  0.2480E+03
      6.880  0.0000E+00  0.2480E+03
      6.899  0.0000E+00  0.2480E+03
      6.917  0.0000E+00  0.2480E+03
      6.935  0.0000E+00  0.2480E+03
      6.953  0.4768E-01  0.2480E+03
      6.972  0.2895E+00  0.2480E+03
      6.990  0.7358E+00  0.2480E+03
      7.008  0.1387E+01  0.2480E+03
      7.026  0.2242E+01  0.2481E+03
      7.044  0.3302E+01  0.2481E+03
      7.063  0.4566E+01  0.2482E+03
      7.081  0.6034E+01  0.2483E+03
      7.099  0.7707E+01  0.2484E+03
      7.117  0.9585E+01  0.2486E+03
      7.135  0.1167E+02  0.2488E+03
      7.154  0.3406E+02  0.2491E+03
      7.172  0.2918E+02  0.2498E+03
      7.190  0.0000E+00  0.2500E+03
      7.208  0.0000E+00  0.2500E+03
      7.227  0.0000E+00  0.2500E+03
      7.245  0.0000E+00  0.2500E+03
      7.263  0.0000E+00  0.2500E+03
      7.281  0.0000E+00  0.2500E+03
      7.299  0.0000E+00  0.2500E+03
      7.318  0.0000E+00  0.2500E+03
      7.336  0.0000E+00  0.2500E+03
      7.354  0.0000E+00  0.2500E+03
      7.372  0.0000E+00  0.2500E+03
      7.390  0.0000E+00  0.2500E+03
      7.409  0.0000E+00  0.2500E+03
      7.427  0.0000E+00  0.2500E+03
      7.445  0.0000E+00  0.2500E+03
      7.463  0.0000E+00  0.2500E+03
      7.482  0.0000E+00  0.2500E+03
      7.500  0.0000E+00  0.2500E+03
      7.518  0.0000E+00  0.2500E+03
      7.536  0.0000E+00  0.2500E+03
      7.554  0.0000E+00  0.2500E+03
      7.573  0.0000E+00  0.2500E+03
      7.591  0.0000E+00  0.2500E+03
      7.609  0.0000E+00  0.2500E+03
      7.627  0.0000E+00  0.2500E+03
      7.646  0.0000E+00  0.2500E+03
      7.664  0.0000E+00  0.2500E+03
      7.682  0.0000E+00  0.2500E+03
      7.700  0.0000E+00  0.2500E+03
      7.718  0.0000E+00  0.2500E+03
      7.737  0.0000E+00  0.2500E+03
      7.755  0.0000E+00  0.2500E+03
      7.773  0.0000E+00  0.2500E+03
      7.791  0.0000E+00  0.2500E+03
      7.809  0.0000E+00  0.2500E+03
      7.828  0.0000E+00  0.2500E+03
      7.846  0.0000E+00  0.2500E+03
      7.864  0.0000E+00  0.2500E+03
      7.882  0.0000E+00  0.2500E+03
      7.901  0.0000E+00  0.2500E+03
      7.919  0.0000E+00  0.2500E+03
      7.937  0.0000E+00  0.2500E+03
      7.955  0.0000E+00  0.2500E+03
      7.973  0.0000E+00  0.2500E+03
      7.992  0.0000E+00  0.2500E+03
      8.010  0.0000E+00  0.2500E+03
      8.028  0.0000E+00  0.2500E+03
      8.046  0.0000E+00  0.2500E+03
      8.064  0.0000E+00  0.2500E+03
      8.083  0.0000E+00  0.2500E+03
      8.101  0.0000E+00  0.2500E+03
      8.119  0.0000E+00  0.2500E+03
      8.137  0.0000E+00  0.2500E+03
      8.156  0.0000E+00  0.2500E+03
      8.174  0.0000E+00  0.2500E+03
      8.192  0.0000E+00  0.2500E+03
      8.210  0.0000E+00  0.2500E+03
      8.228  0.0000E+00  0.2500E+03
      8.247  0.0000E+00  0.2500E+03
      8.265  0.0000E+00  0.2500E+03
      8.283  0.0000E+00  0.2500E+03
      8.301  0.0000E+00  0.2500E+03
      8.319  0.0000E+00  0.2500E+03
      8.338  0.0000E+00  0.2500E+03
      8.356  0.0000E+00  0.2500E+03
      8.374  0.0000E+00  0.2500E+03
      8.392  0.0000E+00  0.2500E+03
      8.411  0.0000E+00  0.2500E+03
      8.429  0.0000E+00  0.2500E+03
      8.447  0.0000E+00  0.2500E+03
      8.465  0.0000E+00  0.2500E+03
      8.483  0.0000E+00  0.2500E+03
      8.502  0.0000E+00  0.2500E+03
      8.520  0.0000E+00  0.2500E+03
      8.538  0.0000E+00  0.2500E+03
      8.556  0.0000E+00  0.2500E+03
      8.575  0.0000E+00  0.2500E+03
      8.593  0.0000E+00  0.2500E+03
      8.611  0.0000E+00  0.2500E+03
      8.629  0.0000E+00  0.2500E+03
      8.647  0.0000E+00  0.2500E+03
      8.666  0.0000E+00  0.2500E+03
      8.684  0.0000E+00  0.2500E+03
      8.702  0.0000E+00  0.2500E+03
      8.720  0.0000E+00  0.2500E+03
      8.738  0.0000E+00  0.2500E+03
      8.757  0.0000E+00  0.2500E+03
      8.775  0.0000E+00  0.2500E+03
      8.793  0.0000E+00  0.2500E+03
      8.811  0.0000E+00  0.2500E+03
      8.830  0.0000E+00  0.2500E+03
      8.848  0.0000E+00  0.2500E+03
      8.866  0.0000E+00  0.2500E+03
      8.884  0.0000E+00  0.2500E+03
      8.902  0.0000E+00  0.2500E+03
      8.921  0.0000E+00  0.2500E+03
      8.939  0.0000E+00  0.2500E+03
      8.957  0.0000E+00  0.2500E+03
      8.975  0.0000E+00  0.2500E+03
      8.993  0.0000E+00  0.2500E+03
      9.012  0.0000E+00  0.2500E+03
      9.030  0.0000E+00  0.2500E+03
      9.048  0.0000E+00  0.2500E+03
      9.066  0.0000E+00  0.2500E+03
      9.085  0.0000E+00  0.2500E+03
      9.103  0.0000E+00  0.2500E+03
      9.121  0.0000E+00  0.2500E+03
      9.139  0.0000E+00  0.2500E+03
      9.157  0.0000E+00  0.2500E+03
      9.176  0.0000E+00  0.2500E+03
      9.194  0.0000E+00  0.2500E+03
      9.212  0.0000E+00  0.2500E+03
      9.230  0.0000E+00  0.2500E+03
      9.249  0.0000E+00  0.2500E+03
      9.267  0.0000E+00  0.2500E+03
      9.285  0.0000E+00  0.2500E+03
      9.303  0.0000E+00  0.2500E+03
      9.321  0.0000E+00  0.2500E+03
      9.340  0.0000E+00  0.2500E+03
      9.358  0.0000E+00  0.2500E+03
      9.376  0.0000E+00  0.2500E+03
      9.394  0.0000E+00  0.2500E+03
      9.412  0.0000E+00  0.2500E+03
      9.431  0.0000E+00  0.2500E+03
      9.449  0.0000E+00  0.2500E+03
      9.467  0.0000E+00  0.2500E+03
      9.485  0.0000E+00  0.2500E+03
      9.504  0.0000E+00  0.2500E+03
      9.522  0.0000E+00  0.2500E+03
      9.540  0.0000E+00  0.2500E+03
      9.558  0.0000E+00  0.2500E+03
      9.576  0.0000E+00  0.2500E+03
      9.595  0.0000E+00  0.2500E+03
      9.613  0.0000E+00  0.2500E+03
      9.631  0.0000E+00  0.2500E+03
      9.649  0.0000E+00  0.2500E+03
      9.667  0.0000E+00  0.2500E+03
      9.686  0.0000E+00  0.2500E+03
      9.704  0.0000E+00  0.2500E+03
      9.722  0.0000E+00  0.2500E+03
      9.740  0.0000E+00  0.2500E+03
      9.759  0.0000E+00  0.2500E+03
      9.777  0.0000E+00  0.2500E+03
      9.795  0.0000E+00  0.2500E+03
      9.813  0.0000E+00  0.2500E+03
      9.831  0.0000E+00  0.2500E+03
      9.850  0.0000E+00  0.2500E+03
      9.868  0.0000E+00  0.2500E+03
      9.886  0.0000E+00  0.2500E+03
      9.904  0.0000E+00  0.2500E+03
      9.923  0.0000E+00  0.2500E+03
      9.941  0.0000E+00  0.2500E+03
      9.959  0.0000E+00  0.2500E+03
      9.977  0.0000E+00  0.2500E+03
      9.995  0.0000E+00  0.2500E+03
     10.014  0.0000E+00  0.2500E+03
     10.032  0.0000E+00  0.2500E+03
     10.050  0.0000E+00  0.2500E+03
     10.068  0.0000E+00  0.2500E+03
     10.086  0.0000E+00  0.2500E+03
     10.105  0.0000E+00  0.2500E+03
     10.123  0.0000E+00  0.2500E+03
     10.141  0.0000E+00  0.2500E+03
     10.159  0.0000E+00  0.2500E+03
     10.178  0.0000E+00  0.2500E+03
     10.196  0.0000E+00  0.2500E+03
     10.214  0.0000E+00  0.2500E+03
     10.232  0.0000E+00  0.2500E+03
     10.250  0.0000E+00  0.2500E+03
     10.269  0.0000E+00  0.2500E+03
     10.287  0.0000E+00  0.2500E+03
     10.305  0.0000E+00  0.2500E+03
     10.323  0.0000E+00  0.2500E+03
     10.341  0.0000E+00  0.2500E+03
     10.360  0.0000E+00  0.2500E+03
     10.378  0.0000E+00  0.2500E+03
     10.396  0.0000E+00  0.2500E+03
     10.414  0.0000E+00  0.2500E+03
     10.433  0.0000E+00  0.2500E+03
     10.451  0.0000E+00  0.2500E+03
     10.469  0.0000E+00  0.2500E+03
     10.487  0.0000E+00  0.2500E+03
     10.505  0.0000E+00  0.2500E+03
     10.524  0.0000E+00  0.2500E+03
     10.542  0.0000E+00  0.2500E+03
     10.560  0.0000E+00  0.2500E+03
     10.578  0.0000E+00  0.2500E+03
     10.597  0.0000E+00  0.2500E+03
     10.615  0.0000E+00  0.2500E+03
     10.633  0.0000E+00  0.2500E+03
     10.651  0.0000E+00  0.2500E+03
     10.669  0.0000E+00  0.2500E+03
     10.688  0.0000E+00  0.2500E+03
     10.706  0.0000E+00  0.2500E+03
     10.724  0.0000E+00  0.2500E+03
     10.742  0.1150E-02  0.2500E+03
     10.760  0.1072E-01  0.2500E+03
     10.779  0.2999E-01  0.2500E+03
     10.797  0.5896E-01  0.2500E+03
     10.815  0.9763E-01  0.2500E+03
     10.833  0.1460E+00  0.2500E+03
     10.852  0.2041E+00  0.2500E+03
     10.870  0.2718E+00  0.2500E+03
     10.888  0.3493E+00  0.2500E+03
     10.906  0.4365E+00  0.2500E+03
     10.924  0.5333E+00  0.2500E+03
     10.943  0.6399E+00  0.2500E+03
     10.961  0.7561E+00  0.2501E+03
     10.979  0.8821E+00  0.2501E+03
     10.997  0.1018E+01  0.2501E+03
     11.015  0.1163E+01  0.2501E+03
     11.034  0.1318E+01  0.2501E+03
     11.052  0.1483E+01  0.2502E+03
     11.070  0.1657E+01  0.2502E+03
     11.088  0.1842E+01  0.2502E+03
     11.107  0.2035E+01  0.2503E+03
     11.125  0.2172E+01  0.2503E+03
     11.143  0.2280E+01  0.2503E+03
     11.161  0.2380E+01  0.2504E+03
     11.179  0.2473E+01  0.2504E+03
     11.198  0.2559E+01  0.2505E+03
     11.216  0.2638E+01  0.2505E+03
     11.234  0.2709E+01  0.2506E+03
     11.252  0.2774E+01  0.2506E+03
     11.271  0.2831E+01  0.2507E+03
     11.289  0.2881E+01  0.2507E+03
     11.307  0.2924E+01  0.2508E+03
     11.325  0.2960E+01  0.2508E+03
     11.343  0.2988E+01  0.2509E+03
     11.362  0.3010E+01  0.2509E+03
     11.380  0.3024E+01  0.2510E+03
     11.398  0.3031E+01  0.2510E+03
     11.416  0.3031E+01  0.2511E+03
     11.434  0.3024E+01  0.2511E+03
     11.453  0.3009E+01  0.2512E+03
     11.471  0.2988E+01  0.2513E+03
     11.489  0.2959E+01  0.2513E+03
     11.507  0.2923E+01  0.2514E+03
     11.526  0.2880E+01  0.2514E+03
     11.544  0.2830E+01  0.2515E+03
     11.562  0.2772E+01  0.2515E+03
     11.580  0.2708E+01  0.2516E+03
     11.598  0.2636E+01  0.2516E+03
     11.617  0.2557E+01  0.2517E+03
     11.635  0.2471E+01  0.2517E+03
     11.653  0.2377E+01  0.2518E+03
     11.671  0.2277E+01  0.2518E+03
     11.689  0.2051E+01  0.2518E+03
     11.708  0.3137E+01  0.2519E+03
     11.726  0.4223E+01  0.2520E+03
     11.744  0.5156E+01  0.2520E+03
     11.762  0.5936E+01  0.2521E+03
     11.781  0.6563E+01  0.2523E+03
     11.799  0.7037E+01  0.2524E+03
     11.817  0.7358E+01  0.2525E+03
     11.835  0.7526E+01  0.2526E+03
     11.853  0.7541E+01  0.2528E+03
     11.872  0.7403E+01  0.2529E+03
     11.890  0.7112E+01  0.2531E+03
     11.908  0.6668E+01  0.2532E+03
     11.926  0.6070E+01  0.2533E+03
     11.944  0.5377E+01  0.2534E+03
     11.963  0.4799E+01  0.2535E+03
     11.981  0.4502E+01  0.2536E+03
     11.999  0.4379E+01  0.2537E+03
     12.017  0.4431E+01  0.2537E+03
     12.036  0.4656E+01  0.2538E+03
     12.054  0.5056E+01  0.2539E+03
     12.072  0.5630E+01  0.2540E+03
     12.090  0.6379E+01  0.2541E+03
     12.108  0.7301E+01  0.2542E+03
     12.127  0.8399E+01  0.2544E+03
     12.145  0.1062E+02  0.2546E+03
     12.163  0.1257E+02  0.2548E+03
     12.181  0.1368E+02  0.2550E+03
     12.200  0.1395E+02  0.2553E+03
     12.218  0.1336E+02  0.2555E+03
     12.236  0.1193E+02  0.2557E+03
     12.254  0.6788E+01  0.2559E+03
     12.272  0.1654E+02  0.2561E+03
     12.291  0.2270E+02  0.2565E+03
     12.309  0.1804E+02  0.2569E+03
     12.327  0.1121E+02  0.2571E+03
     12.345  0.6467E+01  0.2573E+03
     12.363  0.5786E+01  0.2574E+03
     12.382  0.5142E+01  0.2575E+03
     12.400  0.4537E+01  0.2576E+03
     12.418  0.3969E+01  0.2577E+03
     12.436  0.3440E+01  0.2577E+03
     12.455  0.2948E+01  0.2578E+03
     12.473  0.2494E+01  0.2578E+03
     12.491  0.2078E+01  0.2579E+03
     12.509  0.1700E+01  0.2579E+03
     12.527  0.1360E+01  0.2579E+03
     12.546  0.1058E+01  0.2580E+03
     12.564  0.7937E+00  0.2580E+03
     12.582  0.5674E+00  0.2580E+03
     12.600  0.3789E+00  0.2580E+03
     12.618  0.2284E+00  0.2580E+03
     12.637  0.1158E+00  0.2580E+03
     12.655  0.4103E-01  0.2580E+03
     12.673  0.4210E-02  0.2580E+03
     12.691  0.0000E+00  0.2580E+03
     12.710  0.0000E+00  0.2580E+03
     12.728  0.3197E-01  0.2580E+03
     12.746  0.2441E+00  0.2580E+03
     12.764  0.6563E+00  0.2580E+03
     12.782  0.1269E+01  0.2580E+03
     12.801  0.2081E+01  0.2581E+03
     12.819  0.3096E+01  0.2581E+03
     12.837  0.4314E+01  0.2582E+03
     12.855  0.5736E+01  0.2583E+03
     12.874  0.7363E+01  0.2584E+03
     12.892  0.9193E+01  0.2585E+03
     12.910  0.5029E+01  0.2592E+03
     12.928  0.4753E+01  0.2593E+03
     12.946  0.4497E+01  0.2594E+03
     12.965  0.4259E+01  0.2594E+03
     12.983  0.4042E+01  0.2595E+03
     13.001  0.3843E+01  0.2596E+03
     13.019  0.3664E+01  0.2597E+03
     13.037  0.3503E+01  0.2597E+03
     13.056  0.3363E+01  0.2598E+03
     13.074  0.3241E+01  0.2599E+03
     13.092  0.3139E+01  0.2599E+03
     13.110  0.3056E+01  0.2600E+03
     13.129  0.2993E+01  0.2600E+03
     13.147  0.2949E+01  0.2601E+03
     13.165  0.2924E+01  0.2601E+03
     13.183  0.2918E+01  0.2602E+03
     13.201  0.2932E+01  0.2602E+03
     13.220  0.2965E+01  0.2603E+03
     13.238  0.3017E+01  0.2603E+03
     13.256  0.3089E+01  0.2604E+03
     13.274  0.3180E+01  0.2605E+03
     13.292  0.3290E+01  0.2605E+03
     13.311  0.3419E+01  0.2606E+03
     13.329  0.3568E+01  0.2606E+03
     13.347  0.3736E+01  0.2607E+03
     13.365  0.3899E+01  0.2608E+03
     13.384  0.4068E+01  0.2608E+03
     13.402  0.4246E+01  0.2609E+03
     13.420  0.4422E+01  0.2610E+03
     13.438  0.4584E+01  0.2611E+03
     13.456  0.4733E+01  0.2612E+03
     13.475  0.4869E+01  0.2613E+03
     13.493  0.4993E+01  0.2613E+03
     13.511  0.5105E+01  0.2614E+03
     13.529  0.5203E+01  0.2615E+03
     13.548  0.5288E+01  0.2616E+03
     13.566  0.5480E+01  0.2617E+03
     13.584  0.5782E+01  0.2618E+03
     13.602  0.6095E+01  0.2619E+03
     13.620  0.6419E+01  0.2621E+03
     13.639  0.6753E+01  0.2622E+03
     13.657  0.7106E+01  0.2623E+03
     13.675  0.7504E+01  0.2624E+03
     13.693  0.7946E+01  0.2626E+03
     13.711  0.8434E+01  0.2627E+03
     13.730  0.8966E+01  0.2629E+03
     13.748  0.9544E+01  0.2630E+03
     13.766  0.1017E+02  0.2632E+03
     13.784  0.1084E+02  0.2634E+03
     13.803  0.1155E+02  0.2636E+03
     13.821  0.1231E+02  0.2638E+03
     13.839  0.1310E+02  0.2641E+03
     13.857  0.1393E+02  0.2643E+03
     13.875  0.1477E+02  0.2646E+03
     13.894  0.1564E+02  0.2649E+03
     13.912  0.1652E+02  0.2651E+03
     13.930  0.1739E+02  0.2655E+03
     13.948  0.1837E+02  0.2658E+03
     13.966  0.1963E+02  0.2661E+03
     13.985  0.2110E+02  0.2665E+03
     14.003  0.2234E+02  0.2669E+03
     14.021  0.2334E+02  0.2673E+03
     14.039  0.2359E+02  0.2677E+03
     14.058  0.2833E+02  0.2682E+03
     14.076  0.3125E+02  0.2688E+03
     14.094  0.3017E+02  0.2693E+03
     14.112  0.2805E+02  0.2699E+03
     14.130  0.2665E+02  0.2703E+03
     14.149  0.2538E+02  0.2708E+03
     14.167  0.2315E+02  0.2713E+03
     14.185  0.2124E+02  0.2717E+03
     14.203  0.1932E+02  0.2720E+03
     14.222  0.1808E+02  0.2724E+03
     14.240  0.1512E+02  0.2727E+03
     14.258  0.1071E+02  0.2729E+03
     14.276  0.2201E+02  0.2732E+03
     14.294  0.2488E+02  0.2736E+03
     14.313  0.1185E+02  0.2739E+03
     14.331  0.9856E+01  0.2741E+03
     14.349  0.8330E+01  0.2743E+03
     14.367  0.7645E+01  0.2745E+03
     14.385  0.7240E+01  0.2746E+03
     14.404  0.6937E+01  0.2747E+03
     14.422  0.6736E+01  0.2748E+03
     14.440  0.6896E+01  0.2750E+03
     14.458  0.7314E+01  0.2751E+03
     14.477  0.7805E+01  0.2752E+03
     14.495  0.8281E+01  0.2754E+03
     14.513  0.8694E+01  0.2755E+03
     14.531  0.9045E+01  0.2757E+03
     14.549  0.9333E+01  0.2759E+03
     14.568  0.9558E+01  0.2760E+03
     14.586  0.9934E+01  0.2762E+03
     14.604  0.1043E+02  0.2764E+03
     14.622  0.1083E+02  0.2766E+03
     14.640  0.1113E+02  0.2768E+03
     14.659  0.1135E+02  0.2770E+03
     14.677  0.1148E+02  0.2772E+03
     14.695  0.1170E+02  0.2774E+03
     14.713  0.1205E+02  0.2776E+03
     14.732  0.1234E+02  0.2779E+03
     14.750  0.1256E+02  0.2781E+03
     14.768  0.1272E+02  0.2783E+03
     14.786  0.1281E+02  0.2785E+03
     14.804  0.1285E+02  0.2788E+03
     14.823  0.1286E+02  0.2790E+03
     14.841  0.1282E+02  0.2792E+03
     14.859  0.1274E+02  0.2795E+03
     14.877  0.1280E+02  0.2797E+03
     14.895  0.1299E+02  0.2799E+03
     14.914  0.1314E+02  0.2802E+03
     14.932  0.1326E+02  0.2804E+03
     14.950  0.1335E+02  0.2807E+03
     14.968  0.1341E+02  0.2809E+03
     14.987  0.1344E+02  0.2812E+03
     15.005  0.1345E+02  0.2814E+03
     15.023  0.1343E+02  0.2816E+03
     15.041  0.1339E+02  0.2819E+03
     15.059  0.1333E+02  0.2821E+03
     15.078  0.1311E+02  0.2824E+03
     15.096  0.1284E+02  0.2826E+03
     15.114  0.1258E+02  0.2828E+03
     15.132  0.1233E+02  0.2831E+03
     15.151  0.1208E+02  0.2833E+03
     15.169  0.1185E+02  0.2835E+03
     15.187  0.1162E+02  0.2837E+03
     15.205  0.1140E+02  0.2839E+03
     15.223  0.1118E+02  0.2841E+03
     15.242  0.1098E+02  0.2843E+03
     15.260  0.1196E+02  0.2845E+03
     15.278  0.1515E+02  0.2848E+03
     15.296  0.1683E+02  0.2851E+03
     15.314  0.1749E+02  0.2854E+03
     15.333  0.1786E+02  0.2857E+03
     15.351  0.2102E+02  0.2861E+03
     15.369  0.2244E+02  0.2865E+03
     15.387  0.2355E+02  0.2869E+03
     15.406  0.2315E+02  0.2873E+03
     15.424  0.2207E+02  0.2877E+03
     15.442  0.2121E+02  0.2881E+03
     15.460  0.1966E+02  0.2885E+03
     15.478  0.2639E+02  0.2889E+03
     15.497  0.2812E+02  0.2894E+03
     15.515  0.2667E+02  0.2899E+03
     15.533  0.2510E+02  0.2903E+03
     15.551  0.2363E+02  0.2908E+03
     15.569  0.2225E+02  0.2912E+03
     15.588  0.2188E+02  0.2916E+03
     15.606  0.1943E+02  0.2920E+03
     15.624  0.1683E+02  0.2923E+03
     15.642  0.1518E+02  0.2926E+03
     15.661  0.1344E+02  0.2929E+03
     15.679  0.1193E+02  0.2931E+03
     15.697  0.1120E+02  0.2933E+03
     15.715  0.1283E+02  0.2935E+03
     15.733  0.1567E+02  0.2938E+03
     15.752  0.2034E+02  0.2941E+03
     15.770  0.2548E+02  0.2945E+03
     15.788  0.2578E+02  0.2950E+03
     15.806  0.2504E+02  0.2955E+03
     15.825  0.2333E+02  0.2959E+03
     15.843  0.2063E+02  0.2963E+03
     15.861  0.1864E+02  0.2967E+03
     15.879  0.1588E+02  0.2970E+03
     15.897  0.1977E+02  0.2973E+03
     15.916  0.2231E+02  0.2977E+03
     15.934  0.2271E+02  0.2981E+03
     15.952  0.2098E+02  0.2985E+03
     15.970  0.1722E+02  0.2989E+03
     15.988  0.1688E+02  0.2991E+03
     16.007  0.2010E+02  0.2995E+03
     16.025  0.2919E+02  0.2999E+03
     16.043  0.3955E+02  0.3006E+03
     16.061  0.1596E+02  0.3011E+03
     16.080  0.1900E+02  0.3014E+03
     16.098  0.4512E+02  0.3020E+03
     16.116  0.6909E+01  0.3024E+03
     16.134  0.9105E+01  0.3025E+03
     16.152  0.1176E+02  0.3027E+03
     16.171  0.1883E+02  0.3030E+03
     16.189  0.2708E+02  0.3034E+03
     16.207  0.3167E+02  0.3039E+03
     16.225  0.3207E+02  0.3045E+03
     16.243  0.1284E+02  0.3048E+03
     16.262  0.1433E+02  0.3051E+03
     16.280  0.1561E+02  0.3054E+03
     16.298  0.1612E+02  0.3057E+03
     16.316  0.1568E+02  0.3059E+03
     16.335  0.1428E+02  0.3062E+03
     16.353  0.1170E+02  0.3065E+03
     16.371  0.7989E+01  0.3066E+03
     16.389  0.8787E+01  0.3068E+03
     16.407  0.9633E+01  0.3070E+03
     16.426  0.1044E+02  0.3071E+03
     16.444  0.1121E+02  0.3073E+03
     16.462  0.1189E+02  0.3075E+03
     16.480  0.1241E+02  0.3078E+03
     16.499  0.1363E+02  0.3080E+03
     16.517  0.1488E+02  0.3083E+03
     16.535  0.1591E+02  0.3085E+03
     16.553  0.1674E+02  0.3088E+03
     16.571  0.1735E+02  0.3092E+03
     16.590  0.1266E+02  0.3094E+03
     16.608  0.1230E+02  0.3097E+03
     16.626  0.1285E+02  0.3099E+03
     16.644  0.1324E+02  0.3101E+03
     16.662  0.1323E+02  0.3104E+03
     16.681  0.1273E+02  0.3106E+03
     16.699  0.1173E+02  0.3108E+03
     16.717  0.1024E+02  0.3110E+03
     16.735  0.9694E+01  0.3112E+03
     16.754  0.1038E+02  0.3114E+03
     16.772  0.1188E+02  0.3116E+03
     16.790  0.1292E+02  0.3118E+03
     16.808  0.1353E+02  0.3121E+03
     16.826  0.1368E+02  0.3123E+03
     16.845  0.1363E+02  0.3126E+03
     16.863  0.1362E+02  0.3128E+03
     16.881  0.9936E+01  0.3130E+03
     16.899  0.1029E+02  0.3132E+03
     16.917  0.1050E+02  0.3134E+03
     16.936  0.1056E+02  0.3136E+03
     16.954  0.1049E+02  0.3138E+03
     16.972  0.1028E+02  0.3140E+03
     16.990  0.9685E+01  0.3141E+03
     17.009  0.8910E+01  0.3143E+03
     17.027  0.8250E+01  0.3145E+03
     17.045  0.7704E+01  0.3146E+03
     17.063  0.7274E+01  0.3148E+03
     17.081  0.6958E+01  0.3149E+03
     17.100  0.6757E+01  0.3150E+03
     17.118  0.6672E+01  0.3151E+03
     17.136  0.6701E+01  0.3153E+03
     17.154  0.6777E+01  0.3154E+03
     17.173  0.8787E+01  0.3155E+03
     17.191  0.1269E+02  0.3157E+03
     17.209  0.1424E+02  0.3160E+03
     17.227  0.1501E+02  0.3162E+03
     17.245  0.1518E+02  0.3165E+03
     17.264  0.1476E+02  0.3168E+03
     17.282  0.1365E+02  0.3170E+03
     17.300  0.1115E+02  0.3173E+03
     17.318  0.8614E+01  0.3174E+03
     17.336  0.6563E+01  0.3176E+03
     17.355  0.4997E+01  0.3177E+03
     17.373  0.3913E+01  0.3178E+03
     17.391  0.3180E+01  0.3178E+03
     17.409  0.2161E+02  0.3186E+03
     17.428  0.1485E+02  0.3190E+03
     17.446  0.1009E+02  0.3192E+03
     17.464  0.7347E+01  0.3193E+03
     17.482  0.6166E+01  0.3195E+03
     17.500  0.5199E+01  0.3196E+03
     17.519  0.4352E+01  0.3197E+03
     17.537  0.3625E+01  0.3197E+03
     17.555  0.4073E+01  0.3198E+03
     17.573  0.7680E+01  0.3199E+03
     17.591  0.1045E+02  0.3201E+03
     17.610  0.1238E+02  0.3203E+03
     17.628  0.1348E+02  0.3205E+03
     17.646  0.1373E+02  0.3208E+03
     17.664  0.1315E+02  0.3210E+03
     17.683  0.1173E+02  0.3212E+03
     17.701  0.9475E+01  0.3214E+03
     17.719  0.7569E+01  0.3216E+03
     17.737  0.5942E+01  0.3217E+03
     17.755  0.4539E+01  0.3218E+03
     17.774  0.3353E+01  0.3219E+03
     17.792  0.2349E+01  0.3219E+03
     17.810  0.1523E+01  0.3220E+03
     17.828  0.8759E+00  0.3220E+03
     17.847  0.4064E+00  0.3220E+03
     17.865  0.1150E+00  0.3220E+03
     17.883  0.1656E-02  0.3220E+03
     17.901  0.0000E+00  0.3220E+03
     17.919  0.0000E+00  0.3220E+03
     17.938  0.0000E+00  0.3220E+03
     17.956  0.0000E+00  0.3220E+03
     17.974  0.0000E+00  0.3220E+03
     17.992  0.0000E+00  0.3220E+03
     18.010  0.0000E+00  0.3220E+03
     18.029  0.0000E+00  0.3220E+03
     18.047  0.0000E+00  0.3220E+03
     18.065  0.0000E+00  0.3220E+03
     18.083  0.0000E+00  0.3220E+03
     18.102  0.0000E+00  0.3220E+03
     18.120  0.0000E+00  0.3220E+03
     18.138  0.0000E+00  0.3220E+03
     18.156  0.0000E+00  0.3220E+03
     18.174  0.0000E+00  0.3220E+03
     18.193  0.0000E+00  0.3220E+03
     18.211  0.0000E+00  0.3220E+03
     18.229  0.0000E+00  0.3220E+03
     18.247  0.0000E+00  0.3220E+03
     18.265  0.0000E+00  0.3220E+03
     18.284  0.0000E+00  0.3220E+03
     18.302  0.0000E+00  0.3220E+03
     18.320  0.0000E+00  0.3220E+03
     18.338  0.0000E+00  0.3220E+03
     18.357  0.0000E+00  0.3220E+03
     18.375  0.0000E+00  0.3220E+03
     18.393  0.0000E+00  0.3220E+03
     18.411  0.0000E+00  0.3220E+03
     18.429  0.0000E+00  0.3220E+03
     18.448  0.0000E+00  0.3220E+03
     18.466  0.0000E+00  0.3220E+03
     18.484  0.0000E+00  0.3220E+03
     18.502  0.0000E+00  0.3220E+03
     18.520  0.0000E+00  0.3220E+03
     18.539  0.0000E+00  0.3220E+03
     18.557  0.0000E+00  0.3220E+03
     18.575  0.0000E+00  0.3220E+03
     18.593  0.0000E+00  0.3220E+03
     18.612  0.0000E+00  0.3220E+03
     18.630  0.0000E+00  0.3220E+03
     18.648  0.0000E+00  0.3220E+03
     18.666  0.0000E+00  0.3220E+03
     18.684  0.0000E+00  0.3220E+03
     18.703  0.0000E+00  0.3220E+03
     18.721  0.0000E+00  0.3220E+03
     18.739  0.0000E+00  0.3220E+03
     18.757  0.0000E+00  0.3220E+03
     18.776  0.0000E+00  0.3220E+03
     18.794  0.0000E+00  0.3220E+03
     18.812  0.0000E+00  0.3220E+03
     18.830  0.0000E+00  0.3220E+03
     18.848  0.0000E+00  0.3220E+03
     18.867  0.0000E+00  0.3220E+03
     18.885  0.0000E+00  0.3220E+03
     18.903  0.0000E+00  0.3220E+03
     18.921  0.0000E+00  0.3220E+03
     18.939  0.0000E+00  0.3220E+03
     18.958  0.0000E+00  0.3220E+03
     18.976  0.0000E+00  0.3220E+03
     18.994  0.0000E+00  0.3220E+03
     19.012  0.0000E+00  0.3220E+03
     19.031  0.0000E+00  0.3220E+03
     19.049  0.0000E+00  0.3220E+03
     19.067  0.0000E+00  0.3220E+03
     19.085  0.0000E+00  0.3220E+03
     19.103  0.0000E+00  0.3220E+03
     19.122  0.0000E+00  0.3220E+03
     19.140  0.0000E+00  0.3220E+03
     19.158  0.0000E+00  0.3220E+03
     19.176  0.0000E+00  0.3220E+03
     19.194  0.0000E+00  0.3220E+03
     19.213  0.0000E+00  0.3220E+03
     19.231  0.0000E+00  0.3220E+03
     19.249  0.0000E+00  0.3220E+03
     19.267  0.0000E+00  0.3220E+03
     19.286  0.0000E+00  0.3220E+03
     19.304  0.0000E+00  0.3220E+03
     19.322  0.0000E+00  0.3220E+03
     19.340  0.0000E+00  0.3220E+03
     19.358  0.0000E+00  0.3220E+03
     19.377  0.0000E+00  0.3220E+03
     19.395  0.0000E+00  0.3220E+03
     19.413  0.0000E+00  0.3220E+03
     19.431  0.0000E+00  0.3220E+03
     19.450  0.0000E+00  0.3220E+03
     19.468  0.0000E+00  0.3220E+03
     19.486  0.0000E+00  0.3220E+03
     19.504  0.0000E+00  0.3220E+03
     19.522  0.0000E+00  0.3220E+03
     19.541  0.0000E+00  0.3220E+03

