 Energy DOS Integrated_DOS
    -16.852  0.0000E+00  0.0000E+00
    -16.834  0.0000E+00  0.0000E+00
    -16.816  0.0000E+00  0.0000E+00
    -16.798  0.0000E+00  0.0000E+00
    -16.779  0.0000E+00  0.0000E+00
    -16.761  0.0000E+00  0.0000E+00
    -16.743  0.0000E+00  0.0000E+00
    -16.725  0.0000E+00  0.0000E+00
    -16.707  0.0000E+00  0.0000E+00
    -16.688  0.0000E+00  0.0000E+00
    -16.670  0.0000E+00  0.0000E+00
    -16.652  0.0000E+00  0.0000E+00
    -16.634  0.0000E+00  0.0000E+00
    -16.615  0.0000E+00  0.0000E+00
    -16.597  0.0000E+00  0.0000E+00
    -16.579  0.0000E+00  0.0000E+00
    -16.561  0.0000E+00  0.0000E+00
    -16.543  0.0000E+00  0.0000E+00
    -16.524  0.0000E+00  0.0000E+00
    -16.506  0.0000E+00  0.0000E+00
    -16.488  0.0000E+00  0.0000E+00
    -16.470  0.0000E+00  0.0000E+00
    -16.452  0.0000E+00  0.0000E+00
    -16.433  0.0000E+00  0.0000E+00
    -16.415  0.0000E+00  0.0000E+00
    -16.397  0.0000E+00  0.0000E+00
    -16.379  0.0000E+00  0.0000E+00
    -16.360  0.0000E+00  0.0000E+00
    -16.342  0.0000E+00  0.0000E+00
    -16.324  0.0000E+00  0.0000E+00
    -16.306  0.0000E+00  0.0000E+00
    -16.288  0.0000E+00  0.0000E+00
    -16.269  0.0000E+00  0.0000E+00
    -16.251  0.0000E+00  0.0000E+00
    -16.233  0.0000E+00  0.0000E+00
    -16.215  0.0000E+00  0.0000E+00
    -16.197  0.0000E+00  0.0000E+00
    -16.178  0.0000E+00  0.0000E+00
    -16.160  0.0000E+00  0.0000E+00
    -16.142  0.0000E+00  0.0000E+00
    -16.124  0.0000E+00  0.0000E+00
    -16.106  0.0000E+00  0.0000E+00
    -16.087  0.0000E+00  0.0000E+00
    -16.069  0.0000E+00  0.0000E+00
    -16.051  0.0000E+00  0.0000E+00
    -16.033  0.0000E+00  0.0000E+00
    -16.014  0.0000E+00  0.0000E+00
    -15.996  0.0000E+00  0.0000E+00
    -15.978  0.0000E+00  0.0000E+00
    -15.960  0.0000E+00  0.0000E+00
    -15.942  0.0000E+00  0.0000E+00
    -15.923  0.0000E+00  0.0000E+00
    -15.905  0.0000E+00  0.0000E+00
    -15.887  0.0000E+00  0.0000E+00
    -15.869  0.0000E+00  0.0000E+00
    -15.851  0.0000E+00  0.0000E+00
    -15.832  0.0000E+00  0.0000E+00
    -15.814  0.0000E+00  0.0000E+00
    -15.796  0.0000E+00  0.0000E+00
    -15.778  0.0000E+00  0.0000E+00
    -15.759  0.0000E+00  0.0000E+00
    -15.741  0.0000E+00  0.0000E+00
    -15.723  0.0000E+00  0.0000E+00
    -15.705  0.0000E+00  0.0000E+00
    -15.687  0.0000E+00  0.0000E+00
    -15.668  0.0000E+00  0.0000E+00
    -15.650  0.0000E+00  0.0000E+00
    -15.632  0.0000E+00  0.0000E+00
    -15.614  0.0000E+00  0.0000E+00
    -15.596  0.0000E+00  0.0000E+00
    -15.577  0.0000E+00  0.0000E+00
    -15.559  0.0000E+00  0.0000E+00
    -15.541  0.0000E+00  0.0000E+00
    -15.523  0.0000E+00  0.0000E+00
    -15.504  0.0000E+00  0.0000E+00
    -15.486  0.0000E+00  0.0000E+00
    -15.468  0.0000E+00  0.0000E+00
    -15.450  0.0000E+00  0.0000E+00
    -15.432  0.0000E+00  0.0000E+00
    -15.413  0.0000E+00  0.0000E+00
    -15.395  0.0000E+00  0.0000E+00
    -15.377  0.0000E+00  0.0000E+00
    -15.359  0.0000E+00  0.0000E+00
    -15.341  0.0000E+00  0.0000E+00
    -15.322  0.0000E+00  0.0000E+00
    -15.304  0.0000E+00  0.0000E+00
    -15.286  0.0000E+00  0.0000E+00
    -15.268  0.0000E+00  0.0000E+00
    -15.249  0.0000E+00  0.0000E+00
    -15.231  0.0000E+00  0.0000E+00
    -15.213  0.0000E+00  0.0000E+00
    -15.195  0.9996E-03  0.8276E-06
    -15.177  0.6942E-01  0.4789E-03
    -15.158  0.2454E+00  0.3182E-02
    -15.140  0.5288E+00  0.1007E-01
    -15.122  0.9198E+00  0.2310E-01
    -15.104  0.1418E+01  0.4423E-01
    -15.086  0.2024E+01  0.7541E-01
    -15.067  0.2738E+01  0.1186E+00
    -15.049  0.3559E+01  0.1758E+00
    -15.031  0.4487E+01  0.2489E+00
    -15.013  0.5523E+01  0.3399E+00
    -14.994  0.6579E+01  0.4504E+00
    -14.976  0.7431E+01  0.5783E+00
    -14.958  0.8073E+01  0.7198E+00
    -14.940  0.1164E+02  0.8929E+00
    -14.922  0.1533E+02  0.1140E+01
    -14.903  0.1799E+02  0.1445E+01
    -14.885  0.1962E+02  0.1789E+01
    -14.867  0.2022E+02  0.2154E+01
    -14.849  0.1979E+02  0.2519E+01
    -14.831  0.1832E+02  0.2868E+01
    -14.812  0.1532E+02  0.3172E+01
    -14.794  0.1368E+02  0.3436E+01
    -14.776  0.1240E+02  0.3673E+01
    -14.758  0.1148E+02  0.3890E+01
    -14.740  0.1093E+02  0.4093E+01
    -14.721  0.1069E+02  0.4290E+01
    -14.703  0.1044E+02  0.4482E+01
    -14.685  0.1014E+02  0.4670E+01
    -14.667  0.9789E+01  0.4851E+01
    -14.648  0.9387E+01  0.5026E+01
    -14.630  0.1078E+02  0.5207E+01
    -14.612  0.1220E+02  0.5417E+01
    -14.594  0.1329E+02  0.5650E+01
    -14.576  0.1404E+02  0.5899E+01
    -14.557  0.1446E+02  0.6159E+01
    -14.539  0.1422E+02  0.6422E+01
    -14.521  0.1267E+02  0.6669E+01
    -14.503  0.9934E+01  0.6876E+01
    -14.485  0.1030E+02  0.7057E+01
    -14.466  0.1145E+02  0.7255E+01
    -14.448  0.1300E+02  0.7477E+01
    -14.430  0.1495E+02  0.7731E+01
    -14.412  0.1729E+02  0.8024E+01
    -14.393  0.2000E+02  0.8363E+01
    -14.375  0.2272E+02  0.8752E+01
    -14.357  0.2536E+02  0.9190E+01
    -14.339  0.3157E+02  0.9698E+01
    -14.321  0.4038E+02  0.1035E+02
    -14.302  0.5221E+02  0.1119E+02
    -14.284  0.5524E+02  0.1219E+02
    -14.266  0.4572E+02  0.1313E+02
    -14.248  0.2579E+02  0.1378E+02
    -14.230  0.1033E+02  0.1459E+02
    -14.211  0.2348E+02  0.1489E+02
    -14.193  0.2378E+02  0.1535E+02
    -14.175  0.1265E+02  0.1567E+02
    -14.157  0.3229E+02  0.1600E+02
    -14.138  0.5076E+02  0.1679E+02
    -14.120  0.4961E+02  0.1773E+02
    -14.102  0.3548E+02  0.1849E+02
    -14.084  0.5560E+02  0.1936E+02
    -14.066  0.4425E+02  0.2032E+02
    -14.047  0.3163E+02  0.2100E+02
    -14.029  0.2140E+02  0.2148E+02
    -14.011  0.1252E+02  0.2179E+02
    -13.993  0.4993E+01  0.2194E+02
    -13.975  0.1155E+01  0.2199E+02
    -13.956  0.1607E+02  0.2318E+02
    -13.938  0.3274E+02  0.2459E+02
    -13.920  0.3915E+02  0.2525E+02
    -13.902  0.4306E+02  0.2600E+02
    -13.883  0.4449E+02  0.2680E+02
    -13.865  0.2154E+02  0.2754E+02
    -13.847  0.4227E+02  0.2803E+02
    -13.829  0.1042E+03  0.2938E+02
    -13.811  0.1172E+03  0.3147E+02
    -13.792  0.1009E+03  0.3345E+02
    -13.774  0.7640E+02  0.3511E+02
    -13.756  0.5278E+02  0.3627E+02
    -13.738  0.6330E+02  0.3723E+02
    -13.720  0.1409E+03  0.3908E+02
    -13.701  0.4703E+02  0.4000E+02
    -13.683  0.5590E+02  0.4092E+02
    -13.665  0.7184E+02  0.4208E+02
    -13.647  0.1302E+03  0.4400E+02
    -13.629  0.2804E+02  0.4482E+02
    -13.610  0.1172E+03  0.4739E+02
    -13.592  0.1909E+03  0.4971E+02
    -13.574  0.8469E+02  0.5074E+02
    -13.556  0.5006E+02  0.5162E+02
    -13.537  0.7121E+02  0.5269E+02
    -13.519  0.1114E+03  0.5437E+02
    -13.501  0.8627E+02  0.5616E+02
    -13.483  0.9608E+02  0.5782E+02
    -13.465  0.8824E+02  0.5953E+02
    -13.446  0.4400E+02  0.6082E+02
    -13.428  0.0000E+00  0.6200E+02
    -13.410  0.0000E+00  0.6200E+02
    -13.392  0.0000E+00  0.6200E+02
    -13.374  0.0000E+00  0.6200E+02
    -13.355  0.0000E+00  0.6200E+02
    -13.337  0.0000E+00  0.6200E+02
    -13.319  0.0000E+00  0.6200E+02
    -13.301  0.0000E+00  0.6200E+02
    -13.282  0.0000E+00  0.6200E+02
    -13.264  0.0000E+00  0.6200E+02
    -13.246  0.0000E+00  0.6200E+02
    -13.228  0.0000E+00  0.6200E+02
    -13.210  0.0000E+00  0.6200E+02
    -13.191  0.0000E+00  0.6200E+02
    -13.173  0.0000E+00  0.6200E+02
    -13.155  0.0000E+00  0.6200E+02
    -13.137  0.0000E+00  0.6200E+02
    -13.119  0.0000E+00  0.6200E+02
    -13.100  0.0000E+00  0.6200E+02
    -13.082  0.0000E+00  0.6200E+02
    -13.064  0.0000E+00  0.6200E+02
    -13.046  0.0000E+00  0.6200E+02
    -13.027  0.0000E+00  0.6200E+02
    -13.009  0.0000E+00  0.6200E+02
    -12.991  0.0000E+00  0.6200E+02
    -12.973  0.0000E+00  0.6200E+02
    -12.955  0.0000E+00  0.6200E+02
    -12.936  0.0000E+00  0.6200E+02
    -12.918  0.0000E+00  0.6200E+02
    -12.900  0.0000E+00  0.6200E+02
    -12.882  0.0000E+00  0.6200E+02
    -12.864  0.0000E+00  0.6200E+02
    -12.845  0.0000E+00  0.6200E+02
    -12.827  0.0000E+00  0.6200E+02
    -12.809  0.0000E+00  0.6200E+02
    -12.791  0.0000E+00  0.6200E+02
    -12.772  0.0000E+00  0.6200E+02
    -12.754  0.0000E+00  0.6200E+02
    -12.736  0.0000E+00  0.6200E+02
    -12.718  0.0000E+00  0.6200E+02
    -12.700  0.0000E+00  0.6200E+02
    -12.681  0.0000E+00  0.6200E+02
    -12.663  0.0000E+00  0.6200E+02
    -12.645  0.0000E+00  0.6200E+02
    -12.627  0.0000E+00  0.6200E+02
    -12.609  0.0000E+00  0.6200E+02
    -12.590  0.0000E+00  0.6200E+02
    -12.572  0.0000E+00  0.6200E+02
    -12.554  0.0000E+00  0.6200E+02
    -12.536  0.0000E+00  0.6200E+02
    -12.517  0.0000E+00  0.6200E+02
    -12.499  0.0000E+00  0.6200E+02
    -12.481  0.0000E+00  0.6200E+02
    -12.463  0.0000E+00  0.6200E+02
    -12.445  0.0000E+00  0.6200E+02
    -12.426  0.0000E+00  0.6200E+02
    -12.408  0.0000E+00  0.6200E+02
    -12.390  0.0000E+00  0.6200E+02
    -12.372  0.0000E+00  0.6200E+02
    -12.354  0.0000E+00  0.6200E+02
    -12.335  0.0000E+00  0.6200E+02
    -12.317  0.0000E+00  0.6200E+02
    -12.299  0.0000E+00  0.6200E+02
    -12.281  0.0000E+00  0.6200E+02
    -12.263  0.0000E+00  0.6200E+02
    -12.244  0.0000E+00  0.6200E+02
    -12.226  0.0000E+00  0.6200E+02
    -12.208  0.0000E+00  0.6200E+02
    -12.190  0.0000E+00  0.6200E+02
    -12.171  0.0000E+00  0.6200E+02
    -12.153  0.0000E+00  0.6200E+02
    -12.135  0.0000E+00  0.6200E+02
    -12.117  0.0000E+00  0.6200E+02
    -12.099  0.0000E+00  0.6200E+02
    -12.080  0.0000E+00  0.6200E+02
    -12.062  0.0000E+00  0.6200E+02
    -12.044  0.0000E+00  0.6200E+02
    -12.026  0.0000E+00  0.6200E+02
    -12.008  0.0000E+00  0.6200E+02
    -11.989  0.0000E+00  0.6200E+02
    -11.971  0.0000E+00  0.6200E+02
    -11.953  0.0000E+00  0.6200E+02
    -11.935  0.0000E+00  0.6200E+02
    -11.916  0.0000E+00  0.6200E+02
    -11.898  0.0000E+00  0.6200E+02
    -11.880  0.0000E+00  0.6200E+02
    -11.862  0.0000E+00  0.6200E+02
    -11.844  0.0000E+00  0.6200E+02
    -11.825  0.0000E+00  0.6200E+02
    -11.807  0.0000E+00  0.6200E+02
    -11.789  0.0000E+00  0.6200E+02
    -11.771  0.0000E+00  0.6200E+02
    -11.753  0.0000E+00  0.6200E+02
    -11.734  0.0000E+00  0.6200E+02
    -11.716  0.0000E+00  0.6200E+02
    -11.698  0.0000E+00  0.6200E+02
    -11.680  0.0000E+00  0.6200E+02
    -11.661  0.0000E+00  0.6200E+02
    -11.643  0.0000E+00  0.6200E+02
    -11.625  0.0000E+00  0.6200E+02
    -11.607  0.0000E+00  0.6200E+02
    -11.589  0.0000E+00  0.6200E+02
    -11.570  0.0000E+00  0.6200E+02
    -11.552  0.0000E+00  0.6200E+02
    -11.534  0.0000E+00  0.6200E+02
    -11.516  0.0000E+00  0.6200E+02
    -11.498  0.0000E+00  0.6200E+02
    -11.479  0.0000E+00  0.6200E+02
    -11.461  0.0000E+00  0.6200E+02
    -11.443  0.0000E+00  0.6200E+02
    -11.425  0.0000E+00  0.6200E+02
    -11.406  0.0000E+00  0.6200E+02
    -11.388  0.0000E+00  0.6200E+02
    -11.370  0.0000E+00  0.6200E+02
    -11.352  0.0000E+00  0.6200E+02
    -11.334  0.0000E+00  0.6200E+02
    -11.315  0.0000E+00  0.6200E+02
    -11.297  0.0000E+00  0.6200E+02
    -11.279  0.0000E+00  0.6200E+02
    -11.261  0.0000E+00  0.6200E+02
    -11.243  0.0000E+00  0.6200E+02
    -11.224  0.0000E+00  0.6200E+02
    -11.206  0.0000E+00  0.6200E+02
    -11.188  0.0000E+00  0.6200E+02
    -11.170  0.0000E+00  0.6200E+02
    -11.152  0.0000E+00  0.6200E+02
    -11.133  0.0000E+00  0.6200E+02
    -11.115  0.0000E+00  0.6200E+02
    -11.097  0.0000E+00  0.6200E+02
    -11.079  0.0000E+00  0.6200E+02
    -11.060  0.0000E+00  0.6200E+02
    -11.042  0.0000E+00  0.6200E+02
    -11.024  0.0000E+00  0.6200E+02
    -11.006  0.0000E+00  0.6200E+02
    -10.988  0.0000E+00  0.6200E+02
    -10.969  0.0000E+00  0.6200E+02
    -10.951  0.0000E+00  0.6200E+02
    -10.933  0.0000E+00  0.6200E+02
    -10.915  0.0000E+00  0.6200E+02
    -10.897  0.0000E+00  0.6200E+02
    -10.878  0.0000E+00  0.6200E+02
    -10.860  0.0000E+00  0.6200E+02
    -10.842  0.0000E+00  0.6200E+02
    -10.824  0.0000E+00  0.6200E+02
    -10.805  0.0000E+00  0.6200E+02
    -10.787  0.0000E+00  0.6200E+02
    -10.769  0.0000E+00  0.6200E+02
    -10.751  0.0000E+00  0.6200E+02
    -10.733  0.0000E+00  0.6200E+02
    -10.714  0.0000E+00  0.6200E+02
    -10.696  0.0000E+00  0.6200E+02
    -10.678  0.0000E+00  0.6200E+02
    -10.660  0.0000E+00  0.6200E+02
    -10.642  0.0000E+00  0.6200E+02
    -10.623  0.0000E+00  0.6200E+02
    -10.605  0.0000E+00  0.6200E+02
    -10.587  0.0000E+00  0.6200E+02
    -10.569  0.0000E+00  0.6200E+02
    -10.550  0.0000E+00  0.6200E+02
    -10.532  0.0000E+00  0.6200E+02
    -10.514  0.0000E+00  0.6200E+02
    -10.496  0.0000E+00  0.6200E+02
    -10.478  0.0000E+00  0.6200E+02
    -10.459  0.0000E+00  0.6200E+02
    -10.441  0.0000E+00  0.6200E+02
    -10.423  0.0000E+00  0.6200E+02
    -10.405  0.0000E+00  0.6200E+02
    -10.387  0.0000E+00  0.6200E+02
    -10.368  0.0000E+00  0.6200E+02
    -10.350  0.0000E+00  0.6200E+02
    -10.332  0.0000E+00  0.6200E+02
    -10.314  0.0000E+00  0.6200E+02
    -10.295  0.0000E+00  0.6200E+02
    -10.277  0.0000E+00  0.6200E+02
    -10.259  0.0000E+00  0.6200E+02
    -10.241  0.0000E+00  0.6200E+02
    -10.223  0.0000E+00  0.6200E+02
    -10.204  0.0000E+00  0.6200E+02
    -10.186  0.0000E+00  0.6200E+02
    -10.168  0.0000E+00  0.6200E+02
    -10.150  0.0000E+00  0.6200E+02
    -10.132  0.0000E+00  0.6200E+02
    -10.113  0.0000E+00  0.6200E+02
    -10.095  0.0000E+00  0.6200E+02
    -10.077  0.0000E+00  0.6200E+02
    -10.059  0.0000E+00  0.6200E+02
    -10.040  0.0000E+00  0.6200E+02
    -10.022  0.0000E+00  0.6200E+02
    -10.004  0.0000E+00  0.6200E+02
     -9.986  0.0000E+00  0.6200E+02
     -9.968  0.0000E+00  0.6200E+02
     -9.949  0.0000E+00  0.6200E+02
     -9.931  0.0000E+00  0.6200E+02
     -9.913  0.0000E+00  0.6200E+02
     -9.895  0.0000E+00  0.6200E+02
     -9.877  0.0000E+00  0.6200E+02
     -9.858  0.0000E+00  0.6200E+02
     -9.840  0.0000E+00  0.6200E+02
     -9.822  0.0000E+00  0.6200E+02
     -9.804  0.0000E+00  0.6200E+02
     -9.786  0.0000E+00  0.6200E+02
     -9.767  0.0000E+00  0.6200E+02
     -9.749  0.0000E+00  0.6200E+02
     -9.731  0.0000E+00  0.6200E+02
     -9.713  0.0000E+00  0.6200E+02
     -9.694  0.0000E+00  0.6200E+02
     -9.676  0.0000E+00  0.6200E+02
     -9.658  0.0000E+00  0.6200E+02
     -9.640  0.0000E+00  0.6200E+02
     -9.622  0.0000E+00  0.6200E+02
     -9.603  0.0000E+00  0.6200E+02
     -9.585  0.0000E+00  0.6200E+02
     -9.567  0.0000E+00  0.6200E+02
     -9.549  0.0000E+00  0.6200E+02
     -9.531  0.0000E+00  0.6200E+02
     -9.512  0.0000E+00  0.6200E+02
     -9.494  0.0000E+00  0.6200E+02
     -9.476  0.0000E+00  0.6200E+02
     -9.458  0.0000E+00  0.6200E+02
     -9.439  0.0000E+00  0.6200E+02
     -9.421  0.0000E+00  0.6200E+02
     -9.403  0.0000E+00  0.6200E+02
     -9.385  0.0000E+00  0.6200E+02
     -9.367  0.0000E+00  0.6200E+02
     -9.348  0.0000E+00  0.6200E+02
     -9.330  0.0000E+00  0.6200E+02
     -9.312  0.0000E+00  0.6200E+02
     -9.294  0.0000E+00  0.6200E+02
     -9.276  0.0000E+00  0.6200E+02
     -9.257  0.0000E+00  0.6200E+02
     -9.239  0.0000E+00  0.6200E+02
     -9.221  0.0000E+00  0.6200E+02
     -9.203  0.0000E+00  0.6200E+02
     -9.184  0.0000E+00  0.6200E+02
     -9.166  0.0000E+00  0.6200E+02
     -9.148  0.0000E+00  0.6200E+02
     -9.130  0.0000E+00  0.6200E+02
     -9.112  0.0000E+00  0.6200E+02
     -9.093  0.0000E+00  0.6200E+02
     -9.075  0.0000E+00  0.6200E+02
     -9.057  0.0000E+00  0.6200E+02
     -9.039  0.0000E+00  0.6200E+02
     -9.021  0.0000E+00  0.6200E+02
     -9.002  0.0000E+00  0.6200E+02
     -8.984  0.0000E+00  0.6200E+02
     -8.966  0.0000E+00  0.6200E+02
     -8.948  0.0000E+00  0.6200E+02
     -8.929  0.0000E+00  0.6200E+02
     -8.911  0.0000E+00  0.6200E+02
     -8.893  0.0000E+00  0.6200E+02
     -8.875  0.0000E+00  0.6200E+02
     -8.857  0.0000E+00  0.6200E+02
     -8.838  0.0000E+00  0.6200E+02
     -8.820  0.0000E+00  0.6200E+02
     -8.802  0.0000E+00  0.6200E+02
     -8.784  0.0000E+00  0.6200E+02
     -8.766  0.0000E+00  0.6200E+02
     -8.747  0.0000E+00  0.6200E+02
     -8.729  0.0000E+00  0.6200E+02
     -8.711  0.0000E+00  0.6200E+02
     -8.693  0.0000E+00  0.6200E+02
     -8.675  0.0000E+00  0.6200E+02
     -8.656  0.0000E+00  0.6200E+02
     -8.638  0.0000E+00  0.6200E+02
     -8.620  0.0000E+00  0.6200E+02
     -8.602  0.0000E+00  0.6200E+02
     -8.583  0.0000E+00  0.6200E+02
     -8.565  0.0000E+00  0.6200E+02
     -8.547  0.0000E+00  0.6200E+02
     -8.529  0.0000E+00  0.6200E+02
     -8.511  0.0000E+00  0.6200E+02
     -8.492  0.0000E+00  0.6200E+02
     -8.474  0.0000E+00  0.6200E+02
     -8.456  0.0000E+00  0.6200E+02
     -8.438  0.0000E+00  0.6200E+02
     -8.420  0.0000E+00  0.6200E+02
     -8.401  0.0000E+00  0.6200E+02
     -8.383  0.0000E+00  0.6200E+02
     -8.365  0.0000E+00  0.6200E+02
     -8.347  0.0000E+00  0.6200E+02
     -8.328  0.0000E+00  0.6200E+02
     -8.310  0.0000E+00  0.6200E+02
     -8.292  0.0000E+00  0.6200E+02
     -8.274  0.0000E+00  0.6200E+02
     -8.256  0.0000E+00  0.6200E+02
     -8.237  0.0000E+00  0.6200E+02
     -8.219  0.0000E+00  0.6200E+02
     -8.201  0.0000E+00  0.6200E+02
     -8.183  0.0000E+00  0.6200E+02
     -8.165  0.0000E+00  0.6200E+02
     -8.146  0.0000E+00  0.6200E+02
     -8.128  0.0000E+00  0.6200E+02
     -8.110  0.0000E+00  0.6200E+02
     -8.092  0.0000E+00  0.6200E+02
     -8.073  0.0000E+00  0.6200E+02
     -8.055  0.0000E+00  0.6200E+02
     -8.037  0.0000E+00  0.6200E+02
     -8.019  0.0000E+00  0.6200E+02
     -8.001  0.0000E+00  0.6200E+02
     -7.982  0.0000E+00  0.6200E+02
     -7.964  0.0000E+00  0.6200E+02
     -7.946  0.0000E+00  0.6200E+02
     -7.928  0.0000E+00  0.6200E+02
     -7.910  0.0000E+00  0.6200E+02
     -7.891  0.0000E+00  0.6200E+02
     -7.873  0.0000E+00  0.6200E+02
     -7.855  0.0000E+00  0.6200E+02
     -7.837  0.0000E+00  0.6200E+02
     -7.818  0.0000E+00  0.6200E+02
     -7.800  0.0000E+00  0.6200E+02
     -7.782  0.0000E+00  0.6200E+02
     -7.764  0.0000E+00  0.6200E+02
     -7.746  0.0000E+00  0.6200E+02
     -7.727  0.0000E+00  0.6200E+02
     -7.709  0.0000E+00  0.6200E+02
     -7.691  0.0000E+00  0.6200E+02
     -7.673  0.0000E+00  0.6200E+02
     -7.655  0.0000E+00  0.6200E+02
     -7.636  0.0000E+00  0.6200E+02
     -7.618  0.0000E+00  0.6200E+02
     -7.600  0.0000E+00  0.6200E+02
     -7.582  0.0000E+00  0.6200E+02
     -7.563  0.0000E+00  0.6200E+02
     -7.545  0.0000E+00  0.6200E+02
     -7.527  0.0000E+00  0.6200E+02
     -7.509  0.0000E+00  0.6200E+02
     -7.491  0.0000E+00  0.6200E+02
     -7.472  0.0000E+00  0.6200E+02
     -7.454  0.0000E+00  0.6200E+02
     -7.436  0.0000E+00  0.6200E+02
     -7.418  0.0000E+00  0.6200E+02
     -7.400  0.0000E+00  0.6200E+02
     -7.381  0.0000E+00  0.6200E+02
     -7.363  0.0000E+00  0.6200E+02
     -7.345  0.0000E+00  0.6200E+02
     -7.327  0.0000E+00  0.6200E+02
     -7.309  0.0000E+00  0.6200E+02
     -7.290  0.0000E+00  0.6200E+02
     -7.272  0.0000E+00  0.6200E+02
     -7.254  0.0000E+00  0.6200E+02
     -7.236  0.0000E+00  0.6200E+02
     -7.217  0.0000E+00  0.6200E+02
     -7.199  0.0000E+00  0.6200E+02
     -7.181  0.0000E+00  0.6200E+02
     -7.163  0.0000E+00  0.6200E+02
     -7.145  0.0000E+00  0.6200E+02
     -7.126  0.0000E+00  0.6200E+02
     -7.108  0.0000E+00  0.6200E+02
     -7.090  0.0000E+00  0.6200E+02
     -7.072  0.0000E+00  0.6200E+02
     -7.054  0.0000E+00  0.6200E+02
     -7.035  0.0000E+00  0.6200E+02
     -7.017  0.0000E+00  0.6200E+02
     -6.999  0.0000E+00  0.6200E+02
     -6.981  0.0000E+00  0.6200E+02
     -6.962  0.0000E+00  0.6200E+02
     -6.944  0.0000E+00  0.6200E+02
     -6.926  0.0000E+00  0.6200E+02
     -6.908  0.0000E+00  0.6200E+02
     -6.890  0.0000E+00  0.6200E+02
     -6.871  0.0000E+00  0.6200E+02
     -6.853  0.0000E+00  0.6200E+02
     -6.835  0.0000E+00  0.6200E+02
     -6.817  0.0000E+00  0.6200E+02
     -6.799  0.0000E+00  0.6200E+02
     -6.780  0.0000E+00  0.6200E+02
     -6.762  0.0000E+00  0.6200E+02
     -6.744  0.0000E+00  0.6200E+02
     -6.726  0.0000E+00  0.6200E+02
     -6.707  0.0000E+00  0.6200E+02
     -6.689  0.0000E+00  0.6200E+02
     -6.671  0.0000E+00  0.6200E+02
     -6.653  0.0000E+00  0.6200E+02
     -6.635  0.0000E+00  0.6200E+02
     -6.616  0.0000E+00  0.6200E+02
     -6.598  0.0000E+00  0.6200E+02
     -6.580  0.0000E+00  0.6200E+02
     -6.562  0.0000E+00  0.6200E+02
     -6.544  0.0000E+00  0.6200E+02
     -6.525  0.0000E+00  0.6200E+02
     -6.507  0.0000E+00  0.6200E+02
     -6.489  0.0000E+00  0.6200E+02
     -6.471  0.0000E+00  0.6200E+02
     -6.452  0.0000E+00  0.6200E+02
     -6.434  0.0000E+00  0.6200E+02
     -6.416  0.0000E+00  0.6200E+02
     -6.398  0.0000E+00  0.6200E+02
     -6.380  0.0000E+00  0.6200E+02
     -6.361  0.0000E+00  0.6200E+02
     -6.343  0.0000E+00  0.6200E+02
     -6.325  0.0000E+00  0.6200E+02
     -6.307  0.0000E+00  0.6200E+02
     -6.289  0.0000E+00  0.6200E+02
     -6.270  0.0000E+00  0.6200E+02
     -6.252  0.0000E+00  0.6200E+02
     -6.234  0.0000E+00  0.6200E+02
     -6.216  0.0000E+00  0.6200E+02
     -6.198  0.0000E+00  0.6200E+02
     -6.179  0.0000E+00  0.6200E+02
     -6.161  0.0000E+00  0.6200E+02
     -6.143  0.0000E+00  0.6200E+02
     -6.125  0.0000E+00  0.6200E+02
     -6.106  0.0000E+00  0.6200E+02
     -6.088  0.0000E+00  0.6200E+02
     -6.070  0.0000E+00  0.6200E+02
     -6.052  0.0000E+00  0.6200E+02
     -6.034  0.0000E+00  0.6200E+02
     -6.015  0.0000E+00  0.6200E+02
     -5.997  0.0000E+00  0.6200E+02
     -5.979  0.0000E+00  0.6200E+02
     -5.961  0.0000E+00  0.6200E+02
     -5.943  0.0000E+00  0.6200E+02
     -5.924  0.0000E+00  0.6200E+02
     -5.906  0.0000E+00  0.6200E+02
     -5.888  0.0000E+00  0.6200E+02
     -5.870  0.0000E+00  0.6200E+02
     -5.851  0.0000E+00  0.6200E+02
     -5.833  0.0000E+00  0.6200E+02
     -5.815  0.0000E+00  0.6200E+02
     -5.797  0.0000E+00  0.6200E+02
     -5.779  0.0000E+00  0.6200E+02
     -5.760  0.0000E+00  0.6200E+02
     -5.742  0.0000E+00  0.6200E+02
     -5.724  0.0000E+00  0.6200E+02
     -5.706  0.0000E+00  0.6200E+02
     -5.688  0.0000E+00  0.6200E+02
     -5.669  0.0000E+00  0.6200E+02
     -5.651  0.0000E+00  0.6200E+02
     -5.633  0.0000E+00  0.6200E+02
     -5.615  0.0000E+00  0.6200E+02
     -5.596  0.0000E+00  0.6200E+02
     -5.578  0.0000E+00  0.6200E+02
     -5.560  0.0000E+00  0.6200E+02
     -5.542  0.0000E+00  0.6200E+02
     -5.524  0.0000E+00  0.6200E+02
     -5.505  0.0000E+00  0.6200E+02
     -5.487  0.0000E+00  0.6200E+02
     -5.469  0.0000E+00  0.6200E+02
     -5.451  0.0000E+00  0.6200E+02
     -5.433  0.0000E+00  0.6200E+02
     -5.414  0.0000E+00  0.6200E+02
     -5.396  0.0000E+00  0.6200E+02
     -5.378  0.0000E+00  0.6200E+02
     -5.360  0.0000E+00  0.6200E+02
     -5.341  0.0000E+00  0.6200E+02
     -5.323  0.0000E+00  0.6200E+02
     -5.305  0.0000E+00  0.6200E+02
     -5.287  0.0000E+00  0.6200E+02
     -5.269  0.0000E+00  0.6200E+02
     -5.250  0.0000E+00  0.6200E+02
     -5.232  0.0000E+00  0.6200E+02
     -5.214  0.0000E+00  0.6200E+02
     -5.196  0.0000E+00  0.6200E+02
     -5.178  0.0000E+00  0.6200E+02
     -5.159  0.0000E+00  0.6200E+02
     -5.141  0.0000E+00  0.6200E+02
     -5.123  0.0000E+00  0.6200E+02
     -5.105  0.0000E+00  0.6200E+02
     -5.086  0.0000E+00  0.6200E+02
     -5.068  0.0000E+00  0.6200E+02
     -5.050  0.0000E+00  0.6200E+02
     -5.032  0.0000E+00  0.6200E+02
     -5.014  0.0000E+00  0.6200E+02
     -4.995  0.0000E+00  0.6200E+02
     -4.977  0.0000E+00  0.6200E+02
     -4.959  0.0000E+00  0.6200E+02
     -4.941  0.0000E+00  0.6200E+02
     -4.923  0.0000E+00  0.6200E+02
     -4.904  0.0000E+00  0.6200E+02
     -4.886  0.0000E+00  0.6200E+02
     -4.868  0.0000E+00  0.6200E+02
     -4.850  0.0000E+00  0.6200E+02
     -4.832  0.0000E+00  0.6200E+02
     -4.813  0.0000E+00  0.6200E+02
     -4.795  0.0000E+00  0.6200E+02
     -4.777  0.0000E+00  0.6200E+02
     -4.759  0.0000E+00  0.6200E+02
     -4.740  0.0000E+00  0.6200E+02
     -4.722  0.0000E+00  0.6200E+02
     -4.704  0.0000E+00  0.6200E+02
     -4.686  0.0000E+00  0.6200E+02
     -4.668  0.0000E+00  0.6200E+02
     -4.649  0.0000E+00  0.6200E+02
     -4.631  0.0000E+00  0.6200E+02
     -4.613  0.0000E+00  0.6200E+02
     -4.595  0.0000E+00  0.6200E+02
     -4.577  0.0000E+00  0.6200E+02
     -4.558  0.0000E+00  0.6200E+02
     -4.540  0.0000E+00  0.6200E+02
     -4.522  0.0000E+00  0.6200E+02
     -4.504  0.0000E+00  0.6200E+02
     -4.485  0.0000E+00  0.6200E+02
     -4.467  0.0000E+00  0.6200E+02
     -4.449  0.0000E+00  0.6200E+02
     -4.431  0.0000E+00  0.6200E+02
     -4.413  0.0000E+00  0.6200E+02
     -4.394  0.0000E+00  0.6200E+02
     -4.376  0.0000E+00  0.6200E+02
     -4.358  0.0000E+00  0.6200E+02
     -4.340  0.0000E+00  0.6200E+02
     -4.322  0.0000E+00  0.6200E+02
     -4.303  0.0000E+00  0.6200E+02
     -4.285  0.0000E+00  0.6200E+02
     -4.267  0.0000E+00  0.6200E+02
     -4.249  0.0000E+00  0.6200E+02
     -4.230  0.0000E+00  0.6200E+02
     -4.212  0.0000E+00  0.6200E+02
     -4.194  0.0000E+00  0.6200E+02
     -4.176  0.0000E+00  0.6200E+02
     -4.158  0.0000E+00  0.6200E+02
     -4.139  0.0000E+00  0.6200E+02
     -4.121  0.0000E+00  0.6200E+02
     -4.103  0.0000E+00  0.6200E+02
     -4.085  0.0000E+00  0.6200E+02
     -4.067  0.0000E+00  0.6200E+02
     -4.048  0.0000E+00  0.6200E+02
     -4.030  0.0000E+00  0.6200E+02
     -4.012  0.0000E+00  0.6200E+02
     -3.994  0.0000E+00  0.6200E+02
     -3.975  0.0000E+00  0.6200E+02
     -3.957  0.0000E+00  0.6200E+02
     -3.939  0.0000E+00  0.6200E+02
     -3.921  0.0000E+00  0.6200E+02
     -3.903  0.0000E+00  0.6200E+02
     -3.884  0.0000E+00  0.6200E+02
     -3.866  0.0000E+00  0.6200E+02
     -3.848  0.0000E+00  0.6200E+02
     -3.830  0.0000E+00  0.6200E+02
     -3.812  0.0000E+00  0.6200E+02
     -3.793  0.0000E+00  0.6200E+02
     -3.775  0.0000E+00  0.6200E+02
     -3.757  0.0000E+00  0.6200E+02
     -3.739  0.0000E+00  0.6200E+02
     -3.721  0.0000E+00  0.6200E+02
     -3.702  0.0000E+00  0.6200E+02
     -3.684  0.0000E+00  0.6200E+02
     -3.666  0.0000E+00  0.6200E+02
     -3.648  0.0000E+00  0.6200E+02
     -3.629  0.0000E+00  0.6200E+02
     -3.611  0.0000E+00  0.6200E+02
     -3.593  0.0000E+00  0.6200E+02
     -3.575  0.0000E+00  0.6200E+02
     -3.557  0.0000E+00  0.6200E+02
     -3.538  0.0000E+00  0.6200E+02
     -3.520  0.0000E+00  0.6200E+02
     -3.502  0.0000E+00  0.6200E+02
     -3.484  0.0000E+00  0.6200E+02
     -3.466  0.0000E+00  0.6200E+02
     -3.447  0.0000E+00  0.6200E+02
     -3.429  0.0000E+00  0.6200E+02
     -3.411  0.0000E+00  0.6200E+02
     -3.393  0.0000E+00  0.6200E+02
     -3.374  0.0000E+00  0.6200E+02
     -3.356  0.0000E+00  0.6200E+02
     -3.338  0.0000E+00  0.6200E+02
     -3.320  0.0000E+00  0.6200E+02
     -3.302  0.0000E+00  0.6200E+02
     -3.283  0.0000E+00  0.6200E+02
     -3.265  0.0000E+00  0.6200E+02
     -3.247  0.0000E+00  0.6200E+02
     -3.229  0.0000E+00  0.6200E+02
     -3.211  0.0000E+00  0.6200E+02
     -3.192  0.0000E+00  0.6200E+02
     -3.174  0.0000E+00  0.6200E+02
     -3.156  0.0000E+00  0.6200E+02
     -3.138  0.0000E+00  0.6200E+02
     -3.119  0.0000E+00  0.6200E+02
     -3.101  0.0000E+00  0.6200E+02
     -3.083  0.0000E+00  0.6200E+02
     -3.065  0.0000E+00  0.6200E+02
     -3.047  0.0000E+00  0.6200E+02
     -3.028  0.0000E+00  0.6200E+02
     -3.010  0.0000E+00  0.6200E+02
     -2.992  0.0000E+00  0.6200E+02
     -2.974  0.0000E+00  0.6200E+02
     -2.956  0.0000E+00  0.6200E+02
     -2.937  0.0000E+00  0.6200E+02
     -2.919  0.0000E+00  0.6200E+02
     -2.901  0.0000E+00  0.6200E+02
     -2.883  0.0000E+00  0.6200E+02
     -2.864  0.0000E+00  0.6200E+02
     -2.846  0.0000E+00  0.6200E+02
     -2.828  0.0000E+00  0.6200E+02
     -2.810  0.0000E+00  0.6200E+02
     -2.792  0.0000E+00  0.6200E+02
     -2.773  0.0000E+00  0.6200E+02
     -2.755  0.0000E+00  0.6200E+02
     -2.737  0.0000E+00  0.6200E+02
     -2.719  0.0000E+00  0.6200E+02
     -2.701  0.0000E+00  0.6200E+02
     -2.682  0.0000E+00  0.6200E+02
     -2.664  0.0000E+00  0.6200E+02
     -2.646  0.0000E+00  0.6200E+02
     -2.628  0.0000E+00  0.6200E+02
     -2.609  0.0000E+00  0.6200E+02
     -2.591  0.0000E+00  0.6200E+02
     -2.573  0.0000E+00  0.6200E+02
     -2.555  0.0000E+00  0.6200E+02
     -2.537  0.0000E+00  0.6200E+02
     -2.518  0.0000E+00  0.6200E+02
     -2.500  0.0000E+00  0.6200E+02
     -2.482  0.0000E+00  0.6200E+02
     -2.464  0.0000E+00  0.6200E+02
     -2.446  0.0000E+00  0.6200E+02
     -2.427  0.0000E+00  0.6200E+02
     -2.409  0.0000E+00  0.6200E+02
     -2.391  0.0000E+00  0.6200E+02
     -2.373  0.0000E+00  0.6200E+02
     -2.355  0.0000E+00  0.6200E+02
     -2.336  0.0000E+00  0.6200E+02
     -2.318  0.0000E+00  0.6200E+02
     -2.300  0.0000E+00  0.6200E+02
     -2.282  0.0000E+00  0.6200E+02
     -2.263  0.0000E+00  0.6200E+02
     -2.245  0.0000E+00  0.6200E+02
     -2.227  0.0000E+00  0.6200E+02
     -2.209  0.0000E+00  0.6200E+02
     -2.191  0.0000E+00  0.6200E+02
     -2.172  0.0000E+00  0.6200E+02
     -2.154  0.0000E+00  0.6200E+02
     -2.136  0.0000E+00  0.6200E+02
     -2.118  0.0000E+00  0.6200E+02
     -2.100  0.0000E+00  0.6200E+02
     -2.081  0.0000E+00  0.6200E+02
     -2.063  0.0000E+00  0.6200E+02
     -2.045  0.0000E+00  0.6200E+02
     -2.027  0.0000E+00  0.6200E+02
     -2.008  0.0000E+00  0.6200E+02
     -1.990  0.0000E+00  0.6200E+02
     -1.972  0.0000E+00  0.6200E+02
     -1.954  0.0000E+00  0.6200E+02
     -1.936  0.0000E+00  0.6200E+02
     -1.917  0.0000E+00  0.6200E+02
     -1.899  0.0000E+00  0.6200E+02
     -1.881  0.0000E+00  0.6200E+02
     -1.863  0.0000E+00  0.6200E+02
     -1.845  0.0000E+00  0.6200E+02
     -1.826  0.0000E+00  0.6200E+02
     -1.808  0.0000E+00  0.6200E+02
     -1.790  0.0000E+00  0.6200E+02
     -1.772  0.0000E+00  0.6200E+02
     -1.753  0.0000E+00  0.6200E+02
     -1.735  0.0000E+00  0.6200E+02
     -1.717  0.0000E+00  0.6200E+02
     -1.699  0.0000E+00  0.6200E+02
     -1.681  0.0000E+00  0.6200E+02
     -1.662  0.0000E+00  0.6200E+02
     -1.644  0.0000E+00  0.6200E+02
     -1.626  0.0000E+00  0.6200E+02
     -1.608  0.0000E+00  0.6200E+02
     -1.590  0.0000E+00  0.6200E+02
     -1.571  0.0000E+00  0.6200E+02
     -1.553  0.0000E+00  0.6200E+02
     -1.535  0.0000E+00  0.6200E+02
     -1.517  0.0000E+00  0.6200E+02
     -1.498  0.0000E+00  0.6200E+02
     -1.480  0.0000E+00  0.6200E+02
     -1.462  0.0000E+00  0.6200E+02
     -1.444  0.0000E+00  0.6200E+02
     -1.426  0.0000E+00  0.6200E+02
     -1.407  0.0000E+00  0.6200E+02
     -1.389  0.0000E+00  0.6200E+02
     -1.371  0.0000E+00  0.6200E+02
     -1.353  0.0000E+00  0.6200E+02
     -1.335  0.0000E+00  0.6200E+02
     -1.316  0.0000E+00  0.6200E+02
     -1.298  0.0000E+00  0.6200E+02
     -1.280  0.0000E+00  0.6200E+02
     -1.262  0.0000E+00  0.6200E+02
     -1.244  0.2237E-01  0.6200E+02
     -1.225  0.1034E+00  0.6200E+02
     -1.207  0.2477E+00  0.6200E+02
     -1.189  0.4666E+00  0.6201E+02
     -1.171  0.7607E+00  0.6202E+02
     -1.152  0.1130E+01  0.6204E+02
     -1.134  0.1574E+01  0.6206E+02
     -1.116  0.2094E+01  0.6210E+02
     -1.098  0.2689E+01  0.6214E+02
     -1.080  0.3359E+01  0.6220E+02
     -1.061  0.4104E+01  0.6226E+02
     -1.043  0.4925E+01  0.6234E+02
     -1.025  0.5820E+01  0.6244E+02
     -1.007  0.6791E+01  0.6256E+02
     -0.989  0.7837E+01  0.6269E+02
     -0.970  0.8959E+01  0.6284E+02
     -0.952  0.1015E+02  0.6302E+02
     -0.934  0.1143E+02  0.6321E+02
     -0.916  0.1277E+02  0.6343E+02
     -0.897  0.1483E+02  0.6368E+02
     -0.879  0.1764E+02  0.6398E+02
     -0.861  0.2002E+02  0.6432E+02
     -0.843  0.2203E+02  0.6470E+02
     -0.825  0.2509E+02  0.6514E+02
     -0.806  0.2758E+02  0.6561E+02
     -0.788  0.3272E+02  0.6616E+02
     -0.770  0.4696E+02  0.6689E+02
     -0.752  0.5497E+02  0.6782E+02
     -0.734  0.6004E+02  0.6887E+02
     -0.715  0.6283E+02  0.7000E+02
     -0.697  0.6357E+02  0.7115E+02
     -0.679  0.6512E+02  0.7232E+02
     -0.661  0.5610E+02  0.7341E+02
     -0.642  0.5015E+02  0.7438E+02
     -0.624  0.4785E+02  0.7527E+02
     -0.606  0.3861E+02  0.7608E+02
     -0.588  0.2533E+02  0.7665E+02
     -0.570  0.1704E+02  0.7703E+02
     -0.551  0.3263E+02  0.7742E+02
     -0.533  0.3539E+02  0.7809E+02
     -0.515  0.1890E+02  0.7855E+02
     -0.497  0.1509E+02  0.7886E+02
     -0.479  0.1180E+02  0.7910E+02
     -0.460  0.9152E+01  0.7929E+02
     -0.442  0.7130E+01  0.7944E+02
     -0.424  0.5576E+01  0.7955E+02
     -0.406  0.4456E+01  0.7964E+02
     -0.387  0.5180E+01  0.7972E+02
     -0.369  0.2509E+02  0.7996E+02
     -0.351  0.1082E+03  0.8110E+02
     -0.333  0.6395E+02  0.8282E+02
     -0.315  0.6140E+02  0.8387E+02
     -0.296  0.6843E+02  0.8506E+02
     -0.278  0.6875E+02  0.8632E+02
     -0.260  0.6236E+02  0.8752E+02
     -0.242  0.5855E+02  0.8855E+02
     -0.224  0.4955E+02  0.8991E+02
     -0.205  0.5132E+02  0.9083E+02
     -0.187  0.5349E+02  0.9178E+02
     -0.169  0.5526E+02  0.9277E+02
     -0.151  0.5623E+02  0.9379E+02
     -0.132  0.5686E+02  0.9482E+02
     -0.114  0.5850E+02  0.9587E+02
     -0.096  0.5916E+02  0.9694E+02
     -0.078  0.5883E+02  0.9802E+02
     -0.060  0.6120E+02  0.9911E+02
     -0.041  0.5899E+02  0.1002E+03
     -0.023  0.5048E+02  0.1012E+03
     -0.005  0.4690E+02  0.1021E+03
      0.013  0.4580E+02  0.1029E+03
      0.031  0.4301E+02  0.1037E+03
      0.050  0.3114E+02  0.1045E+03
      0.068  0.2496E+02  0.1049E+03
      0.086  0.2491E+02  0.1054E+03
      0.104  0.2467E+02  0.1058E+03
      0.122  0.2423E+02  0.1063E+03
      0.141  0.2363E+02  0.1067E+03
      0.159  0.2297E+02  0.1071E+03
      0.177  0.2224E+02  0.1076E+03
      0.195  0.2234E+02  0.1080E+03
      0.214  0.2330E+02  0.1084E+03
      0.232  0.2415E+02  0.1088E+03
      0.250  0.2489E+02  0.1093E+03
      0.268  0.2552E+02  0.1097E+03
      0.286  0.2604E+02  0.1102E+03
      0.305  0.2646E+02  0.1107E+03
      0.323  0.2676E+02  0.1111E+03
      0.341  0.2672E+02  0.1116E+03
      0.359  0.2645E+02  0.1121E+03
      0.377  0.2671E+02  0.1126E+03
      0.396  0.3308E+02  0.1131E+03
      0.414  0.3692E+02  0.1138E+03
      0.432  0.3902E+02  0.1145E+03
      0.450  0.3945E+02  0.1152E+03
      0.469  0.3511E+02  0.1159E+03
      0.487  0.2216E+02  0.1164E+03
      0.505  0.1424E+02  0.1167E+03
      0.523  0.1398E+02  0.1170E+03
      0.541  0.1621E+02  0.1172E+03
      0.560  0.1775E+02  0.1176E+03
      0.578  0.1826E+02  0.1179E+03
      0.596  0.1766E+02  0.1182E+03
      0.614  0.1655E+02  0.1185E+03
      0.632  0.1631E+02  0.1188E+03
      0.651  0.1699E+02  0.1191E+03
      0.669  0.1858E+02  0.1194E+03
      0.687  0.2108E+02  0.1198E+03
      0.705  0.2473E+02  0.1202E+03
      0.724  0.3365E+02  0.1208E+03
      0.742  0.4000E+02  0.1214E+03
      0.760  0.3350E+02  0.1221E+03
      0.778  0.3195E+02  0.1227E+03
      0.796  0.3171E+02  0.1233E+03
      0.815  0.3143E+02  0.1239E+03
      0.833  0.3050E+02  0.1244E+03
      0.851  0.2888E+02  0.1250E+03
      0.869  0.2690E+02  0.1255E+03
      0.887  0.2386E+02  0.1259E+03
      0.906  0.1932E+02  0.1263E+03
      0.924  0.1623E+02  0.1267E+03
      0.942  0.1452E+02  0.1269E+03
      0.960  0.1363E+02  0.1272E+03
      0.979  0.1356E+02  0.1274E+03
      0.997  0.1408E+02  0.1277E+03
      1.015  0.1703E+02  0.1280E+03
      1.033  0.1779E+02  0.1283E+03
      1.051  0.1847E+02  0.1286E+03
      1.070  0.1906E+02  0.1289E+03
      1.088  0.1957E+02  0.1293E+03
      1.106  0.1999E+02  0.1297E+03
      1.124  0.2032E+02  0.1300E+03
      1.142  0.2057E+02  0.1304E+03
      1.161  0.2071E+02  0.1308E+03
      1.179  0.2077E+02  0.1312E+03
      1.197  0.2073E+02  0.1315E+03
      1.215  0.2060E+02  0.1319E+03
      1.233  0.2038E+02  0.1323E+03
      1.252  0.2006E+02  0.1326E+03
      1.270  0.1965E+02  0.1330E+03
      1.288  0.1915E+02  0.1334E+03
      1.306  0.1855E+02  0.1337E+03
      1.325  0.1819E+02  0.1340E+03
      1.343  0.1815E+02  0.1344E+03
      1.361  0.1806E+02  0.1347E+03
      1.379  0.1793E+02  0.1350E+03
      1.397  0.1775E+02  0.1354E+03
      1.416  0.1753E+02  0.1357E+03
      1.434  0.1726E+02  0.1360E+03
      1.452  0.1694E+02  0.1363E+03
      1.470  0.1590E+02  0.1366E+03
      1.488  0.1469E+02  0.1369E+03
      1.507  0.1511E+02  0.1371E+03
      1.525  0.2238E+02  0.1375E+03
      1.543  0.3663E+02  0.1380E+03
      1.561  0.5814E+02  0.1389E+03
      1.580  0.1127E+03  0.1404E+03
      1.598  0.4906E+02  0.1421E+03
      1.616  0.1823E+02  0.1426E+03
      1.634  0.2675E+02  0.1430E+03
      1.652  0.3742E+02  0.1436E+03
      1.671  0.4980E+02  0.1444E+03
      1.689  0.6387E+02  0.1454E+03
      1.707  0.1916E+03  0.1472E+03
      1.725  0.3345E+02  0.1482E+03
      1.743  0.3623E+02  0.1488E+03
      1.762  0.3919E+02  0.1495E+03
      1.780  0.4238E+02  0.1503E+03
      1.798  0.4563E+02  0.1511E+03
      1.816  0.4827E+02  0.1519E+03
      1.835  0.5031E+02  0.1528E+03
      1.853  0.5167E+02  0.1537E+03
      1.871  0.5233E+02  0.1547E+03
      1.889  0.5329E+02  0.1557E+03
      1.907  0.5306E+02  0.1566E+03
      1.926  0.5298E+02  0.1576E+03
      1.944  0.5279E+02  0.1586E+03
      1.962  0.5104E+02  0.1595E+03
      1.980  0.4751E+02  0.1604E+03
      1.998  0.4398E+02  0.1612E+03
      2.017  0.4143E+02  0.1620E+03
      2.035  0.4039E+02  0.1628E+03
      2.053  0.3877E+02  0.1635E+03
      2.071  0.3783E+02  0.1642E+03
      2.090  0.3773E+02  0.1649E+03
      2.108  0.3739E+02  0.1655E+03
      2.126  0.3681E+02  0.1662E+03
      2.144  0.3598E+02  0.1669E+03
      2.162  0.3492E+02  0.1675E+03
      2.181  0.3361E+02  0.1682E+03
      2.199  0.3225E+02  0.1688E+03
      2.217  0.3196E+02  0.1693E+03
      2.235  0.3388E+02  0.1699E+03
      2.253  0.5356E+02  0.1707E+03
      2.272  0.5766E+02  0.1718E+03
      2.290  0.6102E+02  0.1728E+03
      2.308  0.8340E+02  0.1741E+03
      2.326  0.8823E+02  0.1757E+03
      2.345  0.9510E+02  0.1774E+03
      2.363  0.9271E+02  0.1791E+03
      2.381  0.8072E+02  0.1806E+03
      2.399  0.1161E+03  0.1828E+03
      2.417  0.2011E+02  0.1839E+03
      2.436  0.3065E+02  0.1840E+03
      2.454  0.7614E+02  0.1860E+03
      2.472  0.6540E+02  0.1871E+03
      2.490  0.1027E+03  0.1887E+03
      2.508  0.1119E+03  0.1907E+03
      2.527  0.7886E+02  0.1924E+03
      2.545  0.7772E+02  0.1938E+03
      2.563  0.7975E+02  0.1953E+03
      2.581  0.8345E+02  0.1967E+03
      2.599  0.8883E+02  0.1983E+03
      2.618  0.9436E+02  0.2000E+03
      2.636  0.9326E+02  0.2017E+03
      2.654  0.8753E+02  0.2033E+03
      2.672  0.8053E+02  0.2049E+03
      2.691  0.7870E+02  0.2063E+03
      2.709  0.7295E+02  0.2077E+03
      2.727  0.6299E+02  0.2090E+03
      2.745  0.5219E+02  0.2100E+03
      2.763  0.4570E+02  0.2109E+03
      2.782  0.3842E+02  0.2117E+03
      2.800  0.3265E+02  0.2123E+03
      2.818  0.3714E+02  0.2129E+03
      2.836  0.5006E+02  0.2137E+03
      2.854  0.5950E+02  0.2147E+03
      2.873  0.6292E+02  0.2158E+03
      2.891  0.6440E+02  0.2170E+03
      2.909  0.6642E+02  0.2182E+03
      2.927  0.6696E+02  0.2194E+03
      2.946  0.6902E+02  0.2206E+03
      2.964  0.7687E+02  0.2219E+03
      2.982  0.1276E+03  0.2238E+03
      3.000  0.1577E+03  0.2264E+03
      3.018  0.1567E+03  0.2294E+03
      3.037  0.7479E+02  0.2311E+03
      3.055  0.1146E+03  0.2327E+03
      3.073  0.9245E+02  0.2347E+03
      3.091  0.5769E+02  0.2359E+03
      3.109  0.4952E+02  0.2369E+03
      3.128  0.4121E+02  0.2377E+03
      3.146  0.3276E+02  0.2384E+03
      3.164  0.2557E+02  0.2389E+03
      3.182  0.2056E+02  0.2393E+03
      3.201  0.1661E+02  0.2397E+03
      3.219  0.1350E+02  0.2400E+03
      3.237  0.1120E+02  0.2402E+03
      3.255  0.9710E+01  0.2404E+03
      3.273  0.9034E+01  0.2405E+03
      3.292  0.1496E+02  0.2407E+03
      3.310  0.2153E+02  0.2411E+03
      3.328  0.2785E+02  0.2415E+03
      3.346  0.3381E+02  0.2421E+03
      3.364  0.3687E+02  0.2427E+03
      3.383  0.3415E+02  0.2434E+03
      3.401  0.2908E+02  0.2440E+03
      3.419  0.4367E+02  0.2447E+03
      3.437  0.2581E+02  0.2453E+03
      3.456  0.3934E+02  0.2460E+03
      3.474  0.3869E+02  0.2467E+03
      3.492  0.2385E+02  0.2473E+03
      3.510  0.1281E+02  0.2476E+03
      3.528  0.8517E+01  0.2478E+03
      3.547  0.5095E+01  0.2479E+03
      3.565  0.2548E+01  0.2480E+03
      3.583  0.8745E+00  0.2480E+03
      3.601  0.7513E-01  0.2480E+03
      3.619  0.0000E+00  0.2480E+03
      3.638  0.0000E+00  0.2480E+03
      3.656  0.0000E+00  0.2480E+03
      3.674  0.0000E+00  0.2480E+03
      3.692  0.0000E+00  0.2480E+03
      3.710  0.0000E+00  0.2480E+03
      3.729  0.0000E+00  0.2480E+03
      3.747  0.0000E+00  0.2480E+03
      3.765  0.0000E+00  0.2480E+03
      3.783  0.0000E+00  0.2480E+03
      3.802  0.0000E+00  0.2480E+03
      3.820  0.0000E+00  0.2480E+03
      3.838  0.0000E+00  0.2480E+03
      3.856  0.0000E+00  0.2480E+03
      3.874  0.0000E+00  0.2480E+03
      3.893  0.0000E+00  0.2480E+03
      3.911  0.0000E+00  0.2480E+03
      3.929  0.0000E+00  0.2480E+03
      3.947  0.0000E+00  0.2480E+03
      3.965  0.0000E+00  0.2480E+03
      3.984  0.0000E+00  0.2480E+03
      4.002  0.0000E+00  0.2480E+03
      4.020  0.0000E+00  0.2480E+03
      4.038  0.0000E+00  0.2480E+03
      4.057  0.0000E+00  0.2480E+03
      4.075  0.0000E+00  0.2480E+03
      4.093  0.0000E+00  0.2480E+03
      4.111  0.0000E+00  0.2480E+03
      4.129  0.0000E+00  0.2480E+03
      4.148  0.0000E+00  0.2480E+03
      4.166  0.0000E+00  0.2480E+03
      4.184  0.0000E+00  0.2480E+03
      4.202  0.0000E+00  0.2480E+03
      4.220  0.0000E+00  0.2480E+03
      4.239  0.0000E+00  0.2480E+03
      4.257  0.0000E+00  0.2480E+03
      4.275  0.0000E+00  0.2480E+03
      4.293  0.0000E+00  0.2480E+03
      4.312  0.0000E+00  0.2480E+03
      4.330  0.0000E+00  0.2480E+03
      4.348  0.0000E+00  0.2480E+03
      4.366  0.0000E+00  0.2480E+03
      4.384  0.0000E+00  0.2480E+03
      4.403  0.0000E+00  0.2480E+03
      4.421  0.0000E+00  0.2480E+03
      4.439  0.0000E+00  0.2480E+03
      4.457  0.0000E+00  0.2480E+03
      4.475  0.0000E+00  0.2480E+03
      4.494  0.0000E+00  0.2480E+03
      4.512  0.0000E+00  0.2480E+03
      4.530  0.0000E+00  0.2480E+03
      4.548  0.0000E+00  0.2480E+03
      4.567  0.0000E+00  0.2480E+03
      4.585  0.0000E+00  0.2480E+03
      4.603  0.0000E+00  0.2480E+03
      4.621  0.0000E+00  0.2480E+03
      4.639  0.0000E+00  0.2480E+03
      4.658  0.0000E+00  0.2480E+03
      4.676  0.0000E+00  0.2480E+03
      4.694  0.0000E+00  0.2480E+03
      4.712  0.0000E+00  0.2480E+03
      4.730  0.0000E+00  0.2480E+03
      4.749  0.0000E+00  0.2480E+03
      4.767  0.0000E+00  0.2480E+03
      4.785  0.0000E+00  0.2480E+03
      4.803  0.0000E+00  0.2480E+03
      4.822  0.0000E+00  0.2480E+03
      4.840  0.0000E+00  0.2480E+03
      4.858  0.0000E+00  0.2480E+03
      4.876  0.0000E+00  0.2480E+03
      4.894  0.0000E+00  0.2480E+03
      4.913  0.0000E+00  0.2480E+03
      4.931  0.0000E+00  0.2480E+03
      4.949  0.0000E+00  0.2480E+03
      4.967  0.0000E+00  0.2480E+03
      4.985  0.0000E+00  0.2480E+03
      5.004  0.0000E+00  0.2480E+03
      5.022  0.0000E+00  0.2480E+03
      5.040  0.0000E+00  0.2480E+03
      5.058  0.0000E+00  0.2480E+03
      5.076  0.0000E+00  0.2480E+03
      5.095  0.0000E+00  0.2480E+03
      5.113  0.0000E+00  0.2480E+03
      5.131  0.0000E+00  0.2480E+03
      5.149  0.0000E+00  0.2480E+03
      5.168  0.0000E+00  0.2480E+03
      5.186  0.0000E+00  0.2480E+03
      5.204  0.0000E+00  0.2480E+03
      5.222  0.0000E+00  0.2480E+03
      5.240  0.0000E+00  0.2480E+03
      5.259  0.0000E+00  0.2480E+03
      5.277  0.0000E+00  0.2480E+03
      5.295  0.0000E+00  0.2480E+03
      5.313  0.0000E+00  0.2480E+03
      5.331  0.0000E+00  0.2480E+03
      5.350  0.0000E+00  0.2480E+03
      5.368  0.0000E+00  0.2480E+03
      5.386  0.0000E+00  0.2480E+03
      5.404  0.0000E+00  0.2480E+03
      5.423  0.0000E+00  0.2480E+03
      5.441  0.0000E+00  0.2480E+03
      5.459  0.0000E+00  0.2480E+03
      5.477  0.0000E+00  0.2480E+03
      5.495  0.0000E+00  0.2480E+03
      5.514  0.0000E+00  0.2480E+03
      5.532  0.0000E+00  0.2480E+03
      5.550  0.0000E+00  0.2480E+03
      5.568  0.0000E+00  0.2480E+03
      5.586  0.0000E+00  0.2480E+03
      5.605  0.0000E+00  0.2480E+03
      5.623  0.0000E+00  0.2480E+03
      5.641  0.0000E+00  0.2480E+03
      5.659  0.0000E+00  0.2480E+03
      5.678  0.0000E+00  0.2480E+03
      5.696  0.0000E+00  0.2480E+03
      5.714  0.0000E+00  0.2480E+03
      5.732  0.0000E+00  0.2480E+03
      5.750  0.0000E+00  0.2480E+03
      5.769  0.0000E+00  0.2480E+03
      5.787  0.0000E+00  0.2480E+03
      5.805  0.0000E+00  0.2480E+03
      5.823  0.0000E+00  0.2480E+03
      5.841  0.0000E+00  0.2480E+03
      5.860  0.0000E+00  0.2480E+03
      5.878  0.0000E+00  0.2480E+03
      5.896  0.0000E+00  0.2480E+03
      5.914  0.0000E+00  0.2480E+03
      5.933  0.0000E+00  0.2480E+03
      5.951  0.0000E+00  0.2480E+03
      5.969  0.0000E+00  0.2480E+03
      5.987  0.0000E+00  0.2480E+03
      6.005  0.0000E+00  0.2480E+03
      6.024  0.0000E+00  0.2480E+03
      6.042  0.0000E+00  0.2480E+03
      6.060  0.0000E+00  0.2480E+03
      6.078  0.0000E+00  0.2480E+03
      6.096  0.0000E+00  0.2480E+03
      6.115  0.0000E+00  0.2480E+03
      6.133  0.0000E+00  0.2480E+03
      6.151  0.0000E+00  0.2480E+03
      6.169  0.0000E+00  0.2480E+03
      6.187  0.0000E+00  0.2480E+03
      6.206  0.0000E+00  0.2480E+03
      6.224  0.0000E+00  0.2480E+03
      6.242  0.0000E+00  0.2480E+03
      6.260  0.0000E+00  0.2480E+03
      6.279  0.0000E+00  0.2480E+03
      6.297  0.0000E+00  0.2480E+03
      6.315  0.0000E+00  0.2480E+03
      6.333  0.0000E+00  0.2480E+03
      6.351  0.0000E+00  0.2480E+03
      6.370  0.0000E+00  0.2480E+03
      6.388  0.0000E+00  0.2480E+03
      6.406  0.0000E+00  0.2480E+03
      6.424  0.0000E+00  0.2480E+03
      6.442  0.0000E+00  0.2480E+03
      6.461  0.0000E+00  0.2480E+03
      6.479  0.0000E+00  0.2480E+03
      6.497  0.0000E+00  0.2480E+03
      6.515  0.0000E+00  0.2480E+03
      6.534  0.0000E+00  0.2480E+03
      6.552  0.0000E+00  0.2480E+03
      6.570  0.0000E+00  0.2480E+03
      6.588  0.0000E+00  0.2480E+03
      6.606  0.0000E+00  0.2480E+03
      6.625  0.0000E+00  0.2480E+03
      6.643  0.0000E+00  0.2480E+03
      6.661  0.0000E+00  0.2480E+03
      6.679  0.0000E+00  0.2480E+03
      6.697  0.0000E+00  0.2480E+03
      6.716  0.0000E+00  0.2480E+03
      6.734  0.0000E+00  0.2480E+03
      6.752  0.0000E+00  0.2480E+03
      6.770  0.0000E+00  0.2480E+03
      6.789  0.0000E+00  0.2480E+03
      6.807  0.0000E+00  0.2480E+03
      6.825  0.0000E+00  0.2480E+03
      6.843  0.0000E+00  0.2480E+03
      6.861  0.0000E+00  0.2480E+03
      6.880  0.0000E+00  0.2480E+03
      6.898  0.0000E+00  0.2480E+03
      6.916  0.0000E+00  0.2480E+03
      6.934  0.0000E+00  0.2480E+03
      6.952  0.0000E+00  0.2480E+03
      6.971  0.0000E+00  0.2480E+03
      6.989  0.0000E+00  0.2480E+03
      7.007  0.0000E+00  0.2480E+03
      7.025  0.0000E+00  0.2480E+03
      7.044  0.0000E+00  0.2480E+03
      7.062  0.0000E+00  0.2480E+03
      7.080  0.0000E+00  0.2480E+03
      7.098  0.0000E+00  0.2480E+03
      7.116  0.0000E+00  0.2480E+03
      7.135  0.0000E+00  0.2480E+03
      7.153  0.0000E+00  0.2480E+03
      7.171  0.0000E+00  0.2480E+03
      7.189  0.0000E+00  0.2480E+03
      7.207  0.0000E+00  0.2480E+03
      7.226  0.0000E+00  0.2480E+03
      7.244  0.0000E+00  0.2480E+03
      7.262  0.0000E+00  0.2480E+03
      7.280  0.0000E+00  0.2480E+03
      7.299  0.0000E+00  0.2480E+03
      7.317  0.0000E+00  0.2480E+03
      7.335  0.0000E+00  0.2480E+03
      7.353  0.0000E+00  0.2480E+03
      7.371  0.0000E+00  0.2480E+03
      7.390  0.0000E+00  0.2480E+03
      7.408  0.0000E+00  0.2480E+03
      7.426  0.0000E+00  0.2480E+03
      7.444  0.0000E+00  0.2480E+03
      7.462  0.0000E+00  0.2480E+03
      7.481  0.0000E+00  0.2480E+03
      7.499  0.0000E+00  0.2480E+03
      7.517  0.3361E-03  0.2480E+03
      7.535  0.1018E+00  0.2480E+03
      7.553  0.3840E+00  0.2480E+03
      7.572  0.8471E+00  0.2480E+03
      7.590  0.1491E+01  0.2480E+03
      7.608  0.2316E+01  0.2481E+03
      7.626  0.3321E+01  0.2481E+03
      7.645  0.4508E+01  0.2482E+03
      7.663  0.5875E+01  0.2483E+03
      7.681  0.7423E+01  0.2484E+03
      7.699  0.9152E+01  0.2486E+03
      7.717  0.1106E+02  0.2487E+03
      7.736  0.3157E+02  0.2491E+03
      7.754  0.3151E+02  0.2497E+03
      7.772  0.0000E+00  0.2500E+03
      7.790  0.0000E+00  0.2500E+03
      7.808  0.0000E+00  0.2500E+03
      7.827  0.0000E+00  0.2500E+03
      7.845  0.0000E+00  0.2500E+03
      7.863  0.0000E+00  0.2500E+03
      7.881  0.0000E+00  0.2500E+03
      7.900  0.0000E+00  0.2500E+03
      7.918  0.0000E+00  0.2500E+03
      7.936  0.0000E+00  0.2500E+03
      7.954  0.0000E+00  0.2500E+03
      7.972  0.0000E+00  0.2500E+03
      7.991  0.0000E+00  0.2500E+03
      8.009  0.0000E+00  0.2500E+03
      8.027  0.0000E+00  0.2500E+03
      8.045  0.0000E+00  0.2500E+03
      8.063  0.0000E+00  0.2500E+03
      8.082  0.0000E+00  0.2500E+03
      8.100  0.0000E+00  0.2500E+03
      8.118  0.0000E+00  0.2500E+03
      8.136  0.0000E+00  0.2500E+03
      8.155  0.0000E+00  0.2500E+03
      8.173  0.0000E+00  0.2500E+03
      8.191  0.0000E+00  0.2500E+03
      8.209  0.0000E+00  0.2500E+03
      8.227  0.0000E+00  0.2500E+03
      8.246  0.0000E+00  0.2500E+03
      8.264  0.0000E+00  0.2500E+03
      8.282  0.0000E+00  0.2500E+03
      8.300  0.0000E+00  0.2500E+03
      8.318  0.0000E+00  0.2500E+03
      8.337  0.0000E+00  0.2500E+03
      8.355  0.0000E+00  0.2500E+03
      8.373  0.0000E+00  0.2500E+03
      8.391  0.0000E+00  0.2500E+03
      8.410  0.0000E+00  0.2500E+03
      8.428  0.0000E+00  0.2500E+03
      8.446  0.0000E+00  0.2500E+03
      8.464  0.0000E+00  0.2500E+03
      8.482  0.0000E+00  0.2500E+03
      8.501  0.0000E+00  0.2500E+03
      8.519  0.0000E+00  0.2500E+03
      8.537  0.0000E+00  0.2500E+03
      8.555  0.0000E+00  0.2500E+03
      8.573  0.0000E+00  0.2500E+03
      8.592  0.0000E+00  0.2500E+03
      8.610  0.0000E+00  0.2500E+03
      8.628  0.0000E+00  0.2500E+03
      8.646  0.0000E+00  0.2500E+03
      8.664  0.0000E+00  0.2500E+03
      8.683  0.0000E+00  0.2500E+03
      8.701  0.0000E+00  0.2500E+03
      8.719  0.0000E+00  0.2500E+03
      8.737  0.0000E+00  0.2500E+03
      8.756  0.0000E+00  0.2500E+03
      8.774  0.0000E+00  0.2500E+03
      8.792  0.0000E+00  0.2500E+03
      8.810  0.0000E+00  0.2500E+03
      8.828  0.0000E+00  0.2500E+03
      8.847  0.0000E+00  0.2500E+03
      8.865  0.0000E+00  0.2500E+03
      8.883  0.0000E+00  0.2500E+03
      8.901  0.0000E+00  0.2500E+03
      8.919  0.0000E+00  0.2500E+03
      8.938  0.0000E+00  0.2500E+03
      8.956  0.0000E+00  0.2500E+03
      8.974  0.0000E+00  0.2500E+03
      8.992  0.0000E+00  0.2500E+03
      9.011  0.0000E+00  0.2500E+03
      9.029  0.0000E+00  0.2500E+03
      9.047  0.0000E+00  0.2500E+03
      9.065  0.0000E+00  0.2500E+03
      9.083  0.0000E+00  0.2500E+03
      9.102  0.0000E+00  0.2500E+03
      9.120  0.0000E+00  0.2500E+03
      9.138  0.0000E+00  0.2500E+03
      9.156  0.0000E+00  0.2500E+03
      9.174  0.0000E+00  0.2500E+03
      9.193  0.0000E+00  0.2500E+03
      9.211  0.0000E+00  0.2500E+03
      9.229  0.0000E+00  0.2500E+03
      9.247  0.0000E+00  0.2500E+03
      9.266  0.0000E+00  0.2500E+03
      9.284  0.0000E+00  0.2500E+03
      9.302  0.0000E+00  0.2500E+03
      9.320  0.0000E+00  0.2500E+03
      9.338  0.0000E+00  0.2500E+03
      9.357  0.0000E+00  0.2500E+03
      9.375  0.0000E+00  0.2500E+03
      9.393  0.0000E+00  0.2500E+03
      9.411  0.0000E+00  0.2500E+03
      9.429  0.0000E+00  0.2500E+03
      9.448  0.0000E+00  0.2500E+03
      9.466  0.0000E+00  0.2500E+03
      9.484  0.0000E+00  0.2500E+03
      9.502  0.0000E+00  0.2500E+03
      9.521  0.0000E+00  0.2500E+03
      9.539  0.0000E+00  0.2500E+03
      9.557  0.0000E+00  0.2500E+03
      9.575  0.0000E+00  0.2500E+03
      9.593  0.0000E+00  0.2500E+03
      9.612  0.0000E+00  0.2500E+03
      9.630  0.0000E+00  0.2500E+03
      9.648  0.0000E+00  0.2500E+03
      9.666  0.0000E+00  0.2500E+03
      9.684  0.0000E+00  0.2500E+03
      9.703  0.0000E+00  0.2500E+03
      9.721  0.0000E+00  0.2500E+03
      9.739  0.0000E+00  0.2500E+03
      9.757  0.0000E+00  0.2500E+03
      9.776  0.0000E+00  0.2500E+03
      9.794  0.0000E+00  0.2500E+03
      9.812  0.0000E+00  0.2500E+03
      9.830  0.0000E+00  0.2500E+03
      9.848  0.0000E+00  0.2500E+03
      9.867  0.0000E+00  0.2500E+03
      9.885  0.0000E+00  0.2500E+03
      9.903  0.0000E+00  0.2500E+03
      9.921  0.0000E+00  0.2500E+03
      9.939  0.0000E+00  0.2500E+03
      9.958  0.0000E+00  0.2500E+03
      9.976  0.0000E+00  0.2500E+03
      9.994  0.0000E+00  0.2500E+03
     10.012  0.0000E+00  0.2500E+03
     10.030  0.0000E+00  0.2500E+03
     10.049  0.0000E+00  0.2500E+03
     10.067  0.0000E+00  0.2500E+03
     10.085  0.0000E+00  0.2500E+03
     10.103  0.0000E+00  0.2500E+03
     10.122  0.0000E+00  0.2500E+03
     10.140  0.0000E+00  0.2500E+03
     10.158  0.0000E+00  0.2500E+03
     10.176  0.0000E+00  0.2500E+03
     10.194  0.0000E+00  0.2500E+03
     10.213  0.0000E+00  0.2500E+03
     10.231  0.0000E+00  0.2500E+03
     10.249  0.0000E+00  0.2500E+03
     10.267  0.0000E+00  0.2500E+03
     10.285  0.0000E+00  0.2500E+03
     10.304  0.0000E+00  0.2500E+03
     10.322  0.0000E+00  0.2500E+03
     10.340  0.0000E+00  0.2500E+03
     10.358  0.0000E+00  0.2500E+03
     10.377  0.0000E+00  0.2500E+03
     10.395  0.0000E+00  0.2500E+03
     10.413  0.0000E+00  0.2500E+03
     10.431  0.0000E+00  0.2500E+03
     10.449  0.0000E+00  0.2500E+03
     10.468  0.0000E+00  0.2500E+03
     10.486  0.0000E+00  0.2500E+03
     10.504  0.0000E+00  0.2500E+03
     10.522  0.0000E+00  0.2500E+03
     10.540  0.0000E+00  0.2500E+03
     10.559  0.0000E+00  0.2500E+03
     10.577  0.0000E+00  0.2500E+03
     10.595  0.0000E+00  0.2500E+03
     10.613  0.0000E+00  0.2500E+03
     10.632  0.0000E+00  0.2500E+03
     10.650  0.0000E+00  0.2500E+03
     10.668  0.0000E+00  0.2500E+03
     10.686  0.0000E+00  0.2500E+03
     10.704  0.0000E+00  0.2500E+03
     10.723  0.0000E+00  0.2500E+03
     10.741  0.0000E+00  0.2500E+03
     10.759  0.0000E+00  0.2500E+03
     10.777  0.0000E+00  0.2500E+03
     10.795  0.1485E-03  0.2500E+03
     10.814  0.6369E-02  0.2500E+03
     10.832  0.2173E-01  0.2500E+03
     10.850  0.4624E-01  0.2500E+03
     10.868  0.7989E-01  0.2500E+03
     10.887  0.1227E+00  0.2500E+03
     10.905  0.1746E+00  0.2500E+03
     10.923  0.2357E+00  0.2500E+03
     10.941  0.3059E+00  0.2500E+03
     10.959  0.3853E+00  0.2500E+03
     10.978  0.4738E+00  0.2500E+03
     10.996  0.5715E+00  0.2500E+03
     11.014  0.6783E+00  0.2501E+03
     11.032  0.7942E+00  0.2501E+03
     11.050  0.9193E+00  0.2501E+03
     11.069  0.1054E+01  0.2501E+03
     11.087  0.1197E+01  0.2501E+03
     11.105  0.1349E+01  0.2501E+03
     11.123  0.1511E+01  0.2502E+03
     11.141  0.1682E+01  0.2502E+03
     11.160  0.1862E+01  0.2502E+03
     11.178  0.1976E+01  0.2503E+03
     11.196  0.2061E+01  0.2503E+03
     11.214  0.2140E+01  0.2503E+03
     11.233  0.2215E+01  0.2504E+03
     11.251  0.2284E+01  0.2504E+03
     11.269  0.2349E+01  0.2505E+03
     11.287  0.2408E+01  0.2505E+03
     11.305  0.2462E+01  0.2505E+03
     11.324  0.2511E+01  0.2506E+03
     11.342  0.2555E+01  0.2506E+03
     11.360  0.2593E+01  0.2507E+03
     11.378  0.2627E+01  0.2507E+03
     11.396  0.2655E+01  0.2508E+03
     11.415  0.2679E+01  0.2508E+03
     11.433  0.2697E+01  0.2509E+03
     11.451  0.2710E+01  0.2509E+03
     11.469  0.2718E+01  0.2510E+03
     11.488  0.2721E+01  0.2510E+03
     11.506  0.2719E+01  0.2511E+03
     11.524  0.2711E+01  0.2511E+03
     11.542  0.2699E+01  0.2512E+03
     11.560  0.2681E+01  0.2512E+03
     11.579  0.2659E+01  0.2513E+03
     11.597  0.2631E+01  0.2513E+03
     11.615  0.2598E+01  0.2514E+03
     11.633  0.2560E+01  0.2514E+03
     11.651  0.2517E+01  0.2515E+03
     11.670  0.2469E+01  0.2515E+03
     11.688  0.2415E+01  0.2516E+03
     11.706  0.2357E+01  0.2516E+03
     11.724  0.2293E+01  0.2516E+03
     11.743  0.2224E+01  0.2517E+03
     11.761  0.2151E+01  0.2517E+03
     11.779  0.2072E+01  0.2518E+03
     11.797  0.1988E+01  0.2518E+03
     11.815  0.1785E+01  0.2518E+03
     11.834  0.2271E+01  0.2519E+03
     11.852  0.4920E+01  0.2519E+03
     11.870  0.6988E+01  0.2520E+03
     11.888  0.8478E+01  0.2522E+03
     11.906  0.9389E+01  0.2523E+03
     11.925  0.9721E+01  0.2525E+03
     11.943  0.9474E+01  0.2527E+03
     11.961  0.8647E+01  0.2529E+03
     11.979  0.7242E+01  0.2530E+03
     11.998  0.5793E+01  0.2531E+03
     12.016  0.5203E+01  0.2532E+03
     12.034  0.4669E+01  0.2533E+03
     12.052  0.4190E+01  0.2534E+03
     12.070  0.3766E+01  0.2535E+03
     12.089  0.3397E+01  0.2535E+03
     12.107  0.3083E+01  0.2536E+03
     12.125  0.2807E+01  0.2536E+03
     12.143  0.2546E+01  0.2537E+03
     12.161  0.2353E+01  0.2537E+03
     12.180  0.2309E+01  0.2538E+03
     12.198  0.2415E+01  0.2538E+03
     12.216  0.2672E+01  0.2539E+03
     12.234  0.3078E+01  0.2539E+03
     12.253  0.3635E+01  0.2540E+03
     12.271  0.4342E+01  0.2541E+03
     12.289  0.5199E+01  0.2541E+03
     12.307  0.6207E+01  0.2542E+03
     12.325  0.7373E+01  0.2544E+03
     12.344  0.8758E+01  0.2545E+03
     12.362  0.1155E+02  0.2547E+03
     12.380  0.1584E+02  0.2549E+03
     12.398  0.1924E+02  0.2553E+03
     12.416  0.2175E+02  0.2556E+03
     12.435  0.2336E+02  0.2560E+03
     12.453  0.2407E+02  0.2565E+03
     12.471  0.2389E+02  0.2569E+03
     12.489  0.1905E+02  0.2573E+03
     12.507  0.1041E+02  0.2576E+03
     12.526  0.6262E+01  0.2577E+03
     12.544  0.4434E+01  0.2578E+03
     12.562  0.3105E+01  0.2579E+03
     12.580  0.2013E+01  0.2579E+03
     12.599  0.1157E+01  0.2580E+03
     12.617  0.5360E+00  0.2580E+03
     12.635  0.1511E+00  0.2580E+03
     12.653  0.2060E-02  0.2580E+03
     12.671  0.0000E+00  0.2580E+03
     12.690  0.0000E+00  0.2580E+03
     12.708  0.1401E-01  0.2580E+03
     12.726  0.8145E-01  0.2580E+03
     12.744  0.2062E+00  0.2580E+03
     12.762  0.3882E+00  0.2580E+03
     12.781  0.6275E+00  0.2580E+03
     12.799  0.9242E+00  0.2580E+03
     12.817  0.1280E+01  0.2581E+03
     12.835  0.1696E+01  0.2581E+03
     12.854  0.2171E+01  0.2581E+03
     12.872  0.2707E+01  0.2582E+03
     12.890  0.3302E+01  0.2582E+03
     12.908  0.3957E+01  0.2583E+03
     12.926  0.4672E+01  0.2584E+03
     12.945  0.5447E+01  0.2584E+03
     12.963  0.7497E+01  0.2586E+03
     12.981  0.9116E+01  0.2587E+03
     12.999  0.9925E+01  0.2589E+03
     13.017  0.9923E+01  0.2591E+03
     13.036  0.9111E+01  0.2592E+03
     13.054  0.7488E+01  0.2594E+03
     13.072  0.5189E+01  0.2595E+03
     13.090  0.4868E+01  0.2596E+03
     13.109  0.4573E+01  0.2597E+03
     13.127  0.4302E+01  0.2598E+03
     13.145  0.4056E+01  0.2599E+03
     13.163  0.3835E+01  0.2599E+03
     13.181  0.3639E+01  0.2600E+03
     13.200  0.3468E+01  0.2601E+03
     13.218  0.3321E+01  0.2601E+03
     13.236  0.3200E+01  0.2602E+03
     13.254  0.3103E+01  0.2602E+03
     13.272  0.3031E+01  0.2603E+03
     13.291  0.2984E+01  0.2603E+03
     13.309  0.2961E+01  0.2604E+03
     13.327  0.2964E+01  0.2605E+03
     13.345  0.2991E+01  0.2605E+03
     13.364  0.3043E+01  0.2606E+03
     13.382  0.3120E+01  0.2606E+03
     13.400  0.3222E+01  0.2607E+03
     13.418  0.3348E+01  0.2607E+03
     13.436  0.3500E+01  0.2608E+03
     13.455  0.3676E+01  0.2609E+03
     13.473  0.3869E+01  0.2609E+03
     13.491  0.4094E+01  0.2610E+03
     13.509  0.4320E+01  0.2611E+03
     13.527  0.4538E+01  0.2612E+03
     13.546  0.4746E+01  0.2612E+03
     13.564  0.4981E+01  0.2613E+03
     13.582  0.5221E+01  0.2614E+03
     13.600  0.5454E+01  0.2615E+03
     13.618  0.5757E+01  0.2616E+03
     13.637  0.6138E+01  0.2617E+03
     13.655  0.6553E+01  0.2619E+03
     13.673  0.6945E+01  0.2620E+03
     13.691  0.7349E+01  0.2621E+03
     13.710  0.7799E+01  0.2622E+03
     13.728  0.8294E+01  0.2624E+03
     13.746  0.8834E+01  0.2625E+03
     13.764  0.9445E+01  0.2627E+03
     13.782  0.1020E+02  0.2629E+03
     13.801  0.1109E+02  0.2631E+03
     13.819  0.1207E+02  0.2633E+03
     13.837  0.1313E+02  0.2635E+03
     13.855  0.1425E+02  0.2638E+03
     13.873  0.1540E+02  0.2640E+03
     13.892  0.1651E+02  0.2643E+03
     13.910  0.1758E+02  0.2646E+03
     13.928  0.1862E+02  0.2650E+03
     13.946  0.1962E+02  0.2653E+03
     13.965  0.2077E+02  0.2657E+03
     13.983  0.2182E+02  0.2661E+03
     14.001  0.2285E+02  0.2665E+03
     14.019  0.2346E+02  0.2669E+03
     14.037  0.2383E+02  0.2673E+03
     14.056  0.2378E+02  0.2678E+03
     14.074  0.2608E+02  0.2682E+03
     14.092  0.3077E+02  0.2687E+03
     14.110  0.3009E+02  0.2693E+03
     14.128  0.2773E+02  0.2698E+03
     14.147  0.2459E+02  0.2703E+03
     14.165  0.2275E+02  0.2707E+03
     14.183  0.2127E+02  0.2711E+03
     14.201  0.1941E+02  0.2715E+03
     14.220  0.1789E+02  0.2718E+03
     14.238  0.1754E+02  0.2722E+03
     14.256  0.1582E+02  0.2725E+03
     14.274  0.1796E+02  0.2728E+03
     14.292  0.2137E+02  0.2731E+03
     14.311  0.2039E+02  0.2735E+03
     14.329  0.1592E+02  0.2738E+03
     14.347  0.1157E+02  0.2741E+03
     14.365  0.9810E+01  0.2743E+03
     14.383  0.8386E+01  0.2744E+03
     14.402  0.7330E+01  0.2746E+03
     14.420  0.7254E+01  0.2747E+03
     14.438  0.7234E+01  0.2748E+03
     14.456  0.7352E+01  0.2750E+03
     14.475  0.7802E+01  0.2751E+03
     14.493  0.8259E+01  0.2753E+03
     14.511  0.8726E+01  0.2754E+03
     14.529  0.9184E+01  0.2756E+03
     14.547  0.9571E+01  0.2758E+03
     14.566  0.9881E+01  0.2759E+03
     14.584  0.1011E+02  0.2761E+03
     14.602  0.1027E+02  0.2763E+03
     14.620  0.1048E+02  0.2765E+03
     14.638  0.1102E+02  0.2767E+03
     14.657  0.1144E+02  0.2769E+03
     14.675  0.1173E+02  0.2771E+03
     14.693  0.1190E+02  0.2773E+03
     14.711  0.1197E+02  0.2775E+03
     14.730  0.1219E+02  0.2778E+03
     14.748  0.1246E+02  0.2780E+03
     14.766  0.1265E+02  0.2782E+03
     14.784  0.1276E+02  0.2784E+03
     14.802  0.1280E+02  0.2787E+03
     14.821  0.1276E+02  0.2789E+03
     14.839  0.1272E+02  0.2791E+03
     14.857  0.1267E+02  0.2794E+03
     14.875  0.1260E+02  0.2796E+03
     14.893  0.1250E+02  0.2798E+03
     14.912  0.1260E+02  0.2801E+03
     14.930  0.1284E+02  0.2803E+03
     14.948  0.1305E+02  0.2805E+03
     14.966  0.1322E+02  0.2808E+03
     14.984  0.1336E+02  0.2810E+03
     15.003  0.1347E+02  0.2812E+03
     15.021  0.1354E+02  0.2815E+03
     15.039  0.1358E+02  0.2817E+03
     15.057  0.1360E+02  0.2820E+03
     15.076  0.1358E+02  0.2822E+03
     15.094  0.1354E+02  0.2825E+03
     15.112  0.1338E+02  0.2827E+03
     15.130  0.1306E+02  0.2830E+03
     15.148  0.1275E+02  0.2832E+03
     15.167  0.1245E+02  0.2834E+03
     15.185  0.1215E+02  0.2837E+03
     15.203  0.1186E+02  0.2839E+03
     15.221  0.1157E+02  0.2841E+03
     15.239  0.1129E+02  0.2843E+03
     15.258  0.1061E+02  0.2845E+03
     15.276  0.9794E+01  0.2847E+03
     15.294  0.1444E+02  0.2849E+03
     15.312  0.1482E+02  0.2851E+03
     15.331  0.1515E+02  0.2854E+03
     15.349  0.1542E+02  0.2857E+03
     15.367  0.1554E+02  0.2860E+03
     15.385  0.2182E+02  0.2863E+03
     15.403  0.2285E+02  0.2867E+03
     15.422  0.2300E+02  0.2871E+03
     15.440  0.2229E+02  0.2875E+03
     15.458  0.2258E+02  0.2880E+03
     15.476  0.2462E+02  0.2884E+03
     15.494  0.2636E+02  0.2889E+03
     15.513  0.2538E+02  0.2893E+03
     15.531  0.2413E+02  0.2898E+03
     15.549  0.2268E+02  0.2902E+03
     15.567  0.2079E+02  0.2906E+03
     15.586  0.1863E+02  0.2910E+03
     15.604  0.1842E+02  0.2913E+03
     15.622  0.1820E+02  0.2916E+03
     15.640  0.1797E+02  0.2920E+03
     15.658  0.1799E+02  0.2923E+03
     15.677  0.1741E+02  0.2926E+03
     15.695  0.1630E+02  0.2929E+03
     15.713  0.1587E+02  0.2932E+03
     15.731  0.1547E+02  0.2935E+03
     15.749  0.1623E+02  0.2938E+03
     15.768  0.1694E+02  0.2941E+03
     15.786  0.1834E+02  0.2944E+03
     15.804  0.1996E+02  0.2948E+03
     15.822  0.2153E+02  0.2951E+03
     15.841  0.2856E+02  0.2956E+03
     15.859  0.2642E+02  0.2961E+03
     15.877  0.1520E+02  0.2965E+03
     15.895  0.1345E+02  0.2967E+03
     15.913  0.1712E+02  0.2970E+03
     15.932  0.2078E+02  0.2974E+03
     15.950  0.5203E+02  0.2980E+03
     15.968  0.9688E+01  0.2984E+03
     15.986  0.1248E+02  0.2986E+03
     16.004  0.1573E+02  0.2989E+03
     16.023  0.1943E+02  0.2992E+03
     16.041  0.3181E+02  0.2996E+03
     16.059  0.1868E+02  0.3004E+03
     16.077  0.1411E+02  0.3006E+03
     16.095  0.2419E+02  0.3009E+03
     16.114  0.6567E+02  0.3017E+03
     16.132  0.4399E+01  0.3022E+03
     16.150  0.6050E+01  0.3022E+03
     16.168  0.7969E+01  0.3024E+03
     16.187  0.1120E+02  0.3025E+03
     16.205  0.1540E+02  0.3028E+03
     16.223  0.1859E+02  0.3031E+03
     16.241  0.2074E+02  0.3035E+03
     16.259  0.2187E+02  0.3038E+03
     16.278  0.1997E+02  0.3042E+03
     16.296  0.1458E+02  0.3045E+03
     16.314  0.2321E+02  0.3049E+03
     16.332  0.2717E+02  0.3054E+03
     16.350  0.2399E+02  0.3058E+03
     16.369  0.6301E+01  0.3061E+03
     16.387  0.6325E+01  0.3062E+03
     16.405  0.7359E+01  0.3063E+03
     16.423  0.8436E+01  0.3065E+03
     16.442  0.9556E+01  0.3066E+03
     16.460  0.1072E+02  0.3068E+03
     16.478  0.1193E+02  0.3070E+03
     16.496  0.1308E+02  0.3072E+03
     16.514  0.1368E+02  0.3075E+03
     16.533  0.1411E+02  0.3077E+03
     16.551  0.1437E+02  0.3080E+03
     16.569  0.1447E+02  0.3083E+03
     16.587  0.1440E+02  0.3085E+03
     16.605  0.1416E+02  0.3088E+03
     16.624  0.1308E+02  0.3090E+03
     16.642  0.9096E+01  0.3092E+03
     16.660  0.1118E+02  0.3094E+03
     16.678  0.1282E+02  0.3096E+03
     16.697  0.1401E+02  0.3099E+03
     16.715  0.1476E+02  0.3102E+03
     16.733  0.1496E+02  0.3104E+03
     16.751  0.1241E+02  0.3107E+03
     16.769  0.1027E+02  0.3109E+03
     16.788  0.1199E+02  0.3111E+03
     16.806  0.1333E+02  0.3113E+03
     16.824  0.1429E+02  0.3116E+03
     16.842  0.1487E+02  0.3118E+03
     16.860  0.1506E+02  0.3121E+03
     16.879  0.1488E+02  0.3124E+03
     16.897  0.1431E+02  0.3126E+03
     16.915  0.1132E+02  0.3129E+03
     16.933  0.9169E+01  0.3131E+03
     16.952  0.8684E+01  0.3132E+03
     16.970  0.9137E+01  0.3134E+03
     16.988  0.9451E+01  0.3136E+03
     17.006  0.9589E+01  0.3137E+03
     17.024  0.9436E+01  0.3139E+03
     17.043  0.8902E+01  0.3141E+03
     17.061  0.8456E+01  0.3142E+03
     17.079  0.8098E+01  0.3144E+03
     17.097  0.7829E+01  0.3145E+03
     17.115  0.7648E+01  0.3147E+03
     17.134  0.7555E+01  0.3148E+03
     17.152  0.7551E+01  0.3149E+03
     17.170  0.7635E+01  0.3151E+03
     17.188  0.7789E+01  0.3152E+03
     17.207  0.7901E+01  0.3154E+03
     17.225  0.7950E+01  0.3155E+03
     17.243  0.7938E+01  0.3156E+03
     17.261  0.7233E+01  0.3158E+03
     17.279  0.4968E+01  0.3159E+03
     17.298  0.2722E+01  0.3160E+03
     17.316  0.4970E+00  0.3160E+03
     17.334  0.0000E+00  0.3160E+03
     17.352  0.0000E+00  0.3160E+03
     17.370  0.4026E+02  0.3170E+03
     17.389  0.1281E+02  0.3174E+03
     17.407  0.9846E+01  0.3176E+03
     17.425  0.1829E+02  0.3178E+03
     17.443  0.2315E+02  0.3182E+03
     17.461  0.2293E+02  0.3186E+03
     17.480  0.1763E+02  0.3190E+03
     17.498  0.9008E+01  0.3193E+03
     17.516  0.7324E+01  0.3194E+03
     17.534  0.6101E+01  0.3195E+03
     17.553  0.5190E+01  0.3196E+03
     17.571  0.4354E+01  0.3197E+03
     17.589  0.3592E+01  0.3198E+03
     17.607  0.2903E+01  0.3198E+03
     17.625  0.3004E+02  0.3199E+03
     17.644  0.1559E+02  0.3207E+03
     17.662  0.1346E+02  0.3209E+03
     17.680  0.1149E+02  0.3211E+03
     17.698  0.9676E+01  0.3213E+03
     17.716  0.8023E+01  0.3215E+03
     17.735  0.6531E+01  0.3216E+03
     17.753  0.5198E+01  0.3217E+03
     17.771  0.4024E+01  0.3218E+03
     17.789  0.2980E+01  0.3219E+03
     17.808  0.2088E+01  0.3219E+03
     17.826  0.1354E+01  0.3220E+03
     17.844  0.7784E+00  0.3220E+03
     17.862  0.3612E+00  0.3220E+03
     17.880  0.1022E+00  0.3220E+03
     17.899  0.1471E-02  0.3220E+03
     17.917  0.0000E+00  0.3220E+03
     17.935  0.0000E+00  0.3220E+03
     17.953  0.0000E+00  0.3220E+03
     17.971  0.0000E+00  0.3220E+03
     17.990  0.0000E+00  0.3220E+03
     18.008  0.0000E+00  0.3220E+03
     18.026  0.0000E+00  0.3220E+03
     18.044  0.0000E+00  0.3220E+03
     18.063  0.0000E+00  0.3220E+03
     18.081  0.0000E+00  0.3220E+03
     18.099  0.0000E+00  0.3220E+03
     18.117  0.0000E+00  0.3220E+03
     18.135  0.0000E+00  0.3220E+03
     18.154  0.0000E+00  0.3220E+03
     18.172  0.0000E+00  0.3220E+03
     18.190  0.0000E+00  0.3220E+03
     18.208  0.0000E+00  0.3220E+03
     18.226  0.0000E+00  0.3220E+03
     18.245  0.0000E+00  0.3220E+03
     18.263  0.0000E+00  0.3220E+03
     18.281  0.0000E+00  0.3220E+03
     18.299  0.0000E+00  0.3220E+03
     18.318  0.0000E+00  0.3220E+03
     18.336  0.0000E+00  0.3220E+03
     18.354  0.0000E+00  0.3220E+03
     18.372  0.0000E+00  0.3220E+03
     18.390  0.0000E+00  0.3220E+03
     18.409  0.0000E+00  0.3220E+03
     18.427  0.0000E+00  0.3220E+03
     18.445  0.0000E+00  0.3220E+03
     18.463  0.0000E+00  0.3220E+03
     18.481  0.0000E+00  0.3220E+03
     18.500  0.0000E+00  0.3220E+03
     18.518  0.0000E+00  0.3220E+03
     18.536  0.0000E+00  0.3220E+03
     18.554  0.0000E+00  0.3220E+03
     18.572  0.0000E+00  0.3220E+03
     18.591  0.0000E+00  0.3220E+03
     18.609  0.0000E+00  0.3220E+03
     18.627  0.0000E+00  0.3220E+03
     18.645  0.0000E+00  0.3220E+03
     18.664  0.0000E+00  0.3220E+03
     18.682  0.0000E+00  0.3220E+03
     18.700  0.0000E+00  0.3220E+03
     18.718  0.0000E+00  0.3220E+03
     18.736  0.0000E+00  0.3220E+03
     18.755  0.0000E+00  0.3220E+03
     18.773  0.0000E+00  0.3220E+03
     18.791  0.0000E+00  0.3220E+03
     18.809  0.0000E+00  0.3220E+03
     18.827  0.0000E+00  0.3220E+03
     18.846  0.0000E+00  0.3220E+03
     18.864  0.0000E+00  0.3220E+03
     18.882  0.0000E+00  0.3220E+03
     18.900  0.0000E+00  0.3220E+03
     18.919  0.0000E+00  0.3220E+03
     18.937  0.0000E+00  0.3220E+03
     18.955  0.0000E+00  0.3220E+03
     18.973  0.0000E+00  0.3220E+03
     18.991  0.0000E+00  0.3220E+03
     19.010  0.0000E+00  0.3220E+03
     19.028  0.0000E+00  0.3220E+03
     19.046  0.0000E+00  0.3220E+03
     19.064  0.0000E+00  0.3220E+03
     19.082  0.0000E+00  0.3220E+03
     19.101  0.0000E+00  0.3220E+03
     19.119  0.0000E+00  0.3220E+03
     19.137  0.0000E+00  0.3220E+03
     19.155  0.0000E+00  0.3220E+03
     19.174  0.0000E+00  0.3220E+03
     19.192  0.0000E+00  0.3220E+03
     19.210  0.0000E+00  0.3220E+03
     19.228  0.0000E+00  0.3220E+03
     19.246  0.0000E+00  0.3220E+03
     19.265  0.0000E+00  0.3220E+03
     19.283  0.0000E+00  0.3220E+03
     19.301  0.0000E+00  0.3220E+03
     19.319  0.0000E+00  0.3220E+03
     19.337  0.0000E+00  0.3220E+03
     19.356  0.0000E+00  0.3220E+03
     19.374  0.0000E+00  0.3220E+03
     19.392  0.0000E+00  0.3220E+03
     19.410  0.0000E+00  0.3220E+03
     19.429  0.0000E+00  0.3220E+03
     19.447  0.0000E+00  0.3220E+03
     19.465  0.0000E+00  0.3220E+03
     19.483  0.0000E+00  0.3220E+03
     19.501  0.0000E+00  0.3220E+03
     19.520  0.0000E+00  0.3220E+03
     19.538  0.0000E+00  0.3220E+03
     19.556  0.0000E+00  0.3220E+03


