 Energy DOS Integrated_DOS
    -16.881  0.0000E+00  0.0000E+00
    -16.863  0.0000E+00  0.0000E+00
    -16.845  0.0000E+00  0.0000E+00
    -16.826  0.0000E+00  0.0000E+00
    -16.808  0.0000E+00  0.0000E+00
    -16.790  0.0000E+00  0.0000E+00
    -16.772  0.0000E+00  0.0000E+00
    -16.754  0.0000E+00  0.0000E+00
    -16.736  0.0000E+00  0.0000E+00
    -16.718  0.0000E+00  0.0000E+00
    -16.699  0.0000E+00  0.0000E+00
    -16.681  0.0000E+00  0.0000E+00
    -16.663  0.0000E+00  0.0000E+00
    -16.645  0.0000E+00  0.0000E+00
    -16.627  0.0000E+00  0.0000E+00
    -16.609  0.0000E+00  0.0000E+00
    -16.590  0.0000E+00  0.0000E+00
    -16.572  0.0000E+00  0.0000E+00
    -16.554  0.0000E+00  0.0000E+00
    -16.536  0.0000E+00  0.0000E+00
    -16.518  0.0000E+00  0.0000E+00
    -16.500  0.0000E+00  0.0000E+00
    -16.482  0.0000E+00  0.0000E+00
    -16.463  0.0000E+00  0.0000E+00
    -16.445  0.0000E+00  0.0000E+00
    -16.427  0.0000E+00  0.0000E+00
    -16.409  0.0000E+00  0.0000E+00
    -16.391  0.0000E+00  0.0000E+00
    -16.373  0.0000E+00  0.0000E+00
    -16.354  0.0000E+00  0.0000E+00
    -16.336  0.0000E+00  0.0000E+00
    -16.318  0.0000E+00  0.0000E+00
    -16.300  0.0000E+00  0.0000E+00
    -16.282  0.0000E+00  0.0000E+00
    -16.264  0.0000E+00  0.0000E+00
    -16.246  0.0000E+00  0.0000E+00
    -16.227  0.0000E+00  0.0000E+00
    -16.209  0.0000E+00  0.0000E+00
    -16.191  0.0000E+00  0.0000E+00
    -16.173  0.0000E+00  0.0000E+00
    -16.155  0.0000E+00  0.0000E+00
    -16.137  0.0000E+00  0.0000E+00
    -16.118  0.0000E+00  0.0000E+00
    -16.100  0.0000E+00  0.0000E+00
    -16.082  0.0000E+00  0.0000E+00
    -16.064  0.0000E+00  0.0000E+00
    -16.046  0.0000E+00  0.0000E+00
    -16.028  0.0000E+00  0.0000E+00
    -16.010  0.0000E+00  0.0000E+00
    -15.991  0.0000E+00  0.0000E+00
    -15.973  0.0000E+00  0.0000E+00
    -15.955  0.0000E+00  0.0000E+00
    -15.937  0.0000E+00  0.0000E+00
    -15.919  0.0000E+00  0.0000E+00
    -15.901  0.0000E+00  0.0000E+00
    -15.882  0.0000E+00  0.0000E+00
    -15.864  0.0000E+00  0.0000E+00
    -15.846  0.0000E+00  0.0000E+00
    -15.828  0.0000E+00  0.0000E+00
    -15.810  0.0000E+00  0.0000E+00
    -15.792  0.0000E+00  0.0000E+00
    -15.774  0.0000E+00  0.0000E+00
    -15.755  0.0000E+00  0.0000E+00
    -15.737  0.0000E+00  0.0000E+00
    -15.719  0.0000E+00  0.0000E+00
    -15.701  0.0000E+00  0.0000E+00
    -15.683  0.0000E+00  0.0000E+00
    -15.665  0.0000E+00  0.0000E+00
    -15.646  0.0000E+00  0.0000E+00
    -15.628  0.0000E+00  0.0000E+00
    -15.610  0.0000E+00  0.0000E+00
    -15.592  0.0000E+00  0.0000E+00
    -15.574  0.0000E+00  0.0000E+00
    -15.556  0.0000E+00  0.0000E+00
    -15.537  0.0000E+00  0.0000E+00
    -15.519  0.0000E+00  0.0000E+00
    -15.501  0.0000E+00  0.0000E+00
    -15.483  0.0000E+00  0.0000E+00
    -15.465  0.0000E+00  0.0000E+00
    -15.447  0.0000E+00  0.0000E+00
    -15.429  0.0000E+00  0.0000E+00
    -15.410  0.0000E+00  0.0000E+00
    -15.392  0.0000E+00  0.0000E+00
    -15.374  0.0000E+00  0.0000E+00
    -15.356  0.0000E+00  0.0000E+00
    -15.338  0.0000E+00  0.0000E+00
    -15.320  0.0000E+00  0.0000E+00
    -15.301  0.0000E+00  0.0000E+00
    -15.283  0.0000E+00  0.0000E+00
    -15.265  0.0000E+00  0.0000E+00
    -15.247  0.0000E+00  0.0000E+00
    -15.229  0.8813E-03  0.7272E-06
    -15.211  0.6120E-01  0.4208E-03
    -15.193  0.2163E+00  0.2796E-02
    -15.174  0.4662E+00  0.8848E-02
    -15.156  0.8109E+00  0.2030E-01
    -15.138  0.1250E+01  0.3886E-01
    -15.120  0.1785E+01  0.6627E-01
    -15.102  0.2414E+01  0.1042E+00
    -15.084  0.3137E+01  0.1545E+00
    -15.065  0.3956E+01  0.2187E+00
    -15.047  0.4869E+01  0.2987E+00
    -15.029  0.5878E+01  0.3961E+00
    -15.011  0.7206E+01  0.5152E+00
    -14.993  0.1014E+02  0.6674E+00
    -14.975  0.1340E+02  0.8822E+00
    -14.957  0.1592E+02  0.1149E+01
    -14.938  0.1772E+02  0.1456E+01
    -14.920  0.1878E+02  0.1788E+01
    -14.902  0.1912E+02  0.2134E+01
    -14.884  0.1872E+02  0.2478E+01
    -14.866  0.1750E+02  0.2809E+01
    -14.848  0.1486E+02  0.3102E+01
    -14.829  0.1211E+02  0.3341E+01
    -14.811  0.1125E+02  0.3553E+01
    -14.793  0.1069E+02  0.3751E+01
    -14.775  0.1044E+02  0.3943E+01
    -14.757  0.1043E+02  0.4132E+01
    -14.739  0.1034E+02  0.4321E+01
    -14.721  0.1017E+02  0.4507E+01
    -14.702  0.1155E+02  0.4703E+01
    -14.684  0.1282E+02  0.4925E+01
    -14.666  0.1383E+02  0.5167E+01
    -14.648  0.1458E+02  0.5426E+01
    -14.630  0.1508E+02  0.5695E+01
    -14.612  0.1533E+02  0.5972E+01
    -14.593  0.1531E+02  0.6250E+01
    -14.575  0.1504E+02  0.6526E+01
    -14.557  0.1408E+02  0.6792E+01
    -14.539  0.1236E+02  0.7033E+01
    -14.521  0.1008E+02  0.7237E+01
    -14.503  0.1052E+02  0.7420E+01
    -14.485  0.1182E+02  0.7622E+01
    -14.466  0.1349E+02  0.7851E+01
    -14.448  0.1564E+02  0.8115E+01
    -14.430  0.1801E+02  0.8421E+01
    -14.412  0.1969E+02  0.8765E+01
    -14.394  0.2235E+02  0.9137E+01
    -14.376  0.2885E+02  0.9600E+01
    -14.357  0.3657E+02  0.1019E+02
    -14.339  0.4551E+02  0.1094E+02
    -14.321  0.6407E+02  0.1193E+02
    -14.303  0.5716E+02  0.1307E+02
    -14.285  0.4570E+02  0.1398E+02
    -14.267  0.1681E+02  0.1460E+02
    -14.249  0.1042E+02  0.1478E+02
    -14.230  0.2875E+02  0.1549E+02
    -14.212  0.2436E+02  0.1589E+02
    -14.194  0.2781E+02  0.1636E+02
    -14.176  0.4142E+02  0.1701E+02
    -14.158  0.4034E+02  0.1777E+02
    -14.140  0.3037E+02  0.1843E+02
    -14.121  0.4644E+02  0.1956E+02
    -14.103  0.3738E+02  0.2032E+02
    -14.085  0.2899E+02  0.2092E+02
    -14.067  0.2128E+02  0.2138E+02
    -14.049  0.2091E+02  0.2171E+02
    -14.031  0.4879E+02  0.2242E+02
    -14.013  0.2861E+02  0.2317E+02
    -13.994  0.1250E+02  0.2351E+02
    -13.976  0.3111E+02  0.2373E+02
    -13.958  0.5411E+02  0.2517E+02
    -13.940  0.6979E+02  0.2652E+02
    -13.922  0.2470E+02  0.2719E+02
    -13.904  0.3398E+02  0.2767E+02
    -13.885  0.9238E+02  0.2873E+02
    -13.867  0.8911E+02  0.3082E+02
    -13.849  0.8793E+02  0.3242E+02
    -13.831  0.8585E+02  0.3400E+02
    -13.813  0.8281E+02  0.3553E+02
    -13.795  0.6673E+02  0.3692E+02
    -13.777  0.6339E+02  0.3808E+02
    -13.758  0.7470E+02  0.3933E+02
    -13.740  0.7943E+02  0.4068E+02
    -13.722  0.8558E+02  0.4214E+02
    -13.704  0.9542E+02  0.4384E+02
    -13.686  0.2317E+02  0.4456E+02
    -13.668  0.1659E+03  0.4630E+02
    -13.649  0.1266E+03  0.4909E+02
    -13.631  0.1109E+03  0.5129E+02
    -13.613  0.8688E+02  0.5262E+02
    -13.595  0.9648E+02  0.5437E+02
    -13.577  0.7176E+02  0.5585E+02
    -13.559  0.8537E+02  0.5723E+02
    -13.541  0.9608E+02  0.5894E+02
    -13.522  0.6590E+02  0.6043E+02
    -13.504  0.3460E+02  0.6194E+02
    -13.486  0.0000E+00  0.6200E+02
    -13.468  0.0000E+00  0.6200E+02
    -13.450  0.0000E+00  0.6200E+02
    -13.432  0.0000E+00  0.6200E+02
    -13.413  0.0000E+00  0.6200E+02
    -13.395  0.0000E+00  0.6200E+02
    -13.377  0.0000E+00  0.6200E+02
    -13.359  0.0000E+00  0.6200E+02
    -13.341  0.0000E+00  0.6200E+02
    -13.323  0.0000E+00  0.6200E+02
    -13.305  0.0000E+00  0.6200E+02
    -13.286  0.0000E+00  0.6200E+02
    -13.268  0.0000E+00  0.6200E+02
    -13.250  0.0000E+00  0.6200E+02
    -13.232  0.0000E+00  0.6200E+02
    -13.214  0.0000E+00  0.6200E+02
    -13.196  0.0000E+00  0.6200E+02
    -13.177  0.0000E+00  0.6200E+02
    -13.159  0.0000E+00  0.6200E+02
    -13.141  0.0000E+00  0.6200E+02
    -13.123  0.0000E+00  0.6200E+02
    -13.105  0.0000E+00  0.6200E+02
    -13.087  0.0000E+00  0.6200E+02
    -13.069  0.0000E+00  0.6200E+02
    -13.050  0.0000E+00  0.6200E+02
    -13.032  0.0000E+00  0.6200E+02
    -13.014  0.0000E+00  0.6200E+02
    -12.996  0.0000E+00  0.6200E+02
    -12.978  0.0000E+00  0.6200E+02
    -12.960  0.0000E+00  0.6200E+02
    -12.941  0.0000E+00  0.6200E+02
    -12.923  0.0000E+00  0.6200E+02
    -12.905  0.0000E+00  0.6200E+02
    -12.887  0.0000E+00  0.6200E+02
    -12.869  0.0000E+00  0.6200E+02
    -12.851  0.0000E+00  0.6200E+02
    -12.832  0.0000E+00  0.6200E+02
    -12.814  0.0000E+00  0.6200E+02
    -12.796  0.0000E+00  0.6200E+02
    -12.778  0.0000E+00  0.6200E+02
    -12.760  0.0000E+00  0.6200E+02
    -12.742  0.0000E+00  0.6200E+02
    -12.724  0.0000E+00  0.6200E+02
    -12.705  0.0000E+00  0.6200E+02
    -12.687  0.0000E+00  0.6200E+02
    -12.669  0.0000E+00  0.6200E+02
    -12.651  0.0000E+00  0.6200E+02
    -12.633  0.0000E+00  0.6200E+02
    -12.615  0.0000E+00  0.6200E+02
    -12.596  0.0000E+00  0.6200E+02
    -12.578  0.0000E+00  0.6200E+02
    -12.560  0.0000E+00  0.6200E+02
    -12.542  0.0000E+00  0.6200E+02
    -12.524  0.0000E+00  0.6200E+02
    -12.506  0.0000E+00  0.6200E+02
    -12.488  0.0000E+00  0.6200E+02
    -12.469  0.0000E+00  0.6200E+02
    -12.451  0.0000E+00  0.6200E+02
    -12.433  0.0000E+00  0.6200E+02
    -12.415  0.0000E+00  0.6200E+02
    -12.397  0.0000E+00  0.6200E+02
    -12.379  0.0000E+00  0.6200E+02
    -12.360  0.0000E+00  0.6200E+02
    -12.342  0.0000E+00  0.6200E+02
    -12.324  0.0000E+00  0.6200E+02
    -12.306  0.0000E+00  0.6200E+02
    -12.288  0.0000E+00  0.6200E+02
    -12.270  0.0000E+00  0.6200E+02
    -12.252  0.0000E+00  0.6200E+02
    -12.233  0.0000E+00  0.6200E+02
    -12.215  0.0000E+00  0.6200E+02
    -12.197  0.0000E+00  0.6200E+02
    -12.179  0.0000E+00  0.6200E+02
    -12.161  0.0000E+00  0.6200E+02
    -12.143  0.0000E+00  0.6200E+02
    -12.124  0.0000E+00  0.6200E+02
    -12.106  0.0000E+00  0.6200E+02
    -12.088  0.0000E+00  0.6200E+02
    -12.070  0.0000E+00  0.6200E+02
    -12.052  0.0000E+00  0.6200E+02
    -12.034  0.0000E+00  0.6200E+02
    -12.016  0.0000E+00  0.6200E+02
    -11.997  0.0000E+00  0.6200E+02
    -11.979  0.0000E+00  0.6200E+02
    -11.961  0.0000E+00  0.6200E+02
    -11.943  0.0000E+00  0.6200E+02
    -11.925  0.0000E+00  0.6200E+02
    -11.907  0.0000E+00  0.6200E+02
    -11.888  0.0000E+00  0.6200E+02
    -11.870  0.0000E+00  0.6200E+02
    -11.852  0.0000E+00  0.6200E+02
    -11.834  0.0000E+00  0.6200E+02
    -11.816  0.0000E+00  0.6200E+02
    -11.798  0.0000E+00  0.6200E+02
    -11.780  0.0000E+00  0.6200E+02
    -11.761  0.0000E+00  0.6200E+02
    -11.743  0.0000E+00  0.6200E+02
    -11.725  0.0000E+00  0.6200E+02
    -11.707  0.0000E+00  0.6200E+02
    -11.689  0.0000E+00  0.6200E+02
    -11.671  0.0000E+00  0.6200E+02
    -11.652  0.0000E+00  0.6200E+02
    -11.634  0.0000E+00  0.6200E+02
    -11.616  0.0000E+00  0.6200E+02
    -11.598  0.0000E+00  0.6200E+02
    -11.580  0.0000E+00  0.6200E+02
    -11.562  0.0000E+00  0.6200E+02
    -11.544  0.0000E+00  0.6200E+02
    -11.525  0.0000E+00  0.6200E+02
    -11.507  0.0000E+00  0.6200E+02
    -11.489  0.0000E+00  0.6200E+02
    -11.471  0.0000E+00  0.6200E+02
    -11.453  0.0000E+00  0.6200E+02
    -11.435  0.0000E+00  0.6200E+02
    -11.416  0.0000E+00  0.6200E+02
    -11.398  0.0000E+00  0.6200E+02
    -11.380  0.0000E+00  0.6200E+02
    -11.362  0.0000E+00  0.6200E+02
    -11.344  0.0000E+00  0.6200E+02
    -11.326  0.0000E+00  0.6200E+02
    -11.308  0.0000E+00  0.6200E+02
    -11.289  0.0000E+00  0.6200E+02
    -11.271  0.0000E+00  0.6200E+02
    -11.253  0.0000E+00  0.6200E+02
    -11.235  0.0000E+00  0.6200E+02
    -11.217  0.0000E+00  0.6200E+02
    -11.199  0.0000E+00  0.6200E+02
    -11.180  0.0000E+00  0.6200E+02
    -11.162  0.0000E+00  0.6200E+02
    -11.144  0.0000E+00  0.6200E+02
    -11.126  0.0000E+00  0.6200E+02
    -11.108  0.0000E+00  0.6200E+02
    -11.090  0.0000E+00  0.6200E+02
    -11.072  0.0000E+00  0.6200E+02
    -11.053  0.0000E+00  0.6200E+02
    -11.035  0.0000E+00  0.6200E+02
    -11.017  0.0000E+00  0.6200E+02
    -10.999  0.0000E+00  0.6200E+02
    -10.981  0.0000E+00  0.6200E+02
    -10.963  0.0000E+00  0.6200E+02
    -10.944  0.0000E+00  0.6200E+02
    -10.926  0.0000E+00  0.6200E+02
    -10.908  0.0000E+00  0.6200E+02
    -10.890  0.0000E+00  0.6200E+02
    -10.872  0.0000E+00  0.6200E+02
    -10.854  0.0000E+00  0.6200E+02
    -10.836  0.0000E+00  0.6200E+02
    -10.817  0.0000E+00  0.6200E+02
    -10.799  0.0000E+00  0.6200E+02
    -10.781  0.0000E+00  0.6200E+02
    -10.763  0.0000E+00  0.6200E+02
    -10.745  0.0000E+00  0.6200E+02
    -10.727  0.0000E+00  0.6200E+02
    -10.708  0.0000E+00  0.6200E+02
    -10.690  0.0000E+00  0.6200E+02
    -10.672  0.0000E+00  0.6200E+02
    -10.654  0.0000E+00  0.6200E+02
    -10.636  0.0000E+00  0.6200E+02
    -10.618  0.0000E+00  0.6200E+02
    -10.600  0.0000E+00  0.6200E+02
    -10.581  0.0000E+00  0.6200E+02
    -10.563  0.0000E+00  0.6200E+02
    -10.545  0.0000E+00  0.6200E+02
    -10.527  0.0000E+00  0.6200E+02
    -10.509  0.0000E+00  0.6200E+02
    -10.491  0.0000E+00  0.6200E+02
    -10.472  0.0000E+00  0.6200E+02
    -10.454  0.0000E+00  0.6200E+02
    -10.436  0.0000E+00  0.6200E+02
    -10.418  0.0000E+00  0.6200E+02
    -10.400  0.0000E+00  0.6200E+02
    -10.382  0.0000E+00  0.6200E+02
    -10.364  0.0000E+00  0.6200E+02
    -10.345  0.0000E+00  0.6200E+02
    -10.327  0.0000E+00  0.6200E+02
    -10.309  0.0000E+00  0.6200E+02
    -10.291  0.0000E+00  0.6200E+02
    -10.273  0.0000E+00  0.6200E+02
    -10.255  0.0000E+00  0.6200E+02
    -10.236  0.0000E+00  0.6200E+02
    -10.218  0.0000E+00  0.6200E+02
    -10.200  0.0000E+00  0.6200E+02
    -10.182  0.0000E+00  0.6200E+02
    -10.164  0.0000E+00  0.6200E+02
    -10.146  0.0000E+00  0.6200E+02
    -10.128  0.0000E+00  0.6200E+02
    -10.109  0.0000E+00  0.6200E+02
    -10.091  0.0000E+00  0.6200E+02
    -10.073  0.0000E+00  0.6200E+02
    -10.055  0.0000E+00  0.6200E+02
    -10.037  0.0000E+00  0.6200E+02
    -10.019  0.0000E+00  0.6200E+02
    -10.000  0.0000E+00  0.6200E+02
     -9.982  0.0000E+00  0.6200E+02
     -9.964  0.0000E+00  0.6200E+02
     -9.946  0.0000E+00  0.6200E+02
     -9.928  0.0000E+00  0.6200E+02
     -9.910  0.0000E+00  0.6200E+02
     -9.891  0.0000E+00  0.6200E+02
     -9.873  0.0000E+00  0.6200E+02
     -9.855  0.0000E+00  0.6200E+02
     -9.837  0.0000E+00  0.6200E+02
     -9.819  0.0000E+00  0.6200E+02
     -9.801  0.0000E+00  0.6200E+02
     -9.783  0.0000E+00  0.6200E+02
     -9.764  0.0000E+00  0.6200E+02
     -9.746  0.0000E+00  0.6200E+02
     -9.728  0.0000E+00  0.6200E+02
     -9.710  0.0000E+00  0.6200E+02
     -9.692  0.0000E+00  0.6200E+02
     -9.674  0.0000E+00  0.6200E+02
     -9.655  0.0000E+00  0.6200E+02
     -9.637  0.0000E+00  0.6200E+02
     -9.619  0.0000E+00  0.6200E+02
     -9.601  0.0000E+00  0.6200E+02
     -9.583  0.0000E+00  0.6200E+02
     -9.565  0.0000E+00  0.6200E+02
     -9.547  0.0000E+00  0.6200E+02
     -9.528  0.0000E+00  0.6200E+02
     -9.510  0.0000E+00  0.6200E+02
     -9.492  0.0000E+00  0.6200E+02
     -9.474  0.0000E+00  0.6200E+02
     -9.456  0.0000E+00  0.6200E+02
     -9.438  0.0000E+00  0.6200E+02
     -9.419  0.0000E+00  0.6200E+02
     -9.401  0.0000E+00  0.6200E+02
     -9.383  0.0000E+00  0.6200E+02
     -9.365  0.0000E+00  0.6200E+02
     -9.347  0.0000E+00  0.6200E+02
     -9.329  0.0000E+00  0.6200E+02
     -9.311  0.0000E+00  0.6200E+02
     -9.292  0.0000E+00  0.6200E+02
     -9.274  0.0000E+00  0.6200E+02
     -9.256  0.0000E+00  0.6200E+02
     -9.238  0.0000E+00  0.6200E+02
     -9.220  0.0000E+00  0.6200E+02
     -9.202  0.0000E+00  0.6200E+02
     -9.183  0.0000E+00  0.6200E+02
     -9.165  0.0000E+00  0.6200E+02
     -9.147  0.0000E+00  0.6200E+02
     -9.129  0.0000E+00  0.6200E+02
     -9.111  0.0000E+00  0.6200E+02
     -9.093  0.0000E+00  0.6200E+02
     -9.075  0.0000E+00  0.6200E+02
     -9.056  0.0000E+00  0.6200E+02
     -9.038  0.0000E+00  0.6200E+02
     -9.020  0.0000E+00  0.6200E+02
     -9.002  0.0000E+00  0.6200E+02
     -8.984  0.0000E+00  0.6200E+02
     -8.966  0.0000E+00  0.6200E+02
     -8.947  0.0000E+00  0.6200E+02
     -8.929  0.0000E+00  0.6200E+02
     -8.911  0.0000E+00  0.6200E+02
     -8.893  0.0000E+00  0.6200E+02
     -8.875  0.0000E+00  0.6200E+02
     -8.857  0.0000E+00  0.6200E+02
     -8.839  0.0000E+00  0.6200E+02
     -8.820  0.0000E+00  0.6200E+02
     -8.802  0.0000E+00  0.6200E+02
     -8.784  0.0000E+00  0.6200E+02
     -8.766  0.0000E+00  0.6200E+02
     -8.748  0.0000E+00  0.6200E+02
     -8.730  0.0000E+00  0.6200E+02
     -8.711  0.0000E+00  0.6200E+02
     -8.693  0.0000E+00  0.6200E+02
     -8.675  0.0000E+00  0.6200E+02
     -8.657  0.0000E+00  0.6200E+02
     -8.639  0.0000E+00  0.6200E+02
     -8.621  0.0000E+00  0.6200E+02
     -8.603  0.0000E+00  0.6200E+02
     -8.584  0.0000E+00  0.6200E+02
     -8.566  0.0000E+00  0.6200E+02
     -8.548  0.0000E+00  0.6200E+02
     -8.530  0.0000E+00  0.6200E+02
     -8.512  0.0000E+00  0.6200E+02
     -8.494  0.0000E+00  0.6200E+02
     -8.475  0.0000E+00  0.6200E+02
     -8.457  0.0000E+00  0.6200E+02
     -8.439  0.0000E+00  0.6200E+02
     -8.421  0.0000E+00  0.6200E+02
     -8.403  0.0000E+00  0.6200E+02
     -8.385  0.0000E+00  0.6200E+02
     -8.367  0.0000E+00  0.6200E+02
     -8.348  0.0000E+00  0.6200E+02
     -8.330  0.0000E+00  0.6200E+02
     -8.312  0.0000E+00  0.6200E+02
     -8.294  0.0000E+00  0.6200E+02
     -8.276  0.0000E+00  0.6200E+02
     -8.258  0.0000E+00  0.6200E+02
     -8.239  0.0000E+00  0.6200E+02
     -8.221  0.0000E+00  0.6200E+02
     -8.203  0.0000E+00  0.6200E+02
     -8.185  0.0000E+00  0.6200E+02
     -8.167  0.0000E+00  0.6200E+02
     -8.149  0.0000E+00  0.6200E+02
     -8.131  0.0000E+00  0.6200E+02
     -8.112  0.0000E+00  0.6200E+02
     -8.094  0.0000E+00  0.6200E+02
     -8.076  0.0000E+00  0.6200E+02
     -8.058  0.0000E+00  0.6200E+02
     -8.040  0.0000E+00  0.6200E+02
     -8.022  0.0000E+00  0.6200E+02
     -8.003  0.0000E+00  0.6200E+02
     -7.985  0.0000E+00  0.6200E+02
     -7.967  0.0000E+00  0.6200E+02
     -7.949  0.0000E+00  0.6200E+02
     -7.931  0.0000E+00  0.6200E+02
     -7.913  0.0000E+00  0.6200E+02
     -7.895  0.0000E+00  0.6200E+02
     -7.876  0.0000E+00  0.6200E+02
     -7.858  0.0000E+00  0.6200E+02
     -7.840  0.0000E+00  0.6200E+02
     -7.822  0.0000E+00  0.6200E+02
     -7.804  0.0000E+00  0.6200E+02
     -7.786  0.0000E+00  0.6200E+02
     -7.767  0.0000E+00  0.6200E+02
     -7.749  0.0000E+00  0.6200E+02
     -7.731  0.0000E+00  0.6200E+02
     -7.713  0.0000E+00  0.6200E+02
     -7.695  0.0000E+00  0.6200E+02
     -7.677  0.0000E+00  0.6200E+02
     -7.659  0.0000E+00  0.6200E+02
     -7.640  0.0000E+00  0.6200E+02
     -7.622  0.0000E+00  0.6200E+02
     -7.604  0.0000E+00  0.6200E+02
     -7.586  0.0000E+00  0.6200E+02
     -7.568  0.0000E+00  0.6200E+02
     -7.550  0.0000E+00  0.6200E+02
     -7.531  0.0000E+00  0.6200E+02
     -7.513  0.0000E+00  0.6200E+02
     -7.495  0.0000E+00  0.6200E+02
     -7.477  0.0000E+00  0.6200E+02
     -7.459  0.0000E+00  0.6200E+02
     -7.441  0.0000E+00  0.6200E+02
     -7.423  0.0000E+00  0.6200E+02
     -7.404  0.0000E+00  0.6200E+02
     -7.386  0.0000E+00  0.6200E+02
     -7.368  0.0000E+00  0.6200E+02
     -7.350  0.0000E+00  0.6200E+02
     -7.332  0.0000E+00  0.6200E+02
     -7.314  0.0000E+00  0.6200E+02
     -7.295  0.0000E+00  0.6200E+02
     -7.277  0.0000E+00  0.6200E+02
     -7.259  0.0000E+00  0.6200E+02
     -7.241  0.0000E+00  0.6200E+02
     -7.223  0.0000E+00  0.6200E+02
     -7.205  0.0000E+00  0.6200E+02
     -7.186  0.0000E+00  0.6200E+02
     -7.168  0.0000E+00  0.6200E+02
     -7.150  0.0000E+00  0.6200E+02
     -7.132  0.0000E+00  0.6200E+02
     -7.114  0.0000E+00  0.6200E+02
     -7.096  0.0000E+00  0.6200E+02
     -7.078  0.0000E+00  0.6200E+02
     -7.059  0.0000E+00  0.6200E+02
     -7.041  0.0000E+00  0.6200E+02
     -7.023  0.0000E+00  0.6200E+02
     -7.005  0.0000E+00  0.6200E+02
     -6.987  0.0000E+00  0.6200E+02
     -6.969  0.0000E+00  0.6200E+02
     -6.950  0.0000E+00  0.6200E+02
     -6.932  0.0000E+00  0.6200E+02
     -6.914  0.0000E+00  0.6200E+02
     -6.896  0.0000E+00  0.6200E+02
     -6.878  0.0000E+00  0.6200E+02
     -6.860  0.0000E+00  0.6200E+02
     -6.842  0.0000E+00  0.6200E+02
     -6.823  0.0000E+00  0.6200E+02
     -6.805  0.0000E+00  0.6200E+02
     -6.787  0.0000E+00  0.6200E+02
     -6.769  0.0000E+00  0.6200E+02
     -6.751  0.0000E+00  0.6200E+02
     -6.733  0.0000E+00  0.6200E+02
     -6.714  0.0000E+00  0.6200E+02
     -6.696  0.0000E+00  0.6200E+02
     -6.678  0.0000E+00  0.6200E+02
     -6.660  0.0000E+00  0.6200E+02
     -6.642  0.0000E+00  0.6200E+02
     -6.624  0.0000E+00  0.6200E+02
     -6.606  0.0000E+00  0.6200E+02
     -6.587  0.0000E+00  0.6200E+02
     -6.569  0.0000E+00  0.6200E+02
     -6.551  0.0000E+00  0.6200E+02
     -6.533  0.0000E+00  0.6200E+02
     -6.515  0.0000E+00  0.6200E+02
     -6.497  0.0000E+00  0.6200E+02
     -6.478  0.0000E+00  0.6200E+02
     -6.460  0.0000E+00  0.6200E+02
     -6.442  0.0000E+00  0.6200E+02
     -6.424  0.0000E+00  0.6200E+02
     -6.406  0.0000E+00  0.6200E+02
     -6.388  0.0000E+00  0.6200E+02
     -6.370  0.0000E+00  0.6200E+02
     -6.351  0.0000E+00  0.6200E+02
     -6.333  0.0000E+00  0.6200E+02
     -6.315  0.0000E+00  0.6200E+02
     -6.297  0.0000E+00  0.6200E+02
     -6.279  0.0000E+00  0.6200E+02
     -6.261  0.0000E+00  0.6200E+02
     -6.242  0.0000E+00  0.6200E+02
     -6.224  0.0000E+00  0.6200E+02
     -6.206  0.0000E+00  0.6200E+02
     -6.188  0.0000E+00  0.6200E+02
     -6.170  0.0000E+00  0.6200E+02
     -6.152  0.0000E+00  0.6200E+02
     -6.134  0.0000E+00  0.6200E+02
     -6.115  0.0000E+00  0.6200E+02
     -6.097  0.0000E+00  0.6200E+02
     -6.079  0.0000E+00  0.6200E+02
     -6.061  0.0000E+00  0.6200E+02
     -6.043  0.0000E+00  0.6200E+02
     -6.025  0.0000E+00  0.6200E+02
     -6.006  0.0000E+00  0.6200E+02
     -5.988  0.0000E+00  0.6200E+02
     -5.970  0.0000E+00  0.6200E+02
     -5.952  0.0000E+00  0.6200E+02
     -5.934  0.0000E+00  0.6200E+02
     -5.916  0.0000E+00  0.6200E+02
     -5.898  0.0000E+00  0.6200E+02
     -5.879  0.0000E+00  0.6200E+02
     -5.861  0.0000E+00  0.6200E+02
     -5.843  0.0000E+00  0.6200E+02
     -5.825  0.0000E+00  0.6200E+02
     -5.807  0.0000E+00  0.6200E+02
     -5.789  0.0000E+00  0.6200E+02
     -5.770  0.0000E+00  0.6200E+02
     -5.752  0.0000E+00  0.6200E+02
     -5.734  0.0000E+00  0.6200E+02
     -5.716  0.0000E+00  0.6200E+02
     -5.698  0.0000E+00  0.6200E+02
     -5.680  0.0000E+00  0.6200E+02
     -5.662  0.0000E+00  0.6200E+02
     -5.643  0.0000E+00  0.6200E+02
     -5.625  0.0000E+00  0.6200E+02
     -5.607  0.0000E+00  0.6200E+02
     -5.589  0.0000E+00  0.6200E+02
     -5.571  0.0000E+00  0.6200E+02
     -5.553  0.0000E+00  0.6200E+02
     -5.534  0.0000E+00  0.6200E+02
     -5.516  0.0000E+00  0.6200E+02
     -5.498  0.0000E+00  0.6200E+02
     -5.480  0.0000E+00  0.6200E+02
     -5.462  0.0000E+00  0.6200E+02
     -5.444  0.0000E+00  0.6200E+02
     -5.426  0.0000E+00  0.6200E+02
     -5.407  0.0000E+00  0.6200E+02
     -5.389  0.0000E+00  0.6200E+02
     -5.371  0.0000E+00  0.6200E+02
     -5.353  0.0000E+00  0.6200E+02
     -5.335  0.0000E+00  0.6200E+02
     -5.317  0.0000E+00  0.6200E+02
     -5.298  0.0000E+00  0.6200E+02
     -5.280  0.0000E+00  0.6200E+02
     -5.262  0.0000E+00  0.6200E+02
     -5.244  0.0000E+00  0.6200E+02
     -5.226  0.0000E+00  0.6200E+02
     -5.208  0.0000E+00  0.6200E+02
     -5.190  0.0000E+00  0.6200E+02
     -5.171  0.0000E+00  0.6200E+02
     -5.153  0.0000E+00  0.6200E+02
     -5.135  0.0000E+00  0.6200E+02
     -5.117  0.0000E+00  0.6200E+02
     -5.099  0.0000E+00  0.6200E+02
     -5.081  0.0000E+00  0.6200E+02
     -5.062  0.0000E+00  0.6200E+02
     -5.044  0.0000E+00  0.6200E+02
     -5.026  0.0000E+00  0.6200E+02
     -5.008  0.0000E+00  0.6200E+02
     -4.990  0.0000E+00  0.6200E+02
     -4.972  0.0000E+00  0.6200E+02
     -4.954  0.0000E+00  0.6200E+02
     -4.935  0.0000E+00  0.6200E+02
     -4.917  0.0000E+00  0.6200E+02
     -4.899  0.0000E+00  0.6200E+02
     -4.881  0.0000E+00  0.6200E+02
     -4.863  0.0000E+00  0.6200E+02
     -4.845  0.0000E+00  0.6200E+02
     -4.826  0.0000E+00  0.6200E+02
     -4.808  0.0000E+00  0.6200E+02
     -4.790  0.0000E+00  0.6200E+02
     -4.772  0.0000E+00  0.6200E+02
     -4.754  0.0000E+00  0.6200E+02
     -4.736  0.0000E+00  0.6200E+02
     -4.718  0.0000E+00  0.6200E+02
     -4.699  0.0000E+00  0.6200E+02
     -4.681  0.0000E+00  0.6200E+02
     -4.663  0.0000E+00  0.6200E+02
     -4.645  0.0000E+00  0.6200E+02
     -4.627  0.0000E+00  0.6200E+02
     -4.609  0.0000E+00  0.6200E+02
     -4.590  0.0000E+00  0.6200E+02
     -4.572  0.0000E+00  0.6200E+02
     -4.554  0.0000E+00  0.6200E+02
     -4.536  0.0000E+00  0.6200E+02
     -4.518  0.0000E+00  0.6200E+02
     -4.500  0.0000E+00  0.6200E+02
     -4.481  0.0000E+00  0.6200E+02
     -4.463  0.0000E+00  0.6200E+02
     -4.445  0.0000E+00  0.6200E+02
     -4.427  0.0000E+00  0.6200E+02
     -4.409  0.0000E+00  0.6200E+02
     -4.391  0.0000E+00  0.6200E+02
     -4.373  0.0000E+00  0.6200E+02
     -4.354  0.0000E+00  0.6200E+02
     -4.336  0.0000E+00  0.6200E+02
     -4.318  0.0000E+00  0.6200E+02
     -4.300  0.0000E+00  0.6200E+02
     -4.282  0.0000E+00  0.6200E+02
     -4.264  0.0000E+00  0.6200E+02
     -4.245  0.0000E+00  0.6200E+02
     -4.227  0.0000E+00  0.6200E+02
     -4.209  0.0000E+00  0.6200E+02
     -4.191  0.0000E+00  0.6200E+02
     -4.173  0.0000E+00  0.6200E+02
     -4.155  0.0000E+00  0.6200E+02
     -4.137  0.0000E+00  0.6200E+02
     -4.118  0.0000E+00  0.6200E+02
     -4.100  0.0000E+00  0.6200E+02
     -4.082  0.0000E+00  0.6200E+02
     -4.064  0.0000E+00  0.6200E+02
     -4.046  0.0000E+00  0.6200E+02
     -4.028  0.0000E+00  0.6200E+02
     -4.009  0.0000E+00  0.6200E+02
     -3.991  0.0000E+00  0.6200E+02
     -3.973  0.0000E+00  0.6200E+02
     -3.955  0.0000E+00  0.6200E+02
     -3.937  0.0000E+00  0.6200E+02
     -3.919  0.0000E+00  0.6200E+02
     -3.901  0.0000E+00  0.6200E+02
     -3.882  0.0000E+00  0.6200E+02
     -3.864  0.0000E+00  0.6200E+02
     -3.846  0.0000E+00  0.6200E+02
     -3.828  0.0000E+00  0.6200E+02
     -3.810  0.0000E+00  0.6200E+02
     -3.792  0.0000E+00  0.6200E+02
     -3.773  0.0000E+00  0.6200E+02
     -3.755  0.0000E+00  0.6200E+02
     -3.737  0.0000E+00  0.6200E+02
     -3.719  0.0000E+00  0.6200E+02
     -3.701  0.0000E+00  0.6200E+02
     -3.683  0.0000E+00  0.6200E+02
     -3.665  0.0000E+00  0.6200E+02
     -3.646  0.0000E+00  0.6200E+02
     -3.628  0.0000E+00  0.6200E+02
     -3.610  0.0000E+00  0.6200E+02
     -3.592  0.0000E+00  0.6200E+02
     -3.574  0.0000E+00  0.6200E+02
     -3.556  0.0000E+00  0.6200E+02
     -3.537  0.0000E+00  0.6200E+02
     -3.519  0.0000E+00  0.6200E+02
     -3.501  0.0000E+00  0.6200E+02
     -3.483  0.0000E+00  0.6200E+02
     -3.465  0.0000E+00  0.6200E+02
     -3.447  0.0000E+00  0.6200E+02
     -3.429  0.0000E+00  0.6200E+02
     -3.410  0.0000E+00  0.6200E+02
     -3.392  0.0000E+00  0.6200E+02
     -3.374  0.0000E+00  0.6200E+02
     -3.356  0.0000E+00  0.6200E+02
     -3.338  0.0000E+00  0.6200E+02
     -3.320  0.0000E+00  0.6200E+02
     -3.301  0.0000E+00  0.6200E+02
     -3.283  0.0000E+00  0.6200E+02
     -3.265  0.0000E+00  0.6200E+02
     -3.247  0.0000E+00  0.6200E+02
     -3.229  0.0000E+00  0.6200E+02
     -3.211  0.0000E+00  0.6200E+02
     -3.193  0.0000E+00  0.6200E+02
     -3.174  0.0000E+00  0.6200E+02
     -3.156  0.0000E+00  0.6200E+02
     -3.138  0.0000E+00  0.6200E+02
     -3.120  0.0000E+00  0.6200E+02
     -3.102  0.0000E+00  0.6200E+02
     -3.084  0.0000E+00  0.6200E+02
     -3.065  0.0000E+00  0.6200E+02
     -3.047  0.0000E+00  0.6200E+02
     -3.029  0.0000E+00  0.6200E+02
     -3.011  0.0000E+00  0.6200E+02
     -2.993  0.0000E+00  0.6200E+02
     -2.975  0.0000E+00  0.6200E+02
     -2.957  0.0000E+00  0.6200E+02
     -2.938  0.0000E+00  0.6200E+02
     -2.920  0.0000E+00  0.6200E+02
     -2.902  0.0000E+00  0.6200E+02
     -2.884  0.0000E+00  0.6200E+02
     -2.866  0.0000E+00  0.6200E+02
     -2.848  0.0000E+00  0.6200E+02
     -2.829  0.0000E+00  0.6200E+02
     -2.811  0.0000E+00  0.6200E+02
     -2.793  0.0000E+00  0.6200E+02
     -2.775  0.0000E+00  0.6200E+02
     -2.757  0.0000E+00  0.6200E+02
     -2.739  0.0000E+00  0.6200E+02
     -2.721  0.0000E+00  0.6200E+02
     -2.702  0.0000E+00  0.6200E+02
     -2.684  0.0000E+00  0.6200E+02
     -2.666  0.0000E+00  0.6200E+02
     -2.648  0.0000E+00  0.6200E+02
     -2.630  0.0000E+00  0.6200E+02
     -2.612  0.0000E+00  0.6200E+02
     -2.593  0.0000E+00  0.6200E+02
     -2.575  0.0000E+00  0.6200E+02
     -2.557  0.0000E+00  0.6200E+02
     -2.539  0.0000E+00  0.6200E+02
     -2.521  0.0000E+00  0.6200E+02
     -2.503  0.0000E+00  0.6200E+02
     -2.485  0.0000E+00  0.6200E+02
     -2.466  0.0000E+00  0.6200E+02
     -2.448  0.0000E+00  0.6200E+02
     -2.430  0.0000E+00  0.6200E+02
     -2.412  0.0000E+00  0.6200E+02
     -2.394  0.0000E+00  0.6200E+02
     -2.376  0.0000E+00  0.6200E+02
     -2.357  0.0000E+00  0.6200E+02
     -2.339  0.0000E+00  0.6200E+02
     -2.321  0.0000E+00  0.6200E+02
     -2.303  0.0000E+00  0.6200E+02
     -2.285  0.0000E+00  0.6200E+02
     -2.267  0.0000E+00  0.6200E+02
     -2.249  0.0000E+00  0.6200E+02
     -2.230  0.0000E+00  0.6200E+02
     -2.212  0.0000E+00  0.6200E+02
     -2.194  0.0000E+00  0.6200E+02
     -2.176  0.0000E+00  0.6200E+02
     -2.158  0.0000E+00  0.6200E+02
     -2.140  0.0000E+00  0.6200E+02
     -2.121  0.0000E+00  0.6200E+02
     -2.103  0.0000E+00  0.6200E+02
     -2.085  0.0000E+00  0.6200E+02
     -2.067  0.0000E+00  0.6200E+02
     -2.049  0.0000E+00  0.6200E+02
     -2.031  0.0000E+00  0.6200E+02
     -2.013  0.0000E+00  0.6200E+02
     -1.994  0.0000E+00  0.6200E+02
     -1.976  0.0000E+00  0.6200E+02
     -1.958  0.0000E+00  0.6200E+02
     -1.940  0.0000E+00  0.6200E+02
     -1.922  0.0000E+00  0.6200E+02
     -1.904  0.0000E+00  0.6200E+02
     -1.885  0.0000E+00  0.6200E+02
     -1.867  0.0000E+00  0.6200E+02
     -1.849  0.0000E+00  0.6200E+02
     -1.831  0.0000E+00  0.6200E+02
     -1.813  0.0000E+00  0.6200E+02
     -1.795  0.0000E+00  0.6200E+02
     -1.777  0.0000E+00  0.6200E+02
     -1.758  0.0000E+00  0.6200E+02
     -1.740  0.0000E+00  0.6200E+02
     -1.722  0.0000E+00  0.6200E+02
     -1.704  0.0000E+00  0.6200E+02
     -1.686  0.0000E+00  0.6200E+02
     -1.668  0.0000E+00  0.6200E+02
     -1.649  0.0000E+00  0.6200E+02
     -1.631  0.0000E+00  0.6200E+02
     -1.613  0.0000E+00  0.6200E+02
     -1.595  0.0000E+00  0.6200E+02
     -1.577  0.0000E+00  0.6200E+02
     -1.559  0.0000E+00  0.6200E+02
     -1.540  0.0000E+00  0.6200E+02
     -1.522  0.0000E+00  0.6200E+02
     -1.504  0.0000E+00  0.6200E+02
     -1.486  0.0000E+00  0.6200E+02
     -1.468  0.0000E+00  0.6200E+02
     -1.450  0.0000E+00  0.6200E+02
     -1.432  0.0000E+00  0.6200E+02
     -1.413  0.0000E+00  0.6200E+02
     -1.395  0.0000E+00  0.6200E+02
     -1.377  0.0000E+00  0.6200E+02
     -1.359  0.0000E+00  0.6200E+02
     -1.341  0.0000E+00  0.6200E+02
     -1.323  0.0000E+00  0.6200E+02
     -1.304  0.0000E+00  0.6200E+02
     -1.286  0.0000E+00  0.6200E+02
     -1.268  0.4201E-06  0.6200E+02
     -1.250  0.2762E-01  0.6200E+02
     -1.232  0.1114E+00  0.6200E+02
     -1.214  0.2593E+00  0.6200E+02
     -1.196  0.4791E+00  0.6201E+02
     -1.177  0.7709E+00  0.6202E+02
     -1.159  0.1135E+01  0.6204E+02
     -1.141  0.1571E+01  0.6206E+02
     -1.123  0.2078E+01  0.6210E+02
     -1.105  0.2658E+01  0.6214E+02
     -1.087  0.3310E+01  0.6219E+02
     -1.068  0.4034E+01  0.6226E+02
     -1.050  0.4830E+01  0.6234E+02
     -1.032  0.5698E+01  0.6244E+02
     -1.014  0.6638E+01  0.6255E+02
     -0.996  0.7650E+01  0.6268E+02
     -0.978  0.8734E+01  0.6283E+02
     -0.960  0.9890E+01  0.6300E+02
     -0.941  0.1112E+02  0.6319E+02
     -0.923  0.1242E+02  0.6340E+02
     -0.905  0.1466E+02  0.6364E+02
     -0.887  0.1699E+02  0.6393E+02
     -0.869  0.1900E+02  0.6426E+02
     -0.851  0.2070E+02  0.6462E+02
     -0.832  0.2235E+02  0.6501E+02
     -0.814  0.2662E+02  0.6544E+02
     -0.796  0.3915E+02  0.6604E+02
     -0.778  0.5123E+02  0.6686E+02
     -0.760  0.5844E+02  0.6787E+02
     -0.742  0.6128E+02  0.6896E+02
     -0.724  0.6225E+02  0.7008E+02
     -0.705  0.6429E+02  0.7122E+02
     -0.687  0.6710E+02  0.7242E+02
     -0.669  0.5805E+02  0.7351E+02
     -0.651  0.5400E+02  0.7454E+02
     -0.633  0.4536E+02  0.7544E+02
     -0.615  0.3683E+02  0.7619E+02
     -0.596  0.2511E+02  0.7675E+02
     -0.578  0.1705E+02  0.7713E+02
     -0.560  0.3085E+02  0.7749E+02
     -0.542  0.3607E+02  0.7815E+02
     -0.524  0.1908E+02  0.7863E+02
     -0.506  0.1492E+02  0.7894E+02
     -0.488  0.1112E+02  0.7917E+02
     -0.469  0.8165E+01  0.7934E+02
     -0.451  0.6161E+01  0.7947E+02
     -0.433  0.4968E+01  0.7957E+02
     -0.415  0.4324E+01  0.7966E+02
     -0.397  0.1506E+02  0.7980E+02
     -0.379  0.6039E+02  0.8050E+02
     -0.360  0.7524E+02  0.8179E+02
     -0.342  0.5552E+02  0.8302E+02
     -0.324  0.5865E+02  0.8392E+02
     -0.306  0.7715E+02  0.8519E+02
     -0.288  0.7600E+02  0.8661E+02
     -0.270  0.5532E+02  0.8783E+02
     -0.252  0.6517E+02  0.8882E+02
     -0.233  0.6737E+02  0.9011E+02
     -0.215  0.5541E+02  0.9114E+02
     -0.197  0.5620E+02  0.9216E+02
     -0.179  0.5691E+02  0.9318E+02
     -0.161  0.5786E+02  0.9422E+02
     -0.143  0.5930E+02  0.9529E+02
     -0.124  0.5993E+02  0.9637E+02
     -0.106  0.5977E+02  0.9746E+02
     -0.088  0.6024E+02  0.9855E+02
     -0.070  0.6069E+02  0.9964E+02
     -0.052  0.5500E+02  0.1007E+03
     -0.034  0.4865E+02  0.1016E+03
     -0.016  0.4634E+02  0.1025E+03
      0.003  0.4506E+02  0.1033E+03
      0.021  0.3945E+02  0.1041E+03
      0.039  0.2543E+02  0.1047E+03
      0.057  0.2537E+02  0.1052E+03
      0.075  0.2512E+02  0.1056E+03
      0.093  0.2467E+02  0.1061E+03
      0.112  0.2405E+02  0.1065E+03
      0.130  0.2338E+02  0.1070E+03
      0.148  0.2265E+02  0.1074E+03
      0.166  0.2187E+02  0.1078E+03
      0.184  0.2219E+02  0.1082E+03
      0.202  0.2315E+02  0.1086E+03
      0.220  0.2400E+02  0.1090E+03
      0.239  0.2474E+02  0.1095E+03
      0.257  0.2537E+02  0.1099E+03
      0.275  0.2588E+02  0.1104E+03
      0.293  0.2628E+02  0.1109E+03
      0.311  0.2635E+02  0.1113E+03
      0.329  0.2617E+02  0.1118E+03
      0.348  0.2598E+02  0.1123E+03
      0.366  0.2578E+02  0.1128E+03
      0.384  0.3216E+02  0.1133E+03
      0.402  0.3815E+02  0.1139E+03
      0.420  0.4091E+02  0.1146E+03
      0.438  0.4061E+02  0.1154E+03
      0.456  0.3027E+02  0.1161E+03
      0.475  0.1877E+02  0.1165E+03
      0.493  0.1513E+02  0.1168E+03
      0.511  0.1648E+02  0.1171E+03
      0.529  0.1755E+02  0.1174E+03
      0.547  0.1804E+02  0.1177E+03
      0.565  0.1764E+02  0.1180E+03
      0.584  0.1646E+02  0.1183E+03
      0.602  0.1534E+02  0.1186E+03
      0.620  0.1498E+02  0.1189E+03
      0.638  0.1557E+02  0.1192E+03
      0.656  0.1710E+02  0.1195E+03
      0.674  0.1957E+02  0.1198E+03
      0.692  0.2311E+02  0.1202E+03
      0.711  0.4109E+02  0.1207E+03
      0.729  0.4511E+02  0.1216E+03
      0.747  0.3393E+02  0.1222E+03
      0.765  0.3442E+02  0.1228E+03
      0.783  0.3416E+02  0.1234E+03
      0.801  0.3316E+02  0.1241E+03
      0.820  0.3155E+02  0.1246E+03
      0.838  0.2948E+02  0.1252E+03
      0.856  0.2654E+02  0.1257E+03
      0.874  0.2233E+02  0.1261E+03
      0.892  0.1913E+02  0.1265E+03
      0.910  0.1666E+02  0.1268E+03
      0.928  0.1493E+02  0.1271E+03
      0.947  0.1392E+02  0.1274E+03
      0.965  0.1366E+02  0.1276E+03
      0.983  0.1397E+02  0.1279E+03
      1.001  0.1503E+02  0.1282E+03
      1.019  0.1735E+02  0.1285E+03
      1.037  0.1805E+02  0.1288E+03
      1.056  0.1867E+02  0.1291E+03
      1.074  0.1921E+02  0.1294E+03
      1.092  0.1966E+02  0.1298E+03
      1.110  0.2003E+02  0.1302E+03
      1.128  0.2032E+02  0.1305E+03
      1.146  0.2051E+02  0.1309E+03
      1.165  0.2061E+02  0.1313E+03
      1.183  0.2062E+02  0.1316E+03
      1.201  0.2055E+02  0.1320E+03
      1.219  0.2038E+02  0.1324E+03
      1.237  0.2012E+02  0.1328E+03
      1.255  0.1978E+02  0.1331E+03
      1.273  0.1934E+02  0.1335E+03
      1.292  0.1881E+02  0.1338E+03
      1.310  0.1824E+02  0.1342E+03
      1.328  0.1820E+02  0.1345E+03
      1.346  0.1811E+02  0.1348E+03
      1.364  0.1798E+02  0.1351E+03
      1.382  0.1779E+02  0.1355E+03
      1.401  0.1756E+02  0.1358E+03
      1.419  0.1727E+02  0.1361E+03
      1.437  0.1694E+02  0.1364E+03
      1.455  0.1626E+02  0.1367E+03
      1.473  0.1452E+02  0.1370E+03
      1.491  0.1672E+02  0.1373E+03
      1.509  0.3158E+02  0.1377E+03
      1.528  0.5926E+02  0.1385E+03
      1.546  0.8566E+02  0.1398E+03
      1.564  0.8572E+02  0.1415E+03
      1.582  0.1522E+02  0.1424E+03
      1.600  0.2267E+02  0.1428E+03
      1.618  0.3165E+02  0.1433E+03
      1.637  0.4188E+02  0.1439E+03
      1.655  0.5316E+02  0.1448E+03
      1.673  0.6551E+02  0.1459E+03
      1.691  0.5399E+02  0.1478E+03
      1.709  0.3482E+02  0.1484E+03
      1.727  0.3858E+02  0.1491E+03
      1.745  0.4241E+02  0.1498E+03
      1.764  0.4626E+02  0.1506E+03
      1.782  0.4980E+02  0.1515E+03
      1.800  0.5280E+02  0.1524E+03
      1.818  0.5487E+02  0.1534E+03
      1.836  0.5640E+02  0.1544E+03
      1.854  0.5662E+02  0.1554E+03
      1.873  0.5579E+02  0.1565E+03
      1.891  0.5494E+02  0.1575E+03
      1.909  0.5321E+02  0.1585E+03
      1.927  0.5098E+02  0.1594E+03
      1.945  0.4706E+02  0.1603E+03
      1.963  0.4341E+02  0.1611E+03
      1.981  0.4092E+02  0.1619E+03
      2.000  0.3927E+02  0.1626E+03
      2.018  0.3687E+02  0.1633E+03
      2.036  0.3700E+02  0.1640E+03
      2.054  0.3701E+02  0.1646E+03
      2.072  0.3680E+02  0.1653E+03
      2.090  0.3638E+02  0.1660E+03
      2.109  0.3576E+02  0.1666E+03
      2.127  0.3493E+02  0.1673E+03
      2.145  0.3390E+02  0.1679E+03
      2.163  0.3270E+02  0.1685E+03
      2.181  0.3218E+02  0.1691E+03
      2.199  0.3275E+02  0.1697E+03
      2.217  0.4208E+02  0.1703E+03
      2.236  0.5229E+02  0.1712E+03
      2.254  0.5964E+02  0.1722E+03
      2.272  0.7356E+02  0.1734E+03
      2.290  0.9660E+02  0.1750E+03
      2.308  0.9977E+02  0.1767E+03
      2.326  0.1170E+03  0.1787E+03
      2.345  0.1227E+03  0.1809E+03
      2.363  0.9116E+02  0.1829E+03
      2.381  0.1631E+02  0.1840E+03
      2.399  0.4765E+02  0.1847E+03
      2.417  0.7125E+02  0.1858E+03
      2.435  0.7017E+02  0.1871E+03
      2.453  0.8609E+02  0.1884E+03
      2.472  0.1109E+03  0.1903E+03
      2.490  0.8605E+02  0.1921E+03
      2.508  0.8566E+02  0.1936E+03
      2.526  0.8388E+02  0.1952E+03
      2.544  0.8551E+02  0.1967E+03
      2.562  0.9234E+02  0.1983E+03
      2.581  0.9692E+02  0.2000E+03
      2.599  0.9036E+02  0.2018E+03
      2.617  0.7651E+02  0.2033E+03
      2.635  0.7904E+02  0.2047E+03
      2.653  0.7865E+02  0.2061E+03
      2.671  0.7234E+02  0.2075E+03
      2.689  0.6176E+02  0.2087E+03
      2.708  0.5513E+02  0.2098E+03
      2.726  0.4830E+02  0.2107E+03
      2.744  0.3928E+02  0.2115E+03
      2.762  0.3123E+02  0.2121E+03
      2.780  0.3285E+02  0.2127E+03
      2.798  0.4445E+02  0.2134E+03
      2.817  0.5598E+02  0.2143E+03
      2.835  0.6388E+02  0.2154E+03
      2.853  0.7131E+02  0.2166E+03
      2.871  0.8130E+02  0.2180E+03
      2.889  0.7581E+02  0.2194E+03
      2.907  0.7472E+02  0.2208E+03
      2.925  0.8682E+02  0.2222E+03
      2.944  0.1292E+03  0.2242E+03
      2.962  0.1573E+03  0.2268E+03
      2.980  0.1412E+03  0.2297E+03
      2.998  0.7150E+02  0.2311E+03
      3.016  0.7879E+02  0.2324E+03
      3.034  0.8453E+02  0.2339E+03
      3.053  0.7071E+02  0.2354E+03
      3.071  0.5309E+02  0.2365E+03
      3.089  0.4448E+02  0.2374E+03
      3.107  0.3676E+02  0.2381E+03
      3.125  0.2869E+02  0.2387E+03
      3.143  0.2307E+02  0.2392E+03
      3.161  0.1858E+02  0.2396E+03
      3.180  0.1496E+02  0.2399E+03
      3.198  0.1213E+02  0.2401E+03
      3.216  0.1010E+02  0.2403E+03
      3.234  0.8862E+01  0.2405E+03
      3.252  0.8770E+01  0.2406E+03
      3.270  0.1096E+02  0.2408E+03
      3.289  0.1335E+02  0.2410E+03
      3.307  0.2594E+02  0.2414E+03
      3.325  0.3796E+02  0.2420E+03
      3.343  0.3900E+02  0.2427E+03
      3.361  0.3547E+02  0.2434E+03
      3.379  0.5512E+02  0.2441E+03
      3.397  0.1920E+02  0.2449E+03
      3.416  0.1794E+02  0.2452E+03
      3.434  0.1750E+02  0.2455E+03
      3.452  0.1789E+02  0.2459E+03
      3.470  0.3194E+02  0.2463E+03
      3.488  0.3326E+02  0.2469E+03
      3.506  0.1733E+02  0.2474E+03
      3.525  0.9587E+01  0.2476E+03
      3.543  0.6782E+01  0.2478E+03
      3.561  0.4524E+01  0.2479E+03
      3.579  0.2814E+01  0.2479E+03
      3.597  0.1585E+01  0.2480E+03
      3.615  0.7746E+00  0.2480E+03
      3.633  0.2680E+00  0.2480E+03
      3.652  0.2408E-01  0.2480E+03
      3.670  0.0000E+00  0.2480E+03
      3.688  0.0000E+00  0.2480E+03
      3.706  0.0000E+00  0.2480E+03
      3.724  0.0000E+00  0.2480E+03
      3.742  0.0000E+00  0.2480E+03
      3.761  0.0000E+00  0.2480E+03
      3.779  0.0000E+00  0.2480E+03
      3.797  0.0000E+00  0.2480E+03
      3.815  0.0000E+00  0.2480E+03
      3.833  0.0000E+00  0.2480E+03
      3.851  0.0000E+00  0.2480E+03
      3.870  0.0000E+00  0.2480E+03
      3.888  0.0000E+00  0.2480E+03
      3.906  0.0000E+00  0.2480E+03
      3.924  0.0000E+00  0.2480E+03
      3.942  0.0000E+00  0.2480E+03
      3.960  0.0000E+00  0.2480E+03
      3.978  0.0000E+00  0.2480E+03
      3.997  0.0000E+00  0.2480E+03
      4.015  0.0000E+00  0.2480E+03
      4.033  0.0000E+00  0.2480E+03
      4.051  0.0000E+00  0.2480E+03
      4.069  0.0000E+00  0.2480E+03
      4.087  0.0000E+00  0.2480E+03
      4.106  0.0000E+00  0.2480E+03
      4.124  0.0000E+00  0.2480E+03
      4.142  0.0000E+00  0.2480E+03
      4.160  0.0000E+00  0.2480E+03
      4.178  0.0000E+00  0.2480E+03
      4.196  0.0000E+00  0.2480E+03
      4.214  0.0000E+00  0.2480E+03
      4.233  0.0000E+00  0.2480E+03
      4.251  0.0000E+00  0.2480E+03
      4.269  0.0000E+00  0.2480E+03
      4.287  0.0000E+00  0.2480E+03
      4.305  0.0000E+00  0.2480E+03
      4.323  0.0000E+00  0.2480E+03
      4.342  0.0000E+00  0.2480E+03
      4.360  0.0000E+00  0.2480E+03
      4.378  0.0000E+00  0.2480E+03
      4.396  0.0000E+00  0.2480E+03
      4.414  0.0000E+00  0.2480E+03
      4.432  0.0000E+00  0.2480E+03
      4.450  0.0000E+00  0.2480E+03
      4.469  0.0000E+00  0.2480E+03
      4.487  0.0000E+00  0.2480E+03
      4.505  0.0000E+00  0.2480E+03
      4.523  0.0000E+00  0.2480E+03
      4.541  0.0000E+00  0.2480E+03
      4.559  0.0000E+00  0.2480E+03
      4.578  0.0000E+00  0.2480E+03
      4.596  0.0000E+00  0.2480E+03
      4.614  0.0000E+00  0.2480E+03
      4.632  0.0000E+00  0.2480E+03
      4.650  0.0000E+00  0.2480E+03
      4.668  0.0000E+00  0.2480E+03
      4.686  0.0000E+00  0.2480E+03
      4.705  0.0000E+00  0.2480E+03
      4.723  0.0000E+00  0.2480E+03
      4.741  0.0000E+00  0.2480E+03
      4.759  0.0000E+00  0.2480E+03
      4.777  0.0000E+00  0.2480E+03
      4.795  0.0000E+00  0.2480E+03
      4.814  0.0000E+00  0.2480E+03
      4.832  0.0000E+00  0.2480E+03
      4.850  0.0000E+00  0.2480E+03
      4.868  0.0000E+00  0.2480E+03
      4.886  0.0000E+00  0.2480E+03
      4.904  0.0000E+00  0.2480E+03
      4.922  0.0000E+00  0.2480E+03
      4.941  0.0000E+00  0.2480E+03
      4.959  0.0000E+00  0.2480E+03
      4.977  0.0000E+00  0.2480E+03
      4.995  0.0000E+00  0.2480E+03
      5.013  0.0000E+00  0.2480E+03
      5.031  0.0000E+00  0.2480E+03
      5.050  0.0000E+00  0.2480E+03
      5.068  0.0000E+00  0.2480E+03
      5.086  0.0000E+00  0.2480E+03
      5.104  0.0000E+00  0.2480E+03
      5.122  0.0000E+00  0.2480E+03
      5.140  0.0000E+00  0.2480E+03
      5.158  0.0000E+00  0.2480E+03
      5.177  0.0000E+00  0.2480E+03
      5.195  0.0000E+00  0.2480E+03
      5.213  0.0000E+00  0.2480E+03
      5.231  0.0000E+00  0.2480E+03
      5.249  0.0000E+00  0.2480E+03
      5.267  0.0000E+00  0.2480E+03
      5.286  0.0000E+00  0.2480E+03
      5.304  0.0000E+00  0.2480E+03
      5.322  0.0000E+00  0.2480E+03
      5.340  0.0000E+00  0.2480E+03
      5.358  0.0000E+00  0.2480E+03
      5.376  0.0000E+00  0.2480E+03
      5.394  0.0000E+00  0.2480E+03
      5.413  0.0000E+00  0.2480E+03
      5.431  0.0000E+00  0.2480E+03
      5.449  0.0000E+00  0.2480E+03
      5.467  0.0000E+00  0.2480E+03
      5.485  0.0000E+00  0.2480E+03
      5.503  0.0000E+00  0.2480E+03
      5.522  0.0000E+00  0.2480E+03
      5.540  0.0000E+00  0.2480E+03
      5.558  0.0000E+00  0.2480E+03
      5.576  0.0000E+00  0.2480E+03
      5.594  0.0000E+00  0.2480E+03
      5.612  0.0000E+00  0.2480E+03
      5.630  0.0000E+00  0.2480E+03
      5.649  0.0000E+00  0.2480E+03
      5.667  0.0000E+00  0.2480E+03
      5.685  0.0000E+00  0.2480E+03
      5.703  0.0000E+00  0.2480E+03
      5.721  0.0000E+00  0.2480E+03
      5.739  0.0000E+00  0.2480E+03
      5.758  0.0000E+00  0.2480E+03
      5.776  0.0000E+00  0.2480E+03
      5.794  0.0000E+00  0.2480E+03
      5.812  0.0000E+00  0.2480E+03
      5.830  0.0000E+00  0.2480E+03
      5.848  0.0000E+00  0.2480E+03
      5.866  0.0000E+00  0.2480E+03
      5.885  0.0000E+00  0.2480E+03
      5.903  0.0000E+00  0.2480E+03
      5.921  0.0000E+00  0.2480E+03
      5.939  0.0000E+00  0.2480E+03
      5.957  0.0000E+00  0.2480E+03
      5.975  0.0000E+00  0.2480E+03
      5.994  0.0000E+00  0.2480E+03
      6.012  0.0000E+00  0.2480E+03
      6.030  0.0000E+00  0.2480E+03
      6.048  0.0000E+00  0.2480E+03
      6.066  0.0000E+00  0.2480E+03
      6.084  0.0000E+00  0.2480E+03
      6.102  0.0000E+00  0.2480E+03
      6.121  0.0000E+00  0.2480E+03
      6.139  0.0000E+00  0.2480E+03
      6.157  0.0000E+00  0.2480E+03
      6.175  0.0000E+00  0.2480E+03
      6.193  0.0000E+00  0.2480E+03
      6.211  0.0000E+00  0.2480E+03
      6.230  0.0000E+00  0.2480E+03
      6.248  0.0000E+00  0.2480E+03
      6.266  0.0000E+00  0.2480E+03
      6.284  0.0000E+00  0.2480E+03
      6.302  0.0000E+00  0.2480E+03
      6.320  0.0000E+00  0.2480E+03
      6.338  0.0000E+00  0.2480E+03
      6.357  0.0000E+00  0.2480E+03
      6.375  0.0000E+00  0.2480E+03
      6.393  0.0000E+00  0.2480E+03
      6.411  0.0000E+00  0.2480E+03
      6.429  0.0000E+00  0.2480E+03
      6.447  0.0000E+00  0.2480E+03
      6.466  0.0000E+00  0.2480E+03
      6.484  0.0000E+00  0.2480E+03
      6.502  0.0000E+00  0.2480E+03
      6.520  0.0000E+00  0.2480E+03
      6.538  0.0000E+00  0.2480E+03
      6.556  0.0000E+00  0.2480E+03
      6.574  0.0000E+00  0.2480E+03
      6.593  0.0000E+00  0.2480E+03
      6.611  0.0000E+00  0.2480E+03
      6.629  0.0000E+00  0.2480E+03
      6.647  0.0000E+00  0.2480E+03
      6.665  0.0000E+00  0.2480E+03
      6.683  0.0000E+00  0.2480E+03
      6.702  0.0000E+00  0.2480E+03
      6.720  0.0000E+00  0.2480E+03
      6.738  0.0000E+00  0.2480E+03
      6.756  0.0000E+00  0.2480E+03
      6.774  0.0000E+00  0.2480E+03
      6.792  0.0000E+00  0.2480E+03
      6.811  0.0000E+00  0.2480E+03
      6.829  0.0000E+00  0.2480E+03
      6.847  0.0000E+00  0.2480E+03
      6.865  0.0000E+00  0.2480E+03
      6.883  0.0000E+00  0.2480E+03
      6.901  0.0000E+00  0.2480E+03
      6.919  0.0000E+00  0.2480E+03
      6.938  0.0000E+00  0.2480E+03
      6.956  0.0000E+00  0.2480E+03
      6.974  0.0000E+00  0.2480E+03
      6.992  0.0000E+00  0.2480E+03
      7.010  0.0000E+00  0.2480E+03
      7.028  0.0000E+00  0.2480E+03
      7.047  0.0000E+00  0.2480E+03
      7.065  0.0000E+00  0.2480E+03
      7.083  0.0000E+00  0.2480E+03
      7.101  0.0000E+00  0.2480E+03
      7.119  0.0000E+00  0.2480E+03
      7.137  0.0000E+00  0.2480E+03
      7.155  0.0000E+00  0.2480E+03
      7.174  0.0000E+00  0.2480E+03
      7.192  0.0000E+00  0.2480E+03
      7.210  0.0000E+00  0.2480E+03
      7.228  0.0000E+00  0.2480E+03
      7.246  0.0000E+00  0.2480E+03
      7.264  0.0000E+00  0.2480E+03
      7.283  0.0000E+00  0.2480E+03
      7.301  0.0000E+00  0.2480E+03
      7.319  0.0000E+00  0.2480E+03
      7.337  0.0000E+00  0.2480E+03
      7.355  0.0000E+00  0.2480E+03
      7.373  0.0000E+00  0.2480E+03
      7.391  0.0000E+00  0.2480E+03
      7.410  0.0000E+00  0.2480E+03
      7.428  0.0000E+00  0.2480E+03
      7.446  0.0000E+00  0.2480E+03
      7.464  0.0000E+00  0.2480E+03
      7.482  0.0000E+00  0.2480E+03
      7.500  0.0000E+00  0.2480E+03
      7.519  0.0000E+00  0.2480E+03
      7.537  0.0000E+00  0.2480E+03
      7.555  0.9713E-04  0.2480E+03
      7.573  0.9960E-01  0.2480E+03
      7.591  0.3860E+00  0.2480E+03
      7.609  0.8594E+00  0.2480E+03
      7.627  0.1520E+01  0.2480E+03
      7.646  0.2367E+01  0.2481E+03
      7.664  0.3401E+01  0.2481E+03
      7.682  0.4622E+01  0.2482E+03
      7.700  0.6031E+01  0.2483E+03
      7.718  0.7626E+01  0.2484E+03
      7.736  0.9408E+01  0.2486E+03
      7.755  0.1138E+02  0.2488E+03
      7.773  0.3322E+02  0.2491E+03
      7.791  0.2958E+02  0.2498E+03
      7.809  0.0000E+00  0.2500E+03
      7.827  0.0000E+00  0.2500E+03
      7.845  0.0000E+00  0.2500E+03
      7.863  0.0000E+00  0.2500E+03
      7.882  0.0000E+00  0.2500E+03
      7.900  0.0000E+00  0.2500E+03
      7.918  0.0000E+00  0.2500E+03
      7.936  0.0000E+00  0.2500E+03
      7.954  0.0000E+00  0.2500E+03
      7.972  0.0000E+00  0.2500E+03
      7.991  0.0000E+00  0.2500E+03
      8.009  0.0000E+00  0.2500E+03
      8.027  0.0000E+00  0.2500E+03
      8.045  0.0000E+00  0.2500E+03
      8.063  0.0000E+00  0.2500E+03
      8.081  0.0000E+00  0.2500E+03
      8.099  0.0000E+00  0.2500E+03
      8.118  0.0000E+00  0.2500E+03
      8.136  0.0000E+00  0.2500E+03
      8.154  0.0000E+00  0.2500E+03
      8.172  0.0000E+00  0.2500E+03
      8.190  0.0000E+00  0.2500E+03
      8.208  0.0000E+00  0.2500E+03
      8.227  0.0000E+00  0.2500E+03
      8.245  0.0000E+00  0.2500E+03
      8.263  0.0000E+00  0.2500E+03
      8.281  0.0000E+00  0.2500E+03
      8.299  0.0000E+00  0.2500E+03
      8.317  0.0000E+00  0.2500E+03
      8.335  0.0000E+00  0.2500E+03
      8.354  0.0000E+00  0.2500E+03
      8.372  0.0000E+00  0.2500E+03
      8.390  0.0000E+00  0.2500E+03
      8.408  0.0000E+00  0.2500E+03
      8.426  0.0000E+00  0.2500E+03
      8.444  0.0000E+00  0.2500E+03
      8.463  0.0000E+00  0.2500E+03
      8.481  0.0000E+00  0.2500E+03
      8.499  0.0000E+00  0.2500E+03
      8.517  0.0000E+00  0.2500E+03
      8.535  0.0000E+00  0.2500E+03
      8.553  0.0000E+00  0.2500E+03
      8.571  0.0000E+00  0.2500E+03
      8.590  0.0000E+00  0.2500E+03
      8.608  0.0000E+00  0.2500E+03
      8.626  0.0000E+00  0.2500E+03
      8.644  0.0000E+00  0.2500E+03
      8.662  0.0000E+00  0.2500E+03
      8.680  0.0000E+00  0.2500E+03
      8.699  0.0000E+00  0.2500E+03
      8.717  0.0000E+00  0.2500E+03
      8.735  0.0000E+00  0.2500E+03
      8.753  0.0000E+00  0.2500E+03
      8.771  0.0000E+00  0.2500E+03
      8.789  0.0000E+00  0.2500E+03
      8.807  0.0000E+00  0.2500E+03
      8.826  0.0000E+00  0.2500E+03
      8.844  0.0000E+00  0.2500E+03
      8.862  0.0000E+00  0.2500E+03
      8.880  0.0000E+00  0.2500E+03
      8.898  0.0000E+00  0.2500E+03
      8.916  0.0000E+00  0.2500E+03
      8.935  0.0000E+00  0.2500E+03
      8.953  0.0000E+00  0.2500E+03
      8.971  0.0000E+00  0.2500E+03
      8.989  0.0000E+00  0.2500E+03
      9.007  0.0000E+00  0.2500E+03
      9.025  0.0000E+00  0.2500E+03
      9.043  0.0000E+00  0.2500E+03
      9.062  0.0000E+00  0.2500E+03
      9.080  0.0000E+00  0.2500E+03
      9.098  0.0000E+00  0.2500E+03
      9.116  0.0000E+00  0.2500E+03
      9.134  0.0000E+00  0.2500E+03
      9.152  0.0000E+00  0.2500E+03
      9.171  0.0000E+00  0.2500E+03
      9.189  0.0000E+00  0.2500E+03
      9.207  0.0000E+00  0.2500E+03
      9.225  0.0000E+00  0.2500E+03
      9.243  0.0000E+00  0.2500E+03
      9.261  0.0000E+00  0.2500E+03
      9.279  0.0000E+00  0.2500E+03
      9.298  0.0000E+00  0.2500E+03
      9.316  0.0000E+00  0.2500E+03
      9.334  0.0000E+00  0.2500E+03
      9.352  0.0000E+00  0.2500E+03
      9.370  0.0000E+00  0.2500E+03
      9.388  0.0000E+00  0.2500E+03
      9.407  0.0000E+00  0.2500E+03
      9.425  0.0000E+00  0.2500E+03
      9.443  0.0000E+00  0.2500E+03
      9.461  0.0000E+00  0.2500E+03
      9.479  0.0000E+00  0.2500E+03
      9.497  0.0000E+00  0.2500E+03
      9.516  0.0000E+00  0.2500E+03
      9.534  0.0000E+00  0.2500E+03
      9.552  0.0000E+00  0.2500E+03
      9.570  0.0000E+00  0.2500E+03
      9.588  0.0000E+00  0.2500E+03
      9.606  0.0000E+00  0.2500E+03
      9.624  0.0000E+00  0.2500E+03
      9.643  0.0000E+00  0.2500E+03
      9.661  0.0000E+00  0.2500E+03
      9.679  0.0000E+00  0.2500E+03
      9.697  0.0000E+00  0.2500E+03
      9.715  0.0000E+00  0.2500E+03
      9.733  0.0000E+00  0.2500E+03
      9.752  0.0000E+00  0.2500E+03
      9.770  0.0000E+00  0.2500E+03
      9.788  0.0000E+00  0.2500E+03
      9.806  0.0000E+00  0.2500E+03
      9.824  0.0000E+00  0.2500E+03
      9.842  0.0000E+00  0.2500E+03
      9.860  0.0000E+00  0.2500E+03
      9.879  0.0000E+00  0.2500E+03
      9.897  0.0000E+00  0.2500E+03
      9.915  0.0000E+00  0.2500E+03
      9.933  0.0000E+00  0.2500E+03
      9.951  0.0000E+00  0.2500E+03
      9.969  0.0000E+00  0.2500E+03
      9.988  0.0000E+00  0.2500E+03
     10.006  0.0000E+00  0.2500E+03
     10.024  0.0000E+00  0.2500E+03
     10.042  0.0000E+00  0.2500E+03
     10.060  0.0000E+00  0.2500E+03
     10.078  0.0000E+00  0.2500E+03
     10.096  0.0000E+00  0.2500E+03
     10.115  0.0000E+00  0.2500E+03
     10.133  0.0000E+00  0.2500E+03
     10.151  0.0000E+00  0.2500E+03
     10.169  0.0000E+00  0.2500E+03
     10.187  0.0000E+00  0.2500E+03
     10.205  0.0000E+00  0.2500E+03
     10.224  0.0000E+00  0.2500E+03
     10.242  0.0000E+00  0.2500E+03
     10.260  0.0000E+00  0.2500E+03
     10.278  0.0000E+00  0.2500E+03
     10.296  0.0000E+00  0.2500E+03
     10.314  0.0000E+00  0.2500E+03
     10.332  0.0000E+00  0.2500E+03
     10.351  0.0000E+00  0.2500E+03
     10.369  0.0000E+00  0.2500E+03
     10.387  0.0000E+00  0.2500E+03
     10.405  0.0000E+00  0.2500E+03
     10.423  0.0000E+00  0.2500E+03
     10.441  0.0000E+00  0.2500E+03
     10.460  0.0000E+00  0.2500E+03
     10.478  0.0000E+00  0.2500E+03
     10.496  0.0000E+00  0.2500E+03
     10.514  0.0000E+00  0.2500E+03
     10.532  0.0000E+00  0.2500E+03
     10.550  0.0000E+00  0.2500E+03
     10.568  0.0000E+00  0.2500E+03
     10.587  0.0000E+00  0.2500E+03
     10.605  0.0000E+00  0.2500E+03
     10.623  0.0000E+00  0.2500E+03
     10.641  0.0000E+00  0.2500E+03
     10.659  0.0000E+00  0.2500E+03
     10.677  0.0000E+00  0.2500E+03
     10.696  0.0000E+00  0.2500E+03
     10.714  0.0000E+00  0.2500E+03
     10.732  0.0000E+00  0.2500E+03
     10.750  0.0000E+00  0.2500E+03
     10.768  0.0000E+00  0.2500E+03
     10.786  0.0000E+00  0.2500E+03
     10.804  0.3131E-04  0.2500E+03
     10.823  0.5433E-02  0.2500E+03
     10.841  0.2011E-01  0.2500E+03
     10.859  0.4407E-01  0.2500E+03
     10.877  0.7731E-01  0.2500E+03
     10.895  0.1198E+00  0.2500E+03
     10.913  0.1716E+00  0.2500E+03
     10.932  0.2327E+00  0.2500E+03
     10.950  0.3030E+00  0.2500E+03
     10.968  0.3827E+00  0.2500E+03
     10.986  0.4716E+00  0.2500E+03
     11.004  0.5698E+00  0.2500E+03
     11.022  0.6772E+00  0.2500E+03
     11.040  0.7940E+00  0.2501E+03
     11.059  0.9200E+00  0.2501E+03
     11.077  0.1055E+01  0.2501E+03
     11.095  0.1200E+01  0.2501E+03
     11.113  0.1354E+01  0.2501E+03
     11.131  0.1517E+01  0.2502E+03
     11.149  0.1689E+01  0.2502E+03
     11.168  0.1871E+01  0.2502E+03
     11.186  0.1980E+01  0.2503E+03
     11.204  0.2064E+01  0.2503E+03
     11.222  0.2143E+01  0.2503E+03
     11.240  0.2217E+01  0.2504E+03
     11.258  0.2285E+01  0.2504E+03
     11.276  0.2349E+01  0.2505E+03
     11.295  0.2408E+01  0.2505E+03
     11.313  0.2461E+01  0.2505E+03
     11.331  0.2510E+01  0.2506E+03
     11.349  0.2553E+01  0.2506E+03
     11.367  0.2592E+01  0.2507E+03
     11.385  0.2625E+01  0.2507E+03
     11.404  0.2653E+01  0.2508E+03
     11.422  0.2676E+01  0.2508E+03
     11.440  0.2695E+01  0.2509E+03
     11.458  0.2708E+01  0.2509E+03
     11.476  0.2716E+01  0.2510E+03
     11.494  0.2719E+01  0.2510E+03
     11.512  0.2717E+01  0.2511E+03
     11.531  0.2710E+01  0.2511E+03
     11.549  0.2698E+01  0.2512E+03
     11.567  0.2680E+01  0.2512E+03
     11.585  0.2658E+01  0.2513E+03
     11.603  0.2631E+01  0.2513E+03
     11.621  0.2599E+01  0.2514E+03
     11.640  0.2561E+01  0.2514E+03
     11.658  0.2519E+01  0.2515E+03
     11.676  0.2471E+01  0.2515E+03
     11.694  0.2419E+01  0.2515E+03
     11.712  0.2361E+01  0.2516E+03
     11.730  0.2299E+01  0.2516E+03
     11.748  0.2231E+01  0.2517E+03
     11.767  0.2158E+01  0.2517E+03
     11.785  0.2080E+01  0.2518E+03
     11.803  0.1998E+01  0.2518E+03
     11.821  0.2557E+01  0.2518E+03
     11.839  0.4501E+01  0.2519E+03
     11.857  0.6086E+01  0.2520E+03
     11.876  0.7311E+01  0.2521E+03
     11.894  0.8176E+01  0.2523E+03
     11.912  0.8681E+01  0.2524E+03
     11.930  0.8826E+01  0.2526E+03
     11.948  0.8612E+01  0.2527E+03
     11.966  0.8037E+01  0.2529E+03
     11.984  0.7103E+01  0.2530E+03
     12.003  0.5808E+01  0.2531E+03
     12.021  0.5087E+01  0.2532E+03
     12.039  0.4572E+01  0.2533E+03
     12.057  0.4110E+01  0.2534E+03
     12.075  0.3702E+01  0.2535E+03
     12.093  0.3348E+01  0.2535E+03
     12.112  0.3047E+01  0.2536E+03
     12.130  0.2786E+01  0.2536E+03
     12.148  0.2633E+01  0.2537E+03
     12.166  0.2623E+01  0.2537E+03
     12.184  0.2755E+01  0.2538E+03
     12.202  0.3030E+01  0.2538E+03
     12.221  0.3446E+01  0.2539E+03
     12.239  0.4005E+01  0.2540E+03
     12.257  0.4706E+01  0.2540E+03
     12.275  0.5549E+01  0.2541E+03
     12.293  0.6535E+01  0.2542E+03
     12.311  0.7453E+01  0.2544E+03
     12.329  0.8174E+01  0.2545E+03
     12.348  0.8728E+01  0.2547E+03
     12.366  0.9717E+01  0.2548E+03
     12.384  0.1415E+02  0.2550E+03
     12.402  0.1776E+02  0.2553E+03
     12.420  0.2057E+02  0.2557E+03
     12.438  0.2255E+02  0.2561E+03
     12.457  0.2373E+02  0.2565E+03
     12.475  0.2409E+02  0.2569E+03
     12.493  0.2234E+02  0.2574E+03
     12.511  0.9367E+01  0.2577E+03
     12.529  0.5611E+01  0.2578E+03
     12.547  0.4039E+01  0.2579E+03
     12.565  0.2724E+01  0.2579E+03
     12.584  0.1668E+01  0.2580E+03
     12.602  0.8694E+00  0.2580E+03
     12.620  0.3288E+00  0.2580E+03
     12.638  0.4593E-01  0.2580E+03
     12.656  0.0000E+00  0.2580E+03
     12.674  0.1824E-02  0.2580E+03
     12.693  0.4210E-01  0.2580E+03
     12.711  0.1367E+00  0.2580E+03
     12.729  0.2866E+00  0.2580E+03
     12.747  0.4932E+00  0.2580E+03
     12.765  0.7568E+00  0.2580E+03
     12.783  0.1077E+01  0.2580E+03
     12.801  0.1455E+01  0.2581E+03
     12.820  0.1889E+01  0.2581E+03
     12.838  0.2380E+01  0.2581E+03
     12.856  0.2928E+01  0.2582E+03
     12.874  0.3533E+01  0.2582E+03
     12.892  0.4195E+01  0.2583E+03
     12.910  0.4913E+01  0.2584E+03
     12.929  0.6064E+01  0.2585E+03
     12.947  0.7927E+01  0.2586E+03
     12.965  0.9107E+01  0.2588E+03
     12.983  0.9603E+01  0.2589E+03
     13.001  0.9416E+01  0.2591E+03
     13.019  0.8546E+01  0.2593E+03
     13.037  0.6993E+01  0.2594E+03
     13.056  0.4998E+01  0.2595E+03
     13.074  0.4732E+01  0.2596E+03
     13.092  0.4486E+01  0.2597E+03
     13.110  0.4261E+01  0.2598E+03
     13.128  0.4056E+01  0.2599E+03
     13.146  0.3871E+01  0.2599E+03
     13.165  0.3707E+01  0.2600E+03
     13.183  0.3564E+01  0.2601E+03
     13.201  0.3440E+01  0.2601E+03
     13.219  0.3338E+01  0.2602E+03
     13.237  0.3255E+01  0.2602E+03
     13.255  0.3193E+01  0.2603E+03
     13.273  0.3152E+01  0.2604E+03
     13.292  0.3130E+01  0.2604E+03
     13.310  0.3130E+01  0.2605E+03
     13.328  0.3149E+01  0.2605E+03
     13.346  0.3189E+01  0.2606E+03
     13.364  0.3250E+01  0.2607E+03
     13.382  0.3331E+01  0.2607E+03
     13.401  0.3432E+01  0.2608E+03
     13.419  0.3554E+01  0.2608E+03
     13.437  0.3696E+01  0.2609E+03
     13.455  0.3858E+01  0.2610E+03
     13.473  0.4047E+01  0.2610E+03
     13.491  0.4272E+01  0.2611E+03
     13.509  0.4508E+01  0.2612E+03
     13.528  0.4748E+01  0.2613E+03
     13.546  0.4971E+01  0.2614E+03
     13.564  0.5170E+01  0.2615E+03
     13.582  0.5386E+01  0.2616E+03
     13.600  0.5659E+01  0.2617E+03
     13.618  0.5988E+01  0.2618E+03
     13.637  0.6357E+01  0.2619E+03
     13.655  0.6726E+01  0.2620E+03
     13.673  0.7144E+01  0.2621E+03
     13.691  0.7628E+01  0.2623E+03
     13.709  0.8244E+01  0.2624E+03
     13.727  0.9004E+01  0.2626E+03
     13.745  0.9909E+01  0.2627E+03
     13.764  0.1091E+02  0.2629E+03
     13.782  0.1197E+02  0.2631E+03
     13.800  0.1301E+02  0.2633E+03
     13.818  0.1402E+02  0.2636E+03
     13.836  0.1500E+02  0.2639E+03
     13.854  0.1596E+02  0.2641E+03
     13.873  0.1688E+02  0.2644E+03
     13.891  0.1778E+02  0.2648E+03
     13.909  0.1865E+02  0.2651E+03
     13.927  0.1950E+02  0.2654E+03
     13.945  0.2031E+02  0.2658E+03
     13.963  0.2139E+02  0.2662E+03
     13.981  0.2259E+02  0.2666E+03
     14.000  0.2352E+02  0.2670E+03
     14.018  0.2802E+02  0.2674E+03
     14.036  0.3249E+02  0.2680E+03
     14.054  0.3298E+02  0.2686E+03
     14.072  0.3366E+02  0.2692E+03
     14.090  0.3320E+02  0.2698E+03
     14.109  0.3339E+02  0.2704E+03
     14.127  0.3228E+02  0.2710E+03
     14.145  0.3001E+02  0.2716E+03
     14.163  0.2718E+02  0.2721E+03
     14.181  0.2447E+02  0.2726E+03
     14.199  0.2273E+02  0.2730E+03
     14.217  0.2162E+02  0.2734E+03
     14.236  0.1744E+02  0.2737E+03
     14.254  0.1358E+02  0.2740E+03
     14.272  0.1057E+02  0.2742E+03
     14.290  0.8495E+01  0.2744E+03
     14.308  0.7458E+01  0.2746E+03
     14.326  0.7000E+01  0.2747E+03
     14.345  0.7069E+01  0.2748E+03
     14.363  0.7209E+01  0.2749E+03
     14.381  0.7398E+01  0.2751E+03
     14.399  0.7637E+01  0.2752E+03
     14.417  0.7938E+01  0.2754E+03
     14.435  0.8539E+01  0.2755E+03
     14.453  0.9094E+01  0.2757E+03
     14.472  0.9592E+01  0.2758E+03
     14.490  0.1003E+02  0.2760E+03
     14.508  0.1042E+02  0.2762E+03
     14.526  0.1074E+02  0.2764E+03
     14.544  0.1119E+02  0.2766E+03
     14.562  0.1165E+02  0.2768E+03
     14.581  0.1204E+02  0.2770E+03
     14.599  0.1236E+02  0.2772E+03
     14.617  0.1261E+02  0.2775E+03
     14.635  0.1279E+02  0.2777E+03
     14.653  0.1290E+02  0.2779E+03
     14.671  0.1295E+02  0.2782E+03
     14.689  0.1292E+02  0.2784E+03
     14.708  0.1282E+02  0.2786E+03
     14.726  0.1285E+02  0.2789E+03
     14.744  0.1293E+02  0.2791E+03
     14.762  0.1297E+02  0.2793E+03
     14.780  0.1302E+02  0.2796E+03
     14.798  0.1306E+02  0.2798E+03
     14.817  0.1308E+02  0.2800E+03
     14.835  0.1307E+02  0.2803E+03
     14.853  0.1304E+02  0.2805E+03
     14.871  0.1300E+02  0.2808E+03
     14.889  0.1294E+02  0.2810E+03
     14.907  0.1287E+02  0.2812E+03
     14.925  0.1279E+02  0.2815E+03
     14.944  0.1269E+02  0.2817E+03
     14.962  0.1258E+02  0.2819E+03
     14.980  0.1245E+02  0.2821E+03
     14.998  0.1231E+02  0.2824E+03
     15.016  0.1215E+02  0.2826E+03
     15.034  0.1198E+02  0.2828E+03
     15.053  0.1170E+02  0.2830E+03
     15.071  0.1137E+02  0.2832E+03
     15.089  0.1106E+02  0.2834E+03
     15.107  0.1075E+02  0.2836E+03
     15.125  0.1045E+02  0.2838E+03
     15.143  0.1016E+02  0.2840E+03
     15.162  0.9882E+01  0.2842E+03
     15.180  0.9607E+01  0.2844E+03
     15.198  0.9337E+01  0.2845E+03
     15.216  0.9090E+01  0.2847E+03
     15.234  0.1051E+02  0.2849E+03
     15.252  0.1346E+02  0.2851E+03
     15.270  0.1363E+02  0.2854E+03
     15.289  0.1528E+02  0.2856E+03
     15.307  0.1956E+02  0.2859E+03
     15.325  0.2088E+02  0.2863E+03
     15.343  0.2244E+02  0.2867E+03
     15.361  0.2421E+02  0.2871E+03
     15.379  0.2594E+02  0.2876E+03
     15.398  0.2773E+02  0.2881E+03
     15.416  0.2863E+02  0.2886E+03
     15.434  0.2952E+02  0.2891E+03
     15.452  0.2997E+02  0.2896E+03
     15.470  0.2998E+02  0.2902E+03
     15.488  0.2966E+02  0.2907E+03
     15.506  0.2913E+02  0.2913E+03
     15.525  0.2731E+02  0.2918E+03
     15.543  0.2537E+02  0.2922E+03
     15.561  0.2417E+02  0.2927E+03
     15.579  0.2211E+02  0.2931E+03
     15.597  0.1944E+02  0.2935E+03
     15.615  0.1788E+02  0.2938E+03
     15.634  0.1608E+02  0.2941E+03
     15.652  0.1461E+02  0.2944E+03
     15.670  0.1394E+02  0.2947E+03
     15.688  0.1285E+02  0.2949E+03
     15.706  0.1464E+02  0.2952E+03
     15.724  0.1860E+02  0.2955E+03
     15.742  0.2121E+02  0.2958E+03
     15.761  0.2208E+02  0.2962E+03
     15.779  0.2123E+02  0.2966E+03
     15.797  0.1866E+02  0.2970E+03
     15.815  0.1541E+02  0.2973E+03
     15.833  0.1758E+02  0.2976E+03
     15.851  0.1992E+02  0.2979E+03
     15.870  0.4958E+02  0.2986E+03
     15.888  0.1260E+02  0.2990E+03
     15.906  0.1462E+02  0.2992E+03
     15.924  0.1684E+02  0.2995E+03
     15.942  0.1956E+02  0.2999E+03
     15.960  0.2473E+02  0.3003E+03
     15.978  0.2104E+02  0.3011E+03
     15.997  0.3190E+02  0.3016E+03
     16.015  0.2760E+02  0.3022E+03
     16.033  0.7057E+01  0.3025E+03
     16.051  0.8501E+01  0.3026E+03
     16.069  0.1009E+02  0.3028E+03
     16.087  0.1183E+02  0.3030E+03
     16.106  0.1384E+02  0.3032E+03
     16.124  0.6225E+01  0.3044E+03
     16.142  0.7706E+01  0.3046E+03
     16.160  0.9479E+01  0.3047E+03
     16.178  0.1154E+02  0.3049E+03
     16.196  0.1100E+03  0.3053E+03
     16.214  0.4941E+01  0.3062E+03
     16.233  0.6344E+01  0.3063E+03
     16.251  0.7301E+01  0.3064E+03
     16.269  0.8226E+01  0.3066E+03
     16.287  0.9120E+01  0.3067E+03
     16.305  0.9982E+01  0.3069E+03
     16.323  0.1081E+02  0.3071E+03
     16.342  0.1161E+02  0.3073E+03
     16.360  0.1219E+02  0.3075E+03
     16.378  0.1257E+02  0.3077E+03
     16.396  0.1284E+02  0.3080E+03
     16.414  0.1298E+02  0.3082E+03
     16.432  0.1296E+02  0.3084E+03
     16.450  0.1267E+02  0.3087E+03
     16.469  0.1367E+02  0.3089E+03
     16.487  0.1173E+02  0.3091E+03
     16.505  0.1136E+02  0.3094E+03
     16.523  0.1180E+02  0.3096E+03
     16.541  0.1212E+02  0.3098E+03
     16.559  0.1224E+02  0.3100E+03
     16.578  0.1596E+02  0.3102E+03
     16.596  0.1661E+02  0.3105E+03
     16.614  0.1638E+02  0.3108E+03
     16.632  0.1592E+02  0.3111E+03
     16.650  0.1521E+02  0.3114E+03
     16.668  0.1433E+02  0.3117E+03
     16.686  0.1372E+02  0.3119E+03
     16.705  0.1327E+02  0.3122E+03
     16.723  0.1359E+02  0.3124E+03
     16.741  0.1378E+02  0.3127E+03
     16.759  0.1376E+02  0.3129E+03
     16.777  0.1306E+02  0.3132E+03
     16.795  0.1160E+02  0.3134E+03
     16.814  0.9393E+01  0.3136E+03
     16.832  0.9168E+01  0.3137E+03
     16.850  0.9230E+01  0.3139E+03
     16.868  0.9225E+01  0.3141E+03
     16.886  0.9152E+01  0.3143E+03
     16.904  0.9013E+01  0.3144E+03
     16.922  0.8625E+01  0.3146E+03
     16.941  0.8144E+01  0.3147E+03
     16.959  0.7695E+01  0.3149E+03
     16.977  0.7278E+01  0.3150E+03
     16.995  0.6893E+01  0.3151E+03
     17.013  0.6540E+01  0.3153E+03
     17.031  0.6218E+01  0.3154E+03
     17.050  0.5910E+01  0.3155E+03
     17.068  0.5555E+01  0.3156E+03
     17.086  0.7080E+01  0.3157E+03
     17.104  0.9378E+01  0.3158E+03
     17.122  0.1128E+02  0.3160E+03
     17.140  0.1205E+02  0.3162E+03
     17.158  0.1380E+02  0.3165E+03
     17.177  0.1645E+02  0.3168E+03
     17.195  0.1878E+02  0.3171E+03
     17.213  0.2080E+02  0.3174E+03
     17.231  0.2249E+02  0.3178E+03
     17.249  0.2163E+02  0.3182E+03
     17.267  0.1554E+02  0.3186E+03
     17.286  0.1294E+02  0.3188E+03
     17.304  0.1138E+02  0.3190E+03
     17.322  0.1076E+02  0.3192E+03
     17.340  0.1034E+02  0.3194E+03
     17.358  0.9633E+01  0.3196E+03
     17.376  0.9530E+01  0.3198E+03
     17.394  0.1002E+02  0.3200E+03
     17.413  0.1055E+02  0.3202E+03
     17.431  0.1087E+02  0.3204E+03
     17.449  0.1096E+02  0.3206E+03
     17.467  0.1083E+02  0.3208E+03
     17.485  0.1048E+02  0.3209E+03
     17.503  0.9906E+01  0.3211E+03
     17.522  0.8885E+01  0.3213E+03
     17.540  0.7514E+01  0.3215E+03
     17.558  0.6277E+01  0.3216E+03
     17.576  0.5176E+01  0.3217E+03
     17.594  0.4210E+01  0.3218E+03
     17.612  0.3370E+01  0.3218E+03
     17.630  0.2614E+01  0.3219E+03
     17.649  0.1939E+01  0.3219E+03
     17.667  0.1358E+01  0.3220E+03
     17.685  0.8808E+00  0.3220E+03
     17.703  0.5064E+00  0.3220E+03
     17.721  0.2350E+00  0.3220E+03
     17.739  0.6648E-01  0.3220E+03
     17.758  0.9573E-03  0.3220E+03
     17.776  0.0000E+00  0.3220E+03
     17.794  0.0000E+00  0.3220E+03
     17.812  0.0000E+00  0.3220E+03
     17.830  0.0000E+00  0.3220E+03
     17.848  0.0000E+00  0.3220E+03
     17.867  0.0000E+00  0.3220E+03
     17.885  0.0000E+00  0.3220E+03
     17.903  0.0000E+00  0.3220E+03
     17.921  0.0000E+00  0.3220E+03
     17.939  0.0000E+00  0.3220E+03
     17.957  0.0000E+00  0.3220E+03
     17.975  0.0000E+00  0.3220E+03
     17.994  0.0000E+00  0.3220E+03
     18.012  0.0000E+00  0.3220E+03
     18.030  0.0000E+00  0.3220E+03
     18.048  0.0000E+00  0.3220E+03
     18.066  0.0000E+00  0.3220E+03
     18.084  0.0000E+00  0.3220E+03
     18.103  0.0000E+00  0.3220E+03
     18.121  0.0000E+00  0.3220E+03
     18.139  0.0000E+00  0.3220E+03
     18.157  0.0000E+00  0.3220E+03
     18.175  0.0000E+00  0.3220E+03
     18.193  0.0000E+00  0.3220E+03
     18.211  0.0000E+00  0.3220E+03
     18.230  0.0000E+00  0.3220E+03
     18.248  0.0000E+00  0.3220E+03
     18.266  0.0000E+00  0.3220E+03
     18.284  0.0000E+00  0.3220E+03
     18.302  0.0000E+00  0.3220E+03
     18.320  0.0000E+00  0.3220E+03
     18.339  0.0000E+00  0.3220E+03
     18.357  0.0000E+00  0.3220E+03
     18.375  0.0000E+00  0.3220E+03
     18.393  0.0000E+00  0.3220E+03
     18.411  0.0000E+00  0.3220E+03
     18.429  0.0000E+00  0.3220E+03
     18.447  0.0000E+00  0.3220E+03
     18.466  0.0000E+00  0.3220E+03
     18.484  0.0000E+00  0.3220E+03
     18.502  0.0000E+00  0.3220E+03
     18.520  0.0000E+00  0.3220E+03
     18.538  0.0000E+00  0.3220E+03
     18.556  0.0000E+00  0.3220E+03
     18.575  0.0000E+00  0.3220E+03
     18.593  0.0000E+00  0.3220E+03
     18.611  0.0000E+00  0.3220E+03
     18.629  0.0000E+00  0.3220E+03
     18.647  0.0000E+00  0.3220E+03
     18.665  0.0000E+00  0.3220E+03
     18.683  0.0000E+00  0.3220E+03
     18.702  0.0000E+00  0.3220E+03
     18.720  0.0000E+00  0.3220E+03
     18.738  0.0000E+00  0.3220E+03
     18.756  0.0000E+00  0.3220E+03
     18.774  0.0000E+00  0.3220E+03
     18.792  0.0000E+00  0.3220E+03
     18.811  0.0000E+00  0.3220E+03
     18.829  0.0000E+00  0.3220E+03
     18.847  0.0000E+00  0.3220E+03
     18.865  0.0000E+00  0.3220E+03
     18.883  0.0000E+00  0.3220E+03
     18.901  0.0000E+00  0.3220E+03
     18.919  0.0000E+00  0.3220E+03
     18.938  0.0000E+00  0.3220E+03
     18.956  0.0000E+00  0.3220E+03
     18.974  0.0000E+00  0.3220E+03
     18.992  0.0000E+00  0.3220E+03
     19.010  0.0000E+00  0.3220E+03
     19.028  0.0000E+00  0.3220E+03
     19.047  0.0000E+00  0.3220E+03
     19.065  0.0000E+00  0.3220E+03
     19.083  0.0000E+00  0.3220E+03
     19.101  0.0000E+00  0.3220E+03
     19.119  0.0000E+00  0.3220E+03
     19.137  0.0000E+00  0.3220E+03
     19.155  0.0000E+00  0.3220E+03
     19.174  0.0000E+00  0.3220E+03
     19.192  0.0000E+00  0.3220E+03
     19.210  0.0000E+00  0.3220E+03
     19.228  0.0000E+00  0.3220E+03
     19.246  0.0000E+00  0.3220E+03
     19.264  0.0000E+00  0.3220E+03
     19.283  0.0000E+00  0.3220E+03
     19.301  0.0000E+00  0.3220E+03
     19.319  0.0000E+00  0.3220E+03
     19.337  0.0000E+00  0.3220E+03
     19.355  0.0000E+00  0.3220E+03
     19.373  0.0000E+00  0.3220E+03
     19.391  0.0000E+00  0.3220E+03
     19.410  0.0000E+00  0.3220E+03



