 Energy DOS Integrated_DOS
    -16.907  0.0000E+00  0.0000E+00
    -16.889  0.0000E+00  0.0000E+00
    -16.871  0.0000E+00  0.0000E+00
    -16.853  0.0000E+00  0.0000E+00
    -16.835  0.0000E+00  0.0000E+00
    -16.817  0.0000E+00  0.0000E+00
    -16.799  0.0000E+00  0.0000E+00
    -16.780  0.0000E+00  0.0000E+00
    -16.762  0.0000E+00  0.0000E+00
    -16.744  0.0000E+00  0.0000E+00
    -16.726  0.0000E+00  0.0000E+00
    -16.708  0.0000E+00  0.0000E+00
    -16.690  0.0000E+00  0.0000E+00
    -16.672  0.0000E+00  0.0000E+00
    -16.654  0.0000E+00  0.0000E+00
    -16.636  0.0000E+00  0.0000E+00
    -16.618  0.0000E+00  0.0000E+00
    -16.600  0.0000E+00  0.0000E+00
    -16.581  0.0000E+00  0.0000E+00
    -16.563  0.0000E+00  0.0000E+00
    -16.545  0.0000E+00  0.0000E+00
    -16.527  0.0000E+00  0.0000E+00
    -16.509  0.0000E+00  0.0000E+00
    -16.491  0.0000E+00  0.0000E+00
    -16.473  0.0000E+00  0.0000E+00
    -16.455  0.0000E+00  0.0000E+00
    -16.437  0.0000E+00  0.0000E+00
    -16.419  0.0000E+00  0.0000E+00
    -16.400  0.0000E+00  0.0000E+00
    -16.382  0.0000E+00  0.0000E+00
    -16.364  0.0000E+00  0.0000E+00
    -16.346  0.0000E+00  0.0000E+00
    -16.328  0.0000E+00  0.0000E+00
    -16.310  0.0000E+00  0.0000E+00
    -16.292  0.0000E+00  0.0000E+00
    -16.274  0.0000E+00  0.0000E+00
    -16.256  0.0000E+00  0.0000E+00
    -16.238  0.0000E+00  0.0000E+00
    -16.220  0.0000E+00  0.0000E+00
    -16.201  0.0000E+00  0.0000E+00
    -16.183  0.0000E+00  0.0000E+00
    -16.165  0.0000E+00  0.0000E+00
    -16.147  0.0000E+00  0.0000E+00
    -16.129  0.0000E+00  0.0000E+00
    -16.111  0.0000E+00  0.0000E+00
    -16.093  0.0000E+00  0.0000E+00
    -16.075  0.0000E+00  0.0000E+00
    -16.057  0.0000E+00  0.0000E+00
    -16.039  0.0000E+00  0.0000E+00
    -16.020  0.0000E+00  0.0000E+00
    -16.002  0.0000E+00  0.0000E+00
    -15.984  0.0000E+00  0.0000E+00
    -15.966  0.0000E+00  0.0000E+00
    -15.948  0.0000E+00  0.0000E+00
    -15.930  0.0000E+00  0.0000E+00
    -15.912  0.0000E+00  0.0000E+00
    -15.894  0.0000E+00  0.0000E+00
    -15.876  0.0000E+00  0.0000E+00
    -15.858  0.0000E+00  0.0000E+00
    -15.839  0.0000E+00  0.0000E+00
    -15.821  0.0000E+00  0.0000E+00
    -15.803  0.0000E+00  0.0000E+00
    -15.785  0.0000E+00  0.0000E+00
    -15.767  0.0000E+00  0.0000E+00
    -15.749  0.0000E+00  0.0000E+00
    -15.731  0.0000E+00  0.0000E+00
    -15.713  0.0000E+00  0.0000E+00
    -15.695  0.0000E+00  0.0000E+00
    -15.677  0.0000E+00  0.0000E+00
    -15.659  0.0000E+00  0.0000E+00
    -15.640  0.0000E+00  0.0000E+00
    -15.622  0.0000E+00  0.0000E+00
    -15.604  0.0000E+00  0.0000E+00
    -15.586  0.0000E+00  0.0000E+00
    -15.568  0.0000E+00  0.0000E+00
    -15.550  0.0000E+00  0.0000E+00
    -15.532  0.0000E+00  0.0000E+00
    -15.514  0.0000E+00  0.0000E+00
    -15.496  0.0000E+00  0.0000E+00
    -15.478  0.0000E+00  0.0000E+00
    -15.459  0.0000E+00  0.0000E+00
    -15.441  0.0000E+00  0.0000E+00
    -15.423  0.0000E+00  0.0000E+00
    -15.405  0.0000E+00  0.0000E+00
    -15.387  0.0000E+00  0.0000E+00
    -15.369  0.0000E+00  0.0000E+00
    -15.351  0.0000E+00  0.0000E+00
    -15.333  0.0000E+00  0.0000E+00
    -15.315  0.0000E+00  0.0000E+00
    -15.297  0.0000E+00  0.0000E+00
    -15.279  0.0000E+00  0.0000E+00
    -15.260  0.8071E-03  0.6639E-06
    -15.242  0.5605E-01  0.3842E-03
    -15.224  0.1981E+00  0.2553E-02
    -15.206  0.4270E+00  0.8078E-02
    -15.188  0.7427E+00  0.1853E-01
    -15.170  0.1145E+01  0.3548E-01
    -15.152  0.1634E+01  0.6050E-01
    -15.134  0.2211E+01  0.9516E-01
    -15.116  0.2874E+01  0.1410E+00
    -15.098  0.3623E+01  0.1997E+00
    -15.079  0.4460E+01  0.2727E+00
    -15.061  0.5383E+01  0.3616E+00
    -15.043  0.6525E+01  0.4692E+00
    -15.025  0.9450E+01  0.6083E+00
    -15.007  0.1274E+02  0.8101E+00
    -14.989  0.1530E+02  0.1065E+01
    -14.971  0.1715E+02  0.1360E+01
    -14.953  0.1828E+02  0.1681E+01
    -14.935  0.1869E+02  0.2017E+01
    -14.917  0.1838E+02  0.2353E+01
    -14.899  0.1735E+02  0.2678E+01
    -14.880  0.1529E+02  0.2976E+01
    -14.862  0.1215E+02  0.3224E+01
    -14.844  0.1045E+02  0.3423E+01
    -14.826  0.1024E+02  0.3610E+01
    -14.808  0.1009E+02  0.3794E+01
    -14.790  0.9987E+01  0.3975E+01
    -14.772  0.1013E+02  0.4156E+01
    -14.754  0.1153E+02  0.4352E+01
    -14.736  0.1271E+02  0.4571E+01
    -14.718  0.1369E+02  0.4811E+01
    -14.699  0.1446E+02  0.5066E+01
    -14.681  0.1501E+02  0.5333E+01
    -14.663  0.1536E+02  0.5608E+01
    -14.645  0.1550E+02  0.5887E+01
    -14.627  0.1543E+02  0.6168E+01
    -14.609  0.1525E+02  0.6445E+01
    -14.591  0.1509E+02  0.6720E+01
    -14.573  0.1459E+02  0.6989E+01
    -14.555  0.1369E+02  0.7245E+01
    -14.537  0.1259E+02  0.7483E+01
    -14.519  0.1256E+02  0.7705E+01
    -14.500  0.1449E+02  0.7949E+01
    -14.482  0.1682E+02  0.8231E+01
    -14.464  0.1951E+02  0.8560E+01
    -14.446  0.2166E+02  0.8933E+01
    -14.428  0.2377E+02  0.9339E+01
    -14.410  0.3021E+02  0.9826E+01
    -14.392  0.3773E+02  0.1044E+02
    -14.374  0.4633E+02  0.1120E+02
    -14.356  0.8394E+02  0.1222E+02
    -14.338  0.4254E+02  0.1368E+02
    -14.319  0.2345E+02  0.1414E+02
    -14.301  0.1795E+02  0.1452E+02
    -14.283  0.2311E+02  0.1480E+02
    -14.265  0.4393E+02  0.1544E+02
    -14.247  0.3908E+02  0.1620E+02
    -14.229  0.4268E+02  0.1695E+02
    -14.211  0.3737E+02  0.1769E+02
    -14.193  0.2608E+02  0.1826E+02
    -14.175  0.2941E+02  0.1871E+02
    -14.157  0.3991E+02  0.1935E+02
    -14.139  0.3746E+02  0.2007E+02
    -14.120  0.2887E+02  0.2065E+02
    -14.102  0.3952E+02  0.2128E+02
    -14.084  0.4108E+02  0.2203E+02
    -14.066  0.3355E+02  0.2271E+02
    -14.048  0.2257E+02  0.2322E+02
    -14.030  0.1332E+02  0.2354E+02
    -14.012  0.7462E+01  0.2372E+02
    -13.994  0.1197E+03  0.2421E+02
    -13.976  0.5222E+02  0.2660E+02
    -13.958  0.4080E+02  0.2742E+02
    -13.939  0.5457E+02  0.2822E+02
    -13.921  0.8911E+02  0.2958E+02
    -13.903  0.9023E+02  0.3124E+02
    -13.885  0.8508E+02  0.3279E+02
    -13.867  0.8638E+02  0.3434E+02
    -13.849  0.8394E+02  0.3589E+02
    -13.831  0.8253E+02  0.3739E+02
    -13.813  0.8390E+02  0.3887E+02
    -13.795  0.1114E+03  0.4079E+02
    -13.777  0.4244E+02  0.4295E+02
    -13.759  0.9739E+02  0.4437E+02
    -13.740  0.1275E+03  0.4598E+02
    -13.722  0.1238E+03  0.4826E+02
    -13.704  0.9634E+02  0.5030E+02
    -13.686  0.7132E+02  0.5197E+02
    -13.668  0.1096E+03  0.5368E+02
    -13.650  0.8219E+02  0.5552E+02
    -13.632  0.6886E+02  0.5685E+02
    -13.614  0.1007E+03  0.5837E+02
    -13.596  0.7128E+02  0.5995E+02
    -13.578  0.8934E+02  0.6150E+02
    -13.559  0.0000E+00  0.6200E+02
    -13.541  0.0000E+00  0.6200E+02
    -13.523  0.0000E+00  0.6200E+02
    -13.505  0.0000E+00  0.6200E+02
    -13.487  0.0000E+00  0.6200E+02
    -13.469  0.0000E+00  0.6200E+02
    -13.451  0.0000E+00  0.6200E+02
    -13.433  0.0000E+00  0.6200E+02
    -13.415  0.0000E+00  0.6200E+02
    -13.397  0.0000E+00  0.6200E+02
    -13.379  0.0000E+00  0.6200E+02
    -13.360  0.0000E+00  0.6200E+02
    -13.342  0.0000E+00  0.6200E+02
    -13.324  0.0000E+00  0.6200E+02
    -13.306  0.0000E+00  0.6200E+02
    -13.288  0.0000E+00  0.6200E+02
    -13.270  0.0000E+00  0.6200E+02
    -13.252  0.0000E+00  0.6200E+02
    -13.234  0.0000E+00  0.6200E+02
    -13.216  0.0000E+00  0.6200E+02
    -13.198  0.0000E+00  0.6200E+02
    -13.179  0.0000E+00  0.6200E+02
    -13.161  0.0000E+00  0.6200E+02
    -13.143  0.0000E+00  0.6200E+02
    -13.125  0.0000E+00  0.6200E+02
    -13.107  0.0000E+00  0.6200E+02
    -13.089  0.0000E+00  0.6200E+02
    -13.071  0.0000E+00  0.6200E+02
    -13.053  0.0000E+00  0.6200E+02
    -13.035  0.0000E+00  0.6200E+02
    -13.017  0.0000E+00  0.6200E+02
    -12.998  0.0000E+00  0.6200E+02
    -12.980  0.0000E+00  0.6200E+02
    -12.962  0.0000E+00  0.6200E+02
    -12.944  0.0000E+00  0.6200E+02
    -12.926  0.0000E+00  0.6200E+02
    -12.908  0.0000E+00  0.6200E+02
    -12.890  0.0000E+00  0.6200E+02
    -12.872  0.0000E+00  0.6200E+02
    -12.854  0.0000E+00  0.6200E+02
    -12.836  0.0000E+00  0.6200E+02
    -12.818  0.0000E+00  0.6200E+02
    -12.799  0.0000E+00  0.6200E+02
    -12.781  0.0000E+00  0.6200E+02
    -12.763  0.0000E+00  0.6200E+02
    -12.745  0.0000E+00  0.6200E+02
    -12.727  0.0000E+00  0.6200E+02
    -12.709  0.0000E+00  0.6200E+02
    -12.691  0.0000E+00  0.6200E+02
    -12.673  0.0000E+00  0.6200E+02
    -12.655  0.0000E+00  0.6200E+02
    -12.637  0.0000E+00  0.6200E+02
    -12.618  0.0000E+00  0.6200E+02
    -12.600  0.0000E+00  0.6200E+02
    -12.582  0.0000E+00  0.6200E+02
    -12.564  0.0000E+00  0.6200E+02
    -12.546  0.0000E+00  0.6200E+02
    -12.528  0.0000E+00  0.6200E+02
    -12.510  0.0000E+00  0.6200E+02
    -12.492  0.0000E+00  0.6200E+02
    -12.474  0.0000E+00  0.6200E+02
    -12.456  0.0000E+00  0.6200E+02
    -12.438  0.0000E+00  0.6200E+02
    -12.419  0.0000E+00  0.6200E+02
    -12.401  0.0000E+00  0.6200E+02
    -12.383  0.0000E+00  0.6200E+02
    -12.365  0.0000E+00  0.6200E+02
    -12.347  0.0000E+00  0.6200E+02
    -12.329  0.0000E+00  0.6200E+02
    -12.311  0.0000E+00  0.6200E+02
    -12.293  0.0000E+00  0.6200E+02
    -12.275  0.0000E+00  0.6200E+02
    -12.257  0.0000E+00  0.6200E+02
    -12.238  0.0000E+00  0.6200E+02
    -12.220  0.0000E+00  0.6200E+02
    -12.202  0.0000E+00  0.6200E+02
    -12.184  0.0000E+00  0.6200E+02
    -12.166  0.0000E+00  0.6200E+02
    -12.148  0.0000E+00  0.6200E+02
    -12.130  0.0000E+00  0.6200E+02
    -12.112  0.0000E+00  0.6200E+02
    -12.094  0.0000E+00  0.6200E+02
    -12.076  0.0000E+00  0.6200E+02
    -12.058  0.0000E+00  0.6200E+02
    -12.039  0.0000E+00  0.6200E+02
    -12.021  0.0000E+00  0.6200E+02
    -12.003  0.0000E+00  0.6200E+02
    -11.985  0.0000E+00  0.6200E+02
    -11.967  0.0000E+00  0.6200E+02
    -11.949  0.0000E+00  0.6200E+02
    -11.931  0.0000E+00  0.6200E+02
    -11.913  0.0000E+00  0.6200E+02
    -11.895  0.0000E+00  0.6200E+02
    -11.877  0.0000E+00  0.6200E+02
    -11.858  0.0000E+00  0.6200E+02
    -11.840  0.0000E+00  0.6200E+02
    -11.822  0.0000E+00  0.6200E+02
    -11.804  0.0000E+00  0.6200E+02
    -11.786  0.0000E+00  0.6200E+02
    -11.768  0.0000E+00  0.6200E+02
    -11.750  0.0000E+00  0.6200E+02
    -11.732  0.0000E+00  0.6200E+02
    -11.714  0.0000E+00  0.6200E+02
    -11.696  0.0000E+00  0.6200E+02
    -11.678  0.0000E+00  0.6200E+02
    -11.659  0.0000E+00  0.6200E+02
    -11.641  0.0000E+00  0.6200E+02
    -11.623  0.0000E+00  0.6200E+02
    -11.605  0.0000E+00  0.6200E+02
    -11.587  0.0000E+00  0.6200E+02
    -11.569  0.0000E+00  0.6200E+02
    -11.551  0.0000E+00  0.6200E+02
    -11.533  0.0000E+00  0.6200E+02
    -11.515  0.0000E+00  0.6200E+02
    -11.497  0.0000E+00  0.6200E+02
    -11.478  0.0000E+00  0.6200E+02
    -11.460  0.0000E+00  0.6200E+02
    -11.442  0.0000E+00  0.6200E+02
    -11.424  0.0000E+00  0.6200E+02
    -11.406  0.0000E+00  0.6200E+02
    -11.388  0.0000E+00  0.6200E+02
    -11.370  0.0000E+00  0.6200E+02
    -11.352  0.0000E+00  0.6200E+02
    -11.334  0.0000E+00  0.6200E+02
    -11.316  0.0000E+00  0.6200E+02
    -11.298  0.0000E+00  0.6200E+02
    -11.279  0.0000E+00  0.6200E+02
    -11.261  0.0000E+00  0.6200E+02
    -11.243  0.0000E+00  0.6200E+02
    -11.225  0.0000E+00  0.6200E+02
    -11.207  0.0000E+00  0.6200E+02
    -11.189  0.0000E+00  0.6200E+02
    -11.171  0.0000E+00  0.6200E+02
    -11.153  0.0000E+00  0.6200E+02
    -11.135  0.0000E+00  0.6200E+02
    -11.117  0.0000E+00  0.6200E+02
    -11.098  0.0000E+00  0.6200E+02
    -11.080  0.0000E+00  0.6200E+02
    -11.062  0.0000E+00  0.6200E+02
    -11.044  0.0000E+00  0.6200E+02
    -11.026  0.0000E+00  0.6200E+02
    -11.008  0.0000E+00  0.6200E+02
    -10.990  0.0000E+00  0.6200E+02
    -10.972  0.0000E+00  0.6200E+02
    -10.954  0.0000E+00  0.6200E+02
    -10.936  0.0000E+00  0.6200E+02
    -10.918  0.0000E+00  0.6200E+02
    -10.899  0.0000E+00  0.6200E+02
    -10.881  0.0000E+00  0.6200E+02
    -10.863  0.0000E+00  0.6200E+02
    -10.845  0.0000E+00  0.6200E+02
    -10.827  0.0000E+00  0.6200E+02
    -10.809  0.0000E+00  0.6200E+02
    -10.791  0.0000E+00  0.6200E+02
    -10.773  0.0000E+00  0.6200E+02
    -10.755  0.0000E+00  0.6200E+02
    -10.737  0.0000E+00  0.6200E+02
    -10.718  0.0000E+00  0.6200E+02
    -10.700  0.0000E+00  0.6200E+02
    -10.682  0.0000E+00  0.6200E+02
    -10.664  0.0000E+00  0.6200E+02
    -10.646  0.0000E+00  0.6200E+02
    -10.628  0.0000E+00  0.6200E+02
    -10.610  0.0000E+00  0.6200E+02
    -10.592  0.0000E+00  0.6200E+02
    -10.574  0.0000E+00  0.6200E+02
    -10.556  0.0000E+00  0.6200E+02
    -10.538  0.0000E+00  0.6200E+02
    -10.519  0.0000E+00  0.6200E+02
    -10.501  0.0000E+00  0.6200E+02
    -10.483  0.0000E+00  0.6200E+02
    -10.465  0.0000E+00  0.6200E+02
    -10.447  0.0000E+00  0.6200E+02
    -10.429  0.0000E+00  0.6200E+02
    -10.411  0.0000E+00  0.6200E+02
    -10.393  0.0000E+00  0.6200E+02
    -10.375  0.0000E+00  0.6200E+02
    -10.357  0.0000E+00  0.6200E+02
    -10.338  0.0000E+00  0.6200E+02
    -10.320  0.0000E+00  0.6200E+02
    -10.302  0.0000E+00  0.6200E+02
    -10.284  0.0000E+00  0.6200E+02
    -10.266  0.0000E+00  0.6200E+02
    -10.248  0.0000E+00  0.6200E+02
    -10.230  0.0000E+00  0.6200E+02
    -10.212  0.0000E+00  0.6200E+02
    -10.194  0.0000E+00  0.6200E+02
    -10.176  0.0000E+00  0.6200E+02
    -10.158  0.0000E+00  0.6200E+02
    -10.139  0.0000E+00  0.6200E+02
    -10.121  0.0000E+00  0.6200E+02
    -10.103  0.0000E+00  0.6200E+02
    -10.085  0.0000E+00  0.6200E+02
    -10.067  0.0000E+00  0.6200E+02
    -10.049  0.0000E+00  0.6200E+02
    -10.031  0.0000E+00  0.6200E+02
    -10.013  0.0000E+00  0.6200E+02
     -9.995  0.0000E+00  0.6200E+02
     -9.977  0.0000E+00  0.6200E+02
     -9.958  0.0000E+00  0.6200E+02
     -9.940  0.0000E+00  0.6200E+02
     -9.922  0.0000E+00  0.6200E+02
     -9.904  0.0000E+00  0.6200E+02
     -9.886  0.0000E+00  0.6200E+02
     -9.868  0.0000E+00  0.6200E+02
     -9.850  0.0000E+00  0.6200E+02
     -9.832  0.0000E+00  0.6200E+02
     -9.814  0.0000E+00  0.6200E+02
     -9.796  0.0000E+00  0.6200E+02
     -9.777  0.0000E+00  0.6200E+02
     -9.759  0.0000E+00  0.6200E+02
     -9.741  0.0000E+00  0.6200E+02
     -9.723  0.0000E+00  0.6200E+02
     -9.705  0.0000E+00  0.6200E+02
     -9.687  0.0000E+00  0.6200E+02
     -9.669  0.0000E+00  0.6200E+02
     -9.651  0.0000E+00  0.6200E+02
     -9.633  0.0000E+00  0.6200E+02
     -9.615  0.0000E+00  0.6200E+02
     -9.597  0.0000E+00  0.6200E+02
     -9.578  0.0000E+00  0.6200E+02
     -9.560  0.0000E+00  0.6200E+02
     -9.542  0.0000E+00  0.6200E+02
     -9.524  0.0000E+00  0.6200E+02
     -9.506  0.0000E+00  0.6200E+02
     -9.488  0.0000E+00  0.6200E+02
     -9.470  0.0000E+00  0.6200E+02
     -9.452  0.0000E+00  0.6200E+02
     -9.434  0.0000E+00  0.6200E+02
     -9.416  0.0000E+00  0.6200E+02
     -9.397  0.0000E+00  0.6200E+02
     -9.379  0.0000E+00  0.6200E+02
     -9.361  0.0000E+00  0.6200E+02
     -9.343  0.0000E+00  0.6200E+02
     -9.325  0.0000E+00  0.6200E+02
     -9.307  0.0000E+00  0.6200E+02
     -9.289  0.0000E+00  0.6200E+02
     -9.271  0.0000E+00  0.6200E+02
     -9.253  0.0000E+00  0.6200E+02
     -9.235  0.0000E+00  0.6200E+02
     -9.217  0.0000E+00  0.6200E+02
     -9.198  0.0000E+00  0.6200E+02
     -9.180  0.0000E+00  0.6200E+02
     -9.162  0.0000E+00  0.6200E+02
     -9.144  0.0000E+00  0.6200E+02
     -9.126  0.0000E+00  0.6200E+02
     -9.108  0.0000E+00  0.6200E+02
     -9.090  0.0000E+00  0.6200E+02
     -9.072  0.0000E+00  0.6200E+02
     -9.054  0.0000E+00  0.6200E+02
     -9.036  0.0000E+00  0.6200E+02
     -9.017  0.0000E+00  0.6200E+02
     -8.999  0.0000E+00  0.6200E+02
     -8.981  0.0000E+00  0.6200E+02
     -8.963  0.0000E+00  0.6200E+02
     -8.945  0.0000E+00  0.6200E+02
     -8.927  0.0000E+00  0.6200E+02
     -8.909  0.0000E+00  0.6200E+02
     -8.891  0.0000E+00  0.6200E+02
     -8.873  0.0000E+00  0.6200E+02
     -8.855  0.0000E+00  0.6200E+02
     -8.837  0.0000E+00  0.6200E+02
     -8.818  0.0000E+00  0.6200E+02
     -8.800  0.0000E+00  0.6200E+02
     -8.782  0.0000E+00  0.6200E+02
     -8.764  0.0000E+00  0.6200E+02
     -8.746  0.0000E+00  0.6200E+02
     -8.728  0.0000E+00  0.6200E+02
     -8.710  0.0000E+00  0.6200E+02
     -8.692  0.0000E+00  0.6200E+02
     -8.674  0.0000E+00  0.6200E+02
     -8.656  0.0000E+00  0.6200E+02
     -8.637  0.0000E+00  0.6200E+02
     -8.619  0.0000E+00  0.6200E+02
     -8.601  0.0000E+00  0.6200E+02
     -8.583  0.0000E+00  0.6200E+02
     -8.565  0.0000E+00  0.6200E+02
     -8.547  0.0000E+00  0.6200E+02
     -8.529  0.0000E+00  0.6200E+02
     -8.511  0.0000E+00  0.6200E+02
     -8.493  0.0000E+00  0.6200E+02
     -8.475  0.0000E+00  0.6200E+02
     -8.457  0.0000E+00  0.6200E+02
     -8.438  0.0000E+00  0.6200E+02
     -8.420  0.0000E+00  0.6200E+02
     -8.402  0.0000E+00  0.6200E+02
     -8.384  0.0000E+00  0.6200E+02
     -8.366  0.0000E+00  0.6200E+02
     -8.348  0.0000E+00  0.6200E+02
     -8.330  0.0000E+00  0.6200E+02
     -8.312  0.0000E+00  0.6200E+02
     -8.294  0.0000E+00  0.6200E+02
     -8.276  0.0000E+00  0.6200E+02
     -8.257  0.0000E+00  0.6200E+02
     -8.239  0.0000E+00  0.6200E+02
     -8.221  0.0000E+00  0.6200E+02
     -8.203  0.0000E+00  0.6200E+02
     -8.185  0.0000E+00  0.6200E+02
     -8.167  0.0000E+00  0.6200E+02
     -8.149  0.0000E+00  0.6200E+02
     -8.131  0.0000E+00  0.6200E+02
     -8.113  0.0000E+00  0.6200E+02
     -8.095  0.0000E+00  0.6200E+02
     -8.077  0.0000E+00  0.6200E+02
     -8.058  0.0000E+00  0.6200E+02
     -8.040  0.0000E+00  0.6200E+02
     -8.022  0.0000E+00  0.6200E+02
     -8.004  0.0000E+00  0.6200E+02
     -7.986  0.0000E+00  0.6200E+02
     -7.968  0.0000E+00  0.6200E+02
     -7.950  0.0000E+00  0.6200E+02
     -7.932  0.0000E+00  0.6200E+02
     -7.914  0.0000E+00  0.6200E+02
     -7.896  0.0000E+00  0.6200E+02
     -7.877  0.0000E+00  0.6200E+02
     -7.859  0.0000E+00  0.6200E+02
     -7.841  0.0000E+00  0.6200E+02
     -7.823  0.0000E+00  0.6200E+02
     -7.805  0.0000E+00  0.6200E+02
     -7.787  0.0000E+00  0.6200E+02
     -7.769  0.0000E+00  0.6200E+02
     -7.751  0.0000E+00  0.6200E+02
     -7.733  0.0000E+00  0.6200E+02
     -7.715  0.0000E+00  0.6200E+02
     -7.697  0.0000E+00  0.6200E+02
     -7.678  0.0000E+00  0.6200E+02
     -7.660  0.0000E+00  0.6200E+02
     -7.642  0.0000E+00  0.6200E+02
     -7.624  0.0000E+00  0.6200E+02
     -7.606  0.0000E+00  0.6200E+02
     -7.588  0.0000E+00  0.6200E+02
     -7.570  0.0000E+00  0.6200E+02
     -7.552  0.0000E+00  0.6200E+02
     -7.534  0.0000E+00  0.6200E+02
     -7.516  0.0000E+00  0.6200E+02
     -7.497  0.0000E+00  0.6200E+02
     -7.479  0.0000E+00  0.6200E+02
     -7.461  0.0000E+00  0.6200E+02
     -7.443  0.0000E+00  0.6200E+02
     -7.425  0.0000E+00  0.6200E+02
     -7.407  0.0000E+00  0.6200E+02
     -7.389  0.0000E+00  0.6200E+02
     -7.371  0.0000E+00  0.6200E+02
     -7.353  0.0000E+00  0.6200E+02
     -7.335  0.0000E+00  0.6200E+02
     -7.317  0.0000E+00  0.6200E+02
     -7.298  0.0000E+00  0.6200E+02
     -7.280  0.0000E+00  0.6200E+02
     -7.262  0.0000E+00  0.6200E+02
     -7.244  0.0000E+00  0.6200E+02
     -7.226  0.0000E+00  0.6200E+02
     -7.208  0.0000E+00  0.6200E+02
     -7.190  0.0000E+00  0.6200E+02
     -7.172  0.0000E+00  0.6200E+02
     -7.154  0.0000E+00  0.6200E+02
     -7.136  0.0000E+00  0.6200E+02
     -7.117  0.0000E+00  0.6200E+02
     -7.099  0.0000E+00  0.6200E+02
     -7.081  0.0000E+00  0.6200E+02
     -7.063  0.0000E+00  0.6200E+02
     -7.045  0.0000E+00  0.6200E+02
     -7.027  0.0000E+00  0.6200E+02
     -7.009  0.0000E+00  0.6200E+02
     -6.991  0.0000E+00  0.6200E+02
     -6.973  0.0000E+00  0.6200E+02
     -6.955  0.0000E+00  0.6200E+02
     -6.936  0.0000E+00  0.6200E+02
     -6.918  0.0000E+00  0.6200E+02
     -6.900  0.0000E+00  0.6200E+02
     -6.882  0.0000E+00  0.6200E+02
     -6.864  0.0000E+00  0.6200E+02
     -6.846  0.0000E+00  0.6200E+02
     -6.828  0.0000E+00  0.6200E+02
     -6.810  0.0000E+00  0.6200E+02
     -6.792  0.0000E+00  0.6200E+02
     -6.774  0.0000E+00  0.6200E+02
     -6.756  0.0000E+00  0.6200E+02
     -6.737  0.0000E+00  0.6200E+02
     -6.719  0.0000E+00  0.6200E+02
     -6.701  0.0000E+00  0.6200E+02
     -6.683  0.0000E+00  0.6200E+02
     -6.665  0.0000E+00  0.6200E+02
     -6.647  0.0000E+00  0.6200E+02
     -6.629  0.0000E+00  0.6200E+02
     -6.611  0.0000E+00  0.6200E+02
     -6.593  0.0000E+00  0.6200E+02
     -6.575  0.0000E+00  0.6200E+02
     -6.556  0.0000E+00  0.6200E+02
     -6.538  0.0000E+00  0.6200E+02
     -6.520  0.0000E+00  0.6200E+02
     -6.502  0.0000E+00  0.6200E+02
     -6.484  0.0000E+00  0.6200E+02
     -6.466  0.0000E+00  0.6200E+02
     -6.448  0.0000E+00  0.6200E+02
     -6.430  0.0000E+00  0.6200E+02
     -6.412  0.0000E+00  0.6200E+02
     -6.394  0.0000E+00  0.6200E+02
     -6.376  0.0000E+00  0.6200E+02
     -6.357  0.0000E+00  0.6200E+02
     -6.339  0.0000E+00  0.6200E+02
     -6.321  0.0000E+00  0.6200E+02
     -6.303  0.0000E+00  0.6200E+02
     -6.285  0.0000E+00  0.6200E+02
     -6.267  0.0000E+00  0.6200E+02
     -6.249  0.0000E+00  0.6200E+02
     -6.231  0.0000E+00  0.6200E+02
     -6.213  0.0000E+00  0.6200E+02
     -6.195  0.0000E+00  0.6200E+02
     -6.176  0.0000E+00  0.6200E+02
     -6.158  0.0000E+00  0.6200E+02
     -6.140  0.0000E+00  0.6200E+02
     -6.122  0.0000E+00  0.6200E+02
     -6.104  0.0000E+00  0.6200E+02
     -6.086  0.0000E+00  0.6200E+02
     -6.068  0.0000E+00  0.6200E+02
     -6.050  0.0000E+00  0.6200E+02
     -6.032  0.0000E+00  0.6200E+02
     -6.014  0.0000E+00  0.6200E+02
     -5.996  0.0000E+00  0.6200E+02
     -5.977  0.0000E+00  0.6200E+02
     -5.959  0.0000E+00  0.6200E+02
     -5.941  0.0000E+00  0.6200E+02
     -5.923  0.0000E+00  0.6200E+02
     -5.905  0.0000E+00  0.6200E+02
     -5.887  0.0000E+00  0.6200E+02
     -5.869  0.0000E+00  0.6200E+02
     -5.851  0.0000E+00  0.6200E+02
     -5.833  0.0000E+00  0.6200E+02
     -5.815  0.0000E+00  0.6200E+02
     -5.796  0.0000E+00  0.6200E+02
     -5.778  0.0000E+00  0.6200E+02
     -5.760  0.0000E+00  0.6200E+02
     -5.742  0.0000E+00  0.6200E+02
     -5.724  0.0000E+00  0.6200E+02
     -5.706  0.0000E+00  0.6200E+02
     -5.688  0.0000E+00  0.6200E+02
     -5.670  0.0000E+00  0.6200E+02
     -5.652  0.0000E+00  0.6200E+02
     -5.634  0.0000E+00  0.6200E+02
     -5.616  0.0000E+00  0.6200E+02
     -5.597  0.0000E+00  0.6200E+02
     -5.579  0.0000E+00  0.6200E+02
     -5.561  0.0000E+00  0.6200E+02
     -5.543  0.0000E+00  0.6200E+02
     -5.525  0.0000E+00  0.6200E+02
     -5.507  0.0000E+00  0.6200E+02
     -5.489  0.0000E+00  0.6200E+02
     -5.471  0.0000E+00  0.6200E+02
     -5.453  0.0000E+00  0.6200E+02
     -5.435  0.0000E+00  0.6200E+02
     -5.416  0.0000E+00  0.6200E+02
     -5.398  0.0000E+00  0.6200E+02
     -5.380  0.0000E+00  0.6200E+02
     -5.362  0.0000E+00  0.6200E+02
     -5.344  0.0000E+00  0.6200E+02
     -5.326  0.0000E+00  0.6200E+02
     -5.308  0.0000E+00  0.6200E+02
     -5.290  0.0000E+00  0.6200E+02
     -5.272  0.0000E+00  0.6200E+02
     -5.254  0.0000E+00  0.6200E+02
     -5.236  0.0000E+00  0.6200E+02
     -5.217  0.0000E+00  0.6200E+02
     -5.199  0.0000E+00  0.6200E+02
     -5.181  0.0000E+00  0.6200E+02
     -5.163  0.0000E+00  0.6200E+02
     -5.145  0.0000E+00  0.6200E+02
     -5.127  0.0000E+00  0.6200E+02
     -5.109  0.0000E+00  0.6200E+02
     -5.091  0.0000E+00  0.6200E+02
     -5.073  0.0000E+00  0.6200E+02
     -5.055  0.0000E+00  0.6200E+02
     -5.036  0.0000E+00  0.6200E+02
     -5.018  0.0000E+00  0.6200E+02
     -5.000  0.0000E+00  0.6200E+02
     -4.982  0.0000E+00  0.6200E+02
     -4.964  0.0000E+00  0.6200E+02
     -4.946  0.0000E+00  0.6200E+02
     -4.928  0.0000E+00  0.6200E+02
     -4.910  0.0000E+00  0.6200E+02
     -4.892  0.0000E+00  0.6200E+02
     -4.874  0.0000E+00  0.6200E+02
     -4.856  0.0000E+00  0.6200E+02
     -4.837  0.0000E+00  0.6200E+02
     -4.819  0.0000E+00  0.6200E+02
     -4.801  0.0000E+00  0.6200E+02
     -4.783  0.0000E+00  0.6200E+02
     -4.765  0.0000E+00  0.6200E+02
     -4.747  0.0000E+00  0.6200E+02
     -4.729  0.0000E+00  0.6200E+02
     -4.711  0.0000E+00  0.6200E+02
     -4.693  0.0000E+00  0.6200E+02
     -4.675  0.0000E+00  0.6200E+02
     -4.656  0.0000E+00  0.6200E+02
     -4.638  0.0000E+00  0.6200E+02
     -4.620  0.0000E+00  0.6200E+02
     -4.602  0.0000E+00  0.6200E+02
     -4.584  0.0000E+00  0.6200E+02
     -4.566  0.0000E+00  0.6200E+02
     -4.548  0.0000E+00  0.6200E+02
     -4.530  0.0000E+00  0.6200E+02
     -4.512  0.0000E+00  0.6200E+02
     -4.494  0.0000E+00  0.6200E+02
     -4.476  0.0000E+00  0.6200E+02
     -4.457  0.0000E+00  0.6200E+02
     -4.439  0.0000E+00  0.6200E+02
     -4.421  0.0000E+00  0.6200E+02
     -4.403  0.0000E+00  0.6200E+02
     -4.385  0.0000E+00  0.6200E+02
     -4.367  0.0000E+00  0.6200E+02
     -4.349  0.0000E+00  0.6200E+02
     -4.331  0.0000E+00  0.6200E+02
     -4.313  0.0000E+00  0.6200E+02
     -4.295  0.0000E+00  0.6200E+02
     -4.276  0.0000E+00  0.6200E+02
     -4.258  0.0000E+00  0.6200E+02
     -4.240  0.0000E+00  0.6200E+02
     -4.222  0.0000E+00  0.6200E+02
     -4.204  0.0000E+00  0.6200E+02
     -4.186  0.0000E+00  0.6200E+02
     -4.168  0.0000E+00  0.6200E+02
     -4.150  0.0000E+00  0.6200E+02
     -4.132  0.0000E+00  0.6200E+02
     -4.114  0.0000E+00  0.6200E+02
     -4.095  0.0000E+00  0.6200E+02
     -4.077  0.0000E+00  0.6200E+02
     -4.059  0.0000E+00  0.6200E+02
     -4.041  0.0000E+00  0.6200E+02
     -4.023  0.0000E+00  0.6200E+02
     -4.005  0.0000E+00  0.6200E+02
     -3.987  0.0000E+00  0.6200E+02
     -3.969  0.0000E+00  0.6200E+02
     -3.951  0.0000E+00  0.6200E+02
     -3.933  0.0000E+00  0.6200E+02
     -3.915  0.0000E+00  0.6200E+02
     -3.896  0.0000E+00  0.6200E+02
     -3.878  0.0000E+00  0.6200E+02
     -3.860  0.0000E+00  0.6200E+02
     -3.842  0.0000E+00  0.6200E+02
     -3.824  0.0000E+00  0.6200E+02
     -3.806  0.0000E+00  0.6200E+02
     -3.788  0.0000E+00  0.6200E+02
     -3.770  0.0000E+00  0.6200E+02
     -3.752  0.0000E+00  0.6200E+02
     -3.734  0.0000E+00  0.6200E+02
     -3.715  0.0000E+00  0.6200E+02
     -3.697  0.0000E+00  0.6200E+02
     -3.679  0.0000E+00  0.6200E+02
     -3.661  0.0000E+00  0.6200E+02
     -3.643  0.0000E+00  0.6200E+02
     -3.625  0.0000E+00  0.6200E+02
     -3.607  0.0000E+00  0.6200E+02
     -3.589  0.0000E+00  0.6200E+02
     -3.571  0.0000E+00  0.6200E+02
     -3.553  0.0000E+00  0.6200E+02
     -3.535  0.0000E+00  0.6200E+02
     -3.516  0.0000E+00  0.6200E+02
     -3.498  0.0000E+00  0.6200E+02
     -3.480  0.0000E+00  0.6200E+02
     -3.462  0.0000E+00  0.6200E+02
     -3.444  0.0000E+00  0.6200E+02
     -3.426  0.0000E+00  0.6200E+02
     -3.408  0.0000E+00  0.6200E+02
     -3.390  0.0000E+00  0.6200E+02
     -3.372  0.0000E+00  0.6200E+02
     -3.354  0.0000E+00  0.6200E+02
     -3.335  0.0000E+00  0.6200E+02
     -3.317  0.0000E+00  0.6200E+02
     -3.299  0.0000E+00  0.6200E+02
     -3.281  0.0000E+00  0.6200E+02
     -3.263  0.0000E+00  0.6200E+02
     -3.245  0.0000E+00  0.6200E+02
     -3.227  0.0000E+00  0.6200E+02
     -3.209  0.0000E+00  0.6200E+02
     -3.191  0.0000E+00  0.6200E+02
     -3.173  0.0000E+00  0.6200E+02
     -3.155  0.0000E+00  0.6200E+02
     -3.136  0.0000E+00  0.6200E+02
     -3.118  0.0000E+00  0.6200E+02
     -3.100  0.0000E+00  0.6200E+02
     -3.082  0.0000E+00  0.6200E+02
     -3.064  0.0000E+00  0.6200E+02
     -3.046  0.0000E+00  0.6200E+02
     -3.028  0.0000E+00  0.6200E+02
     -3.010  0.0000E+00  0.6200E+02
     -2.992  0.0000E+00  0.6200E+02
     -2.974  0.0000E+00  0.6200E+02
     -2.955  0.0000E+00  0.6200E+02
     -2.937  0.0000E+00  0.6200E+02
     -2.919  0.0000E+00  0.6200E+02
     -2.901  0.0000E+00  0.6200E+02
     -2.883  0.0000E+00  0.6200E+02
     -2.865  0.0000E+00  0.6200E+02
     -2.847  0.0000E+00  0.6200E+02
     -2.829  0.0000E+00  0.6200E+02
     -2.811  0.0000E+00  0.6200E+02
     -2.793  0.0000E+00  0.6200E+02
     -2.775  0.0000E+00  0.6200E+02
     -2.756  0.0000E+00  0.6200E+02
     -2.738  0.0000E+00  0.6200E+02
     -2.720  0.0000E+00  0.6200E+02
     -2.702  0.0000E+00  0.6200E+02
     -2.684  0.0000E+00  0.6200E+02
     -2.666  0.0000E+00  0.6200E+02
     -2.648  0.0000E+00  0.6200E+02
     -2.630  0.0000E+00  0.6200E+02
     -2.612  0.0000E+00  0.6200E+02
     -2.594  0.0000E+00  0.6200E+02
     -2.575  0.0000E+00  0.6200E+02
     -2.557  0.0000E+00  0.6200E+02
     -2.539  0.0000E+00  0.6200E+02
     -2.521  0.0000E+00  0.6200E+02
     -2.503  0.0000E+00  0.6200E+02
     -2.485  0.0000E+00  0.6200E+02
     -2.467  0.0000E+00  0.6200E+02
     -2.449  0.0000E+00  0.6200E+02
     -2.431  0.0000E+00  0.6200E+02
     -2.413  0.0000E+00  0.6200E+02
     -2.395  0.0000E+00  0.6200E+02
     -2.376  0.0000E+00  0.6200E+02
     -2.358  0.0000E+00  0.6200E+02
     -2.340  0.0000E+00  0.6200E+02
     -2.322  0.0000E+00  0.6200E+02
     -2.304  0.0000E+00  0.6200E+02
     -2.286  0.0000E+00  0.6200E+02
     -2.268  0.0000E+00  0.6200E+02
     -2.250  0.0000E+00  0.6200E+02
     -2.232  0.0000E+00  0.6200E+02
     -2.214  0.0000E+00  0.6200E+02
     -2.195  0.0000E+00  0.6200E+02
     -2.177  0.0000E+00  0.6200E+02
     -2.159  0.0000E+00  0.6200E+02
     -2.141  0.0000E+00  0.6200E+02
     -2.123  0.0000E+00  0.6200E+02
     -2.105  0.0000E+00  0.6200E+02
     -2.087  0.0000E+00  0.6200E+02
     -2.069  0.0000E+00  0.6200E+02
     -2.051  0.0000E+00  0.6200E+02
     -2.033  0.0000E+00  0.6200E+02
     -2.015  0.0000E+00  0.6200E+02
     -1.996  0.0000E+00  0.6200E+02
     -1.978  0.0000E+00  0.6200E+02
     -1.960  0.0000E+00  0.6200E+02
     -1.942  0.0000E+00  0.6200E+02
     -1.924  0.0000E+00  0.6200E+02
     -1.906  0.0000E+00  0.6200E+02
     -1.888  0.0000E+00  0.6200E+02
     -1.870  0.0000E+00  0.6200E+02
     -1.852  0.0000E+00  0.6200E+02
     -1.834  0.0000E+00  0.6200E+02
     -1.815  0.0000E+00  0.6200E+02
     -1.797  0.0000E+00  0.6200E+02
     -1.779  0.0000E+00  0.6200E+02
     -1.761  0.0000E+00  0.6200E+02
     -1.743  0.0000E+00  0.6200E+02
     -1.725  0.0000E+00  0.6200E+02
     -1.707  0.0000E+00  0.6200E+02
     -1.689  0.0000E+00  0.6200E+02
     -1.671  0.0000E+00  0.6200E+02
     -1.653  0.0000E+00  0.6200E+02
     -1.635  0.0000E+00  0.6200E+02
     -1.616  0.0000E+00  0.6200E+02
     -1.598  0.0000E+00  0.6200E+02
     -1.580  0.0000E+00  0.6200E+02
     -1.562  0.0000E+00  0.6200E+02
     -1.544  0.0000E+00  0.6200E+02
     -1.526  0.0000E+00  0.6200E+02
     -1.508  0.0000E+00  0.6200E+02
     -1.490  0.0000E+00  0.6200E+02
     -1.472  0.0000E+00  0.6200E+02
     -1.454  0.0000E+00  0.6200E+02
     -1.435  0.0000E+00  0.6200E+02
     -1.417  0.0000E+00  0.6200E+02
     -1.399  0.0000E+00  0.6200E+02
     -1.381  0.0000E+00  0.6200E+02
     -1.363  0.0000E+00  0.6200E+02
     -1.345  0.0000E+00  0.6200E+02
     -1.327  0.0000E+00  0.6200E+02
     -1.309  0.0000E+00  0.6200E+02
     -1.291  0.0000E+00  0.6200E+02
     -1.273  0.5493E-03  0.6200E+02
     -1.255  0.3478E-01  0.6200E+02
     -1.236  0.1226E+00  0.6200E+02
     -1.218  0.2743E+00  0.6201E+02
     -1.200  0.4948E+00  0.6201E+02
     -1.182  0.7843E+00  0.6202E+02
     -1.164  0.1143E+01  0.6204E+02
     -1.146  0.1570E+01  0.6207E+02
     -1.128  0.2066E+01  0.6210E+02
     -1.110  0.2631E+01  0.6214E+02
     -1.092  0.3265E+01  0.6219E+02
     -1.074  0.3967E+01  0.6226E+02
     -1.055  0.4739E+01  0.6234E+02
     -1.037  0.5579E+01  0.6243E+02
     -1.019  0.6489E+01  0.6254E+02
     -1.001  0.7467E+01  0.6267E+02
     -0.983  0.8514E+01  0.6281E+02
     -0.965  0.9630E+01  0.6297E+02
     -0.947  0.1082E+02  0.6316E+02
     -0.929  0.1207E+02  0.6337E+02
     -0.911  0.1398E+02  0.6360E+02
     -0.893  0.1615E+02  0.6387E+02
     -0.874  0.1807E+02  0.6418E+02
     -0.856  0.1977E+02  0.6453E+02
     -0.838  0.2122E+02  0.6490E+02
     -0.820  0.2696E+02  0.6532E+02
     -0.802  0.3979E+02  0.6592E+02
     -0.784  0.5238E+02  0.6676E+02
     -0.766  0.6086E+02  0.6779E+02
     -0.748  0.6309E+02  0.6892E+02
     -0.730  0.6159E+02  0.7005E+02
     -0.712  0.6404E+02  0.7119E+02
     -0.694  0.6571E+02  0.7237E+02
     -0.675  0.5944E+02  0.7352E+02
     -0.657  0.5525E+02  0.7455E+02
     -0.639  0.4415E+02  0.7546E+02
     -0.621  0.3599E+02  0.7620E+02
     -0.603  0.2581E+02  0.7675E+02
     -0.585  0.1928E+02  0.7714E+02
     -0.567  0.2638E+02  0.7756E+02
     -0.549  0.2884E+02  0.7807E+02
     -0.531  0.2453E+02  0.7856E+02
     -0.513  0.1545E+02  0.7892E+02
     -0.494  0.1146E+02  0.7916E+02
     -0.476  0.8106E+01  0.7934E+02
     -0.458  0.5993E+01  0.7947E+02
     -0.440  0.5235E+01  0.7956E+02
     -0.422  0.1305E+02  0.7971E+02
     -0.404  0.4762E+02  0.8019E+02
     -0.386  0.7229E+02  0.8133E+02
     -0.368  0.5712E+02  0.8256E+02
     -0.350  0.6790E+02  0.8369E+02
     -0.332  0.7065E+02  0.8493E+02
     -0.314  0.7078E+02  0.8622E+02
     -0.295  0.5943E+02  0.8742E+02
     -0.277  0.5315E+02  0.8843E+02
     -0.259  0.5035E+02  0.8984E+02
     -0.241  0.5180E+02  0.9076E+02
     -0.223  0.5339E+02  0.9171E+02
     -0.205  0.5481E+02  0.9269E+02
     -0.187  0.5556E+02  0.9369E+02
     -0.169  0.5670E+02  0.9471E+02
     -0.151  0.5822E+02  0.9575E+02
     -0.133  0.5888E+02  0.9681E+02
     -0.114  0.6055E+02  0.9788E+02
     -0.096  0.6242E+02  0.9900E+02
     -0.078  0.6034E+02  0.1001E+03
     -0.060  0.5359E+02  0.1012E+03
     -0.042  0.4816E+02  0.1021E+03
     -0.024  0.4693E+02  0.1029E+03
     -0.006  0.4489E+02  0.1038E+03
      0.012  0.3895E+02  0.1045E+03
      0.030  0.2624E+02  0.1050E+03
      0.048  0.2595E+02  0.1055E+03
      0.066  0.2547E+02  0.1060E+03
      0.085  0.2479E+02  0.1064E+03
      0.103  0.2400E+02  0.1069E+03
      0.121  0.2317E+02  0.1073E+03
      0.139  0.2230E+02  0.1077E+03
      0.157  0.2136E+02  0.1081E+03
      0.175  0.2186E+02  0.1085E+03
      0.193  0.2270E+02  0.1089E+03
      0.211  0.2343E+02  0.1093E+03
      0.229  0.2408E+02  0.1097E+03
      0.247  0.2462E+02  0.1102E+03
      0.266  0.2507E+02  0.1106E+03
      0.284  0.2534E+02  0.1111E+03
      0.302  0.2520E+02  0.1116E+03
      0.320  0.2508E+02  0.1120E+03
      0.338  0.2496E+02  0.1125E+03
      0.356  0.2485E+02  0.1129E+03
      0.374  0.2467E+02  0.1134E+03
      0.392  0.3497E+02  0.1139E+03
      0.410  0.4135E+02  0.1146E+03
      0.428  0.4236E+02  0.1154E+03
      0.446  0.3048E+02  0.1160E+03
      0.465  0.1851E+02  0.1165E+03
      0.483  0.1585E+02  0.1168E+03
      0.501  0.1740E+02  0.1171E+03
      0.519  0.1857E+02  0.1174E+03
      0.537  0.1898E+02  0.1177E+03
      0.555  0.1840E+02  0.1181E+03
      0.573  0.1707E+02  0.1184E+03
      0.591  0.1631E+02  0.1187E+03
      0.609  0.1634E+02  0.1190E+03
      0.627  0.1715E+02  0.1193E+03
      0.646  0.1874E+02  0.1196E+03
      0.664  0.2135E+02  0.1200E+03
      0.682  0.2506E+02  0.1204E+03
      0.700  0.2565E+02  0.1213E+03
      0.718  0.3178E+02  0.1219E+03
      0.736  0.3281E+02  0.1225E+03
      0.754  0.3317E+02  0.1231E+03
      0.772  0.3284E+02  0.1237E+03
      0.790  0.3211E+02  0.1243E+03
      0.808  0.3087E+02  0.1248E+03
      0.826  0.2886E+02  0.1254E+03
      0.845  0.2609E+02  0.1259E+03
      0.863  0.2243E+02  0.1263E+03
      0.881  0.1928E+02  0.1267E+03
      0.899  0.1684E+02  0.1270E+03
      0.917  0.1513E+02  0.1273E+03
      0.935  0.1414E+02  0.1276E+03
      0.953  0.1388E+02  0.1278E+03
      0.971  0.1414E+02  0.1281E+03
      0.989  0.1716E+02  0.1284E+03
      1.007  0.1783E+02  0.1287E+03
      1.026  0.1849E+02  0.1290E+03
      1.044  0.1908E+02  0.1293E+03
      1.062  0.1958E+02  0.1297E+03
      1.080  0.2000E+02  0.1301E+03
      1.098  0.2035E+02  0.1304E+03
      1.116  0.2060E+02  0.1308E+03
      1.134  0.2076E+02  0.1312E+03
      1.152  0.2080E+02  0.1315E+03
      1.170  0.2073E+02  0.1319E+03
      1.188  0.2055E+02  0.1323E+03
      1.206  0.2026E+02  0.1327E+03
      1.225  0.1986E+02  0.1330E+03
      1.243  0.1936E+02  0.1334E+03
      1.261  0.1874E+02  0.1337E+03
      1.279  0.1827E+02  0.1341E+03
      1.297  0.1824E+02  0.1344E+03
      1.315  0.1816E+02  0.1347E+03
      1.333  0.1803E+02  0.1350E+03
      1.351  0.1785E+02  0.1354E+03
      1.369  0.1763E+02  0.1357E+03
      1.387  0.1735E+02  0.1360E+03
      1.406  0.1702E+02  0.1363E+03
      1.424  0.1663E+02  0.1366E+03
      1.442  0.1559E+02  0.1369E+03
      1.460  0.1379E+02  0.1372E+03
      1.478  0.1838E+02  0.1374E+03
      1.496  0.3837E+02  0.1379E+03
      1.514  0.7002E+02  0.1389E+03
      1.532  0.8748E+02  0.1404E+03
      1.550  0.7862E+02  0.1420E+03
      1.568  0.2085E+02  0.1427E+03
      1.586  0.2875E+02  0.1431E+03
      1.605  0.3766E+02  0.1437E+03
      1.623  0.4731E+02  0.1445E+03
      1.641  0.5759E+02  0.1454E+03
      1.659  0.4600E+02  0.1470E+03
      1.677  0.3130E+02  0.1481E+03
      1.695  0.3600E+02  0.1487E+03
      1.713  0.4051E+02  0.1494E+03
      1.731  0.4470E+02  0.1502E+03
      1.749  0.4857E+02  0.1510E+03
      1.767  0.5210E+02  0.1519E+03
      1.786  0.5537E+02  0.1529E+03
      1.804  0.5792E+02  0.1539E+03
      1.822  0.5908E+02  0.1550E+03
      1.840  0.5918E+02  0.1561E+03
      1.858  0.5810E+02  0.1571E+03
      1.876  0.5591E+02  0.1582E+03
      1.894  0.5162E+02  0.1591E+03
      1.912  0.4759E+02  0.1600E+03
      1.930  0.4398E+02  0.1609E+03
      1.948  0.4154E+02  0.1616E+03
      1.967  0.4054E+02  0.1624E+03
      1.985  0.3893E+02  0.1631E+03
      2.003  0.3678E+02  0.1638E+03
      2.021  0.3682E+02  0.1645E+03
      2.039  0.3667E+02  0.1651E+03
      2.057  0.3632E+02  0.1658E+03
      2.075  0.3577E+02  0.1664E+03
      2.093  0.3503E+02  0.1671E+03
      2.111  0.3409E+02  0.1677E+03
      2.129  0.3296E+02  0.1683E+03
      2.147  0.3206E+02  0.1689E+03
      2.166  0.3388E+02  0.1695E+03
      2.184  0.3812E+02  0.1701E+03
      2.202  0.4431E+02  0.1709E+03
      2.220  0.5183E+02  0.1717E+03
      2.238  0.6020E+02  0.1727E+03
      2.256  0.9558E+02  0.1741E+03
      2.274  0.1339E+03  0.1762E+03
      2.292  0.1712E+03  0.1791E+03
      2.310  0.1197E+03  0.1818E+03
      2.328  0.4724E+02  0.1833E+03
      2.347  0.4075E+02  0.1838E+03
      2.365  0.4935E+02  0.1850E+03
      2.383  0.6069E+02  0.1860E+03
      2.401  0.7110E+02  0.1872E+03
      2.419  0.9151E+02  0.1886E+03
      2.437  0.1087E+03  0.1905E+03
      2.455  0.8616E+02  0.1923E+03
      2.473  0.8102E+02  0.1938E+03
      2.491  0.7598E+02  0.1952E+03
      2.509  0.8287E+02  0.1966E+03
      2.527  0.9574E+02  0.1983E+03
      2.546  0.9963E+02  0.2000E+03
      2.564  0.8790E+02  0.2018E+03
      2.582  0.8277E+02  0.2033E+03
      2.600  0.8364E+02  0.2048E+03
      2.618  0.8080E+02  0.2063E+03
      2.636  0.7091E+02  0.2077E+03
      2.654  0.6025E+02  0.2088E+03
      2.672  0.5465E+02  0.2099E+03
      2.690  0.4665E+02  0.2108E+03
      2.708  0.3621E+02  0.2116E+03
      2.727  0.3021E+02  0.2122E+03
      2.745  0.3134E+02  0.2127E+03
      2.763  0.4299E+02  0.2134E+03
      2.781  0.5452E+02  0.2142E+03
      2.799  0.6284E+02  0.2153E+03
      2.817  0.7032E+02  0.2165E+03
      2.835  0.7832E+02  0.2179E+03
      2.853  0.8722E+02  0.2194E+03
      2.871  0.8438E+02  0.2210E+03
      2.889  0.9021E+02  0.2225E+03
      2.907  0.1188E+03  0.2244E+03
      2.926  0.1687E+03  0.2270E+03
      2.944  0.1208E+03  0.2298E+03
      2.962  0.6395E+02  0.2310E+03
      2.980  0.6481E+02  0.2322E+03
      2.998  0.7665E+02  0.2334E+03
      3.016  0.7725E+02  0.2349E+03
      3.034  0.5842E+02  0.2361E+03
      3.052  0.4475E+02  0.2370E+03
      3.070  0.3839E+02  0.2378E+03
      3.088  0.3225E+02  0.2384E+03
      3.107  0.2631E+02  0.2389E+03
      3.125  0.2087E+02  0.2394E+03
      3.143  0.1678E+02  0.2397E+03
      3.161  0.1353E+02  0.2400E+03
      3.179  0.1110E+02  0.2402E+03
      3.197  0.9514E+01  0.2404E+03
      3.215  0.8740E+01  0.2405E+03
      3.233  0.1012E+02  0.2407E+03
      3.251  0.1303E+02  0.2409E+03
      3.269  0.2386E+02  0.2412E+03
      3.287  0.3601E+02  0.2418E+03
      3.306  0.4351E+02  0.2425E+03
      3.324  0.2901E+02  0.2432E+03
      3.342  0.8198E+01  0.2435E+03
      3.360  0.4717E+02  0.2444E+03
      3.378  0.1591E+02  0.2450E+03
      3.396  0.1400E+02  0.2452E+03
      3.414  0.1279E+02  0.2455E+03
      3.432  0.1226E+02  0.2457E+03
      3.450  0.1242E+02  0.2459E+03
      3.468  0.1326E+02  0.2461E+03
      3.487  0.2901E+02  0.2465E+03
      3.505  0.3267E+02  0.2471E+03
      3.523  0.1048E+02  0.2475E+03
      3.541  0.8035E+01  0.2476E+03
      3.559  0.5938E+01  0.2478E+03
      3.577  0.4188E+01  0.2479E+03
      3.595  0.2784E+01  0.2479E+03
      3.613  0.1728E+01  0.2480E+03
      3.631  0.9562E+00  0.2480E+03
      3.649  0.4114E+00  0.2480E+03
      3.667  0.9295E-01  0.2480E+03
      3.686  0.0000E+00  0.2480E+03
      3.704  0.0000E+00  0.2480E+03
      3.722  0.0000E+00  0.2480E+03
      3.740  0.0000E+00  0.2480E+03
      3.758  0.0000E+00  0.2480E+03
      3.776  0.0000E+00  0.2480E+03
      3.794  0.0000E+00  0.2480E+03
      3.812  0.0000E+00  0.2480E+03
      3.830  0.0000E+00  0.2480E+03
      3.848  0.0000E+00  0.2480E+03
      3.867  0.0000E+00  0.2480E+03
      3.885  0.0000E+00  0.2480E+03
      3.903  0.0000E+00  0.2480E+03
      3.921  0.0000E+00  0.2480E+03
      3.939  0.0000E+00  0.2480E+03
      3.957  0.0000E+00  0.2480E+03
      3.975  0.0000E+00  0.2480E+03
      3.993  0.0000E+00  0.2480E+03
      4.011  0.0000E+00  0.2480E+03
      4.029  0.0000E+00  0.2480E+03
      4.047  0.0000E+00  0.2480E+03
      4.066  0.0000E+00  0.2480E+03
      4.084  0.0000E+00  0.2480E+03
      4.102  0.0000E+00  0.2480E+03
      4.120  0.0000E+00  0.2480E+03
      4.138  0.0000E+00  0.2480E+03
      4.156  0.0000E+00  0.2480E+03
      4.174  0.0000E+00  0.2480E+03
      4.192  0.0000E+00  0.2480E+03
      4.210  0.0000E+00  0.2480E+03
      4.228  0.0000E+00  0.2480E+03
      4.247  0.0000E+00  0.2480E+03
      4.265  0.0000E+00  0.2480E+03
      4.283  0.0000E+00  0.2480E+03
      4.301  0.0000E+00  0.2480E+03
      4.319  0.0000E+00  0.2480E+03
      4.337  0.0000E+00  0.2480E+03
      4.355  0.0000E+00  0.2480E+03
      4.373  0.0000E+00  0.2480E+03
      4.391  0.0000E+00  0.2480E+03
      4.409  0.0000E+00  0.2480E+03
      4.427  0.0000E+00  0.2480E+03
      4.446  0.0000E+00  0.2480E+03
      4.464  0.0000E+00  0.2480E+03
      4.482  0.0000E+00  0.2480E+03
      4.500  0.0000E+00  0.2480E+03
      4.518  0.0000E+00  0.2480E+03
      4.536  0.0000E+00  0.2480E+03
      4.554  0.0000E+00  0.2480E+03
      4.572  0.0000E+00  0.2480E+03
      4.590  0.0000E+00  0.2480E+03
      4.608  0.0000E+00  0.2480E+03
      4.627  0.0000E+00  0.2480E+03
      4.645  0.0000E+00  0.2480E+03
      4.663  0.0000E+00  0.2480E+03
      4.681  0.0000E+00  0.2480E+03
      4.699  0.0000E+00  0.2480E+03
      4.717  0.0000E+00  0.2480E+03
      4.735  0.0000E+00  0.2480E+03
      4.753  0.0000E+00  0.2480E+03
      4.771  0.0000E+00  0.2480E+03
      4.789  0.0000E+00  0.2480E+03
      4.808  0.0000E+00  0.2480E+03
      4.826  0.0000E+00  0.2480E+03
      4.844  0.0000E+00  0.2480E+03
      4.862  0.0000E+00  0.2480E+03
      4.880  0.0000E+00  0.2480E+03
      4.898  0.0000E+00  0.2480E+03
      4.916  0.0000E+00  0.2480E+03
      4.934  0.0000E+00  0.2480E+03
      4.952  0.0000E+00  0.2480E+03
      4.970  0.0000E+00  0.2480E+03
      4.988  0.0000E+00  0.2480E+03
      5.007  0.0000E+00  0.2480E+03
      5.025  0.0000E+00  0.2480E+03
      5.043  0.0000E+00  0.2480E+03
      5.061  0.0000E+00  0.2480E+03
      5.079  0.0000E+00  0.2480E+03
      5.097  0.0000E+00  0.2480E+03
      5.115  0.0000E+00  0.2480E+03
      5.133  0.0000E+00  0.2480E+03
      5.151  0.0000E+00  0.2480E+03
      5.169  0.0000E+00  0.2480E+03
      5.188  0.0000E+00  0.2480E+03
      5.206  0.0000E+00  0.2480E+03
      5.224  0.0000E+00  0.2480E+03
      5.242  0.0000E+00  0.2480E+03
      5.260  0.0000E+00  0.2480E+03
      5.278  0.0000E+00  0.2480E+03
      5.296  0.0000E+00  0.2480E+03
      5.314  0.0000E+00  0.2480E+03
      5.332  0.0000E+00  0.2480E+03
      5.350  0.0000E+00  0.2480E+03
      5.368  0.0000E+00  0.2480E+03
      5.387  0.0000E+00  0.2480E+03
      5.405  0.0000E+00  0.2480E+03
      5.423  0.0000E+00  0.2480E+03
      5.441  0.0000E+00  0.2480E+03
      5.459  0.0000E+00  0.2480E+03
      5.477  0.0000E+00  0.2480E+03
      5.495  0.0000E+00  0.2480E+03
      5.513  0.0000E+00  0.2480E+03
      5.531  0.0000E+00  0.2480E+03
      5.549  0.0000E+00  0.2480E+03
      5.568  0.0000E+00  0.2480E+03
      5.586  0.0000E+00  0.2480E+03
      5.604  0.0000E+00  0.2480E+03
      5.622  0.0000E+00  0.2480E+03
      5.640  0.0000E+00  0.2480E+03
      5.658  0.0000E+00  0.2480E+03
      5.676  0.0000E+00  0.2480E+03
      5.694  0.0000E+00  0.2480E+03
      5.712  0.0000E+00  0.2480E+03
      5.730  0.0000E+00  0.2480E+03
      5.748  0.0000E+00  0.2480E+03
      5.767  0.0000E+00  0.2480E+03
      5.785  0.0000E+00  0.2480E+03
      5.803  0.0000E+00  0.2480E+03
      5.821  0.0000E+00  0.2480E+03
      5.839  0.0000E+00  0.2480E+03
      5.857  0.0000E+00  0.2480E+03
      5.875  0.0000E+00  0.2480E+03
      5.893  0.0000E+00  0.2480E+03
      5.911  0.0000E+00  0.2480E+03
      5.929  0.0000E+00  0.2480E+03
      5.948  0.0000E+00  0.2480E+03
      5.966  0.0000E+00  0.2480E+03
      5.984  0.0000E+00  0.2480E+03
      6.002  0.0000E+00  0.2480E+03
      6.020  0.0000E+00  0.2480E+03
      6.038  0.0000E+00  0.2480E+03
      6.056  0.0000E+00  0.2480E+03
      6.074  0.0000E+00  0.2480E+03
      6.092  0.0000E+00  0.2480E+03
      6.110  0.0000E+00  0.2480E+03
      6.128  0.0000E+00  0.2480E+03
      6.147  0.0000E+00  0.2480E+03
      6.165  0.0000E+00  0.2480E+03
      6.183  0.0000E+00  0.2480E+03
      6.201  0.0000E+00  0.2480E+03
      6.219  0.0000E+00  0.2480E+03
      6.237  0.0000E+00  0.2480E+03
      6.255  0.0000E+00  0.2480E+03
      6.273  0.0000E+00  0.2480E+03
      6.291  0.0000E+00  0.2480E+03
      6.309  0.0000E+00  0.2480E+03
      6.328  0.0000E+00  0.2480E+03
      6.346  0.0000E+00  0.2480E+03
      6.364  0.0000E+00  0.2480E+03
      6.382  0.0000E+00  0.2480E+03
      6.400  0.0000E+00  0.2480E+03
      6.418  0.0000E+00  0.2480E+03
      6.436  0.0000E+00  0.2480E+03
      6.454  0.0000E+00  0.2480E+03
      6.472  0.0000E+00  0.2480E+03
      6.490  0.0000E+00  0.2480E+03
      6.508  0.0000E+00  0.2480E+03
      6.527  0.0000E+00  0.2480E+03
      6.545  0.0000E+00  0.2480E+03
      6.563  0.0000E+00  0.2480E+03
      6.581  0.0000E+00  0.2480E+03
      6.599  0.0000E+00  0.2480E+03
      6.617  0.0000E+00  0.2480E+03
      6.635  0.0000E+00  0.2480E+03
      6.653  0.0000E+00  0.2480E+03
      6.671  0.0000E+00  0.2480E+03
      6.689  0.0000E+00  0.2480E+03
      6.708  0.0000E+00  0.2480E+03
      6.726  0.0000E+00  0.2480E+03
      6.744  0.0000E+00  0.2480E+03
      6.762  0.0000E+00  0.2480E+03
      6.780  0.0000E+00  0.2480E+03
      6.798  0.0000E+00  0.2480E+03
      6.816  0.0000E+00  0.2480E+03
      6.834  0.0000E+00  0.2480E+03
      6.852  0.0000E+00  0.2480E+03
      6.870  0.0000E+00  0.2480E+03
      6.888  0.0000E+00  0.2480E+03
      6.907  0.0000E+00  0.2480E+03
      6.925  0.0000E+00  0.2480E+03
      6.943  0.0000E+00  0.2480E+03
      6.961  0.0000E+00  0.2480E+03
      6.979  0.0000E+00  0.2480E+03
      6.997  0.0000E+00  0.2480E+03
      7.015  0.0000E+00  0.2480E+03
      7.033  0.0000E+00  0.2480E+03
      7.051  0.0000E+00  0.2480E+03
      7.069  0.0000E+00  0.2480E+03
      7.088  0.0000E+00  0.2480E+03
      7.106  0.0000E+00  0.2480E+03
      7.124  0.0000E+00  0.2480E+03
      7.142  0.0000E+00  0.2480E+03
      7.160  0.0000E+00  0.2480E+03
      7.178  0.0000E+00  0.2480E+03
      7.196  0.0000E+00  0.2480E+03
      7.214  0.0000E+00  0.2480E+03
      7.232  0.0000E+00  0.2480E+03
      7.250  0.0000E+00  0.2480E+03
      7.268  0.0000E+00  0.2480E+03
      7.287  0.0000E+00  0.2480E+03
      7.305  0.0000E+00  0.2480E+03
      7.323  0.0000E+00  0.2480E+03
      7.341  0.0000E+00  0.2480E+03
      7.359  0.0000E+00  0.2480E+03
      7.377  0.0000E+00  0.2480E+03
      7.395  0.0000E+00  0.2480E+03
      7.413  0.0000E+00  0.2480E+03
      7.431  0.0000E+00  0.2480E+03
      7.449  0.0000E+00  0.2480E+03
      7.468  0.0000E+00  0.2480E+03
      7.486  0.0000E+00  0.2480E+03
      7.504  0.0000E+00  0.2480E+03
      7.522  0.0000E+00  0.2480E+03
      7.540  0.0000E+00  0.2480E+03
      7.558  0.0000E+00  0.2480E+03
      7.576  0.0000E+00  0.2480E+03
      7.594  0.0000E+00  0.2480E+03
      7.612  0.0000E+00  0.2480E+03
      7.630  0.4152E-01  0.2480E+03
      7.648  0.2598E+00  0.2480E+03
      7.667  0.6654E+00  0.2480E+03
      7.685  0.1258E+01  0.2480E+03
      7.703  0.2038E+01  0.2481E+03
      7.721  0.3005E+01  0.2481E+03
      7.739  0.4160E+01  0.2482E+03
      7.757  0.5502E+01  0.2483E+03
      7.775  0.7030E+01  0.2484E+03
      7.793  0.8747E+01  0.2485E+03
      7.811  0.1065E+02  0.2487E+03
      7.829  0.2470E+02  0.2489E+03
      7.848  0.3588E+02  0.2495E+03
      7.866  0.6847E+01  0.2500E+03
      7.884  0.0000E+00  0.2500E+03
      7.902  0.0000E+00  0.2500E+03
      7.920  0.0000E+00  0.2500E+03
      7.938  0.0000E+00  0.2500E+03
      7.956  0.0000E+00  0.2500E+03
      7.974  0.0000E+00  0.2500E+03
      7.992  0.0000E+00  0.2500E+03
      8.010  0.0000E+00  0.2500E+03
      8.029  0.0000E+00  0.2500E+03
      8.047  0.0000E+00  0.2500E+03
      8.065  0.0000E+00  0.2500E+03
      8.083  0.0000E+00  0.2500E+03
      8.101  0.0000E+00  0.2500E+03
      8.119  0.0000E+00  0.2500E+03
      8.137  0.0000E+00  0.2500E+03
      8.155  0.0000E+00  0.2500E+03
      8.173  0.0000E+00  0.2500E+03
      8.191  0.0000E+00  0.2500E+03
      8.209  0.0000E+00  0.2500E+03
      8.228  0.0000E+00  0.2500E+03
      8.246  0.0000E+00  0.2500E+03
      8.264  0.0000E+00  0.2500E+03
      8.282  0.0000E+00  0.2500E+03
      8.300  0.0000E+00  0.2500E+03
      8.318  0.0000E+00  0.2500E+03
      8.336  0.0000E+00  0.2500E+03
      8.354  0.0000E+00  0.2500E+03
      8.372  0.0000E+00  0.2500E+03
      8.390  0.0000E+00  0.2500E+03
      8.409  0.0000E+00  0.2500E+03
      8.427  0.0000E+00  0.2500E+03
      8.445  0.0000E+00  0.2500E+03
      8.463  0.0000E+00  0.2500E+03
      8.481  0.0000E+00  0.2500E+03
      8.499  0.0000E+00  0.2500E+03
      8.517  0.0000E+00  0.2500E+03
      8.535  0.0000E+00  0.2500E+03
      8.553  0.0000E+00  0.2500E+03
      8.571  0.0000E+00  0.2500E+03
      8.589  0.0000E+00  0.2500E+03
      8.608  0.0000E+00  0.2500E+03
      8.626  0.0000E+00  0.2500E+03
      8.644  0.0000E+00  0.2500E+03
      8.662  0.0000E+00  0.2500E+03
      8.680  0.0000E+00  0.2500E+03
      8.698  0.0000E+00  0.2500E+03
      8.716  0.0000E+00  0.2500E+03
      8.734  0.0000E+00  0.2500E+03
      8.752  0.0000E+00  0.2500E+03
      8.770  0.0000E+00  0.2500E+03
      8.789  0.0000E+00  0.2500E+03
      8.807  0.0000E+00  0.2500E+03
      8.825  0.0000E+00  0.2500E+03
      8.843  0.0000E+00  0.2500E+03
      8.861  0.0000E+00  0.2500E+03
      8.879  0.0000E+00  0.2500E+03
      8.897  0.0000E+00  0.2500E+03
      8.915  0.0000E+00  0.2500E+03
      8.933  0.0000E+00  0.2500E+03
      8.951  0.0000E+00  0.2500E+03
      8.969  0.0000E+00  0.2500E+03
      8.988  0.0000E+00  0.2500E+03
      9.006  0.0000E+00  0.2500E+03
      9.024  0.0000E+00  0.2500E+03
      9.042  0.0000E+00  0.2500E+03
      9.060  0.0000E+00  0.2500E+03
      9.078  0.0000E+00  0.2500E+03
      9.096  0.0000E+00  0.2500E+03
      9.114  0.0000E+00  0.2500E+03
      9.132  0.0000E+00  0.2500E+03
      9.150  0.0000E+00  0.2500E+03
      9.169  0.0000E+00  0.2500E+03
      9.187  0.0000E+00  0.2500E+03
      9.205  0.0000E+00  0.2500E+03
      9.223  0.0000E+00  0.2500E+03
      9.241  0.0000E+00  0.2500E+03
      9.259  0.0000E+00  0.2500E+03
      9.277  0.0000E+00  0.2500E+03
      9.295  0.0000E+00  0.2500E+03
      9.313  0.0000E+00  0.2500E+03
      9.331  0.0000E+00  0.2500E+03
      9.349  0.0000E+00  0.2500E+03
      9.368  0.0000E+00  0.2500E+03
      9.386  0.0000E+00  0.2500E+03
      9.404  0.0000E+00  0.2500E+03
      9.422  0.0000E+00  0.2500E+03
      9.440  0.0000E+00  0.2500E+03
      9.458  0.0000E+00  0.2500E+03
      9.476  0.0000E+00  0.2500E+03
      9.494  0.0000E+00  0.2500E+03
      9.512  0.0000E+00  0.2500E+03
      9.530  0.0000E+00  0.2500E+03
      9.549  0.0000E+00  0.2500E+03
      9.567  0.0000E+00  0.2500E+03
      9.585  0.0000E+00  0.2500E+03
      9.603  0.0000E+00  0.2500E+03
      9.621  0.0000E+00  0.2500E+03
      9.639  0.0000E+00  0.2500E+03
      9.657  0.0000E+00  0.2500E+03
      9.675  0.0000E+00  0.2500E+03
      9.693  0.0000E+00  0.2500E+03
      9.711  0.0000E+00  0.2500E+03
      9.729  0.0000E+00  0.2500E+03
      9.748  0.0000E+00  0.2500E+03
      9.766  0.0000E+00  0.2500E+03
      9.784  0.0000E+00  0.2500E+03
      9.802  0.0000E+00  0.2500E+03
      9.820  0.0000E+00  0.2500E+03
      9.838  0.0000E+00  0.2500E+03
      9.856  0.0000E+00  0.2500E+03
      9.874  0.0000E+00  0.2500E+03
      9.892  0.0000E+00  0.2500E+03
      9.910  0.0000E+00  0.2500E+03
      9.929  0.0000E+00  0.2500E+03
      9.947  0.0000E+00  0.2500E+03
      9.965  0.0000E+00  0.2500E+03
      9.983  0.0000E+00  0.2500E+03
     10.001  0.0000E+00  0.2500E+03
     10.019  0.0000E+00  0.2500E+03
     10.037  0.0000E+00  0.2500E+03
     10.055  0.0000E+00  0.2500E+03
     10.073  0.0000E+00  0.2500E+03
     10.091  0.0000E+00  0.2500E+03
     10.109  0.0000E+00  0.2500E+03
     10.128  0.0000E+00  0.2500E+03
     10.146  0.0000E+00  0.2500E+03
     10.164  0.0000E+00  0.2500E+03
     10.182  0.0000E+00  0.2500E+03
     10.200  0.0000E+00  0.2500E+03
     10.218  0.0000E+00  0.2500E+03
     10.236  0.0000E+00  0.2500E+03
     10.254  0.0000E+00  0.2500E+03
     10.272  0.0000E+00  0.2500E+03
     10.290  0.0000E+00  0.2500E+03
     10.309  0.0000E+00  0.2500E+03
     10.327  0.0000E+00  0.2500E+03
     10.345  0.0000E+00  0.2500E+03
     10.363  0.0000E+00  0.2500E+03
     10.381  0.0000E+00  0.2500E+03
     10.399  0.0000E+00  0.2500E+03
     10.417  0.0000E+00  0.2500E+03
     10.435  0.0000E+00  0.2500E+03
     10.453  0.0000E+00  0.2500E+03
     10.471  0.0000E+00  0.2500E+03
     10.489  0.0000E+00  0.2500E+03
     10.508  0.0000E+00  0.2500E+03
     10.526  0.0000E+00  0.2500E+03
     10.544  0.0000E+00  0.2500E+03
     10.562  0.0000E+00  0.2500E+03
     10.580  0.0000E+00  0.2500E+03
     10.598  0.0000E+00  0.2500E+03
     10.616  0.0000E+00  0.2500E+03
     10.634  0.0000E+00  0.2500E+03
     10.652  0.0000E+00  0.2500E+03
     10.670  0.0000E+00  0.2500E+03
     10.689  0.0000E+00  0.2500E+03
     10.707  0.0000E+00  0.2500E+03
     10.725  0.0000E+00  0.2500E+03
     10.743  0.0000E+00  0.2500E+03
     10.761  0.0000E+00  0.2500E+03
     10.779  0.0000E+00  0.2500E+03
     10.797  0.0000E+00  0.2500E+03
     10.815  0.0000E+00  0.2500E+03
     10.833  0.3749E-02  0.2500E+03
     10.851  0.1639E-01  0.2500E+03
     10.870  0.3796E-01  0.2500E+03
     10.888  0.6845E-01  0.2500E+03
     10.906  0.1079E+00  0.2500E+03
     10.924  0.1562E+00  0.2500E+03
     10.942  0.2135E+00  0.2500E+03
     10.960  0.2797E+00  0.2500E+03
     10.978  0.3548E+00  0.2500E+03
     10.996  0.4388E+00  0.2500E+03
     11.014  0.5318E+00  0.2500E+03
     11.032  0.6337E+00  0.2500E+03
     11.050  0.7445E+00  0.2501E+03
     11.069  0.8642E+00  0.2501E+03
     11.087  0.9929E+00  0.2501E+03
     11.105  0.1130E+01  0.2501E+03
     11.123  0.1277E+01  0.2501E+03
     11.141  0.1432E+01  0.2502E+03
     11.159  0.1597E+01  0.2502E+03
     11.177  0.1770E+01  0.2502E+03
     11.195  0.1934E+01  0.2502E+03
     11.213  0.2022E+01  0.2503E+03
     11.231  0.2105E+01  0.2503E+03
     11.250  0.2183E+01  0.2504E+03
     11.268  0.2255E+01  0.2504E+03
     11.286  0.2323E+01  0.2504E+03
     11.304  0.2385E+01  0.2505E+03
     11.322  0.2442E+01  0.2505E+03
     11.340  0.2494E+01  0.2506E+03
     11.358  0.2541E+01  0.2506E+03
     11.376  0.2583E+01  0.2507E+03
     11.394  0.2619E+01  0.2507E+03
     11.412  0.2650E+01  0.2508E+03
     11.430  0.2676E+01  0.2508E+03
     11.449  0.2697E+01  0.2509E+03
     11.467  0.2713E+01  0.2509E+03
     11.485  0.2724E+01  0.2510E+03
     11.503  0.2729E+01  0.2510E+03
     11.521  0.2730E+01  0.2511E+03
     11.539  0.2725E+01  0.2511E+03
     11.557  0.2715E+01  0.2511E+03
     11.575  0.2700E+01  0.2512E+03
     11.593  0.2679E+01  0.2512E+03
     11.611  0.2654E+01  0.2513E+03
     11.630  0.2623E+01  0.2513E+03
     11.648  0.2587E+01  0.2514E+03
     11.666  0.2546E+01  0.2514E+03
     11.684  0.2500E+01  0.2515E+03
     11.702  0.2449E+01  0.2515E+03
     11.720  0.2392E+01  0.2516E+03
     11.738  0.2330E+01  0.2516E+03
     11.756  0.2264E+01  0.2517E+03
     11.774  0.2192E+01  0.2517E+03
     11.792  0.2114E+01  0.2517E+03
     11.810  0.2032E+01  0.2518E+03
     11.829  0.2618E+01  0.2518E+03
     11.847  0.4767E+01  0.2519E+03
     11.865  0.6488E+01  0.2520E+03
     11.883  0.7782E+01  0.2521E+03
     11.901  0.8648E+01  0.2523E+03
     11.919  0.9087E+01  0.2524E+03
     11.937  0.9098E+01  0.2526E+03
     11.955  0.8681E+01  0.2527E+03
     11.973  0.7836E+01  0.2529E+03
     11.991  0.6564E+01  0.2530E+03
     12.010  0.5430E+01  0.2531E+03
     12.028  0.4909E+01  0.2532E+03
     12.046  0.4432E+01  0.2533E+03
     12.064  0.4001E+01  0.2534E+03
     12.082  0.3614E+01  0.2535E+03
     12.100  0.3271E+01  0.2535E+03
     12.118  0.2974E+01  0.2536E+03
     12.136  0.2722E+01  0.2536E+03
     12.154  0.2570E+01  0.2537E+03
     12.172  0.2554E+01  0.2537E+03
     12.190  0.2671E+01  0.2538E+03
     12.209  0.2923E+01  0.2538E+03
     12.227  0.3309E+01  0.2539E+03
     12.245  0.3830E+01  0.2539E+03
     12.263  0.4485E+01  0.2540E+03
     12.281  0.5275E+01  0.2541E+03
     12.299  0.6199E+01  0.2542E+03
     12.317  0.6883E+01  0.2543E+03
     12.335  0.7405E+01  0.2545E+03
     12.353  0.7820E+01  0.2546E+03
     12.371  0.8128E+01  0.2547E+03
     12.390  0.8329E+01  0.2549E+03
     12.408  0.1120E+02  0.2551E+03
     12.426  0.1541E+02  0.2553E+03
     12.444  0.1880E+02  0.2556E+03
     12.462  0.2138E+02  0.2560E+03
     12.480  0.2315E+02  0.2564E+03
     12.498  0.2411E+02  0.2568E+03
     12.516  0.2426E+02  0.2572E+03
     12.534  0.1384E+02  0.2576E+03
     12.552  0.6304E+01  0.2578E+03
     12.570  0.4265E+01  0.2579E+03
     12.589  0.2624E+01  0.2579E+03
     12.607  0.1379E+01  0.2580E+03
     12.625  0.5316E+00  0.2580E+03
     12.643  0.8049E-01  0.2580E+03
     12.661  0.9583E-03  0.2580E+03
     12.679  0.3743E-01  0.2580E+03
     12.697  0.1267E+00  0.2580E+03
     12.715  0.2694E+00  0.2580E+03
     12.733  0.4670E+00  0.2580E+03
     12.751  0.7197E+00  0.2580E+03
     12.770  0.1027E+01  0.2580E+03
     12.788  0.1390E+01  0.2581E+03
     12.806  0.1808E+01  0.2581E+03
     12.824  0.2281E+01  0.2581E+03
     12.842  0.2809E+01  0.2582E+03
     12.860  0.3392E+01  0.2582E+03
     12.878  0.4030E+01  0.2583E+03
     12.896  0.4723E+01  0.2584E+03
     12.914  0.5705E+01  0.2585E+03
     12.932  0.6555E+01  0.2586E+03
     12.950  0.7178E+01  0.2587E+03
     12.969  0.7573E+01  0.2588E+03
     12.987  0.7741E+01  0.2590E+03
     13.005  0.7681E+01  0.2591E+03
     13.023  0.7393E+01  0.2593E+03
     13.041  0.6878E+01  0.2594E+03
     13.059  0.6135E+01  0.2595E+03
     13.077  0.5165E+01  0.2596E+03
     13.095  0.4680E+01  0.2597E+03
     13.113  0.4452E+01  0.2598E+03
     13.131  0.4244E+01  0.2599E+03
     13.150  0.4056E+01  0.2599E+03
     13.168  0.3888E+01  0.2600E+03
     13.186  0.3739E+01  0.2601E+03
     13.204  0.3610E+01  0.2601E+03
     13.222  0.3501E+01  0.2602E+03
     13.240  0.3412E+01  0.2603E+03
     13.258  0.3342E+01  0.2603E+03
     13.276  0.3293E+01  0.2604E+03
     13.294  0.3263E+01  0.2604E+03
     13.312  0.3253E+01  0.2605E+03
     13.330  0.3263E+01  0.2606E+03
     13.349  0.3292E+01  0.2606E+03
     13.367  0.3341E+01  0.2607E+03
     13.385  0.3411E+01  0.2607E+03
     13.403  0.3499E+01  0.2608E+03
     13.421  0.3608E+01  0.2609E+03
     13.439  0.3737E+01  0.2609E+03
     13.457  0.3885E+01  0.2610E+03
     13.475  0.4053E+01  0.2611E+03
     13.493  0.4288E+01  0.2611E+03
     13.511  0.4561E+01  0.2612E+03
     13.530  0.4812E+01  0.2613E+03
     13.548  0.5040E+01  0.2614E+03
     13.566  0.5272E+01  0.2615E+03
     13.584  0.5535E+01  0.2616E+03
     13.602  0.5827E+01  0.2617E+03
     13.620  0.6150E+01  0.2618E+03
     13.638  0.6503E+01  0.2619E+03
     13.656  0.6910E+01  0.2620E+03
     13.674  0.7514E+01  0.2622E+03
     13.692  0.8360E+01  0.2623E+03
     13.711  0.9390E+01  0.2625E+03
     13.729  0.1044E+02  0.2627E+03
     13.747  0.1147E+02  0.2629E+03
     13.765  0.1247E+02  0.2631E+03
     13.783  0.1345E+02  0.2633E+03
     13.801  0.1440E+02  0.2636E+03
     13.819  0.1533E+02  0.2638E+03
     13.837  0.1624E+02  0.2641E+03
     13.855  0.1712E+02  0.2644E+03
     13.873  0.1798E+02  0.2647E+03
     13.891  0.1881E+02  0.2651E+03
     13.910  0.1962E+02  0.2654E+03
     13.928  0.2040E+02  0.2658E+03
     13.946  0.2121E+02  0.2661E+03
     13.964  0.2251E+02  0.2665E+03
     13.982  0.2635E+02  0.2670E+03
     14.000  0.3508E+02  0.2675E+03
     14.018  0.3866E+02  0.2682E+03
     14.036  0.4067E+02  0.2689E+03
     14.054  0.4137E+02  0.2697E+03
     14.072  0.4076E+02  0.2704E+03
     14.091  0.3883E+02  0.2711E+03
     14.109  0.3558E+02  0.2718E+03
     14.127  0.3122E+02  0.2724E+03
     14.145  0.2641E+02  0.2729E+03
     14.163  0.2217E+02  0.2734E+03
     14.181  0.1925E+02  0.2737E+03
     14.199  0.1569E+02  0.2741E+03
     14.217  0.1171E+02  0.2743E+03
     14.235  0.8755E+01  0.2745E+03
     14.253  0.7040E+01  0.2746E+03
     14.271  0.6347E+01  0.2748E+03
     14.290  0.6361E+01  0.2749E+03
     14.308  0.6579E+01  0.2750E+03
     14.326  0.7055E+01  0.2751E+03
     14.344  0.7708E+01  0.2752E+03
     14.362  0.8405E+01  0.2754E+03
     14.380  0.9051E+01  0.2755E+03
     14.398  0.9647E+01  0.2757E+03
     14.416  0.1019E+02  0.2759E+03
     14.434  0.1069E+02  0.2761E+03
     14.452  0.1113E+02  0.2763E+03
     14.471  0.1152E+02  0.2765E+03
     14.489  0.1187E+02  0.2767E+03
     14.507  0.1216E+02  0.2769E+03
     14.525  0.1240E+02  0.2771E+03
     14.543  0.1259E+02  0.2774E+03
     14.561  0.1273E+02  0.2776E+03
     14.579  0.1282E+02  0.2778E+03
     14.597  0.1286E+02  0.2781E+03
     14.615  0.1285E+02  0.2783E+03
     14.633  0.1278E+02  0.2785E+03
     14.651  0.1286E+02  0.2788E+03
     14.670  0.1292E+02  0.2790E+03
     14.688  0.1294E+02  0.2792E+03
     14.706  0.1294E+02  0.2795E+03
     14.724  0.1290E+02  0.2797E+03
     14.742  0.1289E+02  0.2799E+03
     14.760  0.1286E+02  0.2802E+03
     14.778  0.1282E+02  0.2804E+03
     14.796  0.1276E+02  0.2806E+03
     14.814  0.1269E+02  0.2808E+03
     14.832  0.1261E+02  0.2811E+03
     14.851  0.1252E+02  0.2813E+03
     14.869  0.1241E+02  0.2815E+03
     14.887  0.1229E+02  0.2818E+03
     14.905  0.1216E+02  0.2820E+03
     14.923  0.1201E+02  0.2822E+03
     14.941  0.1186E+02  0.2824E+03
     14.959  0.1169E+02  0.2826E+03
     14.977  0.1150E+02  0.2828E+03
     14.995  0.1129E+02  0.2830E+03
     15.013  0.1097E+02  0.2832E+03
     15.031  0.1066E+02  0.2834E+03
     15.050  0.1036E+02  0.2836E+03
     15.068  0.1006E+02  0.2838E+03
     15.086  0.9773E+01  0.2840E+03
     15.104  0.9489E+01  0.2842E+03
     15.122  0.9211E+01  0.2843E+03
     15.140  0.8932E+01  0.2845E+03
     15.158  0.8780E+01  0.2847E+03
     15.176  0.9723E+01  0.2848E+03
     15.194  0.1227E+02  0.2850E+03
     15.212  0.1515E+02  0.2853E+03
     15.231  0.1742E+02  0.2856E+03
     15.249  0.2004E+02  0.2859E+03
     15.267  0.2165E+02  0.2863E+03
     15.285  0.2358E+02  0.2867E+03
     15.303  0.2583E+02  0.2871E+03
     15.321  0.2839E+02  0.2876E+03
     15.339  0.3106E+02  0.2882E+03
     15.357  0.3191E+02  0.2887E+03
     15.375  0.3424E+02  0.2893E+03
     15.393  0.3610E+02  0.2900E+03
     15.411  0.3655E+02  0.2906E+03
     15.430  0.3592E+02  0.2913E+03
     15.448  0.3448E+02  0.2919E+03
     15.466  0.3257E+02  0.2925E+03
     15.484  0.2964E+02  0.2931E+03
     15.502  0.2719E+02  0.2936E+03
     15.520  0.2471E+02  0.2941E+03
     15.538  0.2198E+02  0.2945E+03
     15.556  0.1998E+02  0.2949E+03
     15.574  0.1790E+02  0.2952E+03
     15.592  0.1612E+02  0.2955E+03
     15.611  0.1703E+02  0.2958E+03
     15.629  0.1735E+02  0.2961E+03
     15.647  0.1709E+02  0.2965E+03
     15.665  0.1622E+02  0.2968E+03
     15.683  0.1477E+02  0.2970E+03
     15.701  0.1273E+02  0.2973E+03
     15.719  0.1295E+02  0.2975E+03
     15.737  0.1433E+02  0.2978E+03
     15.755  0.1580E+02  0.2980E+03
     15.773  0.1738E+02  0.2983E+03
     15.791  0.1906E+02  0.2987E+03
     15.810  0.3909E+02  0.2995E+03
     15.828  0.1402E+02  0.2997E+03
     15.846  0.1559E+02  0.3000E+03
     15.864  0.1725E+02  0.3003E+03
     15.882  0.4175E+02  0.3008E+03
     15.900  0.2778E+02  0.3016E+03
     15.918  0.2599E+02  0.3021E+03
     15.936  0.2213E+02  0.3025E+03
     15.954  0.1621E+02  0.3029E+03
     15.972  0.1269E+02  0.3031E+03
     15.991  0.2536E+02  0.3035E+03
     16.009  0.2486E+02  0.3040E+03
     16.027  0.2286E+02  0.3044E+03
     16.045  0.3831E+02  0.3050E+03
     16.063  0.2875E+02  0.3056E+03
     16.081  0.1933E+02  0.3060E+03
     16.099  0.1015E+02  0.3063E+03
     16.117  0.6328E+01  0.3064E+03
     16.135  0.7589E+01  0.3065E+03
     16.153  0.9088E+01  0.3067E+03
     16.171  0.1135E+02  0.3069E+03
     16.190  0.1358E+02  0.3071E+03
     16.208  0.1579E+02  0.3074E+03
     16.226  0.1778E+02  0.3077E+03
     16.244  0.1862E+02  0.3080E+03
     16.262  0.1811E+02  0.3083E+03
     16.280  0.1628E+02  0.3086E+03
     16.298  0.1301E+02  0.3089E+03
     16.316  0.9805E+01  0.3091E+03
     16.334  0.1057E+02  0.3093E+03
     16.352  0.1139E+02  0.3095E+03
     16.371  0.1227E+02  0.3097E+03
     16.389  0.1320E+02  0.3099E+03
     16.407  0.1379E+02  0.3102E+03
     16.425  0.1394E+02  0.3104E+03
     16.443  0.1400E+02  0.3107E+03
     16.461  0.1436E+02  0.3109E+03
     16.479  0.1495E+02  0.3112E+03
     16.497  0.1536E+02  0.3115E+03
     16.515  0.1558E+02  0.3118E+03
     16.533  0.1560E+02  0.3120E+03
     16.551  0.1542E+02  0.3123E+03
     16.570  0.1505E+02  0.3126E+03
     16.588  0.1447E+02  0.3129E+03
     16.606  0.1369E+02  0.3131E+03
     16.624  0.1271E+02  0.3134E+03
     16.642  0.1214E+02  0.3136E+03
     16.660  0.1209E+02  0.3138E+03
     16.678  0.1191E+02  0.3140E+03
     16.696  0.1160E+02  0.3142E+03
     16.714  0.1117E+02  0.3144E+03
     16.732  0.1076E+02  0.3146E+03
     16.751  0.1091E+02  0.3148E+03
     16.769  0.1100E+02  0.3150E+03
     16.787  0.1099E+02  0.3152E+03
     16.805  0.1084E+02  0.3154E+03
     16.823  0.1067E+02  0.3156E+03
     16.841  0.1081E+02  0.3158E+03
     16.859  0.1117E+02  0.3160E+03
     16.877  0.1148E+02  0.3162E+03
     16.895  0.1174E+02  0.3164E+03
     16.913  0.1196E+02  0.3167E+03
     16.932  0.1214E+02  0.3169E+03
     16.950  0.1206E+02  0.3171E+03
     16.968  0.1202E+02  0.3173E+03
     16.986  0.1230E+02  0.3175E+03
     17.004  0.1259E+02  0.3178E+03
     17.022  0.1283E+02  0.3180E+03
     17.040  0.1301E+02  0.3182E+03
     17.058  0.1311E+02  0.3185E+03
     17.076  0.1314E+02  0.3187E+03
     17.094  0.1308E+02  0.3189E+03
     17.112  0.1292E+02  0.3192E+03
     17.131  0.1143E+02  0.3194E+03
     17.149  0.1023E+02  0.3196E+03
     17.167  0.1016E+02  0.3198E+03
     17.185  0.1044E+02  0.3199E+03
     17.203  0.1067E+02  0.3201E+03
     17.221  0.1044E+02  0.3203E+03
     17.239  0.9268E+01  0.3205E+03
     17.257  0.8334E+01  0.3207E+03
     17.275  0.7637E+01  0.3208E+03
     17.293  0.7176E+01  0.3209E+03
     17.312  0.6821E+01  0.3211E+03
     17.330  0.6495E+01  0.3212E+03
     17.348  0.6197E+01  0.3213E+03
     17.366  0.5928E+01  0.3214E+03
     17.384  0.5687E+01  0.3215E+03
     17.402  0.5158E+01  0.3216E+03
     17.420  0.4293E+01  0.3217E+03
     17.438  0.3535E+01  0.3218E+03
     17.456  0.2883E+01  0.3218E+03
     17.474  0.2311E+01  0.3219E+03
     17.492  0.1795E+01  0.3219E+03
     17.511  0.1335E+01  0.3220E+03
     17.529  0.9356E+00  0.3220E+03
     17.547  0.6067E+00  0.3220E+03
     17.565  0.3488E+00  0.3220E+03
     17.583  0.1618E+00  0.3220E+03
     17.601  0.4579E-01  0.3220E+03
     17.619  0.6594E-03  0.3220E+03
     17.637  0.0000E+00  0.3220E+03
     17.655  0.0000E+00  0.3220E+03
     17.673  0.0000E+00  0.3220E+03
     17.692  0.0000E+00  0.3220E+03
     17.710  0.0000E+00  0.3220E+03
     17.728  0.0000E+00  0.3220E+03
     17.746  0.0000E+00  0.3220E+03
     17.764  0.0000E+00  0.3220E+03
     17.782  0.0000E+00  0.3220E+03
     17.800  0.0000E+00  0.3220E+03
     17.818  0.0000E+00  0.3220E+03
     17.836  0.0000E+00  0.3220E+03
     17.854  0.0000E+00  0.3220E+03
     17.872  0.0000E+00  0.3220E+03
     17.891  0.0000E+00  0.3220E+03
     17.909  0.0000E+00  0.3220E+03
     17.927  0.0000E+00  0.3220E+03
     17.945  0.0000E+00  0.3220E+03
     17.963  0.0000E+00  0.3220E+03
     17.981  0.0000E+00  0.3220E+03
     17.999  0.0000E+00  0.3220E+03
     18.017  0.0000E+00  0.3220E+03
     18.035  0.0000E+00  0.3220E+03
     18.053  0.0000E+00  0.3220E+03
     18.072  0.0000E+00  0.3220E+03
     18.090  0.0000E+00  0.3220E+03
     18.108  0.0000E+00  0.3220E+03
     18.126  0.0000E+00  0.3220E+03
     18.144  0.0000E+00  0.3220E+03
     18.162  0.0000E+00  0.3220E+03
     18.180  0.0000E+00  0.3220E+03
     18.198  0.0000E+00  0.3220E+03
     18.216  0.0000E+00  0.3220E+03
     18.234  0.0000E+00  0.3220E+03
     18.252  0.0000E+00  0.3220E+03
     18.271  0.0000E+00  0.3220E+03
     18.289  0.0000E+00  0.3220E+03
     18.307  0.0000E+00  0.3220E+03
     18.325  0.0000E+00  0.3220E+03
     18.343  0.0000E+00  0.3220E+03
     18.361  0.0000E+00  0.3220E+03
     18.379  0.0000E+00  0.3220E+03
     18.397  0.0000E+00  0.3220E+03
     18.415  0.0000E+00  0.3220E+03
     18.433  0.0000E+00  0.3220E+03
     18.452  0.0000E+00  0.3220E+03
     18.470  0.0000E+00  0.3220E+03
     18.488  0.0000E+00  0.3220E+03
     18.506  0.0000E+00  0.3220E+03
     18.524  0.0000E+00  0.3220E+03
     18.542  0.0000E+00  0.3220E+03
     18.560  0.0000E+00  0.3220E+03
     18.578  0.0000E+00  0.3220E+03
     18.596  0.0000E+00  0.3220E+03
     18.614  0.0000E+00  0.3220E+03
     18.632  0.0000E+00  0.3220E+03
     18.651  0.0000E+00  0.3220E+03
     18.669  0.0000E+00  0.3220E+03
     18.687  0.0000E+00  0.3220E+03
     18.705  0.0000E+00  0.3220E+03
     18.723  0.0000E+00  0.3220E+03
     18.741  0.0000E+00  0.3220E+03
     18.759  0.0000E+00  0.3220E+03
     18.777  0.0000E+00  0.3220E+03
     18.795  0.0000E+00  0.3220E+03
     18.813  0.0000E+00  0.3220E+03
     18.832  0.0000E+00  0.3220E+03
     18.850  0.0000E+00  0.3220E+03
     18.868  0.0000E+00  0.3220E+03
     18.886  0.0000E+00  0.3220E+03
     18.904  0.0000E+00  0.3220E+03
     18.922  0.0000E+00  0.3220E+03
     18.940  0.0000E+00  0.3220E+03
     18.958  0.0000E+00  0.3220E+03
     18.976  0.0000E+00  0.3220E+03
     18.994  0.0000E+00  0.3220E+03
     19.012  0.0000E+00  0.3220E+03
     19.031  0.0000E+00  0.3220E+03
     19.049  0.0000E+00  0.3220E+03
     19.067  0.0000E+00  0.3220E+03
     19.085  0.0000E+00  0.3220E+03
     19.103  0.0000E+00  0.3220E+03
     19.121  0.0000E+00  0.3220E+03
     19.139  0.0000E+00  0.3220E+03
     19.157  0.0000E+00  0.3220E+03
     19.175  0.0000E+00  0.3220E+03
     19.193  0.0000E+00  0.3220E+03
     19.212  0.0000E+00  0.3220E+03
     19.230  0.0000E+00  0.3220E+03
     19.248  0.0000E+00  0.3220E+03
     19.266  0.0000E+00  0.3220E+03



