 Energy DOS Integrated_DOS
    -16.911  0.0000E+00  0.0000E+00
    -16.893  0.0000E+00  0.0000E+00
    -16.875  0.0000E+00  0.0000E+00
    -16.857  0.0000E+00  0.0000E+00
    -16.839  0.0000E+00  0.0000E+00
    -16.821  0.0000E+00  0.0000E+00
    -16.802  0.0000E+00  0.0000E+00
    -16.784  0.0000E+00  0.0000E+00
    -16.766  0.0000E+00  0.0000E+00
    -16.748  0.0000E+00  0.0000E+00
    -16.730  0.0000E+00  0.0000E+00
    -16.712  0.0000E+00  0.0000E+00
    -16.694  0.0000E+00  0.0000E+00
    -16.676  0.0000E+00  0.0000E+00
    -16.657  0.0000E+00  0.0000E+00
    -16.639  0.0000E+00  0.0000E+00
    -16.621  0.0000E+00  0.0000E+00
    -16.603  0.0000E+00  0.0000E+00
    -16.585  0.0000E+00  0.0000E+00
    -16.567  0.0000E+00  0.0000E+00
    -16.549  0.0000E+00  0.0000E+00
    -16.530  0.0000E+00  0.0000E+00
    -16.512  0.0000E+00  0.0000E+00
    -16.494  0.0000E+00  0.0000E+00
    -16.476  0.0000E+00  0.0000E+00
    -16.458  0.0000E+00  0.0000E+00
    -16.440  0.0000E+00  0.0000E+00
    -16.422  0.0000E+00  0.0000E+00
    -16.403  0.0000E+00  0.0000E+00
    -16.385  0.0000E+00  0.0000E+00
    -16.367  0.0000E+00  0.0000E+00
    -16.349  0.0000E+00  0.0000E+00
    -16.331  0.0000E+00  0.0000E+00
    -16.313  0.0000E+00  0.0000E+00
    -16.295  0.0000E+00  0.0000E+00
    -16.277  0.0000E+00  0.0000E+00
    -16.258  0.0000E+00  0.0000E+00
    -16.240  0.0000E+00  0.0000E+00
    -16.222  0.0000E+00  0.0000E+00
    -16.204  0.0000E+00  0.0000E+00
    -16.186  0.0000E+00  0.0000E+00
    -16.168  0.0000E+00  0.0000E+00
    -16.150  0.0000E+00  0.0000E+00
    -16.131  0.0000E+00  0.0000E+00
    -16.113  0.0000E+00  0.0000E+00
    -16.095  0.0000E+00  0.0000E+00
    -16.077  0.0000E+00  0.0000E+00
    -16.059  0.0000E+00  0.0000E+00
    -16.041  0.0000E+00  0.0000E+00
    -16.023  0.0000E+00  0.0000E+00
    -16.004  0.0000E+00  0.0000E+00
    -15.986  0.0000E+00  0.0000E+00
    -15.968  0.0000E+00  0.0000E+00
    -15.950  0.0000E+00  0.0000E+00
    -15.932  0.0000E+00  0.0000E+00
    -15.914  0.0000E+00  0.0000E+00
    -15.896  0.0000E+00  0.0000E+00
    -15.878  0.0000E+00  0.0000E+00
    -15.859  0.0000E+00  0.0000E+00
    -15.841  0.0000E+00  0.0000E+00
    -15.823  0.0000E+00  0.0000E+00
    -15.805  0.0000E+00  0.0000E+00
    -15.787  0.0000E+00  0.0000E+00
    -15.769  0.0000E+00  0.0000E+00
    -15.751  0.0000E+00  0.0000E+00
    -15.732  0.0000E+00  0.0000E+00
    -15.714  0.0000E+00  0.0000E+00
    -15.696  0.0000E+00  0.0000E+00
    -15.678  0.0000E+00  0.0000E+00
    -15.660  0.0000E+00  0.0000E+00
    -15.642  0.0000E+00  0.0000E+00
    -15.624  0.0000E+00  0.0000E+00
    -15.606  0.0000E+00  0.0000E+00
    -15.587  0.0000E+00  0.0000E+00
    -15.569  0.0000E+00  0.0000E+00
    -15.551  0.0000E+00  0.0000E+00
    -15.533  0.0000E+00  0.0000E+00
    -15.515  0.0000E+00  0.0000E+00
    -15.497  0.0000E+00  0.0000E+00
    -15.479  0.0000E+00  0.0000E+00
    -15.460  0.0000E+00  0.0000E+00
    -15.442  0.0000E+00  0.0000E+00
    -15.424  0.0000E+00  0.0000E+00
    -15.406  0.0000E+00  0.0000E+00
    -15.388  0.0000E+00  0.0000E+00
    -15.370  0.0000E+00  0.0000E+00
    -15.352  0.0000E+00  0.0000E+00
    -15.333  0.0000E+00  0.0000E+00
    -15.315  0.0000E+00  0.0000E+00
    -15.297  0.0000E+00  0.0000E+00
    -15.279  0.0000E+00  0.0000E+00
    -15.261  0.7640E-03  0.6298E-06
    -15.243  0.5306E-01  0.3645E-03
    -15.225  0.1875E+00  0.2422E-02
    -15.207  0.4042E+00  0.7663E-02
    -15.188  0.7030E+00  0.1758E-01
    -15.170  0.1084E+01  0.3366E-01
    -15.152  0.1547E+01  0.5739E-01
    -15.134  0.2093E+01  0.9027E-01
    -15.116  0.2720E+01  0.1338E+00
    -15.098  0.3430E+01  0.1894E+00
    -15.080  0.4222E+01  0.2587E+00
    -15.061  0.5090E+01  0.3430E+00
    -15.043  0.5871E+01  0.4427E+00
    -15.025  0.6498E+01  0.5551E+00
    -15.007  0.7845E+01  0.6798E+00
    -14.989  0.1076E+02  0.8495E+00
    -14.971  0.1304E+02  0.1066E+01
    -14.953  0.1467E+02  0.1318E+01
    -14.934  0.1567E+02  0.1595E+01
    -14.916  0.1603E+02  0.1883E+01
    -14.898  0.1574E+02  0.2172E+01
    -14.880  0.1482E+02  0.2450E+01
    -14.862  0.1326E+02  0.2706E+01
    -14.844  0.1160E+02  0.2930E+01
    -14.826  0.1081E+02  0.3133E+01
    -14.808  0.1010E+02  0.3322E+01
    -14.789  0.9468E+01  0.3500E+01
    -14.771  0.8916E+01  0.3666E+01
    -14.753  0.9058E+01  0.3826E+01
    -14.735  0.1019E+02  0.4001E+01
    -14.717  0.1114E+02  0.4194E+01
    -14.699  0.1191E+02  0.4403E+01
    -14.681  0.1251E+02  0.4625E+01
    -14.662  0.1290E+02  0.4856E+01
    -14.644  0.1321E+02  0.5093E+01
    -14.626  0.1358E+02  0.5336E+01
    -14.608  0.1400E+02  0.5586E+01
    -14.590  0.1447E+02  0.5844E+01
    -14.572  0.1499E+02  0.6111E+01
    -14.554  0.1557E+02  0.6388E+01
    -14.535  0.1620E+02  0.6676E+01
    -14.517  0.1688E+02  0.6975E+01
    -14.499  0.1761E+02  0.7288E+01
    -14.481  0.1836E+02  0.7614E+01
    -14.463  0.1913E+02  0.7954E+01
    -14.445  0.1994E+02  0.8308E+01
    -14.427  0.2098E+02  0.8679E+01
    -14.409  0.2227E+02  0.9071E+01
    -14.390  0.2380E+02  0.9488E+01
    -14.372  0.2557E+02  0.9936E+01
    -14.354  0.2948E+02  0.1043E+02
    -14.336  0.4049E+02  0.1105E+02
    -14.318  0.5288E+02  0.1190E+02
    -14.300  0.5953E+02  0.1293E+02
    -14.282  0.5955E+02  0.1402E+02
    -14.263  0.5294E+02  0.1505E+02
    -14.245  0.3970E+02  0.1590E+02
    -14.227  0.1982E+02  0.1645E+02
    -14.209  0.8702E+02  0.1692E+02
    -14.191  0.2142E+02  0.1757E+02
    -14.173  0.2084E+02  0.1796E+02
    -14.155  0.2029E+02  0.1833E+02
    -14.137  0.1978E+02  0.1869E+02
    -14.118  0.1929E+02  0.1905E+02
    -14.100  0.1884E+02  0.1939E+02
    -14.082  0.2005E+02  0.1974E+02
    -14.064  0.2418E+02  0.2014E+02
    -14.046  0.2808E+02  0.2061E+02
    -14.028  0.3175E+02  0.2115E+02
    -14.010  0.3519E+02  0.2176E+02
    -13.991  0.3770E+02  0.2243E+02
    -13.973  0.3883E+02  0.2311E+02
    -13.955  0.6267E+02  0.2400E+02
    -13.937  0.7923E+02  0.2531E+02
    -13.919  0.9048E+02  0.2685E+02
    -13.901  0.1001E+03  0.2857E+02
    -13.883  0.1113E+03  0.3049E+02
    -13.864  0.1199E+03  0.3260E+02
    -13.846  0.1221E+03  0.3480E+02
    -13.828  0.1140E+03  0.3695E+02
    -13.810  0.8866E+02  0.3881E+02
    -13.792  0.4205E+02  0.4068E+02
    -13.774  0.4452E+02  0.4122E+02
    -13.756  0.1220E+03  0.4258E+02
    -13.738  0.1805E+03  0.4544E+02
    -13.719  0.1732E+03  0.4873E+02
    -13.701  0.1158E+03  0.5141E+02
    -13.683  0.9154E+02  0.5327E+02
    -13.665  0.7120E+02  0.5472E+02
    -13.647  0.9072E+02  0.5621E+02
    -13.629  0.6251E+02  0.5753E+02
    -13.611  0.1777E+03  0.5926E+02
    -13.592  0.6143E+02  0.6169E+02
    -13.574  0.0000E+00  0.6200E+02
    -13.556  0.0000E+00  0.6200E+02
    -13.538  0.0000E+00  0.6200E+02
    -13.520  0.0000E+00  0.6200E+02
    -13.502  0.0000E+00  0.6200E+02
    -13.484  0.0000E+00  0.6200E+02
    -13.465  0.0000E+00  0.6200E+02
    -13.447  0.0000E+00  0.6200E+02
    -13.429  0.0000E+00  0.6200E+02
    -13.411  0.0000E+00  0.6200E+02
    -13.393  0.0000E+00  0.6200E+02
    -13.375  0.0000E+00  0.6200E+02
    -13.357  0.0000E+00  0.6200E+02
    -13.339  0.0000E+00  0.6200E+02
    -13.320  0.0000E+00  0.6200E+02
    -13.302  0.0000E+00  0.6200E+02
    -13.284  0.0000E+00  0.6200E+02
    -13.266  0.0000E+00  0.6200E+02
    -13.248  0.0000E+00  0.6200E+02
    -13.230  0.0000E+00  0.6200E+02
    -13.212  0.0000E+00  0.6200E+02
    -13.193  0.0000E+00  0.6200E+02
    -13.175  0.0000E+00  0.6200E+02
    -13.157  0.0000E+00  0.6200E+02
    -13.139  0.0000E+00  0.6200E+02
    -13.121  0.0000E+00  0.6200E+02
    -13.103  0.0000E+00  0.6200E+02
    -13.085  0.0000E+00  0.6200E+02
    -13.067  0.0000E+00  0.6200E+02
    -13.048  0.0000E+00  0.6200E+02
    -13.030  0.0000E+00  0.6200E+02
    -13.012  0.0000E+00  0.6200E+02
    -12.994  0.0000E+00  0.6200E+02
    -12.976  0.0000E+00  0.6200E+02
    -12.958  0.0000E+00  0.6200E+02
    -12.940  0.0000E+00  0.6200E+02
    -12.921  0.0000E+00  0.6200E+02
    -12.903  0.0000E+00  0.6200E+02
    -12.885  0.0000E+00  0.6200E+02
    -12.867  0.0000E+00  0.6200E+02
    -12.849  0.0000E+00  0.6200E+02
    -12.831  0.0000E+00  0.6200E+02
    -12.813  0.0000E+00  0.6200E+02
    -12.794  0.0000E+00  0.6200E+02
    -12.776  0.0000E+00  0.6200E+02
    -12.758  0.0000E+00  0.6200E+02
    -12.740  0.0000E+00  0.6200E+02
    -12.722  0.0000E+00  0.6200E+02
    -12.704  0.0000E+00  0.6200E+02
    -12.686  0.0000E+00  0.6200E+02
    -12.668  0.0000E+00  0.6200E+02
    -12.649  0.0000E+00  0.6200E+02
    -12.631  0.0000E+00  0.6200E+02
    -12.613  0.0000E+00  0.6200E+02
    -12.595  0.0000E+00  0.6200E+02
    -12.577  0.0000E+00  0.6200E+02
    -12.559  0.0000E+00  0.6200E+02
    -12.541  0.0000E+00  0.6200E+02
    -12.522  0.0000E+00  0.6200E+02
    -12.504  0.0000E+00  0.6200E+02
    -12.486  0.0000E+00  0.6200E+02
    -12.468  0.0000E+00  0.6200E+02
    -12.450  0.0000E+00  0.6200E+02
    -12.432  0.0000E+00  0.6200E+02
    -12.414  0.0000E+00  0.6200E+02
    -12.395  0.0000E+00  0.6200E+02
    -12.377  0.0000E+00  0.6200E+02
    -12.359  0.0000E+00  0.6200E+02
    -12.341  0.0000E+00  0.6200E+02
    -12.323  0.0000E+00  0.6200E+02
    -12.305  0.0000E+00  0.6200E+02
    -12.287  0.0000E+00  0.6200E+02
    -12.269  0.0000E+00  0.6200E+02
    -12.250  0.0000E+00  0.6200E+02
    -12.232  0.0000E+00  0.6200E+02
    -12.214  0.0000E+00  0.6200E+02
    -12.196  0.0000E+00  0.6200E+02
    -12.178  0.0000E+00  0.6200E+02
    -12.160  0.0000E+00  0.6200E+02
    -12.142  0.0000E+00  0.6200E+02
    -12.123  0.0000E+00  0.6200E+02
    -12.105  0.0000E+00  0.6200E+02
    -12.087  0.0000E+00  0.6200E+02
    -12.069  0.0000E+00  0.6200E+02
    -12.051  0.0000E+00  0.6200E+02
    -12.033  0.0000E+00  0.6200E+02
    -12.015  0.0000E+00  0.6200E+02
    -11.996  0.0000E+00  0.6200E+02
    -11.978  0.0000E+00  0.6200E+02
    -11.960  0.0000E+00  0.6200E+02
    -11.942  0.0000E+00  0.6200E+02
    -11.924  0.0000E+00  0.6200E+02
    -11.906  0.0000E+00  0.6200E+02
    -11.888  0.0000E+00  0.6200E+02
    -11.870  0.0000E+00  0.6200E+02
    -11.851  0.0000E+00  0.6200E+02
    -11.833  0.0000E+00  0.6200E+02
    -11.815  0.0000E+00  0.6200E+02
    -11.797  0.0000E+00  0.6200E+02
    -11.779  0.0000E+00  0.6200E+02
    -11.761  0.0000E+00  0.6200E+02
    -11.743  0.0000E+00  0.6200E+02
    -11.724  0.0000E+00  0.6200E+02
    -11.706  0.0000E+00  0.6200E+02
    -11.688  0.0000E+00  0.6200E+02
    -11.670  0.0000E+00  0.6200E+02
    -11.652  0.0000E+00  0.6200E+02
    -11.634  0.0000E+00  0.6200E+02
    -11.616  0.0000E+00  0.6200E+02
    -11.598  0.0000E+00  0.6200E+02
    -11.579  0.0000E+00  0.6200E+02
    -11.561  0.0000E+00  0.6200E+02
    -11.543  0.0000E+00  0.6200E+02
    -11.525  0.0000E+00  0.6200E+02
    -11.507  0.0000E+00  0.6200E+02
    -11.489  0.0000E+00  0.6200E+02
    -11.471  0.0000E+00  0.6200E+02
    -11.452  0.0000E+00  0.6200E+02
    -11.434  0.0000E+00  0.6200E+02
    -11.416  0.0000E+00  0.6200E+02
    -11.398  0.0000E+00  0.6200E+02
    -11.380  0.0000E+00  0.6200E+02
    -11.362  0.0000E+00  0.6200E+02
    -11.344  0.0000E+00  0.6200E+02
    -11.325  0.0000E+00  0.6200E+02
    -11.307  0.0000E+00  0.6200E+02
    -11.289  0.0000E+00  0.6200E+02
    -11.271  0.0000E+00  0.6200E+02
    -11.253  0.0000E+00  0.6200E+02
    -11.235  0.0000E+00  0.6200E+02
    -11.217  0.0000E+00  0.6200E+02
    -11.199  0.0000E+00  0.6200E+02
    -11.180  0.0000E+00  0.6200E+02
    -11.162  0.0000E+00  0.6200E+02
    -11.144  0.0000E+00  0.6200E+02
    -11.126  0.0000E+00  0.6200E+02
    -11.108  0.0000E+00  0.6200E+02
    -11.090  0.0000E+00  0.6200E+02
    -11.072  0.0000E+00  0.6200E+02
    -11.053  0.0000E+00  0.6200E+02
    -11.035  0.0000E+00  0.6200E+02
    -11.017  0.0000E+00  0.6200E+02
    -10.999  0.0000E+00  0.6200E+02
    -10.981  0.0000E+00  0.6200E+02
    -10.963  0.0000E+00  0.6200E+02
    -10.945  0.0000E+00  0.6200E+02
    -10.926  0.0000E+00  0.6200E+02
    -10.908  0.0000E+00  0.6200E+02
    -10.890  0.0000E+00  0.6200E+02
    -10.872  0.0000E+00  0.6200E+02
    -10.854  0.0000E+00  0.6200E+02
    -10.836  0.0000E+00  0.6200E+02
    -10.818  0.0000E+00  0.6200E+02
    -10.800  0.0000E+00  0.6200E+02
    -10.781  0.0000E+00  0.6200E+02
    -10.763  0.0000E+00  0.6200E+02
    -10.745  0.0000E+00  0.6200E+02
    -10.727  0.0000E+00  0.6200E+02
    -10.709  0.0000E+00  0.6200E+02
    -10.691  0.0000E+00  0.6200E+02
    -10.673  0.0000E+00  0.6200E+02
    -10.654  0.0000E+00  0.6200E+02
    -10.636  0.0000E+00  0.6200E+02
    -10.618  0.0000E+00  0.6200E+02
    -10.600  0.0000E+00  0.6200E+02
    -10.582  0.0000E+00  0.6200E+02
    -10.564  0.0000E+00  0.6200E+02
    -10.546  0.0000E+00  0.6200E+02
    -10.527  0.0000E+00  0.6200E+02
    -10.509  0.0000E+00  0.6200E+02
    -10.491  0.0000E+00  0.6200E+02
    -10.473  0.0000E+00  0.6200E+02
    -10.455  0.0000E+00  0.6200E+02
    -10.437  0.0000E+00  0.6200E+02
    -10.419  0.0000E+00  0.6200E+02
    -10.401  0.0000E+00  0.6200E+02
    -10.382  0.0000E+00  0.6200E+02
    -10.364  0.0000E+00  0.6200E+02
    -10.346  0.0000E+00  0.6200E+02
    -10.328  0.0000E+00  0.6200E+02
    -10.310  0.0000E+00  0.6200E+02
    -10.292  0.0000E+00  0.6200E+02
    -10.274  0.0000E+00  0.6200E+02
    -10.255  0.0000E+00  0.6200E+02
    -10.237  0.0000E+00  0.6200E+02
    -10.219  0.0000E+00  0.6200E+02
    -10.201  0.0000E+00  0.6200E+02
    -10.183  0.0000E+00  0.6200E+02
    -10.165  0.0000E+00  0.6200E+02
    -10.147  0.0000E+00  0.6200E+02
    -10.129  0.0000E+00  0.6200E+02
    -10.110  0.0000E+00  0.6200E+02
    -10.092  0.0000E+00  0.6200E+02
    -10.074  0.0000E+00  0.6200E+02
    -10.056  0.0000E+00  0.6200E+02
    -10.038  0.0000E+00  0.6200E+02
    -10.020  0.0000E+00  0.6200E+02
    -10.002  0.0000E+00  0.6200E+02
     -9.983  0.0000E+00  0.6200E+02
     -9.965  0.0000E+00  0.6200E+02
     -9.947  0.0000E+00  0.6200E+02
     -9.929  0.0000E+00  0.6200E+02
     -9.911  0.0000E+00  0.6200E+02
     -9.893  0.0000E+00  0.6200E+02
     -9.875  0.0000E+00  0.6200E+02
     -9.856  0.0000E+00  0.6200E+02
     -9.838  0.0000E+00  0.6200E+02
     -9.820  0.0000E+00  0.6200E+02
     -9.802  0.0000E+00  0.6200E+02
     -9.784  0.0000E+00  0.6200E+02
     -9.766  0.0000E+00  0.6200E+02
     -9.748  0.0000E+00  0.6200E+02
     -9.730  0.0000E+00  0.6200E+02
     -9.711  0.0000E+00  0.6200E+02
     -9.693  0.0000E+00  0.6200E+02
     -9.675  0.0000E+00  0.6200E+02
     -9.657  0.0000E+00  0.6200E+02
     -9.639  0.0000E+00  0.6200E+02
     -9.621  0.0000E+00  0.6200E+02
     -9.603  0.0000E+00  0.6200E+02
     -9.584  0.0000E+00  0.6200E+02
     -9.566  0.0000E+00  0.6200E+02
     -9.548  0.0000E+00  0.6200E+02
     -9.530  0.0000E+00  0.6200E+02
     -9.512  0.0000E+00  0.6200E+02
     -9.494  0.0000E+00  0.6200E+02
     -9.476  0.0000E+00  0.6200E+02
     -9.457  0.0000E+00  0.6200E+02
     -9.439  0.0000E+00  0.6200E+02
     -9.421  0.0000E+00  0.6200E+02
     -9.403  0.0000E+00  0.6200E+02
     -9.385  0.0000E+00  0.6200E+02
     -9.367  0.0000E+00  0.6200E+02
     -9.349  0.0000E+00  0.6200E+02
     -9.331  0.0000E+00  0.6200E+02
     -9.312  0.0000E+00  0.6200E+02
     -9.294  0.0000E+00  0.6200E+02
     -9.276  0.0000E+00  0.6200E+02
     -9.258  0.0000E+00  0.6200E+02
     -9.240  0.0000E+00  0.6200E+02
     -9.222  0.0000E+00  0.6200E+02
     -9.204  0.0000E+00  0.6200E+02
     -9.185  0.0000E+00  0.6200E+02
     -9.167  0.0000E+00  0.6200E+02
     -9.149  0.0000E+00  0.6200E+02
     -9.131  0.0000E+00  0.6200E+02
     -9.113  0.0000E+00  0.6200E+02
     -9.095  0.0000E+00  0.6200E+02
     -9.077  0.0000E+00  0.6200E+02
     -9.059  0.0000E+00  0.6200E+02
     -9.040  0.0000E+00  0.6200E+02
     -9.022  0.0000E+00  0.6200E+02
     -9.004  0.0000E+00  0.6200E+02
     -8.986  0.0000E+00  0.6200E+02
     -8.968  0.0000E+00  0.6200E+02
     -8.950  0.0000E+00  0.6200E+02
     -8.932  0.0000E+00  0.6200E+02
     -8.913  0.0000E+00  0.6200E+02
     -8.895  0.0000E+00  0.6200E+02
     -8.877  0.0000E+00  0.6200E+02
     -8.859  0.0000E+00  0.6200E+02
     -8.841  0.0000E+00  0.6200E+02
     -8.823  0.0000E+00  0.6200E+02
     -8.805  0.0000E+00  0.6200E+02
     -8.786  0.0000E+00  0.6200E+02
     -8.768  0.0000E+00  0.6200E+02
     -8.750  0.0000E+00  0.6200E+02
     -8.732  0.0000E+00  0.6200E+02
     -8.714  0.0000E+00  0.6200E+02
     -8.696  0.0000E+00  0.6200E+02
     -8.678  0.0000E+00  0.6200E+02
     -8.660  0.0000E+00  0.6200E+02
     -8.641  0.0000E+00  0.6200E+02
     -8.623  0.0000E+00  0.6200E+02
     -8.605  0.0000E+00  0.6200E+02
     -8.587  0.0000E+00  0.6200E+02
     -8.569  0.0000E+00  0.6200E+02
     -8.551  0.0000E+00  0.6200E+02
     -8.533  0.0000E+00  0.6200E+02
     -8.514  0.0000E+00  0.6200E+02
     -8.496  0.0000E+00  0.6200E+02
     -8.478  0.0000E+00  0.6200E+02
     -8.460  0.0000E+00  0.6200E+02
     -8.442  0.0000E+00  0.6200E+02
     -8.424  0.0000E+00  0.6200E+02
     -8.406  0.0000E+00  0.6200E+02
     -8.387  0.0000E+00  0.6200E+02
     -8.369  0.0000E+00  0.6200E+02
     -8.351  0.0000E+00  0.6200E+02
     -8.333  0.0000E+00  0.6200E+02
     -8.315  0.0000E+00  0.6200E+02
     -8.297  0.0000E+00  0.6200E+02
     -8.279  0.0000E+00  0.6200E+02
     -8.261  0.0000E+00  0.6200E+02
     -8.242  0.0000E+00  0.6200E+02
     -8.224  0.0000E+00  0.6200E+02
     -8.206  0.0000E+00  0.6200E+02
     -8.188  0.0000E+00  0.6200E+02
     -8.170  0.0000E+00  0.6200E+02
     -8.152  0.0000E+00  0.6200E+02
     -8.134  0.0000E+00  0.6200E+02
     -8.115  0.0000E+00  0.6200E+02
     -8.097  0.0000E+00  0.6200E+02
     -8.079  0.0000E+00  0.6200E+02
     -8.061  0.0000E+00  0.6200E+02
     -8.043  0.0000E+00  0.6200E+02
     -8.025  0.0000E+00  0.6200E+02
     -8.007  0.0000E+00  0.6200E+02
     -7.988  0.0000E+00  0.6200E+02
     -7.970  0.0000E+00  0.6200E+02
     -7.952  0.0000E+00  0.6200E+02
     -7.934  0.0000E+00  0.6200E+02
     -7.916  0.0000E+00  0.6200E+02
     -7.898  0.0000E+00  0.6200E+02
     -7.880  0.0000E+00  0.6200E+02
     -7.862  0.0000E+00  0.6200E+02
     -7.843  0.0000E+00  0.6200E+02
     -7.825  0.0000E+00  0.6200E+02
     -7.807  0.0000E+00  0.6200E+02
     -7.789  0.0000E+00  0.6200E+02
     -7.771  0.0000E+00  0.6200E+02
     -7.753  0.0000E+00  0.6200E+02
     -7.735  0.0000E+00  0.6200E+02
     -7.716  0.0000E+00  0.6200E+02
     -7.698  0.0000E+00  0.6200E+02
     -7.680  0.0000E+00  0.6200E+02
     -7.662  0.0000E+00  0.6200E+02
     -7.644  0.0000E+00  0.6200E+02
     -7.626  0.0000E+00  0.6200E+02
     -7.608  0.0000E+00  0.6200E+02
     -7.590  0.0000E+00  0.6200E+02
     -7.571  0.0000E+00  0.6200E+02
     -7.553  0.0000E+00  0.6200E+02
     -7.535  0.0000E+00  0.6200E+02
     -7.517  0.0000E+00  0.6200E+02
     -7.499  0.0000E+00  0.6200E+02
     -7.481  0.0000E+00  0.6200E+02
     -7.463  0.0000E+00  0.6200E+02
     -7.444  0.0000E+00  0.6200E+02
     -7.426  0.0000E+00  0.6200E+02
     -7.408  0.0000E+00  0.6200E+02
     -7.390  0.0000E+00  0.6200E+02
     -7.372  0.0000E+00  0.6200E+02
     -7.354  0.0000E+00  0.6200E+02
     -7.336  0.0000E+00  0.6200E+02
     -7.317  0.0000E+00  0.6200E+02
     -7.299  0.0000E+00  0.6200E+02
     -7.281  0.0000E+00  0.6200E+02
     -7.263  0.0000E+00  0.6200E+02
     -7.245  0.0000E+00  0.6200E+02
     -7.227  0.0000E+00  0.6200E+02
     -7.209  0.0000E+00  0.6200E+02
     -7.191  0.0000E+00  0.6200E+02
     -7.172  0.0000E+00  0.6200E+02
     -7.154  0.0000E+00  0.6200E+02
     -7.136  0.0000E+00  0.6200E+02
     -7.118  0.0000E+00  0.6200E+02
     -7.100  0.0000E+00  0.6200E+02
     -7.082  0.0000E+00  0.6200E+02
     -7.064  0.0000E+00  0.6200E+02
     -7.045  0.0000E+00  0.6200E+02
     -7.027  0.0000E+00  0.6200E+02
     -7.009  0.0000E+00  0.6200E+02
     -6.991  0.0000E+00  0.6200E+02
     -6.973  0.0000E+00  0.6200E+02
     -6.955  0.0000E+00  0.6200E+02
     -6.937  0.0000E+00  0.6200E+02
     -6.918  0.0000E+00  0.6200E+02
     -6.900  0.0000E+00  0.6200E+02
     -6.882  0.0000E+00  0.6200E+02
     -6.864  0.0000E+00  0.6200E+02
     -6.846  0.0000E+00  0.6200E+02
     -6.828  0.0000E+00  0.6200E+02
     -6.810  0.0000E+00  0.6200E+02
     -6.792  0.0000E+00  0.6200E+02
     -6.773  0.0000E+00  0.6200E+02
     -6.755  0.0000E+00  0.6200E+02
     -6.737  0.0000E+00  0.6200E+02
     -6.719  0.0000E+00  0.6200E+02
     -6.701  0.0000E+00  0.6200E+02
     -6.683  0.0000E+00  0.6200E+02
     -6.665  0.0000E+00  0.6200E+02
     -6.646  0.0000E+00  0.6200E+02
     -6.628  0.0000E+00  0.6200E+02
     -6.610  0.0000E+00  0.6200E+02
     -6.592  0.0000E+00  0.6200E+02
     -6.574  0.0000E+00  0.6200E+02
     -6.556  0.0000E+00  0.6200E+02
     -6.538  0.0000E+00  0.6200E+02
     -6.520  0.0000E+00  0.6200E+02
     -6.501  0.0000E+00  0.6200E+02
     -6.483  0.0000E+00  0.6200E+02
     -6.465  0.0000E+00  0.6200E+02
     -6.447  0.0000E+00  0.6200E+02
     -6.429  0.0000E+00  0.6200E+02
     -6.411  0.0000E+00  0.6200E+02
     -6.393  0.0000E+00  0.6200E+02
     -6.374  0.0000E+00  0.6200E+02
     -6.356  0.0000E+00  0.6200E+02
     -6.338  0.0000E+00  0.6200E+02
     -6.320  0.0000E+00  0.6200E+02
     -6.302  0.0000E+00  0.6200E+02
     -6.284  0.0000E+00  0.6200E+02
     -6.266  0.0000E+00  0.6200E+02
     -6.247  0.0000E+00  0.6200E+02
     -6.229  0.0000E+00  0.6200E+02
     -6.211  0.0000E+00  0.6200E+02
     -6.193  0.0000E+00  0.6200E+02
     -6.175  0.0000E+00  0.6200E+02
     -6.157  0.0000E+00  0.6200E+02
     -6.139  0.0000E+00  0.6200E+02
     -6.121  0.0000E+00  0.6200E+02
     -6.102  0.0000E+00  0.6200E+02
     -6.084  0.0000E+00  0.6200E+02
     -6.066  0.0000E+00  0.6200E+02
     -6.048  0.0000E+00  0.6200E+02
     -6.030  0.0000E+00  0.6200E+02
     -6.012  0.0000E+00  0.6200E+02
     -5.994  0.0000E+00  0.6200E+02
     -5.975  0.0000E+00  0.6200E+02
     -5.957  0.0000E+00  0.6200E+02
     -5.939  0.0000E+00  0.6200E+02
     -5.921  0.0000E+00  0.6200E+02
     -5.903  0.0000E+00  0.6200E+02
     -5.885  0.0000E+00  0.6200E+02
     -5.867  0.0000E+00  0.6200E+02
     -5.848  0.0000E+00  0.6200E+02
     -5.830  0.0000E+00  0.6200E+02
     -5.812  0.0000E+00  0.6200E+02
     -5.794  0.0000E+00  0.6200E+02
     -5.776  0.0000E+00  0.6200E+02
     -5.758  0.0000E+00  0.6200E+02
     -5.740  0.0000E+00  0.6200E+02
     -5.722  0.0000E+00  0.6200E+02
     -5.703  0.0000E+00  0.6200E+02
     -5.685  0.0000E+00  0.6200E+02
     -5.667  0.0000E+00  0.6200E+02
     -5.649  0.0000E+00  0.6200E+02
     -5.631  0.0000E+00  0.6200E+02
     -5.613  0.0000E+00  0.6200E+02
     -5.595  0.0000E+00  0.6200E+02
     -5.576  0.0000E+00  0.6200E+02
     -5.558  0.0000E+00  0.6200E+02
     -5.540  0.0000E+00  0.6200E+02
     -5.522  0.0000E+00  0.6200E+02
     -5.504  0.0000E+00  0.6200E+02
     -5.486  0.0000E+00  0.6200E+02
     -5.468  0.0000E+00  0.6200E+02
     -5.449  0.0000E+00  0.6200E+02
     -5.431  0.0000E+00  0.6200E+02
     -5.413  0.0000E+00  0.6200E+02
     -5.395  0.0000E+00  0.6200E+02
     -5.377  0.0000E+00  0.6200E+02
     -5.359  0.0000E+00  0.6200E+02
     -5.341  0.0000E+00  0.6200E+02
     -5.323  0.0000E+00  0.6200E+02
     -5.304  0.0000E+00  0.6200E+02
     -5.286  0.0000E+00  0.6200E+02
     -5.268  0.0000E+00  0.6200E+02
     -5.250  0.0000E+00  0.6200E+02
     -5.232  0.0000E+00  0.6200E+02
     -5.214  0.0000E+00  0.6200E+02
     -5.196  0.0000E+00  0.6200E+02
     -5.177  0.0000E+00  0.6200E+02
     -5.159  0.0000E+00  0.6200E+02
     -5.141  0.0000E+00  0.6200E+02
     -5.123  0.0000E+00  0.6200E+02
     -5.105  0.0000E+00  0.6200E+02
     -5.087  0.0000E+00  0.6200E+02
     -5.069  0.0000E+00  0.6200E+02
     -5.051  0.0000E+00  0.6200E+02
     -5.032  0.0000E+00  0.6200E+02
     -5.014  0.0000E+00  0.6200E+02
     -4.996  0.0000E+00  0.6200E+02
     -4.978  0.0000E+00  0.6200E+02
     -4.960  0.0000E+00  0.6200E+02
     -4.942  0.0000E+00  0.6200E+02
     -4.924  0.0000E+00  0.6200E+02
     -4.905  0.0000E+00  0.6200E+02
     -4.887  0.0000E+00  0.6200E+02
     -4.869  0.0000E+00  0.6200E+02
     -4.851  0.0000E+00  0.6200E+02
     -4.833  0.0000E+00  0.6200E+02
     -4.815  0.0000E+00  0.6200E+02
     -4.797  0.0000E+00  0.6200E+02
     -4.778  0.0000E+00  0.6200E+02
     -4.760  0.0000E+00  0.6200E+02
     -4.742  0.0000E+00  0.6200E+02
     -4.724  0.0000E+00  0.6200E+02
     -4.706  0.0000E+00  0.6200E+02
     -4.688  0.0000E+00  0.6200E+02
     -4.670  0.0000E+00  0.6200E+02
     -4.652  0.0000E+00  0.6200E+02
     -4.633  0.0000E+00  0.6200E+02
     -4.615  0.0000E+00  0.6200E+02
     -4.597  0.0000E+00  0.6200E+02
     -4.579  0.0000E+00  0.6200E+02
     -4.561  0.0000E+00  0.6200E+02
     -4.543  0.0000E+00  0.6200E+02
     -4.525  0.0000E+00  0.6200E+02
     -4.506  0.0000E+00  0.6200E+02
     -4.488  0.0000E+00  0.6200E+02
     -4.470  0.0000E+00  0.6200E+02
     -4.452  0.0000E+00  0.6200E+02
     -4.434  0.0000E+00  0.6200E+02
     -4.416  0.0000E+00  0.6200E+02
     -4.398  0.0000E+00  0.6200E+02
     -4.379  0.0000E+00  0.6200E+02
     -4.361  0.0000E+00  0.6200E+02
     -4.343  0.0000E+00  0.6200E+02
     -4.325  0.0000E+00  0.6200E+02
     -4.307  0.0000E+00  0.6200E+02
     -4.289  0.0000E+00  0.6200E+02
     -4.271  0.0000E+00  0.6200E+02
     -4.253  0.0000E+00  0.6200E+02
     -4.234  0.0000E+00  0.6200E+02
     -4.216  0.0000E+00  0.6200E+02
     -4.198  0.0000E+00  0.6200E+02
     -4.180  0.0000E+00  0.6200E+02
     -4.162  0.0000E+00  0.6200E+02
     -4.144  0.0000E+00  0.6200E+02
     -4.126  0.0000E+00  0.6200E+02
     -4.107  0.0000E+00  0.6200E+02
     -4.089  0.0000E+00  0.6200E+02
     -4.071  0.0000E+00  0.6200E+02
     -4.053  0.0000E+00  0.6200E+02
     -4.035  0.0000E+00  0.6200E+02
     -4.017  0.0000E+00  0.6200E+02
     -3.999  0.0000E+00  0.6200E+02
     -3.980  0.0000E+00  0.6200E+02
     -3.962  0.0000E+00  0.6200E+02
     -3.944  0.0000E+00  0.6200E+02
     -3.926  0.0000E+00  0.6200E+02
     -3.908  0.0000E+00  0.6200E+02
     -3.890  0.0000E+00  0.6200E+02
     -3.872  0.0000E+00  0.6200E+02
     -3.854  0.0000E+00  0.6200E+02
     -3.835  0.0000E+00  0.6200E+02
     -3.817  0.0000E+00  0.6200E+02
     -3.799  0.0000E+00  0.6200E+02
     -3.781  0.0000E+00  0.6200E+02
     -3.763  0.0000E+00  0.6200E+02
     -3.745  0.0000E+00  0.6200E+02
     -3.727  0.0000E+00  0.6200E+02
     -3.708  0.0000E+00  0.6200E+02
     -3.690  0.0000E+00  0.6200E+02
     -3.672  0.0000E+00  0.6200E+02
     -3.654  0.0000E+00  0.6200E+02
     -3.636  0.0000E+00  0.6200E+02
     -3.618  0.0000E+00  0.6200E+02
     -3.600  0.0000E+00  0.6200E+02
     -3.582  0.0000E+00  0.6200E+02
     -3.563  0.0000E+00  0.6200E+02
     -3.545  0.0000E+00  0.6200E+02
     -3.527  0.0000E+00  0.6200E+02
     -3.509  0.0000E+00  0.6200E+02
     -3.491  0.0000E+00  0.6200E+02
     -3.473  0.0000E+00  0.6200E+02
     -3.455  0.0000E+00  0.6200E+02
     -3.436  0.0000E+00  0.6200E+02
     -3.418  0.0000E+00  0.6200E+02
     -3.400  0.0000E+00  0.6200E+02
     -3.382  0.0000E+00  0.6200E+02
     -3.364  0.0000E+00  0.6200E+02
     -3.346  0.0000E+00  0.6200E+02
     -3.328  0.0000E+00  0.6200E+02
     -3.309  0.0000E+00  0.6200E+02
     -3.291  0.0000E+00  0.6200E+02
     -3.273  0.0000E+00  0.6200E+02
     -3.255  0.0000E+00  0.6200E+02
     -3.237  0.0000E+00  0.6200E+02
     -3.219  0.0000E+00  0.6200E+02
     -3.201  0.0000E+00  0.6200E+02
     -3.183  0.0000E+00  0.6200E+02
     -3.164  0.0000E+00  0.6200E+02
     -3.146  0.0000E+00  0.6200E+02
     -3.128  0.0000E+00  0.6200E+02
     -3.110  0.0000E+00  0.6200E+02
     -3.092  0.0000E+00  0.6200E+02
     -3.074  0.0000E+00  0.6200E+02
     -3.056  0.0000E+00  0.6200E+02
     -3.037  0.0000E+00  0.6200E+02
     -3.019  0.0000E+00  0.6200E+02
     -3.001  0.0000E+00  0.6200E+02
     -2.983  0.0000E+00  0.6200E+02
     -2.965  0.0000E+00  0.6200E+02
     -2.947  0.0000E+00  0.6200E+02
     -2.929  0.0000E+00  0.6200E+02
     -2.910  0.0000E+00  0.6200E+02
     -2.892  0.0000E+00  0.6200E+02
     -2.874  0.0000E+00  0.6200E+02
     -2.856  0.0000E+00  0.6200E+02
     -2.838  0.0000E+00  0.6200E+02
     -2.820  0.0000E+00  0.6200E+02
     -2.802  0.0000E+00  0.6200E+02
     -2.784  0.0000E+00  0.6200E+02
     -2.765  0.0000E+00  0.6200E+02
     -2.747  0.0000E+00  0.6200E+02
     -2.729  0.0000E+00  0.6200E+02
     -2.711  0.0000E+00  0.6200E+02
     -2.693  0.0000E+00  0.6200E+02
     -2.675  0.0000E+00  0.6200E+02
     -2.657  0.0000E+00  0.6200E+02
     -2.638  0.0000E+00  0.6200E+02
     -2.620  0.0000E+00  0.6200E+02
     -2.602  0.0000E+00  0.6200E+02
     -2.584  0.0000E+00  0.6200E+02
     -2.566  0.0000E+00  0.6200E+02
     -2.548  0.0000E+00  0.6200E+02
     -2.530  0.0000E+00  0.6200E+02
     -2.512  0.0000E+00  0.6200E+02
     -2.493  0.0000E+00  0.6200E+02
     -2.475  0.0000E+00  0.6200E+02
     -2.457  0.0000E+00  0.6200E+02
     -2.439  0.0000E+00  0.6200E+02
     -2.421  0.0000E+00  0.6200E+02
     -2.403  0.0000E+00  0.6200E+02
     -2.385  0.0000E+00  0.6200E+02
     -2.366  0.0000E+00  0.6200E+02
     -2.348  0.0000E+00  0.6200E+02
     -2.330  0.0000E+00  0.6200E+02
     -2.312  0.0000E+00  0.6200E+02
     -2.294  0.0000E+00  0.6200E+02
     -2.276  0.0000E+00  0.6200E+02
     -2.258  0.0000E+00  0.6200E+02
     -2.239  0.0000E+00  0.6200E+02
     -2.221  0.0000E+00  0.6200E+02
     -2.203  0.0000E+00  0.6200E+02
     -2.185  0.0000E+00  0.6200E+02
     -2.167  0.0000E+00  0.6200E+02
     -2.149  0.0000E+00  0.6200E+02
     -2.131  0.0000E+00  0.6200E+02
     -2.113  0.0000E+00  0.6200E+02
     -2.094  0.0000E+00  0.6200E+02
     -2.076  0.0000E+00  0.6200E+02
     -2.058  0.0000E+00  0.6200E+02
     -2.040  0.0000E+00  0.6200E+02
     -2.022  0.0000E+00  0.6200E+02
     -2.004  0.0000E+00  0.6200E+02
     -1.986  0.0000E+00  0.6200E+02
     -1.967  0.0000E+00  0.6200E+02
     -1.949  0.0000E+00  0.6200E+02
     -1.931  0.0000E+00  0.6200E+02
     -1.913  0.0000E+00  0.6200E+02
     -1.895  0.0000E+00  0.6200E+02
     -1.877  0.0000E+00  0.6200E+02
     -1.859  0.0000E+00  0.6200E+02
     -1.840  0.0000E+00  0.6200E+02
     -1.822  0.0000E+00  0.6200E+02
     -1.804  0.0000E+00  0.6200E+02
     -1.786  0.0000E+00  0.6200E+02
     -1.768  0.0000E+00  0.6200E+02
     -1.750  0.0000E+00  0.6200E+02
     -1.732  0.0000E+00  0.6200E+02
     -1.714  0.0000E+00  0.6200E+02
     -1.695  0.0000E+00  0.6200E+02
     -1.677  0.0000E+00  0.6200E+02
     -1.659  0.0000E+00  0.6200E+02
     -1.641  0.0000E+00  0.6200E+02
     -1.623  0.0000E+00  0.6200E+02
     -1.605  0.0000E+00  0.6200E+02
     -1.587  0.0000E+00  0.6200E+02
     -1.568  0.0000E+00  0.6200E+02
     -1.550  0.0000E+00  0.6200E+02
     -1.532  0.0000E+00  0.6200E+02
     -1.514  0.0000E+00  0.6200E+02
     -1.496  0.0000E+00  0.6200E+02
     -1.478  0.0000E+00  0.6200E+02
     -1.460  0.0000E+00  0.6200E+02
     -1.441  0.0000E+00  0.6200E+02
     -1.423  0.0000E+00  0.6200E+02
     -1.405  0.0000E+00  0.6200E+02
     -1.387  0.1586E-02  0.6200E+02
     -1.369  0.1658E-01  0.6200E+02
     -1.351  0.4741E-01  0.6200E+02
     -1.333  0.9406E-01  0.6200E+02
     -1.315  0.1687E+00  0.6200E+02
     -1.296  0.3026E+00  0.6201E+02
     -1.278  0.4976E+00  0.6202E+02
     -1.260  0.7534E+00  0.6203E+02
     -1.242  0.1070E+01  0.6204E+02
     -1.224  0.1448E+01  0.6207E+02
     -1.206  0.1887E+01  0.6210E+02
     -1.188  0.2387E+01  0.6213E+02
     -1.169  0.2947E+01  0.6218E+02
     -1.151  0.3569E+01  0.6224E+02
     -1.133  0.4251E+01  0.6231E+02
     -1.115  0.4995E+01  0.6240E+02
     -1.097  0.5799E+01  0.6249E+02
     -1.079  0.6665E+01  0.6261E+02
     -1.061  0.7591E+01  0.6274E+02
     -1.043  0.8579E+01  0.6288E+02
     -1.024  0.9627E+01  0.6305E+02
     -1.006  0.1074E+02  0.6323E+02
     -0.988  0.1211E+02  0.6344E+02
     -0.970  0.1348E+02  0.6367E+02
     -0.952  0.1483E+02  0.6393E+02
     -0.934  0.1616E+02  0.6421E+02
     -0.916  0.1770E+02  0.6452E+02
     -0.897  0.2393E+02  0.6488E+02
     -0.879  0.3075E+02  0.6538E+02
     -0.861  0.3576E+02  0.6599E+02
     -0.843  0.3897E+02  0.6667E+02
     -0.825  0.4694E+02  0.6742E+02
     -0.807  0.6157E+02  0.6838E+02
     -0.789  0.6433E+02  0.6953E+02
     -0.770  0.6503E+02  0.7070E+02
     -0.752  0.6369E+02  0.7187E+02
     -0.734  0.5488E+02  0.7297E+02
     -0.716  0.5081E+02  0.7393E+02
     -0.698  0.4611E+02  0.7481E+02
     -0.680  0.4083E+02  0.7560E+02
     -0.662  0.3496E+02  0.7629E+02
     -0.644  0.2884E+02  0.7686E+02
     -0.625  0.2838E+02  0.7738E+02
     -0.607  0.2666E+02  0.7788E+02
     -0.589  0.2367E+02  0.7834E+02
     -0.571  0.1943E+02  0.7873E+02
     -0.553  0.1391E+02  0.7903E+02
     -0.535  0.8265E+01  0.7923E+02
     -0.517  0.1351E+02  0.7942E+02
     -0.498  0.2081E+02  0.7973E+02
     -0.480  0.3246E+02  0.8021E+02
     -0.462  0.4324E+02  0.8090E+02
     -0.444  0.5227E+02  0.8176E+02
     -0.426  0.5953E+02  0.8278E+02
     -0.408  0.7854E+02  0.8396E+02
     -0.390  0.9733E+02  0.8561E+02
     -0.371  0.1113E+03  0.8756E+02
     -0.353  0.5230E+02  0.8901E+02
     -0.335  0.5001E+02  0.8994E+02
     -0.317  0.4871E+02  0.9083E+02
     -0.299  0.4819E+02  0.9171E+02
     -0.281  0.4819E+02  0.9258E+02
     -0.263  0.4884E+02  0.9346E+02
     -0.245  0.5043E+02  0.9436E+02
     -0.226  0.5256E+02  0.9529E+02
     -0.208  0.5561E+02  0.9627E+02
     -0.190  0.5917E+02  0.9731E+02
     -0.172  0.6212E+02  0.9841E+02
     -0.154  0.6117E+02  0.9955E+02
     -0.136  0.5590E+02  0.1006E+03
     -0.118  0.5469E+02  0.1016E+03
     -0.099  0.5162E+02  0.1026E+03
     -0.081  0.4687E+02  0.1035E+03
     -0.063  0.4277E+02  0.1043E+03
     -0.045  0.3291E+02  0.1050E+03
     -0.027  0.2700E+02  0.1055E+03
     -0.009  0.2488E+02  0.1060E+03
      0.009  0.2410E+02  0.1064E+03
      0.027  0.2345E+02  0.1068E+03
      0.046  0.2276E+02  0.1073E+03
      0.064  0.2293E+02  0.1077E+03
      0.082  0.2360E+02  0.1081E+03
      0.100  0.2416E+02  0.1085E+03
      0.118  0.2450E+02  0.1090E+03
      0.136  0.2472E+02  0.1094E+03
      0.154  0.2488E+02  0.1099E+03
      0.173  0.2499E+02  0.1103E+03
      0.191  0.2506E+02  0.1108E+03
      0.209  0.2507E+02  0.1112E+03
      0.227  0.2473E+02  0.1117E+03
      0.245  0.2421E+02  0.1121E+03
      0.263  0.2377E+02  0.1126E+03
      0.281  0.2340E+02  0.1130E+03
      0.300  0.2312E+02  0.1134E+03
      0.318  0.2291E+02  0.1138E+03
      0.336  0.2633E+02  0.1143E+03
      0.354  0.3053E+02  0.1148E+03
      0.372  0.2793E+02  0.1153E+03
      0.390  0.2289E+02  0.1158E+03
      0.408  0.2415E+02  0.1162E+03
      0.426  0.2063E+02  0.1166E+03
      0.445  0.1144E+02  0.1169E+03
      0.463  0.1153E+02  0.1171E+03
      0.481  0.1321E+02  0.1173E+03
      0.499  0.1434E+02  0.1176E+03
      0.517  0.1493E+02  0.1179E+03
      0.535  0.1497E+02  0.1181E+03
      0.553  0.1447E+02  0.1184E+03
      0.572  0.1373E+02  0.1187E+03
      0.590  0.1368E+02  0.1189E+03
      0.608  0.1824E+02  0.1192E+03
      0.626  0.2795E+02  0.1196E+03
      0.644  0.4395E+02  0.1202E+03
      0.662  0.5528E+02  0.1212E+03
      0.680  0.4511E+02  0.1221E+03
      0.699  0.3998E+02  0.1228E+03
      0.717  0.3869E+02  0.1236E+03
      0.735  0.3688E+02  0.1242E+03
      0.753  0.3457E+02  0.1249E+03
      0.771  0.3173E+02  0.1255E+03
      0.789  0.2820E+02  0.1260E+03
      0.807  0.2178E+02  0.1265E+03
      0.825  0.1669E+02  0.1268E+03
      0.844  0.1319E+02  0.1271E+03
      0.862  0.1128E+02  0.1273E+03
      0.880  0.1095E+02  0.1275E+03
      0.898  0.1125E+02  0.1277E+03
      0.916  0.1151E+02  0.1279E+03
      0.934  0.1171E+02  0.1281E+03
      0.952  0.1194E+02  0.1284E+03
      0.971  0.1251E+02  0.1286E+03
      0.989  0.1346E+02  0.1288E+03
      1.007  0.1480E+02  0.1291E+03
      1.025  0.1568E+02  0.1294E+03
      1.043  0.1641E+02  0.1296E+03
      1.061  0.1707E+02  0.1299E+03
      1.079  0.1768E+02  0.1303E+03
      1.098  0.1822E+02  0.1306E+03
      1.116  0.1871E+02  0.1309E+03
      1.134  0.1914E+02  0.1313E+03
      1.152  0.1951E+02  0.1316E+03
      1.170  0.1983E+02  0.1320E+03
      1.188  0.2008E+02  0.1323E+03
      1.206  0.2028E+02  0.1327E+03
      1.224  0.2042E+02  0.1331E+03
      1.243  0.2049E+02  0.1334E+03
      1.261  0.2051E+02  0.1338E+03
      1.279  0.2047E+02  0.1342E+03
      1.297  0.2038E+02  0.1346E+03
      1.315  0.2022E+02  0.1349E+03
      1.333  0.2001E+02  0.1353E+03
      1.351  0.1930E+02  0.1356E+03
      1.370  0.1852E+02  0.1360E+03
      1.388  0.1780E+02  0.1363E+03
      1.406  0.1723E+02  0.1366E+03
      1.424  0.1751E+02  0.1369E+03
      1.442  0.2022E+02  0.1373E+03
      1.460  0.2601E+02  0.1377E+03
      1.478  0.3408E+02  0.1382E+03
      1.496  0.4150E+02  0.1389E+03
      1.515  0.6342E+02  0.1398E+03
      1.533  0.9769E+02  0.1416E+03
      1.551  0.6903E+02  0.1428E+03
      1.569  0.4165E+02  0.1439E+03
      1.587  0.4773E+02  0.1447E+03
      1.605  0.5084E+02  0.1456E+03
      1.623  0.4798E+02  0.1465E+03
      1.642  0.2465E+02  0.1477E+03
      1.660  0.2863E+02  0.1482E+03
      1.678  0.3272E+02  0.1487E+03
      1.696  0.3691E+02  0.1494E+03
      1.714  0.4119E+02  0.1501E+03
      1.732  0.4559E+02  0.1509E+03
      1.750  0.5072E+02  0.1517E+03
      1.769  0.5425E+02  0.1527E+03
      1.787  0.5572E+02  0.1537E+03
      1.805  0.5564E+02  0.1547E+03
      1.823  0.5403E+02  0.1557E+03
      1.841  0.5063E+02  0.1567E+03
      1.859  0.4559E+02  0.1575E+03
      1.877  0.3899E+02  0.1583E+03
      1.895  0.3169E+02  0.1589E+03
      1.914  0.3111E+02  0.1595E+03
      1.932  0.3062E+02  0.1601E+03
      1.950  0.3017E+02  0.1606E+03
      1.968  0.2976E+02  0.1612E+03
      1.986  0.2931E+02  0.1617E+03
      2.004  0.3026E+02  0.1622E+03
      2.022  0.3125E+02  0.1628E+03
      2.041  0.3228E+02  0.1634E+03
      2.059  0.3334E+02  0.1640E+03
      2.077  0.3484E+02  0.1646E+03
      2.095  0.3637E+02  0.1652E+03
      2.113  0.3775E+02  0.1659E+03
      2.131  0.3935E+02  0.1666E+03
      2.149  0.4132E+02  0.1673E+03
      2.168  0.4368E+02  0.1681E+03
      2.186  0.4641E+02  0.1689E+03
      2.204  0.4952E+02  0.1698E+03
      2.222  0.5578E+02  0.1707E+03
      2.240  0.7128E+02  0.1719E+03
      2.258  0.1108E+03  0.1734E+03
      2.276  0.1122E+03  0.1756E+03
      2.294  0.8002E+02  0.1772E+03
      2.313  0.1289E+03  0.1802E+03
      2.331  0.9209E+02  0.1823E+03
      2.349  0.7338E+02  0.1838E+03
      2.367  0.7575E+02  0.1851E+03
      2.385  0.8185E+02  0.1865E+03
      2.403  0.8843E+02  0.1881E+03
      2.421  0.9547E+02  0.1897E+03
      2.440  0.1011E+03  0.1915E+03
      2.458  0.9717E+02  0.1933E+03
      2.476  0.1076E+03  0.1951E+03
      2.494  0.1149E+03  0.1972E+03
      2.512  0.9869E+02  0.1992E+03
      2.530  0.8191E+02  0.2008E+03
      2.548  0.7852E+02  0.2022E+03
      2.567  0.7279E+02  0.2036E+03
      2.585  0.6403E+02  0.2048E+03
      2.603  0.5851E+02  0.2059E+03
      2.621  0.5306E+02  0.2070E+03
      2.639  0.4947E+02  0.2079E+03
      2.657  0.4897E+02  0.2088E+03
      2.675  0.7653E+02  0.2099E+03
      2.693  0.6924E+02  0.2113E+03
      2.712  0.5137E+02  0.2123E+03
      2.730  0.4386E+02  0.2132E+03
      2.748  0.3176E+02  0.2138E+03
      2.766  0.2682E+02  0.2144E+03
      2.784  0.3289E+02  0.2149E+03
      2.802  0.3854E+02  0.2156E+03
      2.820  0.4355E+02  0.2163E+03
      2.839  0.7818E+02  0.2173E+03
      2.857  0.1527E+03  0.2194E+03
      2.875  0.2116E+03  0.2227E+03
      2.893  0.1611E+03  0.2264E+03
      2.911  0.1276E+03  0.2292E+03
      2.929  0.7412E+02  0.2307E+03
      2.947  0.7346E+02  0.2321E+03
      2.965  0.7074E+02  0.2334E+03
      2.984  0.6711E+02  0.2346E+03
      3.002  0.6061E+02  0.2358E+03
      3.020  0.5125E+02  0.2368E+03
      3.038  0.3948E+02  0.2376E+03
      3.056  0.3239E+02  0.2383E+03
      3.074  0.2661E+02  0.2388E+03
      3.092  0.2155E+02  0.2393E+03
      3.111  0.1721E+02  0.2396E+03
      3.129  0.1359E+02  0.2399E+03
      3.147  0.1069E+02  0.2401E+03
      3.165  0.8510E+01  0.2403E+03
      3.183  0.7046E+01  0.2404E+03
      3.201  0.6301E+01  0.2405E+03
      3.219  0.6260E+01  0.2407E+03
      3.238  0.6762E+01  0.2408E+03
      3.256  0.2199E+02  0.2410E+03
      3.274  0.5966E+02  0.2418E+03
      3.292  0.5530E+02  0.2429E+03
      3.310  0.1528E+02  0.2435E+03
      3.328  0.1851E+02  0.2438E+03
      3.346  0.2287E+02  0.2442E+03
      3.364  0.5246E+02  0.2448E+03
      3.383  0.6704E+02  0.2460E+03
      3.401  0.3017E+02  0.2469E+03
      3.419  0.1747E+02  0.2472E+03
      3.437  0.1296E+02  0.2475E+03
      3.455  0.9114E+01  0.2477E+03
      3.473  0.5945E+01  0.2478E+03
      3.491  0.3451E+01  0.2479E+03
      3.510  0.1631E+01  0.2480E+03
      3.528  0.4853E+00  0.2480E+03
      3.546  0.1392E-01  0.2480E+03
      3.564  0.0000E+00  0.2480E+03
      3.582  0.0000E+00  0.2480E+03
      3.600  0.0000E+00  0.2480E+03
      3.618  0.0000E+00  0.2480E+03
      3.637  0.0000E+00  0.2480E+03
      3.655  0.0000E+00  0.2480E+03
      3.673  0.0000E+00  0.2480E+03
      3.691  0.0000E+00  0.2480E+03
      3.709  0.0000E+00  0.2480E+03
      3.727  0.0000E+00  0.2480E+03
      3.745  0.0000E+00  0.2480E+03
      3.763  0.0000E+00  0.2480E+03
      3.782  0.0000E+00  0.2480E+03
      3.800  0.0000E+00  0.2480E+03
      3.818  0.0000E+00  0.2480E+03
      3.836  0.0000E+00  0.2480E+03
      3.854  0.0000E+00  0.2480E+03
      3.872  0.0000E+00  0.2480E+03
      3.890  0.0000E+00  0.2480E+03
      3.909  0.0000E+00  0.2480E+03
      3.927  0.0000E+00  0.2480E+03
      3.945  0.0000E+00  0.2480E+03
      3.963  0.0000E+00  0.2480E+03
      3.981  0.0000E+00  0.2480E+03
      3.999  0.0000E+00  0.2480E+03
      4.017  0.0000E+00  0.2480E+03
      4.035  0.0000E+00  0.2480E+03
      4.054  0.0000E+00  0.2480E+03
      4.072  0.0000E+00  0.2480E+03
      4.090  0.0000E+00  0.2480E+03
      4.108  0.0000E+00  0.2480E+03
      4.126  0.0000E+00  0.2480E+03
      4.144  0.0000E+00  0.2480E+03
      4.162  0.0000E+00  0.2480E+03
      4.181  0.0000E+00  0.2480E+03
      4.199  0.0000E+00  0.2480E+03
      4.217  0.0000E+00  0.2480E+03
      4.235  0.0000E+00  0.2480E+03
      4.253  0.0000E+00  0.2480E+03
      4.271  0.0000E+00  0.2480E+03
      4.289  0.0000E+00  0.2480E+03
      4.308  0.0000E+00  0.2480E+03
      4.326  0.0000E+00  0.2480E+03
      4.344  0.0000E+00  0.2480E+03
      4.362  0.0000E+00  0.2480E+03
      4.380  0.0000E+00  0.2480E+03
      4.398  0.0000E+00  0.2480E+03
      4.416  0.0000E+00  0.2480E+03
      4.434  0.0000E+00  0.2480E+03
      4.453  0.0000E+00  0.2480E+03
      4.471  0.0000E+00  0.2480E+03
      4.489  0.0000E+00  0.2480E+03
      4.507  0.0000E+00  0.2480E+03
      4.525  0.0000E+00  0.2480E+03
      4.543  0.0000E+00  0.2480E+03
      4.561  0.0000E+00  0.2480E+03
      4.580  0.0000E+00  0.2480E+03
      4.598  0.0000E+00  0.2480E+03
      4.616  0.0000E+00  0.2480E+03
      4.634  0.0000E+00  0.2480E+03
      4.652  0.0000E+00  0.2480E+03
      4.670  0.0000E+00  0.2480E+03
      4.688  0.0000E+00  0.2480E+03
      4.707  0.0000E+00  0.2480E+03
      4.725  0.0000E+00  0.2480E+03
      4.743  0.0000E+00  0.2480E+03
      4.761  0.0000E+00  0.2480E+03
      4.779  0.0000E+00  0.2480E+03
      4.797  0.0000E+00  0.2480E+03
      4.815  0.0000E+00  0.2480E+03
      4.833  0.0000E+00  0.2480E+03
      4.852  0.0000E+00  0.2480E+03
      4.870  0.0000E+00  0.2480E+03
      4.888  0.0000E+00  0.2480E+03
      4.906  0.0000E+00  0.2480E+03
      4.924  0.0000E+00  0.2480E+03
      4.942  0.0000E+00  0.2480E+03
      4.960  0.0000E+00  0.2480E+03
      4.979  0.0000E+00  0.2480E+03
      4.997  0.0000E+00  0.2480E+03
      5.015  0.0000E+00  0.2480E+03
      5.033  0.0000E+00  0.2480E+03
      5.051  0.0000E+00  0.2480E+03
      5.069  0.0000E+00  0.2480E+03
      5.087  0.0000E+00  0.2480E+03
      5.106  0.0000E+00  0.2480E+03
      5.124  0.0000E+00  0.2480E+03
      5.142  0.0000E+00  0.2480E+03
      5.160  0.0000E+00  0.2480E+03
      5.178  0.0000E+00  0.2480E+03
      5.196  0.0000E+00  0.2480E+03
      5.214  0.0000E+00  0.2480E+03
      5.232  0.0000E+00  0.2480E+03
      5.251  0.0000E+00  0.2480E+03
      5.269  0.0000E+00  0.2480E+03
      5.287  0.0000E+00  0.2480E+03
      5.305  0.0000E+00  0.2480E+03
      5.323  0.0000E+00  0.2480E+03
      5.341  0.0000E+00  0.2480E+03
      5.359  0.0000E+00  0.2480E+03
      5.378  0.0000E+00  0.2480E+03
      5.396  0.0000E+00  0.2480E+03
      5.414  0.0000E+00  0.2480E+03
      5.432  0.0000E+00  0.2480E+03
      5.450  0.0000E+00  0.2480E+03
      5.468  0.0000E+00  0.2480E+03
      5.486  0.0000E+00  0.2480E+03
      5.504  0.0000E+00  0.2480E+03
      5.523  0.0000E+00  0.2480E+03
      5.541  0.0000E+00  0.2480E+03
      5.559  0.0000E+00  0.2480E+03
      5.577  0.0000E+00  0.2480E+03
      5.595  0.0000E+00  0.2480E+03
      5.613  0.0000E+00  0.2480E+03
      5.631  0.0000E+00  0.2480E+03
      5.650  0.0000E+00  0.2480E+03
      5.668  0.0000E+00  0.2480E+03
      5.686  0.0000E+00  0.2480E+03
      5.704  0.0000E+00  0.2480E+03
      5.722  0.0000E+00  0.2480E+03
      5.740  0.0000E+00  0.2480E+03
      5.758  0.0000E+00  0.2480E+03
      5.777  0.0000E+00  0.2480E+03
      5.795  0.0000E+00  0.2480E+03
      5.813  0.0000E+00  0.2480E+03
      5.831  0.0000E+00  0.2480E+03
      5.849  0.0000E+00  0.2480E+03
      5.867  0.0000E+00  0.2480E+03
      5.885  0.0000E+00  0.2480E+03
      5.903  0.0000E+00  0.2480E+03
      5.922  0.0000E+00  0.2480E+03
      5.940  0.0000E+00  0.2480E+03
      5.958  0.0000E+00  0.2480E+03
      5.976  0.0000E+00  0.2480E+03
      5.994  0.0000E+00  0.2480E+03
      6.012  0.0000E+00  0.2480E+03
      6.030  0.0000E+00  0.2480E+03
      6.049  0.0000E+00  0.2480E+03
      6.067  0.0000E+00  0.2480E+03
      6.085  0.0000E+00  0.2480E+03
      6.103  0.0000E+00  0.2480E+03
      6.121  0.0000E+00  0.2480E+03
      6.139  0.0000E+00  0.2480E+03
      6.157  0.0000E+00  0.2480E+03
      6.176  0.0000E+00  0.2480E+03
      6.194  0.0000E+00  0.2480E+03
      6.212  0.0000E+00  0.2480E+03
      6.230  0.0000E+00  0.2480E+03
      6.248  0.0000E+00  0.2480E+03
      6.266  0.0000E+00  0.2480E+03
      6.284  0.0000E+00  0.2480E+03
      6.302  0.0000E+00  0.2480E+03
      6.321  0.0000E+00  0.2480E+03
      6.339  0.0000E+00  0.2480E+03
      6.357  0.0000E+00  0.2480E+03
      6.375  0.0000E+00  0.2480E+03
      6.393  0.0000E+00  0.2480E+03
      6.411  0.0000E+00  0.2480E+03
      6.429  0.0000E+00  0.2480E+03
      6.448  0.0000E+00  0.2480E+03
      6.466  0.0000E+00  0.2480E+03
      6.484  0.0000E+00  0.2480E+03
      6.502  0.0000E+00  0.2480E+03
      6.520  0.0000E+00  0.2480E+03
      6.538  0.0000E+00  0.2480E+03
      6.556  0.0000E+00  0.2480E+03
      6.574  0.0000E+00  0.2480E+03
      6.593  0.0000E+00  0.2480E+03
      6.611  0.1154E-06  0.2480E+03
      6.629  0.1289E+00  0.2480E+03
      6.647  0.5153E+00  0.2480E+03
      6.665  0.1159E+01  0.2480E+03
      6.683  0.2060E+01  0.2480E+03
      6.701  0.3219E+01  0.2481E+03
      6.720  0.4634E+01  0.2482E+03
      6.738  0.6308E+01  0.2483E+03
      6.756  0.8238E+01  0.2484E+03
      6.774  0.1043E+02  0.2486E+03
      6.792  0.1546E+02  0.2488E+03
      6.810  0.3883E+02  0.2492E+03
      6.828  0.2433E+02  0.2499E+03
      6.847  0.0000E+00  0.2500E+03
      6.865  0.0000E+00  0.2500E+03
      6.883  0.0000E+00  0.2500E+03
      6.901  0.0000E+00  0.2500E+03
      6.919  0.0000E+00  0.2500E+03
      6.937  0.0000E+00  0.2500E+03
      6.955  0.0000E+00  0.2500E+03
      6.973  0.0000E+00  0.2500E+03
      6.992  0.0000E+00  0.2500E+03
      7.010  0.0000E+00  0.2500E+03
      7.028  0.0000E+00  0.2500E+03
      7.046  0.0000E+00  0.2500E+03
      7.064  0.0000E+00  0.2500E+03
      7.082  0.0000E+00  0.2500E+03
      7.100  0.0000E+00  0.2500E+03
      7.119  0.0000E+00  0.2500E+03
      7.137  0.0000E+00  0.2500E+03
      7.155  0.0000E+00  0.2500E+03
      7.173  0.0000E+00  0.2500E+03
      7.191  0.0000E+00  0.2500E+03
      7.209  0.0000E+00  0.2500E+03
      7.227  0.0000E+00  0.2500E+03
      7.246  0.0000E+00  0.2500E+03
      7.264  0.0000E+00  0.2500E+03
      7.282  0.0000E+00  0.2500E+03
      7.300  0.0000E+00  0.2500E+03
      7.318  0.0000E+00  0.2500E+03
      7.336  0.0000E+00  0.2500E+03
      7.354  0.0000E+00  0.2500E+03
      7.372  0.0000E+00  0.2500E+03
      7.391  0.0000E+00  0.2500E+03
      7.409  0.0000E+00  0.2500E+03
      7.427  0.0000E+00  0.2500E+03
      7.445  0.0000E+00  0.2500E+03
      7.463  0.0000E+00  0.2500E+03
      7.481  0.0000E+00  0.2500E+03
      7.499  0.0000E+00  0.2500E+03
      7.518  0.0000E+00  0.2500E+03
      7.536  0.0000E+00  0.2500E+03
      7.554  0.0000E+00  0.2500E+03
      7.572  0.0000E+00  0.2500E+03
      7.590  0.0000E+00  0.2500E+03
      7.608  0.0000E+00  0.2500E+03
      7.626  0.0000E+00  0.2500E+03
      7.645  0.0000E+00  0.2500E+03
      7.663  0.0000E+00  0.2500E+03
      7.681  0.0000E+00  0.2500E+03
      7.699  0.0000E+00  0.2500E+03
      7.717  0.0000E+00  0.2500E+03
      7.735  0.0000E+00  0.2500E+03
      7.753  0.0000E+00  0.2500E+03
      7.771  0.0000E+00  0.2500E+03
      7.790  0.0000E+00  0.2500E+03
      7.808  0.0000E+00  0.2500E+03
      7.826  0.0000E+00  0.2500E+03
      7.844  0.0000E+00  0.2500E+03
      7.862  0.0000E+00  0.2500E+03
      7.880  0.0000E+00  0.2500E+03
      7.898  0.0000E+00  0.2500E+03
      7.917  0.0000E+00  0.2500E+03
      7.935  0.0000E+00  0.2500E+03
      7.953  0.0000E+00  0.2500E+03
      7.971  0.0000E+00  0.2500E+03
      7.989  0.0000E+00  0.2500E+03
      8.007  0.0000E+00  0.2500E+03
      8.025  0.0000E+00  0.2500E+03
      8.043  0.0000E+00  0.2500E+03
      8.062  0.0000E+00  0.2500E+03
      8.080  0.0000E+00  0.2500E+03
      8.098  0.0000E+00  0.2500E+03
      8.116  0.0000E+00  0.2500E+03
      8.134  0.0000E+00  0.2500E+03
      8.152  0.0000E+00  0.2500E+03
      8.170  0.0000E+00  0.2500E+03
      8.189  0.0000E+00  0.2500E+03
      8.207  0.0000E+00  0.2500E+03
      8.225  0.0000E+00  0.2500E+03
      8.243  0.0000E+00  0.2500E+03
      8.261  0.0000E+00  0.2500E+03
      8.279  0.0000E+00  0.2500E+03
      8.297  0.0000E+00  0.2500E+03
      8.316  0.0000E+00  0.2500E+03
      8.334  0.0000E+00  0.2500E+03
      8.352  0.0000E+00  0.2500E+03
      8.370  0.0000E+00  0.2500E+03
      8.388  0.0000E+00  0.2500E+03
      8.406  0.0000E+00  0.2500E+03
      8.424  0.0000E+00  0.2500E+03
      8.442  0.0000E+00  0.2500E+03
      8.461  0.0000E+00  0.2500E+03
      8.479  0.0000E+00  0.2500E+03
      8.497  0.0000E+00  0.2500E+03
      8.515  0.0000E+00  0.2500E+03
      8.533  0.0000E+00  0.2500E+03
      8.551  0.0000E+00  0.2500E+03
      8.569  0.0000E+00  0.2500E+03
      8.588  0.0000E+00  0.2500E+03
      8.606  0.0000E+00  0.2500E+03
      8.624  0.0000E+00  0.2500E+03
      8.642  0.0000E+00  0.2500E+03
      8.660  0.0000E+00  0.2500E+03
      8.678  0.0000E+00  0.2500E+03
      8.696  0.0000E+00  0.2500E+03
      8.715  0.0000E+00  0.2500E+03
      8.733  0.0000E+00  0.2500E+03
      8.751  0.0000E+00  0.2500E+03
      8.769  0.0000E+00  0.2500E+03
      8.787  0.0000E+00  0.2500E+03
      8.805  0.0000E+00  0.2500E+03
      8.823  0.0000E+00  0.2500E+03
      8.841  0.0000E+00  0.2500E+03
      8.860  0.0000E+00  0.2500E+03
      8.878  0.0000E+00  0.2500E+03
      8.896  0.0000E+00  0.2500E+03
      8.914  0.0000E+00  0.2500E+03
      8.932  0.0000E+00  0.2500E+03
      8.950  0.0000E+00  0.2500E+03
      8.968  0.0000E+00  0.2500E+03
      8.987  0.0000E+00  0.2500E+03
      9.005  0.0000E+00  0.2500E+03
      9.023  0.0000E+00  0.2500E+03
      9.041  0.0000E+00  0.2500E+03
      9.059  0.0000E+00  0.2500E+03
      9.077  0.0000E+00  0.2500E+03
      9.095  0.0000E+00  0.2500E+03
      9.114  0.0000E+00  0.2500E+03
      9.132  0.0000E+00  0.2500E+03
      9.150  0.0000E+00  0.2500E+03
      9.168  0.0000E+00  0.2500E+03
      9.186  0.0000E+00  0.2500E+03
      9.204  0.0000E+00  0.2500E+03
      9.222  0.0000E+00  0.2500E+03
      9.240  0.0000E+00  0.2500E+03
      9.259  0.0000E+00  0.2500E+03
      9.277  0.0000E+00  0.2500E+03
      9.295  0.0000E+00  0.2500E+03
      9.313  0.0000E+00  0.2500E+03
      9.331  0.0000E+00  0.2500E+03
      9.349  0.0000E+00  0.2500E+03
      9.367  0.0000E+00  0.2500E+03
      9.386  0.0000E+00  0.2500E+03
      9.404  0.0000E+00  0.2500E+03
      9.422  0.0000E+00  0.2500E+03
      9.440  0.0000E+00  0.2500E+03
      9.458  0.0000E+00  0.2500E+03
      9.476  0.0000E+00  0.2500E+03
      9.494  0.0000E+00  0.2500E+03
      9.512  0.0000E+00  0.2500E+03
      9.531  0.0000E+00  0.2500E+03
      9.549  0.0000E+00  0.2500E+03
      9.567  0.0000E+00  0.2500E+03
      9.585  0.0000E+00  0.2500E+03
      9.603  0.0000E+00  0.2500E+03
      9.621  0.0000E+00  0.2500E+03
      9.639  0.0000E+00  0.2500E+03
      9.658  0.0000E+00  0.2500E+03
      9.676  0.0000E+00  0.2500E+03
      9.694  0.0000E+00  0.2500E+03
      9.712  0.0000E+00  0.2500E+03
      9.730  0.0000E+00  0.2500E+03
      9.748  0.0000E+00  0.2500E+03
      9.766  0.0000E+00  0.2500E+03
      9.785  0.0000E+00  0.2500E+03
      9.803  0.0000E+00  0.2500E+03
      9.821  0.0000E+00  0.2500E+03
      9.839  0.0000E+00  0.2500E+03
      9.857  0.0000E+00  0.2500E+03
      9.875  0.0000E+00  0.2500E+03
      9.893  0.0000E+00  0.2500E+03
      9.911  0.0000E+00  0.2500E+03
      9.930  0.0000E+00  0.2500E+03
      9.948  0.0000E+00  0.2500E+03
      9.966  0.0000E+00  0.2500E+03
      9.984  0.0000E+00  0.2500E+03
     10.002  0.0000E+00  0.2500E+03
     10.020  0.0000E+00  0.2500E+03
     10.038  0.0000E+00  0.2500E+03
     10.057  0.0000E+00  0.2500E+03
     10.075  0.0000E+00  0.2500E+03
     10.093  0.0000E+00  0.2500E+03
     10.111  0.0000E+00  0.2500E+03
     10.129  0.0000E+00  0.2500E+03
     10.147  0.0000E+00  0.2500E+03
     10.165  0.0000E+00  0.2500E+03
     10.184  0.0000E+00  0.2500E+03
     10.202  0.0000E+00  0.2500E+03
     10.220  0.0000E+00  0.2500E+03
     10.238  0.0000E+00  0.2500E+03
     10.256  0.0000E+00  0.2500E+03
     10.274  0.0000E+00  0.2500E+03
     10.292  0.0000E+00  0.2500E+03
     10.310  0.0000E+00  0.2500E+03
     10.329  0.0000E+00  0.2500E+03
     10.347  0.0000E+00  0.2500E+03
     10.365  0.0000E+00  0.2500E+03
     10.383  0.0000E+00  0.2500E+03
     10.401  0.0000E+00  0.2500E+03
     10.419  0.0000E+00  0.2500E+03
     10.437  0.0000E+00  0.2500E+03
     10.456  0.0000E+00  0.2500E+03
     10.474  0.0000E+00  0.2500E+03
     10.492  0.0000E+00  0.2500E+03
     10.510  0.0000E+00  0.2500E+03
     10.528  0.0000E+00  0.2500E+03
     10.546  0.2884E-02  0.2500E+03
     10.564  0.1387E-01  0.2500E+03
     10.582  0.3307E-01  0.2500E+03
     10.601  0.6048E-01  0.2500E+03
     10.619  0.9610E-01  0.2500E+03
     10.637  0.1399E+00  0.2500E+03
     10.655  0.1920E+00  0.2500E+03
     10.673  0.2522E+00  0.2500E+03
     10.691  0.3207E+00  0.2500E+03
     10.709  0.3974E+00  0.2500E+03
     10.728  0.4822E+00  0.2500E+03
     10.746  0.5753E+00  0.2500E+03
     10.764  0.6766E+00  0.2501E+03
     10.782  0.7862E+00  0.2501E+03
     10.800  0.9039E+00  0.2501E+03
     10.818  0.1030E+01  0.2501E+03
     10.836  0.1164E+01  0.2501E+03
     10.855  0.1306E+01  0.2501E+03
     10.873  0.1457E+01  0.2502E+03
     10.891  0.1616E+01  0.2502E+03
     10.909  0.1783E+01  0.2502E+03
     10.927  0.1958E+01  0.2503E+03
     10.945  0.2115E+01  0.2503E+03
     10.963  0.2228E+01  0.2503E+03
     10.981  0.2333E+01  0.2504E+03
     11.000  0.2431E+01  0.2504E+03
     11.018  0.2522E+01  0.2505E+03
     11.036  0.2605E+01  0.2505E+03
     11.054  0.2681E+01  0.2506E+03
     11.072  0.2750E+01  0.2506E+03
     11.090  0.2812E+01  0.2507E+03
     11.108  0.2866E+01  0.2507E+03
     11.127  0.2913E+01  0.2508E+03
     11.145  0.2953E+01  0.2508E+03
     11.163  0.2985E+01  0.2509E+03
     11.181  0.3010E+01  0.2509E+03
     11.199  0.3028E+01  0.2510E+03
     11.217  0.3039E+01  0.2510E+03
     11.235  0.3043E+01  0.2511E+03
     11.254  0.3039E+01  0.2511E+03
     11.272  0.3028E+01  0.2512E+03
     11.290  0.3009E+01  0.2513E+03
     11.308  0.2983E+01  0.2513E+03
     11.326  0.2951E+01  0.2514E+03
     11.344  0.2910E+01  0.2514E+03
     11.362  0.2863E+01  0.2515E+03
     11.380  0.2808E+01  0.2515E+03
     11.399  0.2746E+01  0.2516E+03
     11.417  0.2677E+01  0.2516E+03
     11.435  0.2600E+01  0.2517E+03
     11.453  0.2516E+01  0.2517E+03
     11.471  0.2425E+01  0.2518E+03
     11.489  0.2327E+01  0.2518E+03
     11.507  0.2140E+01  0.2518E+03
     11.526  0.2951E+01  0.2519E+03
     11.544  0.3711E+01  0.2519E+03
     11.562  0.4382E+01  0.2520E+03
     11.580  0.4964E+01  0.2521E+03
     11.598  0.5457E+01  0.2522E+03
     11.616  0.5862E+01  0.2523E+03
     11.634  0.6177E+01  0.2524E+03
     11.653  0.6404E+01  0.2525E+03
     11.671  0.6542E+01  0.2526E+03
     11.689  0.6591E+01  0.2528E+03
     11.707  0.6551E+01  0.2529E+03
     11.725  0.6422E+01  0.2530E+03
     11.743  0.6230E+01  0.2531E+03
     11.761  0.6089E+01  0.2532E+03
     11.779  0.6013E+01  0.2533E+03
     11.798  0.6003E+01  0.2534E+03
     11.816  0.6058E+01  0.2536E+03
     11.834  0.6178E+01  0.2537E+03
     11.852  0.6278E+01  0.2538E+03
     11.870  0.6495E+01  0.2539E+03
     11.888  0.6866E+01  0.2540E+03
     11.906  0.7393E+01  0.2541E+03
     11.925  0.8075E+01  0.2543E+03
     11.943  0.8912E+01  0.2544E+03
     11.961  0.1153E+02  0.2546E+03
     11.979  0.1333E+02  0.2549E+03
     11.997  0.1420E+02  0.2551E+03
     12.015  0.1415E+02  0.2554E+03
     12.033  0.1319E+02  0.2556E+03
     12.051  0.1130E+02  0.2558E+03
     12.070  0.1072E+02  0.2560E+03
     12.088  0.1176E+02  0.2562E+03
     12.106  0.1175E+02  0.2564E+03
     12.124  0.1111E+02  0.2566E+03
     12.142  0.1024E+02  0.2568E+03
     12.160  0.9135E+01  0.2570E+03
     12.178  0.7795E+01  0.2572E+03
     12.197  0.6221E+01  0.2573E+03
     12.215  0.4845E+01  0.2574E+03
     12.233  0.4386E+01  0.2575E+03
     12.251  0.3951E+01  0.2576E+03
     12.269  0.3538E+01  0.2576E+03
     12.287  0.3148E+01  0.2577E+03
     12.305  0.2780E+01  0.2577E+03
     12.324  0.2436E+01  0.2578E+03
     12.342  0.2114E+01  0.2578E+03
     12.360  0.1815E+01  0.2579E+03
     12.378  0.1539E+01  0.2579E+03
     12.396  0.1286E+01  0.2579E+03
     12.414  0.1055E+01  0.2579E+03
     12.432  0.8470E+00  0.2580E+03
     12.450  0.6620E+00  0.2580E+03
     12.469  0.4997E+00  0.2580E+03
     12.487  0.3602E+00  0.2580E+03
     12.505  0.2435E+00  0.2580E+03
     12.523  0.1495E+00  0.2580E+03
     12.541  0.7838E-01  0.2580E+03
     12.559  0.3001E-01  0.2580E+03
     12.577  0.4422E-02  0.2580E+03
     12.596  0.0000E+00  0.2580E+03
     12.614  0.8784E-01  0.2580E+03
     12.632  0.5550E+00  0.2580E+03
     12.650  0.1428E+01  0.2580E+03
     12.668  0.2707E+01  0.2581E+03
     12.686  0.4393E+01  0.2581E+03
     12.704  0.8125E+01  0.2582E+03
     12.723  0.1676E+02  0.2585E+03
     12.741  0.1904E+02  0.2588E+03
     12.759  0.1497E+02  0.2591E+03
     12.777  0.4548E+01  0.2593E+03
     12.795  0.4043E+01  0.2594E+03
     12.813  0.3851E+01  0.2594E+03
     12.831  0.3675E+01  0.2595E+03
     12.849  0.3514E+01  0.2596E+03
     12.868  0.3369E+01  0.2596E+03
     12.886  0.3240E+01  0.2597E+03
     12.904  0.3126E+01  0.2598E+03
     12.922  0.3028E+01  0.2598E+03
     12.940  0.2945E+01  0.2599E+03
     12.958  0.2878E+01  0.2599E+03
     12.976  0.2827E+01  0.2600E+03
     12.995  0.2791E+01  0.2600E+03
     13.013  0.2771E+01  0.2601E+03
     13.031  0.2766E+01  0.2601E+03
     13.049  0.2777E+01  0.2602E+03
     13.067  0.2804E+01  0.2602E+03
     13.085  0.2846E+01  0.2603E+03
     13.103  0.2904E+01  0.2603E+03
     13.121  0.2977E+01  0.2604E+03
     13.140  0.3067E+01  0.2604E+03
     13.158  0.3171E+01  0.2605E+03
     13.176  0.3292E+01  0.2606E+03
     13.194  0.3428E+01  0.2606E+03
     13.212  0.3579E+01  0.2607E+03
     13.230  0.3746E+01  0.2607E+03
     13.248  0.3904E+01  0.2608E+03
     13.267  0.4062E+01  0.2609E+03
     13.285  0.4204E+01  0.2610E+03
     13.303  0.4341E+01  0.2610E+03
     13.321  0.4474E+01  0.2611E+03
     13.339  0.4596E+01  0.2612E+03
     13.357  0.4708E+01  0.2613E+03
     13.375  0.4808E+01  0.2614E+03
     13.394  0.4897E+01  0.2615E+03
     13.412  0.4975E+01  0.2615E+03
     13.430  0.5040E+01  0.2616E+03
     13.448  0.5094E+01  0.2617E+03
     13.466  0.5234E+01  0.2618E+03
     13.484  0.5494E+01  0.2619E+03
     13.502  0.5765E+01  0.2620E+03
     13.520  0.6059E+01  0.2621E+03
     13.539  0.6389E+01  0.2622E+03
     13.557  0.6756E+01  0.2624E+03
     13.575  0.7159E+01  0.2625E+03
     13.593  0.7599E+01  0.2626E+03
     13.611  0.8076E+01  0.2628E+03
     13.629  0.8589E+01  0.2629E+03
     13.647  0.9139E+01  0.2631E+03
     13.666  0.9725E+01  0.2632E+03
     13.684  0.1035E+02  0.2634E+03
     13.702  0.1101E+02  0.2636E+03
     13.720  0.1170E+02  0.2638E+03
     13.738  0.1244E+02  0.2640E+03
     13.756  0.1321E+02  0.2643E+03
     13.774  0.1401E+02  0.2645E+03
     13.793  0.1483E+02  0.2648E+03
     13.811  0.1567E+02  0.2651E+03
     13.829  0.1653E+02  0.2654E+03
     13.847  0.1741E+02  0.2657E+03
     13.865  0.1841E+02  0.2660E+03
     13.883  0.1998E+02  0.2663E+03
     13.901  0.2170E+02  0.2667E+03
     13.919  0.2797E+02  0.2672E+03
     13.938  0.3160E+02  0.2677E+03
     13.956  0.3370E+02  0.2683E+03
     13.974  0.3471E+02  0.2689E+03
     13.992  0.3465E+02  0.2696E+03
     14.010  0.3351E+02  0.2702E+03
     14.028  0.3383E+02  0.2708E+03
     14.046  0.3271E+02  0.2714E+03
     14.065  0.3002E+02  0.2720E+03
     14.083  0.2630E+02  0.2725E+03
     14.101  0.2353E+02  0.2729E+03
     14.119  0.2257E+02  0.2733E+03
     14.137  0.1909E+02  0.2737E+03
     14.155  0.1412E+02  0.2740E+03
     14.173  0.9927E+01  0.2742E+03
     14.192  0.7539E+01  0.2744E+03
     14.210  0.6570E+01  0.2745E+03
     14.228  0.6170E+01  0.2746E+03
     14.246  0.6216E+01  0.2747E+03
     14.264  0.6355E+01  0.2749E+03
     14.282  0.6589E+01  0.2750E+03
     14.300  0.6916E+01  0.2751E+03
     14.318  0.7410E+01  0.2752E+03
     14.337  0.7979E+01  0.2754E+03
     14.355  0.8497E+01  0.2755E+03
     14.373  0.8963E+01  0.2757E+03
     14.391  0.9378E+01  0.2758E+03
     14.409  0.9742E+01  0.2760E+03
     14.427  0.1017E+02  0.2762E+03
     14.445  0.1074E+02  0.2764E+03
     14.464  0.1123E+02  0.2766E+03
     14.482  0.1166E+02  0.2768E+03
     14.500  0.1201E+02  0.2770E+03
     14.518  0.1229E+02  0.2772E+03
     14.536  0.1250E+02  0.2775E+03
     14.554  0.1264E+02  0.2777E+03
     14.572  0.1271E+02  0.2779E+03
     14.590  0.1274E+02  0.2781E+03
     14.609  0.1272E+02  0.2784E+03
     14.627  0.1267E+02  0.2786E+03
     14.645  0.1274E+02  0.2788E+03
     14.663  0.1285E+02  0.2791E+03
     14.681  0.1293E+02  0.2793E+03
     14.699  0.1298E+02  0.2795E+03
     14.717  0.1301E+02  0.2798E+03
     14.736  0.1302E+02  0.2800E+03
     14.754  0.1299E+02  0.2802E+03
     14.772  0.1294E+02  0.2805E+03
     14.790  0.1287E+02  0.2807E+03
     14.808  0.1279E+02  0.2809E+03
     14.826  0.1270E+02  0.2812E+03
     14.844  0.1260E+02  0.2814E+03
     14.863  0.1249E+02  0.2816E+03
     14.881  0.1237E+02  0.2819E+03
     14.899  0.1224E+02  0.2821E+03
     14.917  0.1210E+02  0.2823E+03
     14.935  0.1194E+02  0.2825E+03
     14.953  0.1173E+02  0.2827E+03
     14.971  0.1144E+02  0.2829E+03
     14.989  0.1116E+02  0.2831E+03
     15.008  0.1088E+02  0.2833E+03
     15.026  0.1062E+02  0.2835E+03
     15.044  0.1036E+02  0.2837E+03
     15.062  0.1012E+02  0.2839E+03
     15.080  0.9876E+01  0.2841E+03
     15.098  0.9645E+01  0.2843E+03
     15.116  0.1004E+02  0.2845E+03
     15.135  0.1201E+02  0.2847E+03
     15.153  0.1365E+02  0.2849E+03
     15.171  0.1494E+02  0.2851E+03
     15.189  0.1806E+02  0.2854E+03
     15.207  0.2153E+02  0.2858E+03
     15.225  0.2382E+02  0.2862E+03
     15.243  0.2504E+02  0.2867E+03
     15.262  0.2559E+02  0.2871E+03
     15.280  0.2399E+02  0.2876E+03
     15.298  0.2838E+02  0.2880E+03
     15.316  0.3139E+02  0.2886E+03
     15.334  0.3162E+02  0.2891E+03
     15.352  0.2951E+02  0.2897E+03
     15.370  0.3667E+02  0.2903E+03
     15.388  0.3355E+02  0.2910E+03
     15.407  0.3001E+02  0.2915E+03
     15.425  0.2620E+02  0.2920E+03
     15.443  0.2261E+02  0.2925E+03
     15.461  0.2021E+02  0.2929E+03
     15.479  0.1798E+02  0.2932E+03
     15.497  0.2324E+02  0.2936E+03
     15.515  0.2093E+02  0.2940E+03
     15.534  0.2046E+02  0.2944E+03
     15.552  0.2028E+02  0.2947E+03
     15.570  0.2008E+02  0.2951E+03
     15.588  0.1988E+02  0.2955E+03
     15.606  0.1966E+02  0.2958E+03
     15.624  0.1944E+02  0.2962E+03
     15.642  0.1925E+02  0.2965E+03
     15.661  0.1981E+02  0.2969E+03
     15.679  0.2022E+02  0.2972E+03
     15.697  0.2009E+02  0.2976E+03
     15.715  0.1948E+02  0.2980E+03
     15.733  0.1922E+02  0.2983E+03
     15.751  0.2031E+02  0.2987E+03
     15.769  0.2169E+02  0.2991E+03
     15.787  0.2344E+02  0.2995E+03
     15.806  0.2357E+02  0.2999E+03
     15.824  0.2501E+02  0.3003E+03
     15.842  0.2509E+02  0.3008E+03
     15.860  0.2379E+02  0.3012E+03
     15.878  0.2112E+02  0.3016E+03
     15.896  0.2418E+02  0.3020E+03
     15.914  0.2553E+02  0.3025E+03
     15.933  0.2114E+02  0.3029E+03
     15.951  0.1419E+02  0.3032E+03
     15.969  0.1878E+02  0.3035E+03
     15.987  0.2494E+02  0.3039E+03
     16.005  0.4213E+02  0.3048E+03
     16.023  0.1078E+02  0.3050E+03
     16.041  0.1356E+02  0.3053E+03
     16.059  0.1562E+02  0.3055E+03
     16.078  0.1696E+02  0.3058E+03
     16.096  0.1761E+02  0.3061E+03
     16.114  0.1747E+02  0.3065E+03
     16.132  0.1654E+02  0.3068E+03
     16.150  0.1469E+02  0.3071E+03
     16.168  0.1202E+02  0.3073E+03
     16.186  0.9707E+01  0.3075E+03
     16.205  0.1008E+02  0.3077E+03
     16.223  0.1095E+02  0.3079E+03
     16.241  0.1425E+02  0.3081E+03
     16.259  0.1482E+02  0.3084E+03
     16.277  0.1523E+02  0.3086E+03
     16.295  0.1546E+02  0.3089E+03
     16.313  0.1507E+02  0.3092E+03
     16.332  0.1406E+02  0.3094E+03
     16.350  0.1262E+02  0.3097E+03
     16.368  0.1092E+02  0.3099E+03
     16.386  0.1193E+02  0.3101E+03
     16.404  0.1314E+02  0.3103E+03
     16.422  0.1347E+02  0.3106E+03
     16.440  0.1364E+02  0.3108E+03
     16.458  0.1403E+02  0.3111E+03
     16.477  0.1430E+02  0.3113E+03
     16.495  0.1444E+02  0.3116E+03
     16.513  0.1446E+02  0.3119E+03
     16.531  0.1436E+02  0.3121E+03
     16.549  0.1414E+02  0.3124E+03
     16.567  0.1379E+02  0.3126E+03
     16.585  0.1333E+02  0.3129E+03
     16.604  0.1259E+02  0.3131E+03
     16.622  0.1180E+02  0.3133E+03
     16.640  0.1094E+02  0.3135E+03
     16.658  0.9707E+01  0.3137E+03
     16.676  0.8909E+01  0.3139E+03
     16.694  0.8992E+01  0.3141E+03
     16.712  0.9034E+01  0.3142E+03
     16.731  0.9033E+01  0.3144E+03
     16.749  0.8991E+01  0.3145E+03
     16.767  0.9705E+01  0.3147E+03
     16.785  0.1049E+02  0.3149E+03
     16.803  0.1115E+02  0.3151E+03
     16.821  0.1122E+02  0.3153E+03
     16.839  0.1100E+02  0.3155E+03
     16.857  0.1087E+02  0.3157E+03
     16.876  0.1081E+02  0.3159E+03
     16.894  0.1083E+02  0.3161E+03
     16.912  0.1130E+02  0.3163E+03
     16.930  0.1175E+02  0.3165E+03
     16.948  0.1204E+02  0.3167E+03
     16.966  0.1213E+02  0.3169E+03
     16.984  0.1204E+02  0.3172E+03
     17.003  0.1174E+02  0.3174E+03
     17.021  0.1156E+02  0.3176E+03
     17.039  0.1167E+02  0.3178E+03
     17.057  0.1143E+02  0.3180E+03
     17.075  0.1113E+02  0.3182E+03
     17.093  0.1076E+02  0.3184E+03
     17.111  0.1033E+02  0.3186E+03
     17.129  0.9830E+01  0.3188E+03
     17.148  0.9266E+01  0.3190E+03
     17.166  0.8636E+01  0.3191E+03
     17.184  0.7665E+01  0.3193E+03
     17.202  0.6529E+01  0.3194E+03
     17.220  0.5460E+01  0.3195E+03
     17.238  0.4504E+01  0.3196E+03
     17.256  0.3134E+02  0.3200E+03
     17.275  0.1269E+02  0.3204E+03
     17.293  0.1137E+02  0.3206E+03
     17.311  0.1021E+02  0.3208E+03
     17.329  0.9132E+01  0.3210E+03
     17.347  0.8136E+01  0.3211E+03
     17.365  0.7202E+01  0.3213E+03
     17.383  0.6328E+01  0.3214E+03
     17.402  0.5515E+01  0.3215E+03
     17.420  0.4762E+01  0.3216E+03
     17.438  0.4071E+01  0.3217E+03
     17.456  0.3440E+01  0.3217E+03
     17.474  0.2870E+01  0.3218E+03
     17.492  0.2359E+01  0.3218E+03
     17.510  0.1908E+01  0.3219E+03
     17.528  0.1515E+01  0.3219E+03
     17.547  0.1180E+01  0.3219E+03
     17.565  0.9024E+00  0.3220E+03
     17.583  0.6672E+00  0.3220E+03
     17.601  0.4675E+00  0.3220E+03
     17.619  0.3032E+00  0.3220E+03
     17.637  0.1743E+00  0.3220E+03
     17.655  0.8087E-01  0.3220E+03
     17.674  0.2288E-01  0.3220E+03
     17.692  0.3295E-03  0.3220E+03
     17.710  0.0000E+00  0.3220E+03
     17.728  0.0000E+00  0.3220E+03
     17.746  0.0000E+00  0.3220E+03
     17.764  0.0000E+00  0.3220E+03
     17.782  0.0000E+00  0.3220E+03
     17.801  0.0000E+00  0.3220E+03
     17.819  0.0000E+00  0.3220E+03
     17.837  0.0000E+00  0.3220E+03
     17.855  0.0000E+00  0.3220E+03
     17.873  0.0000E+00  0.3220E+03
     17.891  0.0000E+00  0.3220E+03
     17.909  0.0000E+00  0.3220E+03
     17.927  0.0000E+00  0.3220E+03
     17.946  0.0000E+00  0.3220E+03
     17.964  0.0000E+00  0.3220E+03
     17.982  0.0000E+00  0.3220E+03
     18.000  0.0000E+00  0.3220E+03
     18.018  0.0000E+00  0.3220E+03
     18.036  0.0000E+00  0.3220E+03
     18.054  0.0000E+00  0.3220E+03
     18.073  0.0000E+00  0.3220E+03
     18.091  0.0000E+00  0.3220E+03
     18.109  0.0000E+00  0.3220E+03
     18.127  0.0000E+00  0.3220E+03
     18.145  0.0000E+00  0.3220E+03
     18.163  0.0000E+00  0.3220E+03
     18.181  0.0000E+00  0.3220E+03
     18.200  0.0000E+00  0.3220E+03
     18.218  0.0000E+00  0.3220E+03
     18.236  0.0000E+00  0.3220E+03
     18.254  0.0000E+00  0.3220E+03
     18.272  0.0000E+00  0.3220E+03
     18.290  0.0000E+00  0.3220E+03
     18.308  0.0000E+00  0.3220E+03
     18.326  0.0000E+00  0.3220E+03
     18.345  0.0000E+00  0.3220E+03
     18.363  0.0000E+00  0.3220E+03
     18.381  0.0000E+00  0.3220E+03
     18.399  0.0000E+00  0.3220E+03
     18.417  0.0000E+00  0.3220E+03
     18.435  0.0000E+00  0.3220E+03
     18.453  0.0000E+00  0.3220E+03
     18.472  0.0000E+00  0.3220E+03
     18.490  0.0000E+00  0.3220E+03
     18.508  0.0000E+00  0.3220E+03
     18.526  0.0000E+00  0.3220E+03
     18.544  0.0000E+00  0.3220E+03
     18.562  0.0000E+00  0.3220E+03
     18.580  0.0000E+00  0.3220E+03
     18.598  0.0000E+00  0.3220E+03
     18.617  0.0000E+00  0.3220E+03
     18.635  0.0000E+00  0.3220E+03
     18.653  0.0000E+00  0.3220E+03
     18.671  0.0000E+00  0.3220E+03
     18.689  0.0000E+00  0.3220E+03
     18.707  0.0000E+00  0.3220E+03
     18.725  0.0000E+00  0.3220E+03
     18.744  0.0000E+00  0.3220E+03
     18.762  0.0000E+00  0.3220E+03
     18.780  0.0000E+00  0.3220E+03
     18.798  0.0000E+00  0.3220E+03
     18.816  0.0000E+00  0.3220E+03
     18.834  0.0000E+00  0.3220E+03
     18.852  0.0000E+00  0.3220E+03
     18.871  0.0000E+00  0.3220E+03
     18.889  0.0000E+00  0.3220E+03
     18.907  0.0000E+00  0.3220E+03
     18.925  0.0000E+00  0.3220E+03
     18.943  0.0000E+00  0.3220E+03
     18.961  0.0000E+00  0.3220E+03
     18.979  0.0000E+00  0.3220E+03
     18.997  0.0000E+00  0.3220E+03
     19.016  0.0000E+00  0.3220E+03
     19.034  0.0000E+00  0.3220E+03
     19.052  0.0000E+00  0.3220E+03
     19.070  0.0000E+00  0.3220E+03
     19.088  0.0000E+00  0.3220E+03
     19.106  0.0000E+00  0.3220E+03
     19.124  0.0000E+00  0.3220E+03
     19.143  0.0000E+00  0.3220E+03
     19.161  0.0000E+00  0.3220E+03
     19.179  0.0000E+00  0.3220E+03
     19.197  0.0000E+00  0.3220E+03
     19.215  0.0000E+00  0.3220E+03
     19.233  0.0000E+00  0.3220E+03
     19.251  0.0000E+00  0.3220E+03
     19.270  0.0000E+00  0.3220E+03
     19.288  0.0000E+00  0.3220E+03
     19.306  0.0000E+00  0.3220E+03
     19.324  0.0000E+00  0.3220E+03
     19.342  0.0000E+00  0.3220E+03


