 Energy DOS Integrated_DOS
    -16.939  0.0000E+00  0.0000E+00
    -16.921  0.0000E+00  0.0000E+00
    -16.903  0.0000E+00  0.0000E+00
    -16.884  0.0000E+00  0.0000E+00
    -16.866  0.0000E+00  0.0000E+00
    -16.848  0.0000E+00  0.0000E+00
    -16.830  0.0000E+00  0.0000E+00
    -16.812  0.0000E+00  0.0000E+00
    -16.794  0.0000E+00  0.0000E+00
    -16.776  0.0000E+00  0.0000E+00
    -16.757  0.0000E+00  0.0000E+00
    -16.739  0.0000E+00  0.0000E+00
    -16.721  0.0000E+00  0.0000E+00
    -16.703  0.0000E+00  0.0000E+00
    -16.685  0.0000E+00  0.0000E+00
    -16.667  0.0000E+00  0.0000E+00
    -16.649  0.0000E+00  0.0000E+00
    -16.631  0.0000E+00  0.0000E+00
    -16.612  0.0000E+00  0.0000E+00
    -16.594  0.0000E+00  0.0000E+00
    -16.576  0.0000E+00  0.0000E+00
    -16.558  0.0000E+00  0.0000E+00
    -16.540  0.0000E+00  0.0000E+00
    -16.522  0.0000E+00  0.0000E+00
    -16.504  0.0000E+00  0.0000E+00
    -16.485  0.0000E+00  0.0000E+00
    -16.467  0.0000E+00  0.0000E+00
    -16.449  0.0000E+00  0.0000E+00
    -16.431  0.0000E+00  0.0000E+00
    -16.413  0.0000E+00  0.0000E+00
    -16.395  0.0000E+00  0.0000E+00
    -16.377  0.0000E+00  0.0000E+00
    -16.359  0.0000E+00  0.0000E+00
    -16.340  0.0000E+00  0.0000E+00
    -16.322  0.0000E+00  0.0000E+00
    -16.304  0.0000E+00  0.0000E+00
    -16.286  0.0000E+00  0.0000E+00
    -16.268  0.0000E+00  0.0000E+00
    -16.250  0.0000E+00  0.0000E+00
    -16.232  0.0000E+00  0.0000E+00
    -16.214  0.0000E+00  0.0000E+00
    -16.195  0.0000E+00  0.0000E+00
    -16.177  0.0000E+00  0.0000E+00
    -16.159  0.0000E+00  0.0000E+00
    -16.141  0.0000E+00  0.0000E+00
    -16.123  0.0000E+00  0.0000E+00
    -16.105  0.0000E+00  0.0000E+00
    -16.087  0.0000E+00  0.0000E+00
    -16.068  0.0000E+00  0.0000E+00
    -16.050  0.0000E+00  0.0000E+00
    -16.032  0.0000E+00  0.0000E+00
    -16.014  0.0000E+00  0.0000E+00
    -15.996  0.0000E+00  0.0000E+00
    -15.978  0.0000E+00  0.0000E+00
    -15.960  0.0000E+00  0.0000E+00
    -15.942  0.0000E+00  0.0000E+00
    -15.923  0.0000E+00  0.0000E+00
    -15.905  0.0000E+00  0.0000E+00
    -15.887  0.0000E+00  0.0000E+00
    -15.869  0.0000E+00  0.0000E+00
    -15.851  0.0000E+00  0.0000E+00
    -15.833  0.0000E+00  0.0000E+00
    -15.815  0.0000E+00  0.0000E+00
    -15.796  0.0000E+00  0.0000E+00
    -15.778  0.0000E+00  0.0000E+00
    -15.760  0.0000E+00  0.0000E+00
    -15.742  0.0000E+00  0.0000E+00
    -15.724  0.0000E+00  0.0000E+00
    -15.706  0.0000E+00  0.0000E+00
    -15.688  0.0000E+00  0.0000E+00
    -15.670  0.0000E+00  0.0000E+00
    -15.651  0.0000E+00  0.0000E+00
    -15.633  0.0000E+00  0.0000E+00
    -15.615  0.0000E+00  0.0000E+00
    -15.597  0.0000E+00  0.0000E+00
    -15.579  0.0000E+00  0.0000E+00
    -15.561  0.0000E+00  0.0000E+00
    -15.543  0.0000E+00  0.0000E+00
    -15.524  0.0000E+00  0.0000E+00
    -15.506  0.0000E+00  0.0000E+00
    -15.488  0.0000E+00  0.0000E+00
    -15.470  0.0000E+00  0.0000E+00
    -15.452  0.0000E+00  0.0000E+00
    -15.434  0.0000E+00  0.0000E+00
    -15.416  0.0000E+00  0.0000E+00
    -15.398  0.0000E+00  0.0000E+00
    -15.379  0.0000E+00  0.0000E+00
    -15.361  0.0000E+00  0.0000E+00
    -15.343  0.0000E+00  0.0000E+00
    -15.325  0.0000E+00  0.0000E+00
    -15.307  0.0000E+00  0.0000E+00
    -15.289  0.8705E-03  0.7174E-06
    -15.271  0.6045E-01  0.4152E-03
    -15.253  0.2137E+00  0.2759E-02
    -15.234  0.4605E+00  0.8729E-02
    -15.216  0.8009E+00  0.2002E-01
    -15.198  0.1235E+01  0.3834E-01
    -15.180  0.1763E+01  0.6538E-01
    -15.162  0.2384E+01  0.1028E+00
    -15.144  0.3099E+01  0.1524E+00
    -15.126  0.3908E+01  0.2158E+00
    -15.107  0.4810E+01  0.2947E+00
    -15.089  0.5680E+01  0.3901E+00
    -15.071  0.6376E+01  0.4996E+00
    -15.053  0.6914E+01  0.6204E+00
    -15.035  0.7292E+01  0.7494E+00
    -15.017  0.9030E+01  0.8900E+00
    -14.999  0.1208E+02  0.1083E+01
    -14.981  0.1432E+02  0.1323E+01
    -14.962  0.1574E+02  0.1597E+01
    -14.944  0.1636E+02  0.1889E+01
    -14.926  0.1615E+02  0.2185E+01
    -14.908  0.1514E+02  0.2470E+01
    -14.890  0.1327E+02  0.2729E+01
    -14.872  0.1166E+02  0.2952E+01
    -14.854  0.1083E+02  0.3156E+01
    -14.835  0.1008E+02  0.3346E+01
    -14.817  0.9416E+01  0.3522E+01
    -14.799  0.8839E+01  0.3688E+01
    -14.781  0.8349E+01  0.3843E+01
    -14.763  0.7946E+01  0.3991E+01
    -14.745  0.8608E+01  0.4135E+01
    -14.727  0.1093E+02  0.4313E+01
    -14.709  0.1228E+02  0.4525E+01
    -14.690  0.1279E+02  0.4753E+01
    -14.672  0.1316E+02  0.4988E+01
    -14.654  0.1349E+02  0.5230E+01
    -14.636  0.1388E+02  0.5478E+01
    -14.618  0.1434E+02  0.5734E+01
    -14.600  0.1486E+02  0.5998E+01
    -14.582  0.1544E+02  0.6273E+01
    -14.563  0.1608E+02  0.6559E+01
    -14.545  0.1679E+02  0.6857E+01
    -14.527  0.1756E+02  0.7168E+01
    -14.509  0.1836E+02  0.7494E+01
    -14.491  0.1915E+02  0.7834E+01
    -14.473  0.1999E+02  0.8188E+01
    -14.455  0.2088E+02  0.8559E+01
    -14.437  0.2184E+02  0.8946E+01
    -14.418  0.2286E+02  0.9351E+01
    -14.400  0.2421E+02  0.9777E+01
    -14.382  0.2639E+02  0.1023E+02
    -14.364  0.3529E+02  0.1077E+02
    -14.346  0.4819E+02  0.1155E+02
    -14.328  0.5438E+02  0.1249E+02
    -14.310  0.6032E+02  0.1353E+02
    -14.291  0.5765E+02  0.1462E+02
    -14.273  0.4557E+02  0.1557E+02
    -14.255  0.2408E+02  0.1621E+02
    -14.237  0.1418E+02  0.1653E+02
    -14.219  0.1354E+02  0.1676E+02
    -14.201  0.2167E+02  0.1756E+02
    -14.183  0.2083E+02  0.1794E+02
    -14.165  0.2030E+02  0.1832E+02
    -14.146  0.1983E+02  0.1868E+02
    -14.128  0.1943E+02  0.1904E+02
    -14.110  0.1908E+02  0.1938E+02
    -14.092  0.1880E+02  0.1973E+02
    -14.074  0.1858E+02  0.2007E+02
    -14.056  0.2601E+02  0.2046E+02
    -14.038  0.3478E+02  0.2101E+02
    -14.020  0.4314E+02  0.2172E+02
    -14.001  0.4497E+02  0.2254E+02
    -13.983  0.3947E+02  0.2329E+02
    -13.965  0.7412E+02  0.2430E+02
    -13.947  0.8511E+02  0.2575E+02
    -13.929  0.9568E+02  0.2739E+02
    -13.911  0.1073E+03  0.2923E+02
    -13.893  0.1166E+03  0.3127E+02
    -13.874  0.1234E+03  0.3345E+02
    -13.856  0.1234E+03  0.3570E+02
    -13.838  0.9585E+02  0.3772E+02
    -13.820  0.7317E+02  0.3920E+02
    -13.802  0.2026E+02  0.4087E+02
    -13.784  0.5059E+02  0.4144E+02
    -13.766  0.1140E+03  0.4295E+02
    -13.748  0.1528E+03  0.4540E+02
    -13.729  0.1538E+03  0.4824E+02
    -13.711  0.1403E+03  0.5092E+02
    -13.693  0.9223E+02  0.5304E+02
    -13.675  0.6762E+02  0.5445E+02
    -13.657  0.6425E+02  0.5562E+02
    -13.639  0.1000E+03  0.5722E+02
    -13.621  0.2193E+03  0.5975E+02
    -13.602  0.3940E+02  0.6171E+02
    -13.584  0.1549E+01  0.6200E+02
    -13.566  0.0000E+00  0.6200E+02
    -13.548  0.0000E+00  0.6200E+02
    -13.530  0.0000E+00  0.6200E+02
    -13.512  0.0000E+00  0.6200E+02
    -13.494  0.0000E+00  0.6200E+02
    -13.476  0.0000E+00  0.6200E+02
    -13.457  0.0000E+00  0.6200E+02
    -13.439  0.0000E+00  0.6200E+02
    -13.421  0.0000E+00  0.6200E+02
    -13.403  0.0000E+00  0.6200E+02
    -13.385  0.0000E+00  0.6200E+02
    -13.367  0.0000E+00  0.6200E+02
    -13.349  0.0000E+00  0.6200E+02
    -13.330  0.0000E+00  0.6200E+02
    -13.312  0.0000E+00  0.6200E+02
    -13.294  0.0000E+00  0.6200E+02
    -13.276  0.0000E+00  0.6200E+02
    -13.258  0.0000E+00  0.6200E+02
    -13.240  0.0000E+00  0.6200E+02
    -13.222  0.0000E+00  0.6200E+02
    -13.204  0.0000E+00  0.6200E+02
    -13.185  0.0000E+00  0.6200E+02
    -13.167  0.0000E+00  0.6200E+02
    -13.149  0.0000E+00  0.6200E+02
    -13.131  0.0000E+00  0.6200E+02
    -13.113  0.0000E+00  0.6200E+02
    -13.095  0.0000E+00  0.6200E+02
    -13.077  0.0000E+00  0.6200E+02
    -13.059  0.0000E+00  0.6200E+02
    -13.040  0.0000E+00  0.6200E+02
    -13.022  0.0000E+00  0.6200E+02
    -13.004  0.0000E+00  0.6200E+02
    -12.986  0.0000E+00  0.6200E+02
    -12.968  0.0000E+00  0.6200E+02
    -12.950  0.0000E+00  0.6200E+02
    -12.932  0.0000E+00  0.6200E+02
    -12.913  0.0000E+00  0.6200E+02
    -12.895  0.0000E+00  0.6200E+02
    -12.877  0.0000E+00  0.6200E+02
    -12.859  0.0000E+00  0.6200E+02
    -12.841  0.0000E+00  0.6200E+02
    -12.823  0.0000E+00  0.6200E+02
    -12.805  0.0000E+00  0.6200E+02
    -12.787  0.0000E+00  0.6200E+02
    -12.768  0.0000E+00  0.6200E+02
    -12.750  0.0000E+00  0.6200E+02
    -12.732  0.0000E+00  0.6200E+02
    -12.714  0.0000E+00  0.6200E+02
    -12.696  0.0000E+00  0.6200E+02
    -12.678  0.0000E+00  0.6200E+02
    -12.660  0.0000E+00  0.6200E+02
    -12.641  0.0000E+00  0.6200E+02
    -12.623  0.0000E+00  0.6200E+02
    -12.605  0.0000E+00  0.6200E+02
    -12.587  0.0000E+00  0.6200E+02
    -12.569  0.0000E+00  0.6200E+02
    -12.551  0.0000E+00  0.6200E+02
    -12.533  0.0000E+00  0.6200E+02
    -12.515  0.0000E+00  0.6200E+02
    -12.496  0.0000E+00  0.6200E+02
    -12.478  0.0000E+00  0.6200E+02
    -12.460  0.0000E+00  0.6200E+02
    -12.442  0.0000E+00  0.6200E+02
    -12.424  0.0000E+00  0.6200E+02
    -12.406  0.0000E+00  0.6200E+02
    -12.388  0.0000E+00  0.6200E+02
    -12.369  0.0000E+00  0.6200E+02
    -12.351  0.0000E+00  0.6200E+02
    -12.333  0.0000E+00  0.6200E+02
    -12.315  0.0000E+00  0.6200E+02
    -12.297  0.0000E+00  0.6200E+02
    -12.279  0.0000E+00  0.6200E+02
    -12.261  0.0000E+00  0.6200E+02
    -12.243  0.0000E+00  0.6200E+02
    -12.224  0.0000E+00  0.6200E+02
    -12.206  0.0000E+00  0.6200E+02
    -12.188  0.0000E+00  0.6200E+02
    -12.170  0.0000E+00  0.6200E+02
    -12.152  0.0000E+00  0.6200E+02
    -12.134  0.0000E+00  0.6200E+02
    -12.116  0.0000E+00  0.6200E+02
    -12.097  0.0000E+00  0.6200E+02
    -12.079  0.0000E+00  0.6200E+02
    -12.061  0.0000E+00  0.6200E+02
    -12.043  0.0000E+00  0.6200E+02
    -12.025  0.0000E+00  0.6200E+02
    -12.007  0.0000E+00  0.6200E+02
    -11.989  0.0000E+00  0.6200E+02
    -11.971  0.0000E+00  0.6200E+02
    -11.952  0.0000E+00  0.6200E+02
    -11.934  0.0000E+00  0.6200E+02
    -11.916  0.0000E+00  0.6200E+02
    -11.898  0.0000E+00  0.6200E+02
    -11.880  0.0000E+00  0.6200E+02
    -11.862  0.0000E+00  0.6200E+02
    -11.844  0.0000E+00  0.6200E+02
    -11.826  0.0000E+00  0.6200E+02
    -11.807  0.0000E+00  0.6200E+02
    -11.789  0.0000E+00  0.6200E+02
    -11.771  0.0000E+00  0.6200E+02
    -11.753  0.0000E+00  0.6200E+02
    -11.735  0.0000E+00  0.6200E+02
    -11.717  0.0000E+00  0.6200E+02
    -11.699  0.0000E+00  0.6200E+02
    -11.680  0.0000E+00  0.6200E+02
    -11.662  0.0000E+00  0.6200E+02
    -11.644  0.0000E+00  0.6200E+02
    -11.626  0.0000E+00  0.6200E+02
    -11.608  0.0000E+00  0.6200E+02
    -11.590  0.0000E+00  0.6200E+02
    -11.572  0.0000E+00  0.6200E+02
    -11.554  0.0000E+00  0.6200E+02
    -11.535  0.0000E+00  0.6200E+02
    -11.517  0.0000E+00  0.6200E+02
    -11.499  0.0000E+00  0.6200E+02
    -11.481  0.0000E+00  0.6200E+02
    -11.463  0.0000E+00  0.6200E+02
    -11.445  0.0000E+00  0.6200E+02
    -11.427  0.0000E+00  0.6200E+02
    -11.408  0.0000E+00  0.6200E+02
    -11.390  0.0000E+00  0.6200E+02
    -11.372  0.0000E+00  0.6200E+02
    -11.354  0.0000E+00  0.6200E+02
    -11.336  0.0000E+00  0.6200E+02
    -11.318  0.0000E+00  0.6200E+02
    -11.300  0.0000E+00  0.6200E+02
    -11.282  0.0000E+00  0.6200E+02
    -11.263  0.0000E+00  0.6200E+02
    -11.245  0.0000E+00  0.6200E+02
    -11.227  0.0000E+00  0.6200E+02
    -11.209  0.0000E+00  0.6200E+02
    -11.191  0.0000E+00  0.6200E+02
    -11.173  0.0000E+00  0.6200E+02
    -11.155  0.0000E+00  0.6200E+02
    -11.136  0.0000E+00  0.6200E+02
    -11.118  0.0000E+00  0.6200E+02
    -11.100  0.0000E+00  0.6200E+02
    -11.082  0.0000E+00  0.6200E+02
    -11.064  0.0000E+00  0.6200E+02
    -11.046  0.0000E+00  0.6200E+02
    -11.028  0.0000E+00  0.6200E+02
    -11.010  0.0000E+00  0.6200E+02
    -10.991  0.0000E+00  0.6200E+02
    -10.973  0.0000E+00  0.6200E+02
    -10.955  0.0000E+00  0.6200E+02
    -10.937  0.0000E+00  0.6200E+02
    -10.919  0.0000E+00  0.6200E+02
    -10.901  0.0000E+00  0.6200E+02
    -10.883  0.0000E+00  0.6200E+02
    -10.864  0.0000E+00  0.6200E+02
    -10.846  0.0000E+00  0.6200E+02
    -10.828  0.0000E+00  0.6200E+02
    -10.810  0.0000E+00  0.6200E+02
    -10.792  0.0000E+00  0.6200E+02
    -10.774  0.0000E+00  0.6200E+02
    -10.756  0.0000E+00  0.6200E+02
    -10.738  0.0000E+00  0.6200E+02
    -10.719  0.0000E+00  0.6200E+02
    -10.701  0.0000E+00  0.6200E+02
    -10.683  0.0000E+00  0.6200E+02
    -10.665  0.0000E+00  0.6200E+02
    -10.647  0.0000E+00  0.6200E+02
    -10.629  0.0000E+00  0.6200E+02
    -10.611  0.0000E+00  0.6200E+02
    -10.593  0.0000E+00  0.6200E+02
    -10.574  0.0000E+00  0.6200E+02
    -10.556  0.0000E+00  0.6200E+02
    -10.538  0.0000E+00  0.6200E+02
    -10.520  0.0000E+00  0.6200E+02
    -10.502  0.0000E+00  0.6200E+02
    -10.484  0.0000E+00  0.6200E+02
    -10.466  0.0000E+00  0.6200E+02
    -10.447  0.0000E+00  0.6200E+02
    -10.429  0.0000E+00  0.6200E+02
    -10.411  0.0000E+00  0.6200E+02
    -10.393  0.0000E+00  0.6200E+02
    -10.375  0.0000E+00  0.6200E+02
    -10.357  0.0000E+00  0.6200E+02
    -10.339  0.0000E+00  0.6200E+02
    -10.321  0.0000E+00  0.6200E+02
    -10.302  0.0000E+00  0.6200E+02
    -10.284  0.0000E+00  0.6200E+02
    -10.266  0.0000E+00  0.6200E+02
    -10.248  0.0000E+00  0.6200E+02
    -10.230  0.0000E+00  0.6200E+02
    -10.212  0.0000E+00  0.6200E+02
    -10.194  0.0000E+00  0.6200E+02
    -10.175  0.0000E+00  0.6200E+02
    -10.157  0.0000E+00  0.6200E+02
    -10.139  0.0000E+00  0.6200E+02
    -10.121  0.0000E+00  0.6200E+02
    -10.103  0.0000E+00  0.6200E+02
    -10.085  0.0000E+00  0.6200E+02
    -10.067  0.0000E+00  0.6200E+02
    -10.049  0.0000E+00  0.6200E+02
    -10.030  0.0000E+00  0.6200E+02
    -10.012  0.0000E+00  0.6200E+02
     -9.994  0.0000E+00  0.6200E+02
     -9.976  0.0000E+00  0.6200E+02
     -9.958  0.0000E+00  0.6200E+02
     -9.940  0.0000E+00  0.6200E+02
     -9.922  0.0000E+00  0.6200E+02
     -9.903  0.0000E+00  0.6200E+02
     -9.885  0.0000E+00  0.6200E+02
     -9.867  0.0000E+00  0.6200E+02
     -9.849  0.0000E+00  0.6200E+02
     -9.831  0.0000E+00  0.6200E+02
     -9.813  0.0000E+00  0.6200E+02
     -9.795  0.0000E+00  0.6200E+02
     -9.777  0.0000E+00  0.6200E+02
     -9.758  0.0000E+00  0.6200E+02
     -9.740  0.0000E+00  0.6200E+02
     -9.722  0.0000E+00  0.6200E+02
     -9.704  0.0000E+00  0.6200E+02
     -9.686  0.0000E+00  0.6200E+02
     -9.668  0.0000E+00  0.6200E+02
     -9.650  0.0000E+00  0.6200E+02
     -9.632  0.0000E+00  0.6200E+02
     -9.613  0.0000E+00  0.6200E+02
     -9.595  0.0000E+00  0.6200E+02
     -9.577  0.0000E+00  0.6200E+02
     -9.559  0.0000E+00  0.6200E+02
     -9.541  0.0000E+00  0.6200E+02
     -9.523  0.0000E+00  0.6200E+02
     -9.505  0.0000E+00  0.6200E+02
     -9.486  0.0000E+00  0.6200E+02
     -9.468  0.0000E+00  0.6200E+02
     -9.450  0.0000E+00  0.6200E+02
     -9.432  0.0000E+00  0.6200E+02
     -9.414  0.0000E+00  0.6200E+02
     -9.396  0.0000E+00  0.6200E+02
     -9.378  0.0000E+00  0.6200E+02
     -9.360  0.0000E+00  0.6200E+02
     -9.341  0.0000E+00  0.6200E+02
     -9.323  0.0000E+00  0.6200E+02
     -9.305  0.0000E+00  0.6200E+02
     -9.287  0.0000E+00  0.6200E+02
     -9.269  0.0000E+00  0.6200E+02
     -9.251  0.0000E+00  0.6200E+02
     -9.233  0.0000E+00  0.6200E+02
     -9.214  0.0000E+00  0.6200E+02
     -9.196  0.0000E+00  0.6200E+02
     -9.178  0.0000E+00  0.6200E+02
     -9.160  0.0000E+00  0.6200E+02
     -9.142  0.0000E+00  0.6200E+02
     -9.124  0.0000E+00  0.6200E+02
     -9.106  0.0000E+00  0.6200E+02
     -9.088  0.0000E+00  0.6200E+02
     -9.069  0.0000E+00  0.6200E+02
     -9.051  0.0000E+00  0.6200E+02
     -9.033  0.0000E+00  0.6200E+02
     -9.015  0.0000E+00  0.6200E+02
     -8.997  0.0000E+00  0.6200E+02
     -8.979  0.0000E+00  0.6200E+02
     -8.961  0.0000E+00  0.6200E+02
     -8.942  0.0000E+00  0.6200E+02
     -8.924  0.0000E+00  0.6200E+02
     -8.906  0.0000E+00  0.6200E+02
     -8.888  0.0000E+00  0.6200E+02
     -8.870  0.0000E+00  0.6200E+02
     -8.852  0.0000E+00  0.6200E+02
     -8.834  0.0000E+00  0.6200E+02
     -8.816  0.0000E+00  0.6200E+02
     -8.797  0.0000E+00  0.6200E+02
     -8.779  0.0000E+00  0.6200E+02
     -8.761  0.0000E+00  0.6200E+02
     -8.743  0.0000E+00  0.6200E+02
     -8.725  0.0000E+00  0.6200E+02
     -8.707  0.0000E+00  0.6200E+02
     -8.689  0.0000E+00  0.6200E+02
     -8.670  0.0000E+00  0.6200E+02
     -8.652  0.0000E+00  0.6200E+02
     -8.634  0.0000E+00  0.6200E+02
     -8.616  0.0000E+00  0.6200E+02
     -8.598  0.0000E+00  0.6200E+02
     -8.580  0.0000E+00  0.6200E+02
     -8.562  0.0000E+00  0.6200E+02
     -8.544  0.0000E+00  0.6200E+02
     -8.525  0.0000E+00  0.6200E+02
     -8.507  0.0000E+00  0.6200E+02
     -8.489  0.0000E+00  0.6200E+02
     -8.471  0.0000E+00  0.6200E+02
     -8.453  0.0000E+00  0.6200E+02
     -8.435  0.0000E+00  0.6200E+02
     -8.417  0.0000E+00  0.6200E+02
     -8.399  0.0000E+00  0.6200E+02
     -8.380  0.0000E+00  0.6200E+02
     -8.362  0.0000E+00  0.6200E+02
     -8.344  0.0000E+00  0.6200E+02
     -8.326  0.0000E+00  0.6200E+02
     -8.308  0.0000E+00  0.6200E+02
     -8.290  0.0000E+00  0.6200E+02
     -8.272  0.0000E+00  0.6200E+02
     -8.253  0.0000E+00  0.6200E+02
     -8.235  0.0000E+00  0.6200E+02
     -8.217  0.0000E+00  0.6200E+02
     -8.199  0.0000E+00  0.6200E+02
     -8.181  0.0000E+00  0.6200E+02
     -8.163  0.0000E+00  0.6200E+02
     -8.145  0.0000E+00  0.6200E+02
     -8.127  0.0000E+00  0.6200E+02
     -8.108  0.0000E+00  0.6200E+02
     -8.090  0.0000E+00  0.6200E+02
     -8.072  0.0000E+00  0.6200E+02
     -8.054  0.0000E+00  0.6200E+02
     -8.036  0.0000E+00  0.6200E+02
     -8.018  0.0000E+00  0.6200E+02
     -8.000  0.0000E+00  0.6200E+02
     -7.981  0.0000E+00  0.6200E+02
     -7.963  0.0000E+00  0.6200E+02
     -7.945  0.0000E+00  0.6200E+02
     -7.927  0.0000E+00  0.6200E+02
     -7.909  0.0000E+00  0.6200E+02
     -7.891  0.0000E+00  0.6200E+02
     -7.873  0.0000E+00  0.6200E+02
     -7.855  0.0000E+00  0.6200E+02
     -7.836  0.0000E+00  0.6200E+02
     -7.818  0.0000E+00  0.6200E+02
     -7.800  0.0000E+00  0.6200E+02
     -7.782  0.0000E+00  0.6200E+02
     -7.764  0.0000E+00  0.6200E+02
     -7.746  0.0000E+00  0.6200E+02
     -7.728  0.0000E+00  0.6200E+02
     -7.709  0.0000E+00  0.6200E+02
     -7.691  0.0000E+00  0.6200E+02
     -7.673  0.0000E+00  0.6200E+02
     -7.655  0.0000E+00  0.6200E+02
     -7.637  0.0000E+00  0.6200E+02
     -7.619  0.0000E+00  0.6200E+02
     -7.601  0.0000E+00  0.6200E+02
     -7.583  0.0000E+00  0.6200E+02
     -7.564  0.0000E+00  0.6200E+02
     -7.546  0.0000E+00  0.6200E+02
     -7.528  0.0000E+00  0.6200E+02
     -7.510  0.0000E+00  0.6200E+02
     -7.492  0.0000E+00  0.6200E+02
     -7.474  0.0000E+00  0.6200E+02
     -7.456  0.0000E+00  0.6200E+02
     -7.438  0.0000E+00  0.6200E+02
     -7.419  0.0000E+00  0.6200E+02
     -7.401  0.0000E+00  0.6200E+02
     -7.383  0.0000E+00  0.6200E+02
     -7.365  0.0000E+00  0.6200E+02
     -7.347  0.0000E+00  0.6200E+02
     -7.329  0.0000E+00  0.6200E+02
     -7.311  0.0000E+00  0.6200E+02
     -7.292  0.0000E+00  0.6200E+02
     -7.274  0.0000E+00  0.6200E+02
     -7.256  0.0000E+00  0.6200E+02
     -7.238  0.0000E+00  0.6200E+02
     -7.220  0.0000E+00  0.6200E+02
     -7.202  0.0000E+00  0.6200E+02
     -7.184  0.0000E+00  0.6200E+02
     -7.166  0.0000E+00  0.6200E+02
     -7.147  0.0000E+00  0.6200E+02
     -7.129  0.0000E+00  0.6200E+02
     -7.111  0.0000E+00  0.6200E+02
     -7.093  0.0000E+00  0.6200E+02
     -7.075  0.0000E+00  0.6200E+02
     -7.057  0.0000E+00  0.6200E+02
     -7.039  0.0000E+00  0.6200E+02
     -7.020  0.0000E+00  0.6200E+02
     -7.002  0.0000E+00  0.6200E+02
     -6.984  0.0000E+00  0.6200E+02
     -6.966  0.0000E+00  0.6200E+02
     -6.948  0.0000E+00  0.6200E+02
     -6.930  0.0000E+00  0.6200E+02
     -6.912  0.0000E+00  0.6200E+02
     -6.894  0.0000E+00  0.6200E+02
     -6.875  0.0000E+00  0.6200E+02
     -6.857  0.0000E+00  0.6200E+02
     -6.839  0.0000E+00  0.6200E+02
     -6.821  0.0000E+00  0.6200E+02
     -6.803  0.0000E+00  0.6200E+02
     -6.785  0.0000E+00  0.6200E+02
     -6.767  0.0000E+00  0.6200E+02
     -6.748  0.0000E+00  0.6200E+02
     -6.730  0.0000E+00  0.6200E+02
     -6.712  0.0000E+00  0.6200E+02
     -6.694  0.0000E+00  0.6200E+02
     -6.676  0.0000E+00  0.6200E+02
     -6.658  0.0000E+00  0.6200E+02
     -6.640  0.0000E+00  0.6200E+02
     -6.622  0.0000E+00  0.6200E+02
     -6.603  0.0000E+00  0.6200E+02
     -6.585  0.0000E+00  0.6200E+02
     -6.567  0.0000E+00  0.6200E+02
     -6.549  0.0000E+00  0.6200E+02
     -6.531  0.0000E+00  0.6200E+02
     -6.513  0.0000E+00  0.6200E+02
     -6.495  0.0000E+00  0.6200E+02
     -6.476  0.0000E+00  0.6200E+02
     -6.458  0.0000E+00  0.6200E+02
     -6.440  0.0000E+00  0.6200E+02
     -6.422  0.0000E+00  0.6200E+02
     -6.404  0.0000E+00  0.6200E+02
     -6.386  0.0000E+00  0.6200E+02
     -6.368  0.0000E+00  0.6200E+02
     -6.350  0.0000E+00  0.6200E+02
     -6.331  0.0000E+00  0.6200E+02
     -6.313  0.0000E+00  0.6200E+02
     -6.295  0.0000E+00  0.6200E+02
     -6.277  0.0000E+00  0.6200E+02
     -6.259  0.0000E+00  0.6200E+02
     -6.241  0.0000E+00  0.6200E+02
     -6.223  0.0000E+00  0.6200E+02
     -6.205  0.0000E+00  0.6200E+02
     -6.186  0.0000E+00  0.6200E+02
     -6.168  0.0000E+00  0.6200E+02
     -6.150  0.0000E+00  0.6200E+02
     -6.132  0.0000E+00  0.6200E+02
     -6.114  0.0000E+00  0.6200E+02
     -6.096  0.0000E+00  0.6200E+02
     -6.078  0.0000E+00  0.6200E+02
     -6.059  0.0000E+00  0.6200E+02
     -6.041  0.0000E+00  0.6200E+02
     -6.023  0.0000E+00  0.6200E+02
     -6.005  0.0000E+00  0.6200E+02
     -5.987  0.0000E+00  0.6200E+02
     -5.969  0.0000E+00  0.6200E+02
     -5.951  0.0000E+00  0.6200E+02
     -5.933  0.0000E+00  0.6200E+02
     -5.914  0.0000E+00  0.6200E+02
     -5.896  0.0000E+00  0.6200E+02
     -5.878  0.0000E+00  0.6200E+02
     -5.860  0.0000E+00  0.6200E+02
     -5.842  0.0000E+00  0.6200E+02
     -5.824  0.0000E+00  0.6200E+02
     -5.806  0.0000E+00  0.6200E+02
     -5.787  0.0000E+00  0.6200E+02
     -5.769  0.0000E+00  0.6200E+02
     -5.751  0.0000E+00  0.6200E+02
     -5.733  0.0000E+00  0.6200E+02
     -5.715  0.0000E+00  0.6200E+02
     -5.697  0.0000E+00  0.6200E+02
     -5.679  0.0000E+00  0.6200E+02
     -5.661  0.0000E+00  0.6200E+02
     -5.642  0.0000E+00  0.6200E+02
     -5.624  0.0000E+00  0.6200E+02
     -5.606  0.0000E+00  0.6200E+02
     -5.588  0.0000E+00  0.6200E+02
     -5.570  0.0000E+00  0.6200E+02
     -5.552  0.0000E+00  0.6200E+02
     -5.534  0.0000E+00  0.6200E+02
     -5.515  0.0000E+00  0.6200E+02
     -5.497  0.0000E+00  0.6200E+02
     -5.479  0.0000E+00  0.6200E+02
     -5.461  0.0000E+00  0.6200E+02
     -5.443  0.0000E+00  0.6200E+02
     -5.425  0.0000E+00  0.6200E+02
     -5.407  0.0000E+00  0.6200E+02
     -5.389  0.0000E+00  0.6200E+02
     -5.370  0.0000E+00  0.6200E+02
     -5.352  0.0000E+00  0.6200E+02
     -5.334  0.0000E+00  0.6200E+02
     -5.316  0.0000E+00  0.6200E+02
     -5.298  0.0000E+00  0.6200E+02
     -5.280  0.0000E+00  0.6200E+02
     -5.262  0.0000E+00  0.6200E+02
     -5.243  0.0000E+00  0.6200E+02
     -5.225  0.0000E+00  0.6200E+02
     -5.207  0.0000E+00  0.6200E+02
     -5.189  0.0000E+00  0.6200E+02
     -5.171  0.0000E+00  0.6200E+02
     -5.153  0.0000E+00  0.6200E+02
     -5.135  0.0000E+00  0.6200E+02
     -5.117  0.0000E+00  0.6200E+02
     -5.098  0.0000E+00  0.6200E+02
     -5.080  0.0000E+00  0.6200E+02
     -5.062  0.0000E+00  0.6200E+02
     -5.044  0.0000E+00  0.6200E+02
     -5.026  0.0000E+00  0.6200E+02
     -5.008  0.0000E+00  0.6200E+02
     -4.990  0.0000E+00  0.6200E+02
     -4.972  0.0000E+00  0.6200E+02
     -4.953  0.0000E+00  0.6200E+02
     -4.935  0.0000E+00  0.6200E+02
     -4.917  0.0000E+00  0.6200E+02
     -4.899  0.0000E+00  0.6200E+02
     -4.881  0.0000E+00  0.6200E+02
     -4.863  0.0000E+00  0.6200E+02
     -4.845  0.0000E+00  0.6200E+02
     -4.826  0.0000E+00  0.6200E+02
     -4.808  0.0000E+00  0.6200E+02
     -4.790  0.0000E+00  0.6200E+02
     -4.772  0.0000E+00  0.6200E+02
     -4.754  0.0000E+00  0.6200E+02
     -4.736  0.0000E+00  0.6200E+02
     -4.718  0.0000E+00  0.6200E+02
     -4.700  0.0000E+00  0.6200E+02
     -4.681  0.0000E+00  0.6200E+02
     -4.663  0.0000E+00  0.6200E+02
     -4.645  0.0000E+00  0.6200E+02
     -4.627  0.0000E+00  0.6200E+02
     -4.609  0.0000E+00  0.6200E+02
     -4.591  0.0000E+00  0.6200E+02
     -4.573  0.0000E+00  0.6200E+02
     -4.554  0.0000E+00  0.6200E+02
     -4.536  0.0000E+00  0.6200E+02
     -4.518  0.0000E+00  0.6200E+02
     -4.500  0.0000E+00  0.6200E+02
     -4.482  0.0000E+00  0.6200E+02
     -4.464  0.0000E+00  0.6200E+02
     -4.446  0.0000E+00  0.6200E+02
     -4.428  0.0000E+00  0.6200E+02
     -4.409  0.0000E+00  0.6200E+02
     -4.391  0.0000E+00  0.6200E+02
     -4.373  0.0000E+00  0.6200E+02
     -4.355  0.0000E+00  0.6200E+02
     -4.337  0.0000E+00  0.6200E+02
     -4.319  0.0000E+00  0.6200E+02
     -4.301  0.0000E+00  0.6200E+02
     -4.282  0.0000E+00  0.6200E+02
     -4.264  0.0000E+00  0.6200E+02
     -4.246  0.0000E+00  0.6200E+02
     -4.228  0.0000E+00  0.6200E+02
     -4.210  0.0000E+00  0.6200E+02
     -4.192  0.0000E+00  0.6200E+02
     -4.174  0.0000E+00  0.6200E+02
     -4.156  0.0000E+00  0.6200E+02
     -4.137  0.0000E+00  0.6200E+02
     -4.119  0.0000E+00  0.6200E+02
     -4.101  0.0000E+00  0.6200E+02
     -4.083  0.0000E+00  0.6200E+02
     -4.065  0.0000E+00  0.6200E+02
     -4.047  0.0000E+00  0.6200E+02
     -4.029  0.0000E+00  0.6200E+02
     -4.011  0.0000E+00  0.6200E+02
     -3.992  0.0000E+00  0.6200E+02
     -3.974  0.0000E+00  0.6200E+02
     -3.956  0.0000E+00  0.6200E+02
     -3.938  0.0000E+00  0.6200E+02
     -3.920  0.0000E+00  0.6200E+02
     -3.902  0.0000E+00  0.6200E+02
     -3.884  0.0000E+00  0.6200E+02
     -3.865  0.0000E+00  0.6200E+02
     -3.847  0.0000E+00  0.6200E+02
     -3.829  0.0000E+00  0.6200E+02
     -3.811  0.0000E+00  0.6200E+02
     -3.793  0.0000E+00  0.6200E+02
     -3.775  0.0000E+00  0.6200E+02
     -3.757  0.0000E+00  0.6200E+02
     -3.739  0.0000E+00  0.6200E+02
     -3.720  0.0000E+00  0.6200E+02
     -3.702  0.0000E+00  0.6200E+02
     -3.684  0.0000E+00  0.6200E+02
     -3.666  0.0000E+00  0.6200E+02
     -3.648  0.0000E+00  0.6200E+02
     -3.630  0.0000E+00  0.6200E+02
     -3.612  0.0000E+00  0.6200E+02
     -3.593  0.0000E+00  0.6200E+02
     -3.575  0.0000E+00  0.6200E+02
     -3.557  0.0000E+00  0.6200E+02
     -3.539  0.0000E+00  0.6200E+02
     -3.521  0.0000E+00  0.6200E+02
     -3.503  0.0000E+00  0.6200E+02
     -3.485  0.0000E+00  0.6200E+02
     -3.467  0.0000E+00  0.6200E+02
     -3.448  0.0000E+00  0.6200E+02
     -3.430  0.0000E+00  0.6200E+02
     -3.412  0.0000E+00  0.6200E+02
     -3.394  0.0000E+00  0.6200E+02
     -3.376  0.0000E+00  0.6200E+02
     -3.358  0.0000E+00  0.6200E+02
     -3.340  0.0000E+00  0.6200E+02
     -3.321  0.0000E+00  0.6200E+02
     -3.303  0.0000E+00  0.6200E+02
     -3.285  0.0000E+00  0.6200E+02
     -3.267  0.0000E+00  0.6200E+02
     -3.249  0.0000E+00  0.6200E+02
     -3.231  0.0000E+00  0.6200E+02
     -3.213  0.0000E+00  0.6200E+02
     -3.195  0.0000E+00  0.6200E+02
     -3.176  0.0000E+00  0.6200E+02
     -3.158  0.0000E+00  0.6200E+02
     -3.140  0.0000E+00  0.6200E+02
     -3.122  0.0000E+00  0.6200E+02
     -3.104  0.0000E+00  0.6200E+02
     -3.086  0.0000E+00  0.6200E+02
     -3.068  0.0000E+00  0.6200E+02
     -3.049  0.0000E+00  0.6200E+02
     -3.031  0.0000E+00  0.6200E+02
     -3.013  0.0000E+00  0.6200E+02
     -2.995  0.0000E+00  0.6200E+02
     -2.977  0.0000E+00  0.6200E+02
     -2.959  0.0000E+00  0.6200E+02
     -2.941  0.0000E+00  0.6200E+02
     -2.923  0.0000E+00  0.6200E+02
     -2.904  0.0000E+00  0.6200E+02
     -2.886  0.0000E+00  0.6200E+02
     -2.868  0.0000E+00  0.6200E+02
     -2.850  0.0000E+00  0.6200E+02
     -2.832  0.0000E+00  0.6200E+02
     -2.814  0.0000E+00  0.6200E+02
     -2.796  0.0000E+00  0.6200E+02
     -2.778  0.0000E+00  0.6200E+02
     -2.759  0.0000E+00  0.6200E+02
     -2.741  0.0000E+00  0.6200E+02
     -2.723  0.0000E+00  0.6200E+02
     -2.705  0.0000E+00  0.6200E+02
     -2.687  0.0000E+00  0.6200E+02
     -2.669  0.0000E+00  0.6200E+02
     -2.651  0.0000E+00  0.6200E+02
     -2.632  0.0000E+00  0.6200E+02
     -2.614  0.0000E+00  0.6200E+02
     -2.596  0.0000E+00  0.6200E+02
     -2.578  0.0000E+00  0.6200E+02
     -2.560  0.0000E+00  0.6200E+02
     -2.542  0.0000E+00  0.6200E+02
     -2.524  0.0000E+00  0.6200E+02
     -2.506  0.0000E+00  0.6200E+02
     -2.487  0.0000E+00  0.6200E+02
     -2.469  0.0000E+00  0.6200E+02
     -2.451  0.0000E+00  0.6200E+02
     -2.433  0.0000E+00  0.6200E+02
     -2.415  0.0000E+00  0.6200E+02
     -2.397  0.0000E+00  0.6200E+02
     -2.379  0.0000E+00  0.6200E+02
     -2.360  0.0000E+00  0.6200E+02
     -2.342  0.0000E+00  0.6200E+02
     -2.324  0.0000E+00  0.6200E+02
     -2.306  0.0000E+00  0.6200E+02
     -2.288  0.0000E+00  0.6200E+02
     -2.270  0.0000E+00  0.6200E+02
     -2.252  0.0000E+00  0.6200E+02
     -2.234  0.0000E+00  0.6200E+02
     -2.215  0.0000E+00  0.6200E+02
     -2.197  0.0000E+00  0.6200E+02
     -2.179  0.0000E+00  0.6200E+02
     -2.161  0.0000E+00  0.6200E+02
     -2.143  0.0000E+00  0.6200E+02
     -2.125  0.0000E+00  0.6200E+02
     -2.107  0.0000E+00  0.6200E+02
     -2.088  0.0000E+00  0.6200E+02
     -2.070  0.0000E+00  0.6200E+02
     -2.052  0.0000E+00  0.6200E+02
     -2.034  0.0000E+00  0.6200E+02
     -2.016  0.0000E+00  0.6200E+02
     -1.998  0.0000E+00  0.6200E+02
     -1.980  0.0000E+00  0.6200E+02
     -1.962  0.0000E+00  0.6200E+02
     -1.943  0.0000E+00  0.6200E+02
     -1.925  0.0000E+00  0.6200E+02
     -1.907  0.0000E+00  0.6200E+02
     -1.889  0.0000E+00  0.6200E+02
     -1.871  0.0000E+00  0.6200E+02
     -1.853  0.0000E+00  0.6200E+02
     -1.835  0.0000E+00  0.6200E+02
     -1.817  0.0000E+00  0.6200E+02
     -1.798  0.0000E+00  0.6200E+02
     -1.780  0.0000E+00  0.6200E+02
     -1.762  0.0000E+00  0.6200E+02
     -1.744  0.0000E+00  0.6200E+02
     -1.726  0.0000E+00  0.6200E+02
     -1.708  0.0000E+00  0.6200E+02
     -1.690  0.0000E+00  0.6200E+02
     -1.671  0.0000E+00  0.6200E+02
     -1.653  0.0000E+00  0.6200E+02
     -1.635  0.0000E+00  0.6200E+02
     -1.617  0.0000E+00  0.6200E+02
     -1.599  0.0000E+00  0.6200E+02
     -1.581  0.0000E+00  0.6200E+02
     -1.563  0.0000E+00  0.6200E+02
     -1.545  0.0000E+00  0.6200E+02
     -1.526  0.0000E+00  0.6200E+02
     -1.508  0.0000E+00  0.6200E+02
     -1.490  0.0000E+00  0.6200E+02
     -1.472  0.0000E+00  0.6200E+02
     -1.454  0.0000E+00  0.6200E+02
     -1.436  0.0000E+00  0.6200E+02
     -1.418  0.3836E-02  0.6200E+02
     -1.399  0.2199E-01  0.6200E+02
     -1.381  0.5507E-01  0.6200E+02
     -1.363  0.1031E+00  0.6200E+02
     -1.345  0.1715E+00  0.6200E+02
     -1.327  0.2963E+00  0.6201E+02
     -1.309  0.4845E+00  0.6202E+02
     -1.291  0.7362E+00  0.6203E+02
     -1.273  0.1051E+01  0.6204E+02
     -1.254  0.1430E+01  0.6207E+02
     -1.236  0.1872E+01  0.6210E+02
     -1.218  0.2377E+01  0.6213E+02
     -1.200  0.2946E+01  0.6218E+02
     -1.182  0.3579E+01  0.6224E+02
     -1.164  0.4274E+01  0.6231E+02
     -1.146  0.5034E+01  0.6240E+02
     -1.127  0.5856E+01  0.6249E+02
     -1.109  0.6742E+01  0.6261E+02
     -1.091  0.7692E+01  0.6274E+02
     -1.073  0.8705E+01  0.6289E+02
     -1.055  0.9781E+01  0.6306E+02
     -1.037  0.1092E+02  0.6324E+02
     -1.019  0.1233E+02  0.6345E+02
     -1.001  0.1377E+02  0.6369E+02
     -0.982  0.1520E+02  0.6395E+02
     -0.964  0.1689E+02  0.6424E+02
     -0.946  0.1876E+02  0.6457E+02
     -0.928  0.2222E+02  0.6493E+02
     -0.910  0.2953E+02  0.6541E+02
     -0.892  0.3492E+02  0.6599E+02
     -0.874  0.3839E+02  0.6666E+02
     -0.855  0.3993E+02  0.6737E+02
     -0.837  0.5073E+02  0.6818E+02
     -0.819  0.6017E+02  0.6921E+02
     -0.801  0.6255E+02  0.7032E+02
     -0.783  0.6362E+02  0.7147E+02
     -0.765  0.6029E+02  0.7260E+02
     -0.747  0.5480E+02  0.7365E+02
     -0.729  0.4947E+02  0.7459E+02
     -0.710  0.4397E+02  0.7544E+02
     -0.692  0.3747E+02  0.7618E+02
     -0.674  0.2849E+02  0.7678E+02
     -0.656  0.1987E+02  0.7722E+02
     -0.638  0.2565E+02  0.7759E+02
     -0.620  0.3114E+02  0.7812E+02
     -0.602  0.2665E+02  0.7866E+02
     -0.584  0.1202E+02  0.7902E+02
     -0.565  0.1284E+02  0.7923E+02
     -0.547  0.1696E+02  0.7950E+02
     -0.529  0.2201E+02  0.7985E+02
     -0.511  0.2806E+02  0.8030E+02
     -0.493  0.3848E+02  0.8089E+02
     -0.475  0.5010E+02  0.8170E+02
     -0.457  0.5776E+02  0.8268E+02
     -0.438  0.6136E+02  0.8377E+02
     -0.420  0.9796E+02  0.8518E+02
     -0.402  0.9346E+02  0.8701E+02
     -0.384  0.6368E+02  0.8833E+02
     -0.366  0.5746E+02  0.8944E+02
     -0.348  0.4686E+02  0.9037E+02
     -0.330  0.4622E+02  0.9121E+02
     -0.312  0.4649E+02  0.9205E+02
     -0.293  0.4745E+02  0.9290E+02
     -0.275  0.4892E+02  0.9378E+02
     -0.257  0.5047E+02  0.9468E+02
     -0.239  0.5415E+02  0.9562E+02
     -0.221  0.5818E+02  0.9664E+02
     -0.203  0.6163E+02  0.9773E+02
     -0.185  0.6441E+02  0.9887E+02
     -0.166  0.6407E+02  0.1000E+03
     -0.148  0.5860E+02  0.1012E+03
     -0.130  0.5275E+02  0.1022E+03
     -0.112  0.4792E+02  0.1031E+03
     -0.094  0.4484E+02  0.1039E+03
     -0.076  0.3807E+02  0.1047E+03
     -0.058  0.2986E+02  0.1053E+03
     -0.040  0.2570E+02  0.1058E+03
     -0.021  0.2464E+02  0.1062E+03
     -0.003  0.2398E+02  0.1067E+03
      0.015  0.2328E+02  0.1071E+03
      0.033  0.2312E+02  0.1075E+03
      0.051  0.2373E+02  0.1079E+03
      0.069  0.2421E+02  0.1084E+03
      0.087  0.2458E+02  0.1088E+03
      0.106  0.2469E+02  0.1093E+03
      0.124  0.2473E+02  0.1097E+03
      0.142  0.2474E+02  0.1102E+03
      0.160  0.2472E+02  0.1106E+03
      0.178  0.2466E+02  0.1111E+03
      0.196  0.2456E+02  0.1115E+03
      0.214  0.2397E+02  0.1120E+03
      0.232  0.2336E+02  0.1124E+03
      0.251  0.2287E+02  0.1128E+03
      0.269  0.2249E+02  0.1132E+03
      0.287  0.2222E+02  0.1136E+03
      0.305  0.2207E+02  0.1140E+03
      0.323  0.2203E+02  0.1144E+03
      0.341  0.2557E+02  0.1149E+03
      0.359  0.2328E+02  0.1153E+03
      0.377  0.2338E+02  0.1157E+03
      0.396  0.2727E+02  0.1162E+03
      0.414  0.2250E+02  0.1166E+03
      0.432  0.9891E+01  0.1169E+03
      0.450  0.1236E+02  0.1171E+03
      0.468  0.1422E+02  0.1173E+03
      0.486  0.1523E+02  0.1176E+03
      0.504  0.1539E+02  0.1179E+03
      0.523  0.1482E+02  0.1182E+03
      0.541  0.1411E+02  0.1184E+03
      0.559  0.1330E+02  0.1187E+03
      0.577  0.2202E+02  0.1190E+03
      0.595  0.2868E+02  0.1194E+03
      0.613  0.3635E+02  0.1200E+03
      0.631  0.4262E+02  0.1208E+03
      0.649  0.4416E+02  0.1215E+03
      0.668  0.4366E+02  0.1223E+03
      0.686  0.4161E+02  0.1231E+03
      0.704  0.3870E+02  0.1238E+03
      0.722  0.3615E+02  0.1245E+03
      0.740  0.3326E+02  0.1252E+03
      0.758  0.3004E+02  0.1257E+03
      0.776  0.2558E+02  0.1262E+03
      0.795  0.1889E+02  0.1266E+03
      0.813  0.1416E+02  0.1269E+03
      0.831  0.1151E+02  0.1272E+03
      0.849  0.1087E+02  0.1274E+03
      0.867  0.1119E+02  0.1276E+03
      0.885  0.1151E+02  0.1278E+03
      0.903  0.1176E+02  0.1280E+03
      0.921  0.1196E+02  0.1282E+03
      0.940  0.1221E+02  0.1284E+03
      0.958  0.1263E+02  0.1286E+03
      0.976  0.1321E+02  0.1289E+03
      0.994  0.1396E+02  0.1291E+03
      1.012  0.1488E+02  0.1294E+03
      1.030  0.1579E+02  0.1297E+03
      1.048  0.1659E+02  0.1300E+03
      1.067  0.1737E+02  0.1303E+03
      1.085  0.1808E+02  0.1306E+03
      1.103  0.1872E+02  0.1309E+03
      1.121  0.1929E+02  0.1313E+03
      1.139  0.1979E+02  0.1316E+03
      1.157  0.2022E+02  0.1320E+03
      1.175  0.2058E+02  0.1323E+03
      1.193  0.2087E+02  0.1327E+03
      1.212  0.2108E+02  0.1331E+03
      1.230  0.2123E+02  0.1335E+03
      1.248  0.2131E+02  0.1339E+03
      1.266  0.2131E+02  0.1343E+03
      1.284  0.2125E+02  0.1346E+03
      1.302  0.2112E+02  0.1350E+03
      1.320  0.2091E+02  0.1354E+03
      1.339  0.2055E+02  0.1358E+03
      1.357  0.1965E+02  0.1362E+03
      1.375  0.1909E+02  0.1365E+03
      1.393  0.1892E+02  0.1368E+03
      1.411  0.1951E+02  0.1372E+03
      1.429  0.2060E+02  0.1376E+03
      1.447  0.2583E+02  0.1380E+03
      1.465  0.3162E+02  0.1385E+03
      1.484  0.3883E+02  0.1391E+03
      1.502  0.5213E+02  0.1399E+03
      1.520  0.7311E+02  0.1411E+03
      1.538  0.7333E+02  0.1427E+03
      1.556  0.3778E+02  0.1440E+03
      1.574  0.5357E+02  0.1448E+03
      1.592  0.5249E+02  0.1458E+03
      1.610  0.3657E+02  0.1465E+03
      1.629  0.5535E+02  0.1476E+03
      1.647  0.2920E+02  0.1482E+03
      1.665  0.3361E+02  0.1487E+03
      1.683  0.3814E+02  0.1494E+03
      1.701  0.4280E+02  0.1501E+03
      1.719  0.4707E+02  0.1509E+03
      1.737  0.5051E+02  0.1518E+03
      1.756  0.5244E+02  0.1528E+03
      1.774  0.5323E+02  0.1537E+03
      1.792  0.5287E+02  0.1547E+03
      1.810  0.5106E+02  0.1556E+03
      1.828  0.4773E+02  0.1565E+03
      1.846  0.4304E+02  0.1573E+03
      1.864  0.3715E+02  0.1581E+03
      1.882  0.3313E+02  0.1587E+03
      1.901  0.3214E+02  0.1593E+03
      1.919  0.3160E+02  0.1599E+03
      1.937  0.3106E+02  0.1604E+03
      1.955  0.3059E+02  0.1610E+03
      1.973  0.3017E+02  0.1615E+03
      1.991  0.3033E+02  0.1621E+03
      2.009  0.3128E+02  0.1627E+03
      2.028  0.3233E+02  0.1632E+03
      2.046  0.3356E+02  0.1638E+03
      2.064  0.3495E+02  0.1644E+03
      2.082  0.3652E+02  0.1651E+03
      2.100  0.3922E+02  0.1658E+03
      2.118  0.4196E+02  0.1665E+03
      2.136  0.4485E+02  0.1673E+03
      2.154  0.4789E+02  0.1681E+03
      2.173  0.5154E+02  0.1690E+03
      2.191  0.5901E+02  0.1700E+03
      2.209  0.6359E+02  0.1712E+03
      2.227  0.8260E+02  0.1724E+03
      2.245  0.1053E+03  0.1742E+03
      2.263  0.5678E+02  0.1757E+03
      2.281  0.5788E+02  0.1771E+03
      2.300  0.1796E+03  0.1797E+03
      2.318  0.1067E+03  0.1817E+03
      2.336  0.7210E+02  0.1834E+03
      2.354  0.7078E+02  0.1847E+03
      2.372  0.7384E+02  0.1860E+03
      2.390  0.8401E+02  0.1875E+03
      2.408  0.9581E+02  0.1891E+03
      2.426  0.1008E+03  0.1909E+03
      2.445  0.9967E+02  0.1927E+03
      2.463  0.1116E+03  0.1946E+03
      2.481  0.1097E+03  0.1967E+03
      2.499  0.1002E+03  0.1986E+03
      2.517  0.8719E+02  0.2002E+03
      2.535  0.7759E+02  0.2017E+03
      2.553  0.6743E+02  0.2031E+03
      2.572  0.6108E+02  0.2042E+03
      2.590  0.5732E+02  0.2053E+03
      2.608  0.5272E+02  0.2063E+03
      2.626  0.4773E+02  0.2072E+03
      2.644  0.4841E+02  0.2080E+03
      2.662  0.5434E+02  0.2090E+03
      2.680  0.6463E+02  0.2100E+03
      2.698  0.6845E+02  0.2113E+03
      2.717  0.6071E+02  0.2125E+03
      2.735  0.4487E+02  0.2134E+03
      2.753  0.3419E+02  0.2141E+03
      2.771  0.2945E+02  0.2147E+03
      2.789  0.3693E+02  0.2153E+03
      2.807  0.4581E+02  0.2160E+03
      2.825  0.7814E+02  0.2170E+03
      2.843  0.1648E+03  0.2193E+03
      2.862  0.2403E+03  0.2230E+03
      2.880  0.1231E+03  0.2262E+03
      2.898  0.1393E+03  0.2284E+03
      2.916  0.6195E+02  0.2303E+03
      2.934  0.6291E+02  0.2315E+03
      2.952  0.6239E+02  0.2326E+03
      2.970  0.6487E+02  0.2338E+03
      2.989  0.6487E+02  0.2350E+03
      3.007  0.5993E+02  0.2361E+03
      3.025  0.5018E+02  0.2371E+03
      3.043  0.3716E+02  0.2379E+03
      3.061  0.3008E+02  0.2385E+03
      3.079  0.2444E+02  0.2390E+03
      3.097  0.1957E+02  0.2394E+03
      3.115  0.1549E+02  0.2397E+03
      3.134  0.1219E+02  0.2400E+03
      3.152  0.9668E+01  0.2402E+03
      3.170  0.7925E+01  0.2403E+03
      3.188  0.6957E+01  0.2405E+03
      3.206  0.6694E+01  0.2406E+03
      3.224  0.7061E+01  0.2407E+03
      3.242  0.8358E+01  0.2408E+03
      3.261  0.4283E+02  0.2412E+03
      3.279  0.6916E+02  0.2424E+03
      3.297  0.2537E+02  0.2433E+03
      3.315  0.1678E+02  0.2436E+03
      3.333  0.2101E+02  0.2440E+03
      3.351  0.2664E+02  0.2444E+03
      3.369  0.6652E+02  0.2455E+03
      3.387  0.3879E+02  0.2462E+03
      3.406  0.3214E+02  0.2469E+03
      3.424  0.1664E+02  0.2474E+03
      3.442  0.1161E+02  0.2476E+03
      3.460  0.7866E+01  0.2478E+03
      3.478  0.4849E+01  0.2479E+03
      3.496  0.2560E+01  0.2480E+03
      3.514  0.9965E+00  0.2480E+03
      3.533  0.1604E+00  0.2480E+03
      3.551  0.0000E+00  0.2480E+03
      3.569  0.0000E+00  0.2480E+03
      3.587  0.0000E+00  0.2480E+03
      3.605  0.0000E+00  0.2480E+03
      3.623  0.0000E+00  0.2480E+03
      3.641  0.0000E+00  0.2480E+03
      3.659  0.0000E+00  0.2480E+03
      3.678  0.0000E+00  0.2480E+03
      3.696  0.0000E+00  0.2480E+03
      3.714  0.0000E+00  0.2480E+03
      3.732  0.0000E+00  0.2480E+03
      3.750  0.0000E+00  0.2480E+03
      3.768  0.0000E+00  0.2480E+03
      3.786  0.0000E+00  0.2480E+03
      3.804  0.0000E+00  0.2480E+03
      3.823  0.0000E+00  0.2480E+03
      3.841  0.0000E+00  0.2480E+03
      3.859  0.0000E+00  0.2480E+03
      3.877  0.0000E+00  0.2480E+03
      3.895  0.0000E+00  0.2480E+03
      3.913  0.0000E+00  0.2480E+03
      3.931  0.0000E+00  0.2480E+03
      3.950  0.0000E+00  0.2480E+03
      3.968  0.0000E+00  0.2480E+03
      3.986  0.0000E+00  0.2480E+03
      4.004  0.0000E+00  0.2480E+03
      4.022  0.0000E+00  0.2480E+03
      4.040  0.0000E+00  0.2480E+03
      4.058  0.0000E+00  0.2480E+03
      4.076  0.0000E+00  0.2480E+03
      4.095  0.0000E+00  0.2480E+03
      4.113  0.0000E+00  0.2480E+03
      4.131  0.0000E+00  0.2480E+03
      4.149  0.0000E+00  0.2480E+03
      4.167  0.0000E+00  0.2480E+03
      4.185  0.0000E+00  0.2480E+03
      4.203  0.0000E+00  0.2480E+03
      4.222  0.0000E+00  0.2480E+03
      4.240  0.0000E+00  0.2480E+03
      4.258  0.0000E+00  0.2480E+03
      4.276  0.0000E+00  0.2480E+03
      4.294  0.0000E+00  0.2480E+03
      4.312  0.0000E+00  0.2480E+03
      4.330  0.0000E+00  0.2480E+03
      4.348  0.0000E+00  0.2480E+03
      4.367  0.0000E+00  0.2480E+03
      4.385  0.0000E+00  0.2480E+03
      4.403  0.0000E+00  0.2480E+03
      4.421  0.0000E+00  0.2480E+03
      4.439  0.0000E+00  0.2480E+03
      4.457  0.0000E+00  0.2480E+03
      4.475  0.0000E+00  0.2480E+03
      4.494  0.0000E+00  0.2480E+03
      4.512  0.0000E+00  0.2480E+03
      4.530  0.0000E+00  0.2480E+03
      4.548  0.0000E+00  0.2480E+03
      4.566  0.0000E+00  0.2480E+03
      4.584  0.0000E+00  0.2480E+03
      4.602  0.0000E+00  0.2480E+03
      4.620  0.0000E+00  0.2480E+03
      4.639  0.0000E+00  0.2480E+03
      4.657  0.0000E+00  0.2480E+03
      4.675  0.0000E+00  0.2480E+03
      4.693  0.0000E+00  0.2480E+03
      4.711  0.0000E+00  0.2480E+03
      4.729  0.0000E+00  0.2480E+03
      4.747  0.0000E+00  0.2480E+03
      4.766  0.0000E+00  0.2480E+03
      4.784  0.0000E+00  0.2480E+03
      4.802  0.0000E+00  0.2480E+03
      4.820  0.0000E+00  0.2480E+03
      4.838  0.0000E+00  0.2480E+03
      4.856  0.0000E+00  0.2480E+03
      4.874  0.0000E+00  0.2480E+03
      4.892  0.0000E+00  0.2480E+03
      4.911  0.0000E+00  0.2480E+03
      4.929  0.0000E+00  0.2480E+03
      4.947  0.0000E+00  0.2480E+03
      4.965  0.0000E+00  0.2480E+03
      4.983  0.0000E+00  0.2480E+03
      5.001  0.0000E+00  0.2480E+03
      5.019  0.0000E+00  0.2480E+03
      5.037  0.0000E+00  0.2480E+03
      5.056  0.0000E+00  0.2480E+03
      5.074  0.0000E+00  0.2480E+03
      5.092  0.0000E+00  0.2480E+03
      5.110  0.0000E+00  0.2480E+03
      5.128  0.0000E+00  0.2480E+03
      5.146  0.0000E+00  0.2480E+03
      5.164  0.0000E+00  0.2480E+03
      5.183  0.0000E+00  0.2480E+03
      5.201  0.0000E+00  0.2480E+03
      5.219  0.0000E+00  0.2480E+03
      5.237  0.0000E+00  0.2480E+03
      5.255  0.0000E+00  0.2480E+03
      5.273  0.0000E+00  0.2480E+03
      5.291  0.0000E+00  0.2480E+03
      5.309  0.0000E+00  0.2480E+03
      5.328  0.0000E+00  0.2480E+03
      5.346  0.0000E+00  0.2480E+03
      5.364  0.0000E+00  0.2480E+03
      5.382  0.0000E+00  0.2480E+03
      5.400  0.0000E+00  0.2480E+03
      5.418  0.0000E+00  0.2480E+03
      5.436  0.0000E+00  0.2480E+03
      5.455  0.0000E+00  0.2480E+03
      5.473  0.0000E+00  0.2480E+03
      5.491  0.0000E+00  0.2480E+03
      5.509  0.0000E+00  0.2480E+03
      5.527  0.0000E+00  0.2480E+03
      5.545  0.0000E+00  0.2480E+03
      5.563  0.0000E+00  0.2480E+03
      5.581  0.0000E+00  0.2480E+03
      5.600  0.0000E+00  0.2480E+03
      5.618  0.0000E+00  0.2480E+03
      5.636  0.0000E+00  0.2480E+03
      5.654  0.0000E+00  0.2480E+03
      5.672  0.0000E+00  0.2480E+03
      5.690  0.0000E+00  0.2480E+03
      5.708  0.0000E+00  0.2480E+03
      5.727  0.0000E+00  0.2480E+03
      5.745  0.0000E+00  0.2480E+03
      5.763  0.0000E+00  0.2480E+03
      5.781  0.0000E+00  0.2480E+03
      5.799  0.0000E+00  0.2480E+03
      5.817  0.0000E+00  0.2480E+03
      5.835  0.0000E+00  0.2480E+03
      5.853  0.0000E+00  0.2480E+03
      5.872  0.0000E+00  0.2480E+03
      5.890  0.0000E+00  0.2480E+03
      5.908  0.0000E+00  0.2480E+03
      5.926  0.0000E+00  0.2480E+03
      5.944  0.0000E+00  0.2480E+03
      5.962  0.0000E+00  0.2480E+03
      5.980  0.0000E+00  0.2480E+03
      5.998  0.0000E+00  0.2480E+03
      6.017  0.0000E+00  0.2480E+03
      6.035  0.0000E+00  0.2480E+03
      6.053  0.0000E+00  0.2480E+03
      6.071  0.0000E+00  0.2480E+03
      6.089  0.0000E+00  0.2480E+03
      6.107  0.0000E+00  0.2480E+03
      6.125  0.0000E+00  0.2480E+03
      6.144  0.0000E+00  0.2480E+03
      6.162  0.0000E+00  0.2480E+03
      6.180  0.0000E+00  0.2480E+03
      6.198  0.0000E+00  0.2480E+03
      6.216  0.0000E+00  0.2480E+03
      6.234  0.0000E+00  0.2480E+03
      6.252  0.0000E+00  0.2480E+03
      6.270  0.0000E+00  0.2480E+03
      6.289  0.0000E+00  0.2480E+03
      6.307  0.0000E+00  0.2480E+03
      6.325  0.0000E+00  0.2480E+03
      6.343  0.0000E+00  0.2480E+03
      6.361  0.0000E+00  0.2480E+03
      6.379  0.0000E+00  0.2480E+03
      6.397  0.0000E+00  0.2480E+03
      6.416  0.0000E+00  0.2480E+03
      6.434  0.0000E+00  0.2480E+03
      6.452  0.0000E+00  0.2480E+03
      6.470  0.0000E+00  0.2480E+03
      6.488  0.0000E+00  0.2480E+03
      6.506  0.0000E+00  0.2480E+03
      6.524  0.0000E+00  0.2480E+03
      6.542  0.1052E+00  0.2480E+03
      6.561  0.4268E+00  0.2480E+03
      6.579  0.9650E+00  0.2480E+03
      6.597  0.1720E+01  0.2480E+03
      6.615  0.2691E+01  0.2481E+03
      6.633  0.3878E+01  0.2481E+03
      6.651  0.5283E+01  0.2482E+03
      6.669  0.6903E+01  0.2483E+03
      6.688  0.8740E+01  0.2485E+03
      6.706  0.1093E+02  0.2487E+03
      6.724  0.1821E+02  0.2489E+03
      6.742  0.4002E+02  0.2495E+03
      6.760  0.7717E+01  0.2500E+03
      6.778  0.0000E+00  0.2500E+03
      6.796  0.0000E+00  0.2500E+03
      6.814  0.0000E+00  0.2500E+03
      6.833  0.0000E+00  0.2500E+03
      6.851  0.0000E+00  0.2500E+03
      6.869  0.0000E+00  0.2500E+03
      6.887  0.0000E+00  0.2500E+03
      6.905  0.0000E+00  0.2500E+03
      6.923  0.0000E+00  0.2500E+03
      6.941  0.0000E+00  0.2500E+03
      6.960  0.0000E+00  0.2500E+03
      6.978  0.0000E+00  0.2500E+03
      6.996  0.0000E+00  0.2500E+03
      7.014  0.0000E+00  0.2500E+03
      7.032  0.0000E+00  0.2500E+03
      7.050  0.0000E+00  0.2500E+03
      7.068  0.0000E+00  0.2500E+03
      7.086  0.0000E+00  0.2500E+03
      7.105  0.0000E+00  0.2500E+03
      7.123  0.0000E+00  0.2500E+03
      7.141  0.0000E+00  0.2500E+03
      7.159  0.0000E+00  0.2500E+03
      7.177  0.0000E+00  0.2500E+03
      7.195  0.0000E+00  0.2500E+03
      7.213  0.0000E+00  0.2500E+03
      7.231  0.0000E+00  0.2500E+03
      7.250  0.0000E+00  0.2500E+03
      7.268  0.0000E+00  0.2500E+03
      7.286  0.0000E+00  0.2500E+03
      7.304  0.0000E+00  0.2500E+03
      7.322  0.0000E+00  0.2500E+03
      7.340  0.0000E+00  0.2500E+03
      7.358  0.0000E+00  0.2500E+03
      7.377  0.0000E+00  0.2500E+03
      7.395  0.0000E+00  0.2500E+03
      7.413  0.0000E+00  0.2500E+03
      7.431  0.0000E+00  0.2500E+03
      7.449  0.0000E+00  0.2500E+03
      7.467  0.0000E+00  0.2500E+03
      7.485  0.0000E+00  0.2500E+03
      7.503  0.0000E+00  0.2500E+03
      7.522  0.0000E+00  0.2500E+03
      7.540  0.0000E+00  0.2500E+03
      7.558  0.0000E+00  0.2500E+03
      7.576  0.0000E+00  0.2500E+03
      7.594  0.0000E+00  0.2500E+03
      7.612  0.0000E+00  0.2500E+03
      7.630  0.0000E+00  0.2500E+03
      7.649  0.0000E+00  0.2500E+03
      7.667  0.0000E+00  0.2500E+03
      7.685  0.0000E+00  0.2500E+03
      7.703  0.0000E+00  0.2500E+03
      7.721  0.0000E+00  0.2500E+03
      7.739  0.0000E+00  0.2500E+03
      7.757  0.0000E+00  0.2500E+03
      7.775  0.0000E+00  0.2500E+03
      7.794  0.0000E+00  0.2500E+03
      7.812  0.0000E+00  0.2500E+03
      7.830  0.0000E+00  0.2500E+03
      7.848  0.0000E+00  0.2500E+03
      7.866  0.0000E+00  0.2500E+03
      7.884  0.0000E+00  0.2500E+03
      7.902  0.0000E+00  0.2500E+03
      7.921  0.0000E+00  0.2500E+03
      7.939  0.0000E+00  0.2500E+03
      7.957  0.0000E+00  0.2500E+03
      7.975  0.0000E+00  0.2500E+03
      7.993  0.0000E+00  0.2500E+03
      8.011  0.0000E+00  0.2500E+03
      8.029  0.0000E+00  0.2500E+03
      8.047  0.0000E+00  0.2500E+03
      8.066  0.0000E+00  0.2500E+03
      8.084  0.0000E+00  0.2500E+03
      8.102  0.0000E+00  0.2500E+03
      8.120  0.0000E+00  0.2500E+03
      8.138  0.0000E+00  0.2500E+03
      8.156  0.0000E+00  0.2500E+03
      8.174  0.0000E+00  0.2500E+03
      8.193  0.0000E+00  0.2500E+03
      8.211  0.0000E+00  0.2500E+03
      8.229  0.0000E+00  0.2500E+03
      8.247  0.0000E+00  0.2500E+03
      8.265  0.0000E+00  0.2500E+03
      8.283  0.0000E+00  0.2500E+03
      8.301  0.0000E+00  0.2500E+03
      8.319  0.0000E+00  0.2500E+03
      8.338  0.0000E+00  0.2500E+03
      8.356  0.0000E+00  0.2500E+03
      8.374  0.0000E+00  0.2500E+03
      8.392  0.0000E+00  0.2500E+03
      8.410  0.0000E+00  0.2500E+03
      8.428  0.0000E+00  0.2500E+03
      8.446  0.0000E+00  0.2500E+03
      8.464  0.0000E+00  0.2500E+03
      8.483  0.0000E+00  0.2500E+03
      8.501  0.0000E+00  0.2500E+03
      8.519  0.0000E+00  0.2500E+03
      8.537  0.0000E+00  0.2500E+03
      8.555  0.0000E+00  0.2500E+03
      8.573  0.0000E+00  0.2500E+03
      8.591  0.0000E+00  0.2500E+03
      8.610  0.0000E+00  0.2500E+03
      8.628  0.0000E+00  0.2500E+03
      8.646  0.0000E+00  0.2500E+03
      8.664  0.0000E+00  0.2500E+03
      8.682  0.0000E+00  0.2500E+03
      8.700  0.0000E+00  0.2500E+03
      8.718  0.0000E+00  0.2500E+03
      8.736  0.0000E+00  0.2500E+03
      8.755  0.0000E+00  0.2500E+03
      8.773  0.0000E+00  0.2500E+03
      8.791  0.0000E+00  0.2500E+03
      8.809  0.0000E+00  0.2500E+03
      8.827  0.0000E+00  0.2500E+03
      8.845  0.0000E+00  0.2500E+03
      8.863  0.0000E+00  0.2500E+03
      8.882  0.0000E+00  0.2500E+03
      8.900  0.0000E+00  0.2500E+03
      8.918  0.0000E+00  0.2500E+03
      8.936  0.0000E+00  0.2500E+03
      8.954  0.0000E+00  0.2500E+03
      8.972  0.0000E+00  0.2500E+03
      8.990  0.0000E+00  0.2500E+03
      9.008  0.0000E+00  0.2500E+03
      9.027  0.0000E+00  0.2500E+03
      9.045  0.0000E+00  0.2500E+03
      9.063  0.0000E+00  0.2500E+03
      9.081  0.0000E+00  0.2500E+03
      9.099  0.0000E+00  0.2500E+03
      9.117  0.0000E+00  0.2500E+03
      9.135  0.0000E+00  0.2500E+03
      9.154  0.0000E+00  0.2500E+03
      9.172  0.0000E+00  0.2500E+03
      9.190  0.0000E+00  0.2500E+03
      9.208  0.0000E+00  0.2500E+03
      9.226  0.0000E+00  0.2500E+03
      9.244  0.0000E+00  0.2500E+03
      9.262  0.0000E+00  0.2500E+03
      9.280  0.0000E+00  0.2500E+03
      9.299  0.0000E+00  0.2500E+03
      9.317  0.0000E+00  0.2500E+03
      9.335  0.0000E+00  0.2500E+03
      9.353  0.0000E+00  0.2500E+03
      9.371  0.0000E+00  0.2500E+03
      9.389  0.0000E+00  0.2500E+03
      9.407  0.0000E+00  0.2500E+03
      9.425  0.0000E+00  0.2500E+03
      9.444  0.0000E+00  0.2500E+03
      9.462  0.0000E+00  0.2500E+03
      9.480  0.0000E+00  0.2500E+03
      9.498  0.0000E+00  0.2500E+03
      9.516  0.0000E+00  0.2500E+03
      9.534  0.0000E+00  0.2500E+03
      9.552  0.0000E+00  0.2500E+03
      9.571  0.0000E+00  0.2500E+03
      9.589  0.0000E+00  0.2500E+03
      9.607  0.0000E+00  0.2500E+03
      9.625  0.0000E+00  0.2500E+03
      9.643  0.0000E+00  0.2500E+03
      9.661  0.0000E+00  0.2500E+03
      9.679  0.0000E+00  0.2500E+03
      9.697  0.0000E+00  0.2500E+03
      9.716  0.0000E+00  0.2500E+03
      9.734  0.0000E+00  0.2500E+03
      9.752  0.0000E+00  0.2500E+03
      9.770  0.0000E+00  0.2500E+03
      9.788  0.0000E+00  0.2500E+03
      9.806  0.0000E+00  0.2500E+03
      9.824  0.0000E+00  0.2500E+03
      9.843  0.0000E+00  0.2500E+03
      9.861  0.0000E+00  0.2500E+03
      9.879  0.0000E+00  0.2500E+03
      9.897  0.0000E+00  0.2500E+03
      9.915  0.0000E+00  0.2500E+03
      9.933  0.0000E+00  0.2500E+03
      9.951  0.0000E+00  0.2500E+03
      9.969  0.0000E+00  0.2500E+03
      9.988  0.0000E+00  0.2500E+03
     10.006  0.0000E+00  0.2500E+03
     10.024  0.0000E+00  0.2500E+03
     10.042  0.0000E+00  0.2500E+03
     10.060  0.0000E+00  0.2500E+03
     10.078  0.0000E+00  0.2500E+03
     10.096  0.0000E+00  0.2500E+03
     10.115  0.0000E+00  0.2500E+03
     10.133  0.0000E+00  0.2500E+03
     10.151  0.0000E+00  0.2500E+03
     10.169  0.0000E+00  0.2500E+03
     10.187  0.0000E+00  0.2500E+03
     10.205  0.0000E+00  0.2500E+03
     10.223  0.0000E+00  0.2500E+03
     10.241  0.0000E+00  0.2500E+03
     10.260  0.0000E+00  0.2500E+03
     10.278  0.0000E+00  0.2500E+03
     10.296  0.0000E+00  0.2500E+03
     10.314  0.0000E+00  0.2500E+03
     10.332  0.0000E+00  0.2500E+03
     10.350  0.0000E+00  0.2500E+03
     10.368  0.0000E+00  0.2500E+03
     10.387  0.0000E+00  0.2500E+03
     10.405  0.0000E+00  0.2500E+03
     10.423  0.0000E+00  0.2500E+03
     10.441  0.0000E+00  0.2500E+03
     10.459  0.0000E+00  0.2500E+03
     10.477  0.0000E+00  0.2500E+03
     10.495  0.1660E-03  0.2500E+03
     10.513  0.1162E-01  0.2500E+03
     10.532  0.4109E-01  0.2500E+03
     10.550  0.8859E-01  0.2500E+03
     10.568  0.1541E+00  0.2500E+03
     10.586  0.2376E+00  0.2500E+03
     10.604  0.3392E+00  0.2500E+03
     10.622  0.4587E+00  0.2500E+03
     10.640  0.5963E+00  0.2500E+03
     10.658  0.7519E+00  0.2500E+03
     10.677  0.9255E+00  0.2501E+03
     10.695  0.1117E+01  0.2501E+03
     10.713  0.1327E+01  0.2501E+03
     10.731  0.1555E+01  0.2501E+03
     10.749  0.1800E+01  0.2502E+03
     10.767  0.2064E+01  0.2502E+03
     10.785  0.2346E+01  0.2502E+03
     10.804  0.2645E+01  0.2503E+03
     10.822  0.2845E+01  0.2503E+03
     10.840  0.3018E+01  0.2504E+03
     10.858  0.3177E+01  0.2504E+03
     10.876  0.3320E+01  0.2505E+03
     10.894  0.3449E+01  0.2506E+03
     10.912  0.3562E+01  0.2506E+03
     10.930  0.3660E+01  0.2507E+03
     10.949  0.3743E+01  0.2507E+03
     10.967  0.3811E+01  0.2508E+03
     10.985  0.3864E+01  0.2509E+03
     11.003  0.3902E+01  0.2510E+03
     11.021  0.3925E+01  0.2510E+03
     11.039  0.3933E+01  0.2511E+03
     11.057  0.3925E+01  0.2512E+03
     11.076  0.3903E+01  0.2512E+03
     11.094  0.3865E+01  0.2513E+03
     11.112  0.3812E+01  0.2514E+03
     11.130  0.3745E+01  0.2515E+03
     11.148  0.3662E+01  0.2515E+03
     11.166  0.3564E+01  0.2516E+03
     11.184  0.3451E+01  0.2516E+03
     11.202  0.3323E+01  0.2517E+03
     11.221  0.3180E+01  0.2518E+03
     11.239  0.3021E+01  0.2518E+03
     11.257  0.2576E+01  0.2519E+03
     11.275  0.1969E+01  0.2519E+03
     11.293  0.1443E+01  0.2519E+03
     11.311  0.9982E+00  0.2520E+03
     11.329  0.6353E+00  0.2520E+03
     11.348  0.3541E+00  0.2520E+03
     11.366  0.1162E+01  0.2520E+03
     11.384  0.2028E+01  0.2520E+03
     11.402  0.2860E+01  0.2521E+03
     11.420  0.3613E+01  0.2521E+03
     11.438  0.4249E+01  0.2522E+03
     11.456  0.4770E+01  0.2523E+03
     11.474  0.5175E+01  0.2524E+03
     11.493  0.5463E+01  0.2525E+03
     11.511  0.5652E+01  0.2526E+03
     11.529  0.5794E+01  0.2527E+03
     11.547  0.5894E+01  0.2528E+03
     11.565  0.5952E+01  0.2529E+03
     11.583  0.5967E+01  0.2530E+03
     11.601  0.6073E+01  0.2531E+03
     11.619  0.6571E+01  0.2532E+03
     11.638  0.7472E+01  0.2534E+03
     11.656  0.8776E+01  0.2535E+03
     11.674  0.1048E+02  0.2537E+03
     11.692  0.1259E+02  0.2539E+03
     11.710  0.1510E+02  0.2541E+03
     11.728  0.2039E+02  0.2545E+03
     11.746  0.2377E+02  0.2549E+03
     11.765  0.2326E+02  0.2553E+03
     11.783  0.1552E+02  0.2557E+03
     11.801  0.8281E+01  0.2559E+03
     11.819  0.3050E+01  0.2560E+03
     11.837  0.3787E+00  0.2560E+03
     11.855  0.1015E+01  0.2560E+03
     11.873  0.2621E+01  0.2560E+03
     11.891  0.3831E+01  0.2561E+03
     11.910  0.4645E+01  0.2562E+03
     11.928  0.5064E+01  0.2563E+03
     11.946  0.5150E+01  0.2564E+03
     11.964  0.5180E+01  0.2565E+03
     11.982  0.5187E+01  0.2565E+03
     12.000  0.5170E+01  0.2566E+03
     12.018  0.5131E+01  0.2567E+03
     12.037  0.5069E+01  0.2568E+03
     12.055  0.4983E+01  0.2569E+03
     12.073  0.4875E+01  0.2570E+03
     12.091  0.4743E+01  0.2571E+03
     12.109  0.4588E+01  0.2572E+03
     12.127  0.4410E+01  0.2573E+03
     12.145  0.4209E+01  0.2573E+03
     12.163  0.3985E+01  0.2574E+03
     12.182  0.3738E+01  0.2575E+03
     12.200  0.3467E+01  0.2575E+03
     12.218  0.3174E+01  0.2576E+03
     12.236  0.2872E+01  0.2577E+03
     12.254  0.2586E+01  0.2577E+03
     12.272  0.2314E+01  0.2578E+03
     12.290  0.2057E+01  0.2578E+03
     12.309  0.1816E+01  0.2578E+03
     12.327  0.1589E+01  0.2579E+03
     12.345  0.1378E+01  0.2579E+03
     12.363  0.1182E+01  0.2579E+03
     12.381  0.1000E+01  0.2579E+03
     12.399  0.8343E+00  0.2579E+03
     12.417  0.6833E+00  0.2580E+03
     12.435  0.5473E+00  0.2580E+03
     12.454  0.4264E+00  0.2580E+03
     12.472  0.3205E+00  0.2580E+03
     12.490  0.2297E+00  0.2580E+03
     12.508  0.1541E+00  0.2580E+03
     12.526  0.9344E-01  0.2580E+03
     12.544  0.4790E-01  0.2580E+03
     12.562  0.1743E-01  0.2580E+03
     12.581  0.6852E+00  0.2580E+03
     12.599  0.6360E+01  0.2581E+03
     12.617  0.1145E+02  0.2582E+03
     12.635  0.1435E+02  0.2585E+03
     12.653  0.1506E+02  0.2587E+03
     12.671  0.1359E+02  0.2590E+03
     12.689  0.9923E+01  0.2592E+03
     12.707  0.4073E+01  0.2593E+03
     12.726  0.3572E+01  0.2594E+03
     12.744  0.3398E+01  0.2595E+03
     12.762  0.3241E+01  0.2595E+03
     12.780  0.3100E+01  0.2596E+03
     12.798  0.2977E+01  0.2596E+03
     12.816  0.2871E+01  0.2597E+03
     12.834  0.2782E+01  0.2597E+03
     12.852  0.2709E+01  0.2598E+03
     12.871  0.2654E+01  0.2598E+03
     12.889  0.2616E+01  0.2599E+03
     12.907  0.2595E+01  0.2599E+03
     12.925  0.2591E+01  0.2600E+03
     12.943  0.2604E+01  0.2600E+03
     12.961  0.2633E+01  0.2601E+03
     12.979  0.2680E+01  0.2601E+03
     12.998  0.2744E+01  0.2602E+03
     13.016  0.2825E+01  0.2602E+03
     13.034  0.2923E+01  0.2603E+03
     13.052  0.3038E+01  0.2603E+03
     13.070  0.3171E+01  0.2604E+03
     13.088  0.3320E+01  0.2605E+03
     13.106  0.3486E+01  0.2605E+03
     13.124  0.3669E+01  0.2606E+03
     13.143  0.3869E+01  0.2606E+03
     13.161  0.4080E+01  0.2607E+03
     13.179  0.4269E+01  0.2608E+03
     13.197  0.4439E+01  0.2609E+03
     13.215  0.4588E+01  0.2610E+03
     13.233  0.4729E+01  0.2610E+03
     13.251  0.4863E+01  0.2611E+03
     13.270  0.4986E+01  0.2612E+03
     13.288  0.5094E+01  0.2613E+03
     13.306  0.5190E+01  0.2614E+03
     13.324  0.5272E+01  0.2615E+03
     13.342  0.5341E+01  0.2616E+03
     13.360  0.5397E+01  0.2617E+03
     13.378  0.5443E+01  0.2618E+03
     13.396  0.5528E+01  0.2619E+03
     13.415  0.5671E+01  0.2620E+03
     13.433  0.5895E+01  0.2621E+03
     13.451  0.6197E+01  0.2622E+03
     13.469  0.6529E+01  0.2623E+03
     13.487  0.6884E+01  0.2624E+03
     13.505  0.7262E+01  0.2626E+03
     13.523  0.7663E+01  0.2627E+03
     13.542  0.8086E+01  0.2628E+03
     13.560  0.8533E+01  0.2630E+03
     13.578  0.9002E+01  0.2632E+03
     13.596  0.9494E+01  0.2633E+03
     13.614  0.1001E+02  0.2635E+03
     13.632  0.1055E+02  0.2637E+03
     13.650  0.1111E+02  0.2639E+03
     13.668  0.1169E+02  0.2641E+03
     13.687  0.1230E+02  0.2643E+03
     13.705  0.1292E+02  0.2645E+03
     13.723  0.1358E+02  0.2648E+03
     13.741  0.1425E+02  0.2650E+03
     13.759  0.1494E+02  0.2653E+03
     13.777  0.1566E+02  0.2656E+03
     13.795  0.1652E+02  0.2659E+03
     13.814  0.1793E+02  0.2662E+03
     13.832  0.1932E+02  0.2665E+03
     13.850  0.2056E+02  0.2669E+03
     13.868  0.2270E+02  0.2673E+03
     13.886  0.2614E+02  0.2677E+03
     13.904  0.2844E+02  0.2682E+03
     13.922  0.2940E+02  0.2687E+03
     13.940  0.2933E+02  0.2693E+03
     13.959  0.2838E+02  0.2698E+03
     13.977  0.2709E+02  0.2703E+03
     13.995  0.2768E+02  0.2708E+03
     14.013  0.2785E+02  0.2713E+03
     14.031  0.2699E+02  0.2718E+03
     14.049  0.2510E+02  0.2723E+03
     14.067  0.2253E+02  0.2727E+03
     14.085  0.2130E+02  0.2731E+03
     14.104  0.2000E+02  0.2735E+03
     14.122  0.1762E+02  0.2738E+03
     14.140  0.1374E+02  0.2741E+03
     14.158  0.1030E+02  0.2743E+03
     14.176  0.7902E+01  0.2745E+03
     14.194  0.6817E+01  0.2746E+03
     14.212  0.6730E+01  0.2747E+03
     14.231  0.6847E+01  0.2748E+03
     14.249  0.7025E+01  0.2750E+03
     14.267  0.7264E+01  0.2751E+03
     14.285  0.7565E+01  0.2752E+03
     14.303  0.7917E+01  0.2754E+03
     14.321  0.8466E+01  0.2755E+03
     14.339  0.9044E+01  0.2757E+03
     14.357  0.9556E+01  0.2759E+03
     14.376  0.1000E+02  0.2760E+03
     14.394  0.1038E+02  0.2762E+03
     14.412  0.1070E+02  0.2764E+03
     14.430  0.1119E+02  0.2766E+03
     14.448  0.1176E+02  0.2768E+03
     14.466  0.1223E+02  0.2770E+03
     14.484  0.1261E+02  0.2773E+03
     14.503  0.1289E+02  0.2775E+03
     14.521  0.1308E+02  0.2777E+03
     14.539  0.1320E+02  0.2780E+03
     14.557  0.1326E+02  0.2782E+03
     14.575  0.1326E+02  0.2784E+03
     14.593  0.1322E+02  0.2787E+03
     14.611  0.1313E+02  0.2789E+03
     14.629  0.1299E+02  0.2792E+03
     14.648  0.1297E+02  0.2794E+03
     14.666  0.1309E+02  0.2796E+03
     14.684  0.1317E+02  0.2799E+03
     14.702  0.1322E+02  0.2801E+03
     14.720  0.1324E+02  0.2803E+03
     14.738  0.1320E+02  0.2806E+03
     14.756  0.1313E+02  0.2808E+03
     14.775  0.1305E+02  0.2811E+03
     14.793  0.1296E+02  0.2813E+03
     14.811  0.1286E+02  0.2815E+03
     14.829  0.1275E+02  0.2818E+03
     14.847  0.1263E+02  0.2820E+03
     14.865  0.1249E+02  0.2822E+03
     14.883  0.1234E+02  0.2824E+03
     14.901  0.1215E+02  0.2827E+03
     14.920  0.1185E+02  0.2829E+03
     14.938  0.1156E+02  0.2831E+03
     14.956  0.1128E+02  0.2833E+03
     14.974  0.1101E+02  0.2835E+03
     14.992  0.1075E+02  0.2837E+03
     15.010  0.1050E+02  0.2839E+03
     15.028  0.1026E+02  0.2841E+03
     15.046  0.1003E+02  0.2843E+03
     15.065  0.1143E+02  0.2845E+03
     15.083  0.1310E+02  0.2847E+03
     15.101  0.1451E+02  0.2849E+03
     15.119  0.1565E+02  0.2852E+03
     15.137  0.1652E+02  0.2855E+03
     15.155  0.2066E+02  0.2858E+03
     15.173  0.2363E+02  0.2862E+03
     15.192  0.2517E+02  0.2867E+03
     15.210  0.2487E+02  0.2871E+03
     15.228  0.2498E+02  0.2876E+03
     15.246  0.2741E+02  0.2880E+03
     15.264  0.3166E+02  0.2886E+03
     15.282  0.3196E+02  0.2892E+03
     15.300  0.2967E+02  0.2897E+03
     15.318  0.3477E+02  0.2903E+03
     15.337  0.3436E+02  0.2909E+03
     15.355  0.2927E+02  0.2915E+03
     15.373  0.2573E+02  0.2920E+03
     15.391  0.2368E+02  0.2924E+03
     15.409  0.2551E+02  0.2929E+03
     15.427  0.2828E+02  0.2934E+03
     15.445  0.2700E+02  0.2939E+03
     15.464  0.2416E+02  0.2943E+03
     15.482  0.2239E+02  0.2947E+03
     15.500  0.2218E+02  0.2951E+03
     15.518  0.2235E+02  0.2956E+03
     15.536  0.2246E+02  0.2960E+03
     15.554  0.2025E+02  0.2963E+03
     15.572  0.1780E+02  0.2967E+03
     15.590  0.1626E+02  0.2970E+03
     15.609  0.1513E+02  0.2973E+03
     15.627  0.1392E+02  0.2975E+03
     15.645  0.1376E+02  0.2978E+03
     15.663  0.1436E+02  0.2981E+03
     15.681  0.2256E+02  0.2984E+03
     15.699  0.2269E+02  0.2988E+03
     15.717  0.2153E+02  0.2992E+03
     15.736  0.2018E+02  0.2996E+03
     15.754  0.1863E+02  0.2999E+03
     15.772  0.1700E+02  0.3002E+03
     15.790  0.1616E+02  0.3005E+03
     15.808  0.1618E+02  0.3008E+03
     15.826  0.1637E+02  0.3011E+03
     15.844  0.1673E+02  0.3014E+03
     15.862  0.1834E+02  0.3017E+03
     15.881  0.2167E+02  0.3021E+03
     15.899  0.1030E+02  0.3029E+03
     15.917  0.1212E+02  0.3031E+03
     15.935  0.1416E+02  0.3034E+03
     15.953  0.1745E+02  0.3036E+03
     15.971  0.2233E+02  0.3040E+03
     15.989  0.2435E+02  0.3044E+03
     16.008  0.2399E+02  0.3049E+03
     16.026  0.2098E+02  0.3053E+03
     16.044  0.1530E+02  0.3056E+03
     16.062  0.1643E+02  0.3059E+03
     16.080  0.1709E+02  0.3062E+03
     16.098  0.1725E+02  0.3065E+03
     16.116  0.1694E+02  0.3068E+03
     16.134  0.1611E+02  0.3071E+03
     16.153  0.1474E+02  0.3074E+03
     16.171  0.1285E+02  0.3077E+03
     16.189  0.1407E+02  0.3079E+03
     16.207  0.1414E+02  0.3081E+03
     16.225  0.1459E+02  0.3084E+03
     16.243  0.1490E+02  0.3087E+03
     16.261  0.1492E+02  0.3089E+03
     16.279  0.1464E+02  0.3092E+03
     16.298  0.1406E+02  0.3095E+03
     16.316  0.1318E+02  0.3097E+03
     16.334  0.1464E+02  0.3100E+03
     16.352  0.1427E+02  0.3102E+03
     16.370  0.1443E+02  0.3105E+03
     16.388  0.1450E+02  0.3107E+03
     16.406  0.1445E+02  0.3110E+03
     16.425  0.1446E+02  0.3113E+03
     16.443  0.1472E+02  0.3115E+03
     16.461  0.1483E+02  0.3118E+03
     16.479  0.1479E+02  0.3121E+03
     16.497  0.1460E+02  0.3123E+03
     16.515  0.1428E+02  0.3126E+03
     16.533  0.1380E+02  0.3129E+03
     16.551  0.1318E+02  0.3131E+03
     16.570  0.1290E+02  0.3133E+03
     16.588  0.1175E+02  0.3136E+03
     16.606  0.9294E+01  0.3138E+03
     16.624  0.9455E+01  0.3139E+03
     16.642  0.9565E+01  0.3141E+03
     16.660  0.9624E+01  0.3143E+03
     16.678  0.9929E+01  0.3144E+03
     16.697  0.1077E+02  0.3146E+03
     16.715  0.1149E+02  0.3148E+03
     16.733  0.1209E+02  0.3151E+03
     16.751  0.1257E+02  0.3153E+03
     16.769  0.1085E+02  0.3155E+03
     16.787  0.1021E+02  0.3157E+03
     16.805  0.1066E+02  0.3159E+03
     16.823  0.1100E+02  0.3161E+03
     16.842  0.1104E+02  0.3163E+03
     16.860  0.1047E+02  0.3165E+03
     16.878  0.9819E+01  0.3166E+03
     16.896  0.9797E+01  0.3168E+03
     16.914  0.9957E+01  0.3170E+03
     16.932  0.9942E+01  0.3172E+03
     16.950  0.9798E+01  0.3174E+03
     16.969  0.1014E+02  0.3175E+03
     16.987  0.1023E+02  0.3177E+03
     17.005  0.1025E+02  0.3179E+03
     17.023  0.1018E+02  0.3181E+03
     17.041  0.1005E+02  0.3183E+03
     17.059  0.9844E+01  0.3185E+03
     17.077  0.9564E+01  0.3186E+03
     17.095  0.9212E+01  0.3188E+03
     17.114  0.8788E+01  0.3190E+03
     17.132  0.8291E+01  0.3191E+03
     17.150  0.7629E+01  0.3193E+03
     17.168  0.6323E+01  0.3194E+03
     17.186  0.5198E+01  0.3195E+03
     17.204  0.4264E+01  0.3196E+03
     17.222  0.3834E+02  0.3199E+03
     17.240  0.1275E+02  0.3204E+03
     17.259  0.1146E+02  0.3206E+03
     17.277  0.1030E+02  0.3208E+03
     17.295  0.9248E+01  0.3210E+03
     17.313  0.8253E+01  0.3211E+03
     17.331  0.7319E+01  0.3213E+03
     17.349  0.6443E+01  0.3214E+03
     17.367  0.5627E+01  0.3215E+03
     17.386  0.4870E+01  0.3216E+03
     17.404  0.4173E+01  0.3217E+03
     17.422  0.3535E+01  0.3217E+03
     17.440  0.2957E+01  0.3218E+03
     17.458  0.2436E+01  0.3218E+03
     17.476  0.1972E+01  0.3219E+03
     17.494  0.1564E+01  0.3219E+03
     17.512  0.1211E+01  0.3219E+03
     17.531  0.9149E+00  0.3220E+03
     17.549  0.6731E+00  0.3220E+03
     17.567  0.4716E+00  0.3220E+03
     17.585  0.3059E+00  0.3220E+03
     17.603  0.1758E+00  0.3220E+03
     17.621  0.8159E-01  0.3220E+03
     17.639  0.2308E-01  0.3220E+03
     17.658  0.3324E-03  0.3220E+03
     17.676  0.0000E+00  0.3220E+03
     17.694  0.0000E+00  0.3220E+03
     17.712  0.0000E+00  0.3220E+03
     17.730  0.0000E+00  0.3220E+03
     17.748  0.0000E+00  0.3220E+03
     17.766  0.0000E+00  0.3220E+03
     17.784  0.0000E+00  0.3220E+03
     17.803  0.0000E+00  0.3220E+03
     17.821  0.0000E+00  0.3220E+03
     17.839  0.0000E+00  0.3220E+03
     17.857  0.0000E+00  0.3220E+03
     17.875  0.0000E+00  0.3220E+03
     17.893  0.0000E+00  0.3220E+03
     17.911  0.0000E+00  0.3220E+03
     17.930  0.0000E+00  0.3220E+03
     17.948  0.0000E+00  0.3220E+03
     17.966  0.0000E+00  0.3220E+03
     17.984  0.0000E+00  0.3220E+03
     18.002  0.0000E+00  0.3220E+03
     18.020  0.0000E+00  0.3220E+03
     18.038  0.0000E+00  0.3220E+03
     18.056  0.0000E+00  0.3220E+03
     18.075  0.0000E+00  0.3220E+03
     18.093  0.0000E+00  0.3220E+03
     18.111  0.0000E+00  0.3220E+03
     18.129  0.0000E+00  0.3220E+03
     18.147  0.0000E+00  0.3220E+03
     18.165  0.0000E+00  0.3220E+03
     18.183  0.0000E+00  0.3220E+03
     18.202  0.0000E+00  0.3220E+03
     18.220  0.0000E+00  0.3220E+03
     18.238  0.0000E+00  0.3220E+03
     18.256  0.0000E+00  0.3220E+03
     18.274  0.0000E+00  0.3220E+03
     18.292  0.0000E+00  0.3220E+03
     18.310  0.0000E+00  0.3220E+03
     18.328  0.0000E+00  0.3220E+03
     18.347  0.0000E+00  0.3220E+03
     18.365  0.0000E+00  0.3220E+03
     18.383  0.0000E+00  0.3220E+03
     18.401  0.0000E+00  0.3220E+03
     18.419  0.0000E+00  0.3220E+03
     18.437  0.0000E+00  0.3220E+03
     18.455  0.0000E+00  0.3220E+03
     18.473  0.0000E+00  0.3220E+03
     18.492  0.0000E+00  0.3220E+03
     18.510  0.0000E+00  0.3220E+03
     18.528  0.0000E+00  0.3220E+03
     18.546  0.0000E+00  0.3220E+03
     18.564  0.0000E+00  0.3220E+03
     18.582  0.0000E+00  0.3220E+03
     18.600  0.0000E+00  0.3220E+03
     18.619  0.0000E+00  0.3220E+03
     18.637  0.0000E+00  0.3220E+03
     18.655  0.0000E+00  0.3220E+03
     18.673  0.0000E+00  0.3220E+03
     18.691  0.0000E+00  0.3220E+03
     18.709  0.0000E+00  0.3220E+03
     18.727  0.0000E+00  0.3220E+03
     18.745  0.0000E+00  0.3220E+03
     18.764  0.0000E+00  0.3220E+03
     18.782  0.0000E+00  0.3220E+03
     18.800  0.0000E+00  0.3220E+03
     18.818  0.0000E+00  0.3220E+03
     18.836  0.0000E+00  0.3220E+03
     18.854  0.0000E+00  0.3220E+03
     18.872  0.0000E+00  0.3220E+03
     18.891  0.0000E+00  0.3220E+03
     18.909  0.0000E+00  0.3220E+03
     18.927  0.0000E+00  0.3220E+03
     18.945  0.0000E+00  0.3220E+03
     18.963  0.0000E+00  0.3220E+03
     18.981  0.0000E+00  0.3220E+03
     18.999  0.0000E+00  0.3220E+03
     19.017  0.0000E+00  0.3220E+03
     19.036  0.0000E+00  0.3220E+03
     19.054  0.0000E+00  0.3220E+03
     19.072  0.0000E+00  0.3220E+03
     19.090  0.0000E+00  0.3220E+03
     19.108  0.0000E+00  0.3220E+03
     19.126  0.0000E+00  0.3220E+03
     19.144  0.0000E+00  0.3220E+03
     19.163  0.0000E+00  0.3220E+03
     19.181  0.0000E+00  0.3220E+03
     19.199  0.0000E+00  0.3220E+03
     19.217  0.0000E+00  0.3220E+03
     19.235  0.0000E+00  0.3220E+03
     19.253  0.0000E+00  0.3220E+03
     19.271  0.0000E+00  0.3220E+03
     19.289  0.0000E+00  0.3220E+03
     19.308  0.0000E+00  0.3220E+03



