 Energy DOS Integrated_DOS
    -16.902  0.0000E+00  0.0000E+00
    -16.884  0.0000E+00  0.0000E+00
    -16.866  0.0000E+00  0.0000E+00
    -16.848  0.0000E+00  0.0000E+00
    -16.829  0.0000E+00  0.0000E+00
    -16.811  0.0000E+00  0.0000E+00
    -16.793  0.0000E+00  0.0000E+00
    -16.775  0.0000E+00  0.0000E+00
    -16.756  0.0000E+00  0.0000E+00
    -16.738  0.0000E+00  0.0000E+00
    -16.720  0.0000E+00  0.0000E+00
    -16.702  0.0000E+00  0.0000E+00
    -16.683  0.0000E+00  0.0000E+00
    -16.665  0.0000E+00  0.0000E+00
    -16.647  0.0000E+00  0.0000E+00
    -16.628  0.0000E+00  0.0000E+00
    -16.610  0.0000E+00  0.0000E+00
    -16.592  0.0000E+00  0.0000E+00
    -16.574  0.0000E+00  0.0000E+00
    -16.555  0.0000E+00  0.0000E+00
    -16.537  0.0000E+00  0.0000E+00
    -16.519  0.0000E+00  0.0000E+00
    -16.501  0.0000E+00  0.0000E+00
    -16.482  0.0000E+00  0.0000E+00
    -16.464  0.0000E+00  0.0000E+00
    -16.446  0.0000E+00  0.0000E+00
    -16.428  0.0000E+00  0.0000E+00
    -16.409  0.0000E+00  0.0000E+00
    -16.391  0.0000E+00  0.0000E+00
    -16.373  0.0000E+00  0.0000E+00
    -16.355  0.0000E+00  0.0000E+00
    -16.336  0.0000E+00  0.0000E+00
    -16.318  0.0000E+00  0.0000E+00
    -16.300  0.0000E+00  0.0000E+00
    -16.282  0.0000E+00  0.0000E+00
    -16.263  0.0000E+00  0.0000E+00
    -16.245  0.0000E+00  0.0000E+00
    -16.227  0.0000E+00  0.0000E+00
    -16.209  0.0000E+00  0.0000E+00
    -16.190  0.0000E+00  0.0000E+00
    -16.172  0.0000E+00  0.0000E+00
    -16.154  0.0000E+00  0.0000E+00
    -16.136  0.0000E+00  0.0000E+00
    -16.117  0.0000E+00  0.0000E+00
    -16.099  0.0000E+00  0.0000E+00
    -16.081  0.0000E+00  0.0000E+00
    -16.063  0.0000E+00  0.0000E+00
    -16.044  0.0000E+00  0.0000E+00
    -16.026  0.0000E+00  0.0000E+00
    -16.008  0.0000E+00  0.0000E+00
    -15.990  0.0000E+00  0.0000E+00
    -15.971  0.0000E+00  0.0000E+00
    -15.953  0.0000E+00  0.0000E+00
    -15.935  0.0000E+00  0.0000E+00
    -15.917  0.0000E+00  0.0000E+00
    -15.898  0.0000E+00  0.0000E+00
    -15.880  0.0000E+00  0.0000E+00
    -15.862  0.0000E+00  0.0000E+00
    -15.844  0.0000E+00  0.0000E+00
    -15.825  0.0000E+00  0.0000E+00
    -15.807  0.0000E+00  0.0000E+00
    -15.789  0.0000E+00  0.0000E+00
    -15.771  0.0000E+00  0.0000E+00
    -15.752  0.0000E+00  0.0000E+00
    -15.734  0.0000E+00  0.0000E+00
    -15.716  0.0000E+00  0.0000E+00
    -15.698  0.0000E+00  0.0000E+00
    -15.679  0.0000E+00  0.0000E+00
    -15.661  0.0000E+00  0.0000E+00
    -15.643  0.0000E+00  0.0000E+00
    -15.625  0.0000E+00  0.0000E+00
    -15.606  0.0000E+00  0.0000E+00
    -15.588  0.0000E+00  0.0000E+00
    -15.570  0.0000E+00  0.0000E+00
    -15.552  0.0000E+00  0.0000E+00
    -15.533  0.0000E+00  0.0000E+00
    -15.515  0.0000E+00  0.0000E+00
    -15.497  0.0000E+00  0.0000E+00
    -15.479  0.0000E+00  0.0000E+00
    -15.460  0.0000E+00  0.0000E+00
    -15.442  0.0000E+00  0.0000E+00
    -15.424  0.0000E+00  0.0000E+00
    -15.406  0.0000E+00  0.0000E+00
    -15.387  0.0000E+00  0.0000E+00
    -15.369  0.0000E+00  0.0000E+00
    -15.351  0.0000E+00  0.0000E+00
    -15.333  0.0000E+00  0.0000E+00
    -15.314  0.0000E+00  0.0000E+00
    -15.296  0.0000E+00  0.0000E+00
    -15.278  0.0000E+00  0.0000E+00
    -15.260  0.0000E+00  0.0000E+00
    -15.241  0.7728E-03  0.6411E-06
    -15.223  0.5367E-01  0.3710E-03
    -15.205  0.1897E+00  0.2465E-02
    -15.187  0.4088E+00  0.7801E-02
    -15.168  0.7111E+00  0.1789E-01
    -15.150  0.1096E+01  0.3426E-01
    -15.132  0.1565E+01  0.5842E-01
    -15.114  0.2117E+01  0.9189E-01
    -15.095  0.2751E+01  0.1362E+00
    -15.077  0.3469E+01  0.1928E+00
    -15.059  0.4270E+01  0.2633E+00
    -15.041  0.5148E+01  0.3492E+00
    -15.022  0.5935E+01  0.4506E+00
    -15.004  0.6563E+01  0.5649E+00
    -14.986  0.8425E+01  0.6954E+00
    -14.968  0.1127E+02  0.8761E+00
    -14.949  0.1346E+02  0.1103E+01
    -14.931  0.1499E+02  0.1363E+01
    -14.913  0.1587E+02  0.1646E+01
    -14.895  0.1610E+02  0.1939E+01
    -14.876  0.1567E+02  0.2230E+01
    -14.858  0.1459E+02  0.2507E+01
    -14.840  0.1286E+02  0.2758E+01
    -14.822  0.1134E+02  0.2978E+01
    -14.803  0.1061E+02  0.3178E+01
    -14.785  0.9949E+01  0.3365E+01
    -14.767  0.9364E+01  0.3541E+01
    -14.749  0.8850E+01  0.3707E+01
    -14.730  0.9527E+01  0.3872E+01
    -14.712  0.1057E+02  0.4056E+01
    -14.694  0.1145E+02  0.4257E+01
    -14.676  0.1216E+02  0.4473E+01
    -14.657  0.1270E+02  0.4700E+01
    -14.639  0.1305E+02  0.4935E+01
    -14.621  0.1338E+02  0.5176E+01
    -14.603  0.1376E+02  0.5424E+01
    -14.584  0.1419E+02  0.5679E+01
    -14.566  0.1468E+02  0.5942E+01
    -14.548  0.1523E+02  0.6215E+01
    -14.530  0.1583E+02  0.6498E+01
    -14.511  0.1649E+02  0.6793E+01
    -14.493  0.1721E+02  0.7101E+01
    -14.475  0.1797E+02  0.7422E+01
    -14.457  0.1874E+02  0.7757E+01
    -14.438  0.1958E+02  0.8106E+01
    -14.420  0.2062E+02  0.8473E+01
    -14.402  0.2187E+02  0.8860E+01
    -14.384  0.2332E+02  0.9272E+01
    -14.365  0.2498E+02  0.9713E+01
    -14.347  0.2733E+02  0.1019E+02
    -14.329  0.3462E+02  0.1074E+02
    -14.311  0.4526E+02  0.1147E+02
    -14.292  0.5650E+02  0.1241E+02
    -14.274  0.6054E+02  0.1349E+02
    -14.256  0.5737E+02  0.1458E+02
    -14.238  0.4700E+02  0.1554E+02
    -14.219  0.2943E+02  0.1625E+02
    -14.201  0.1198E+02  0.1659E+02
    -14.183  0.2104E+02  0.1742E+02
    -14.165  0.2043E+02  0.1780E+02
    -14.146  0.2003E+02  0.1817E+02
    -14.128  0.1965E+02  0.1853E+02
    -14.110  0.1929E+02  0.1889E+02
    -14.091  0.1895E+02  0.1924E+02
    -14.073  0.2067E+02  0.1959E+02
    -14.055  0.2437E+02  0.2000E+02
    -14.037  0.2786E+02  0.2048E+02
    -14.018  0.3114E+02  0.2102E+02
    -14.000  0.3422E+02  0.2161E+02
    -13.982  0.3693E+02  0.2226E+02
    -13.964  0.3619E+02  0.2293E+02
    -13.945  0.5220E+02  0.2369E+02
    -13.927  0.7610E+02  0.2490E+02
    -13.909  0.9058E+02  0.2643E+02
    -13.891  0.9998E+02  0.2817E+02
    -13.872  0.1103E+03  0.3009E+02
    -13.854  0.1187E+03  0.3219E+02
    -13.836  0.1207E+03  0.3439E+02
    -13.818  0.1135E+03  0.3655E+02
    -13.799  0.8693E+02  0.3835E+02
    -13.781  0.1027E+03  0.3973E+02
    -13.763  0.2225E+02  0.4098E+02
    -13.745  0.8483E+02  0.4192E+02
    -13.726  0.1779E+03  0.4454E+02
    -13.708  0.1789E+03  0.4788E+02
    -13.690  0.1348E+03  0.5078E+02
    -13.672  0.9909E+02  0.5284E+02
    -13.653  0.7611E+02  0.5441E+02
    -13.635  0.9279E+02  0.5596E+02
    -13.617  0.6230E+02  0.5731E+02
    -13.599  0.1311E+03  0.5861E+02
    -13.580  0.1082E+03  0.6132E+02
    -13.562  0.2849E+00  0.6200E+02
    -13.544  0.0000E+00  0.6200E+02
    -13.526  0.0000E+00  0.6200E+02
    -13.507  0.0000E+00  0.6200E+02
    -13.489  0.0000E+00  0.6200E+02
    -13.471  0.0000E+00  0.6200E+02
    -13.453  0.0000E+00  0.6200E+02
    -13.434  0.0000E+00  0.6200E+02
    -13.416  0.0000E+00  0.6200E+02
    -13.398  0.0000E+00  0.6200E+02
    -13.380  0.0000E+00  0.6200E+02
    -13.361  0.0000E+00  0.6200E+02
    -13.343  0.0000E+00  0.6200E+02
    -13.325  0.0000E+00  0.6200E+02
    -13.307  0.0000E+00  0.6200E+02
    -13.288  0.0000E+00  0.6200E+02
    -13.270  0.0000E+00  0.6200E+02
    -13.252  0.0000E+00  0.6200E+02
    -13.234  0.0000E+00  0.6200E+02
    -13.215  0.0000E+00  0.6200E+02
    -13.197  0.0000E+00  0.6200E+02
    -13.179  0.0000E+00  0.6200E+02
    -13.161  0.0000E+00  0.6200E+02
    -13.142  0.0000E+00  0.6200E+02
    -13.124  0.0000E+00  0.6200E+02
    -13.106  0.0000E+00  0.6200E+02
    -13.088  0.0000E+00  0.6200E+02
    -13.069  0.0000E+00  0.6200E+02
    -13.051  0.0000E+00  0.6200E+02
    -13.033  0.0000E+00  0.6200E+02
    -13.015  0.0000E+00  0.6200E+02
    -12.996  0.0000E+00  0.6200E+02
    -12.978  0.0000E+00  0.6200E+02
    -12.960  0.0000E+00  0.6200E+02
    -12.942  0.0000E+00  0.6200E+02
    -12.923  0.0000E+00  0.6200E+02
    -12.905  0.0000E+00  0.6200E+02
    -12.887  0.0000E+00  0.6200E+02
    -12.869  0.0000E+00  0.6200E+02
    -12.850  0.0000E+00  0.6200E+02
    -12.832  0.0000E+00  0.6200E+02
    -12.814  0.0000E+00  0.6200E+02
    -12.796  0.0000E+00  0.6200E+02
    -12.777  0.0000E+00  0.6200E+02
    -12.759  0.0000E+00  0.6200E+02
    -12.741  0.0000E+00  0.6200E+02
    -12.723  0.0000E+00  0.6200E+02
    -12.704  0.0000E+00  0.6200E+02
    -12.686  0.0000E+00  0.6200E+02
    -12.668  0.0000E+00  0.6200E+02
    -12.650  0.0000E+00  0.6200E+02
    -12.631  0.0000E+00  0.6200E+02
    -12.613  0.0000E+00  0.6200E+02
    -12.595  0.0000E+00  0.6200E+02
    -12.577  0.0000E+00  0.6200E+02
    -12.558  0.0000E+00  0.6200E+02
    -12.540  0.0000E+00  0.6200E+02
    -12.522  0.0000E+00  0.6200E+02
    -12.504  0.0000E+00  0.6200E+02
    -12.485  0.0000E+00  0.6200E+02
    -12.467  0.0000E+00  0.6200E+02
    -12.449  0.0000E+00  0.6200E+02
    -12.431  0.0000E+00  0.6200E+02
    -12.412  0.0000E+00  0.6200E+02
    -12.394  0.0000E+00  0.6200E+02
    -12.376  0.0000E+00  0.6200E+02
    -12.358  0.0000E+00  0.6200E+02
    -12.339  0.0000E+00  0.6200E+02
    -12.321  0.0000E+00  0.6200E+02
    -12.303  0.0000E+00  0.6200E+02
    -12.285  0.0000E+00  0.6200E+02
    -12.266  0.0000E+00  0.6200E+02
    -12.248  0.0000E+00  0.6200E+02
    -12.230  0.0000E+00  0.6200E+02
    -12.212  0.0000E+00  0.6200E+02
    -12.193  0.0000E+00  0.6200E+02
    -12.175  0.0000E+00  0.6200E+02
    -12.157  0.0000E+00  0.6200E+02
    -12.139  0.0000E+00  0.6200E+02
    -12.120  0.0000E+00  0.6200E+02
    -12.102  0.0000E+00  0.6200E+02
    -12.084  0.0000E+00  0.6200E+02
    -12.066  0.0000E+00  0.6200E+02
    -12.047  0.0000E+00  0.6200E+02
    -12.029  0.0000E+00  0.6200E+02
    -12.011  0.0000E+00  0.6200E+02
    -11.993  0.0000E+00  0.6200E+02
    -11.974  0.0000E+00  0.6200E+02
    -11.956  0.0000E+00  0.6200E+02
    -11.938  0.0000E+00  0.6200E+02
    -11.920  0.0000E+00  0.6200E+02
    -11.901  0.0000E+00  0.6200E+02
    -11.883  0.0000E+00  0.6200E+02
    -11.865  0.0000E+00  0.6200E+02
    -11.847  0.0000E+00  0.6200E+02
    -11.828  0.0000E+00  0.6200E+02
    -11.810  0.0000E+00  0.6200E+02
    -11.792  0.0000E+00  0.6200E+02
    -11.774  0.0000E+00  0.6200E+02
    -11.755  0.0000E+00  0.6200E+02
    -11.737  0.0000E+00  0.6200E+02
    -11.719  0.0000E+00  0.6200E+02
    -11.701  0.0000E+00  0.6200E+02
    -11.682  0.0000E+00  0.6200E+02
    -11.664  0.0000E+00  0.6200E+02
    -11.646  0.0000E+00  0.6200E+02
    -11.628  0.0000E+00  0.6200E+02
    -11.609  0.0000E+00  0.6200E+02
    -11.591  0.0000E+00  0.6200E+02
    -11.573  0.0000E+00  0.6200E+02
    -11.554  0.0000E+00  0.6200E+02
    -11.536  0.0000E+00  0.6200E+02
    -11.518  0.0000E+00  0.6200E+02
    -11.500  0.0000E+00  0.6200E+02
    -11.481  0.0000E+00  0.6200E+02
    -11.463  0.0000E+00  0.6200E+02
    -11.445  0.0000E+00  0.6200E+02
    -11.427  0.0000E+00  0.6200E+02
    -11.408  0.0000E+00  0.6200E+02
    -11.390  0.0000E+00  0.6200E+02
    -11.372  0.0000E+00  0.6200E+02
    -11.354  0.0000E+00  0.6200E+02
    -11.335  0.0000E+00  0.6200E+02
    -11.317  0.0000E+00  0.6200E+02
    -11.299  0.0000E+00  0.6200E+02
    -11.281  0.0000E+00  0.6200E+02
    -11.262  0.0000E+00  0.6200E+02
    -11.244  0.0000E+00  0.6200E+02
    -11.226  0.0000E+00  0.6200E+02
    -11.208  0.0000E+00  0.6200E+02
    -11.189  0.0000E+00  0.6200E+02
    -11.171  0.0000E+00  0.6200E+02
    -11.153  0.0000E+00  0.6200E+02
    -11.135  0.0000E+00  0.6200E+02
    -11.116  0.0000E+00  0.6200E+02
    -11.098  0.0000E+00  0.6200E+02
    -11.080  0.0000E+00  0.6200E+02
    -11.062  0.0000E+00  0.6200E+02
    -11.043  0.0000E+00  0.6200E+02
    -11.025  0.0000E+00  0.6200E+02
    -11.007  0.0000E+00  0.6200E+02
    -10.989  0.0000E+00  0.6200E+02
    -10.970  0.0000E+00  0.6200E+02
    -10.952  0.0000E+00  0.6200E+02
    -10.934  0.0000E+00  0.6200E+02
    -10.916  0.0000E+00  0.6200E+02
    -10.897  0.0000E+00  0.6200E+02
    -10.879  0.0000E+00  0.6200E+02
    -10.861  0.0000E+00  0.6200E+02
    -10.843  0.0000E+00  0.6200E+02
    -10.824  0.0000E+00  0.6200E+02
    -10.806  0.0000E+00  0.6200E+02
    -10.788  0.0000E+00  0.6200E+02
    -10.770  0.0000E+00  0.6200E+02
    -10.751  0.0000E+00  0.6200E+02
    -10.733  0.0000E+00  0.6200E+02
    -10.715  0.0000E+00  0.6200E+02
    -10.697  0.0000E+00  0.6200E+02
    -10.678  0.0000E+00  0.6200E+02
    -10.660  0.0000E+00  0.6200E+02
    -10.642  0.0000E+00  0.6200E+02
    -10.624  0.0000E+00  0.6200E+02
    -10.605  0.0000E+00  0.6200E+02
    -10.587  0.0000E+00  0.6200E+02
    -10.569  0.0000E+00  0.6200E+02
    -10.551  0.0000E+00  0.6200E+02
    -10.532  0.0000E+00  0.6200E+02
    -10.514  0.0000E+00  0.6200E+02
    -10.496  0.0000E+00  0.6200E+02
    -10.478  0.0000E+00  0.6200E+02
    -10.459  0.0000E+00  0.6200E+02
    -10.441  0.0000E+00  0.6200E+02
    -10.423  0.0000E+00  0.6200E+02
    -10.405  0.0000E+00  0.6200E+02
    -10.386  0.0000E+00  0.6200E+02
    -10.368  0.0000E+00  0.6200E+02
    -10.350  0.0000E+00  0.6200E+02
    -10.332  0.0000E+00  0.6200E+02
    -10.313  0.0000E+00  0.6200E+02
    -10.295  0.0000E+00  0.6200E+02
    -10.277  0.0000E+00  0.6200E+02
    -10.259  0.0000E+00  0.6200E+02
    -10.240  0.0000E+00  0.6200E+02
    -10.222  0.0000E+00  0.6200E+02
    -10.204  0.0000E+00  0.6200E+02
    -10.186  0.0000E+00  0.6200E+02
    -10.167  0.0000E+00  0.6200E+02
    -10.149  0.0000E+00  0.6200E+02
    -10.131  0.0000E+00  0.6200E+02
    -10.113  0.0000E+00  0.6200E+02
    -10.094  0.0000E+00  0.6200E+02
    -10.076  0.0000E+00  0.6200E+02
    -10.058  0.0000E+00  0.6200E+02
    -10.040  0.0000E+00  0.6200E+02
    -10.021  0.0000E+00  0.6200E+02
    -10.003  0.0000E+00  0.6200E+02
     -9.985  0.0000E+00  0.6200E+02
     -9.967  0.0000E+00  0.6200E+02
     -9.948  0.0000E+00  0.6200E+02
     -9.930  0.0000E+00  0.6200E+02
     -9.912  0.0000E+00  0.6200E+02
     -9.894  0.0000E+00  0.6200E+02
     -9.875  0.0000E+00  0.6200E+02
     -9.857  0.0000E+00  0.6200E+02
     -9.839  0.0000E+00  0.6200E+02
     -9.821  0.0000E+00  0.6200E+02
     -9.802  0.0000E+00  0.6200E+02
     -9.784  0.0000E+00  0.6200E+02
     -9.766  0.0000E+00  0.6200E+02
     -9.748  0.0000E+00  0.6200E+02
     -9.729  0.0000E+00  0.6200E+02
     -9.711  0.0000E+00  0.6200E+02
     -9.693  0.0000E+00  0.6200E+02
     -9.675  0.0000E+00  0.6200E+02
     -9.656  0.0000E+00  0.6200E+02
     -9.638  0.0000E+00  0.6200E+02
     -9.620  0.0000E+00  0.6200E+02
     -9.602  0.0000E+00  0.6200E+02
     -9.583  0.0000E+00  0.6200E+02
     -9.565  0.0000E+00  0.6200E+02
     -9.547  0.0000E+00  0.6200E+02
     -9.529  0.0000E+00  0.6200E+02
     -9.510  0.0000E+00  0.6200E+02
     -9.492  0.0000E+00  0.6200E+02
     -9.474  0.0000E+00  0.6200E+02
     -9.456  0.0000E+00  0.6200E+02
     -9.437  0.0000E+00  0.6200E+02
     -9.419  0.0000E+00  0.6200E+02
     -9.401  0.0000E+00  0.6200E+02
     -9.383  0.0000E+00  0.6200E+02
     -9.364  0.0000E+00  0.6200E+02
     -9.346  0.0000E+00  0.6200E+02
     -9.328  0.0000E+00  0.6200E+02
     -9.310  0.0000E+00  0.6200E+02
     -9.291  0.0000E+00  0.6200E+02
     -9.273  0.0000E+00  0.6200E+02
     -9.255  0.0000E+00  0.6200E+02
     -9.237  0.0000E+00  0.6200E+02
     -9.218  0.0000E+00  0.6200E+02
     -9.200  0.0000E+00  0.6200E+02
     -9.182  0.0000E+00  0.6200E+02
     -9.164  0.0000E+00  0.6200E+02
     -9.145  0.0000E+00  0.6200E+02
     -9.127  0.0000E+00  0.6200E+02
     -9.109  0.0000E+00  0.6200E+02
     -9.091  0.0000E+00  0.6200E+02
     -9.072  0.0000E+00  0.6200E+02
     -9.054  0.0000E+00  0.6200E+02
     -9.036  0.0000E+00  0.6200E+02
     -9.018  0.0000E+00  0.6200E+02
     -8.999  0.0000E+00  0.6200E+02
     -8.981  0.0000E+00  0.6200E+02
     -8.963  0.0000E+00  0.6200E+02
     -8.944  0.0000E+00  0.6200E+02
     -8.926  0.0000E+00  0.6200E+02
     -8.908  0.0000E+00  0.6200E+02
     -8.890  0.0000E+00  0.6200E+02
     -8.871  0.0000E+00  0.6200E+02
     -8.853  0.0000E+00  0.6200E+02
     -8.835  0.0000E+00  0.6200E+02
     -8.817  0.0000E+00  0.6200E+02
     -8.798  0.0000E+00  0.6200E+02
     -8.780  0.0000E+00  0.6200E+02
     -8.762  0.0000E+00  0.6200E+02
     -8.744  0.0000E+00  0.6200E+02
     -8.725  0.0000E+00  0.6200E+02
     -8.707  0.0000E+00  0.6200E+02
     -8.689  0.0000E+00  0.6200E+02
     -8.671  0.0000E+00  0.6200E+02
     -8.652  0.0000E+00  0.6200E+02
     -8.634  0.0000E+00  0.6200E+02
     -8.616  0.0000E+00  0.6200E+02
     -8.598  0.0000E+00  0.6200E+02
     -8.579  0.0000E+00  0.6200E+02
     -8.561  0.0000E+00  0.6200E+02
     -8.543  0.0000E+00  0.6200E+02
     -8.525  0.0000E+00  0.6200E+02
     -8.506  0.0000E+00  0.6200E+02
     -8.488  0.0000E+00  0.6200E+02
     -8.470  0.0000E+00  0.6200E+02
     -8.452  0.0000E+00  0.6200E+02
     -8.433  0.0000E+00  0.6200E+02
     -8.415  0.0000E+00  0.6200E+02
     -8.397  0.0000E+00  0.6200E+02
     -8.379  0.0000E+00  0.6200E+02
     -8.360  0.0000E+00  0.6200E+02
     -8.342  0.0000E+00  0.6200E+02
     -8.324  0.0000E+00  0.6200E+02
     -8.306  0.0000E+00  0.6200E+02
     -8.287  0.0000E+00  0.6200E+02
     -8.269  0.0000E+00  0.6200E+02
     -8.251  0.0000E+00  0.6200E+02
     -8.233  0.0000E+00  0.6200E+02
     -8.214  0.0000E+00  0.6200E+02
     -8.196  0.0000E+00  0.6200E+02
     -8.178  0.0000E+00  0.6200E+02
     -8.160  0.0000E+00  0.6200E+02
     -8.141  0.0000E+00  0.6200E+02
     -8.123  0.0000E+00  0.6200E+02
     -8.105  0.0000E+00  0.6200E+02
     -8.087  0.0000E+00  0.6200E+02
     -8.068  0.0000E+00  0.6200E+02
     -8.050  0.0000E+00  0.6200E+02
     -8.032  0.0000E+00  0.6200E+02
     -8.014  0.0000E+00  0.6200E+02
     -7.995  0.0000E+00  0.6200E+02
     -7.977  0.0000E+00  0.6200E+02
     -7.959  0.0000E+00  0.6200E+02
     -7.941  0.0000E+00  0.6200E+02
     -7.922  0.0000E+00  0.6200E+02
     -7.904  0.0000E+00  0.6200E+02
     -7.886  0.0000E+00  0.6200E+02
     -7.868  0.0000E+00  0.6200E+02
     -7.849  0.0000E+00  0.6200E+02
     -7.831  0.0000E+00  0.6200E+02
     -7.813  0.0000E+00  0.6200E+02
     -7.795  0.0000E+00  0.6200E+02
     -7.776  0.0000E+00  0.6200E+02
     -7.758  0.0000E+00  0.6200E+02
     -7.740  0.0000E+00  0.6200E+02
     -7.722  0.0000E+00  0.6200E+02
     -7.703  0.0000E+00  0.6200E+02
     -7.685  0.0000E+00  0.6200E+02
     -7.667  0.0000E+00  0.6200E+02
     -7.649  0.0000E+00  0.6200E+02
     -7.630  0.0000E+00  0.6200E+02
     -7.612  0.0000E+00  0.6200E+02
     -7.594  0.0000E+00  0.6200E+02
     -7.576  0.0000E+00  0.6200E+02
     -7.557  0.0000E+00  0.6200E+02
     -7.539  0.0000E+00  0.6200E+02
     -7.521  0.0000E+00  0.6200E+02
     -7.503  0.0000E+00  0.6200E+02
     -7.484  0.0000E+00  0.6200E+02
     -7.466  0.0000E+00  0.6200E+02
     -7.448  0.0000E+00  0.6200E+02
     -7.430  0.0000E+00  0.6200E+02
     -7.411  0.0000E+00  0.6200E+02
     -7.393  0.0000E+00  0.6200E+02
     -7.375  0.0000E+00  0.6200E+02
     -7.357  0.0000E+00  0.6200E+02
     -7.338  0.0000E+00  0.6200E+02
     -7.320  0.0000E+00  0.6200E+02
     -7.302  0.0000E+00  0.6200E+02
     -7.284  0.0000E+00  0.6200E+02
     -7.265  0.0000E+00  0.6200E+02
     -7.247  0.0000E+00  0.6200E+02
     -7.229  0.0000E+00  0.6200E+02
     -7.211  0.0000E+00  0.6200E+02
     -7.192  0.0000E+00  0.6200E+02
     -7.174  0.0000E+00  0.6200E+02
     -7.156  0.0000E+00  0.6200E+02
     -7.138  0.0000E+00  0.6200E+02
     -7.119  0.0000E+00  0.6200E+02
     -7.101  0.0000E+00  0.6200E+02
     -7.083  0.0000E+00  0.6200E+02
     -7.065  0.0000E+00  0.6200E+02
     -7.046  0.0000E+00  0.6200E+02
     -7.028  0.0000E+00  0.6200E+02
     -7.010  0.0000E+00  0.6200E+02
     -6.992  0.0000E+00  0.6200E+02
     -6.973  0.0000E+00  0.6200E+02
     -6.955  0.0000E+00  0.6200E+02
     -6.937  0.0000E+00  0.6200E+02
     -6.919  0.0000E+00  0.6200E+02
     -6.900  0.0000E+00  0.6200E+02
     -6.882  0.0000E+00  0.6200E+02
     -6.864  0.0000E+00  0.6200E+02
     -6.846  0.0000E+00  0.6200E+02
     -6.827  0.0000E+00  0.6200E+02
     -6.809  0.0000E+00  0.6200E+02
     -6.791  0.0000E+00  0.6200E+02
     -6.773  0.0000E+00  0.6200E+02
     -6.754  0.0000E+00  0.6200E+02
     -6.736  0.0000E+00  0.6200E+02
     -6.718  0.0000E+00  0.6200E+02
     -6.700  0.0000E+00  0.6200E+02
     -6.681  0.0000E+00  0.6200E+02
     -6.663  0.0000E+00  0.6200E+02
     -6.645  0.0000E+00  0.6200E+02
     -6.627  0.0000E+00  0.6200E+02
     -6.608  0.0000E+00  0.6200E+02
     -6.590  0.0000E+00  0.6200E+02
     -6.572  0.0000E+00  0.6200E+02
     -6.554  0.0000E+00  0.6200E+02
     -6.535  0.0000E+00  0.6200E+02
     -6.517  0.0000E+00  0.6200E+02
     -6.499  0.0000E+00  0.6200E+02
     -6.481  0.0000E+00  0.6200E+02
     -6.462  0.0000E+00  0.6200E+02
     -6.444  0.0000E+00  0.6200E+02
     -6.426  0.0000E+00  0.6200E+02
     -6.407  0.0000E+00  0.6200E+02
     -6.389  0.0000E+00  0.6200E+02
     -6.371  0.0000E+00  0.6200E+02
     -6.353  0.0000E+00  0.6200E+02
     -6.334  0.0000E+00  0.6200E+02
     -6.316  0.0000E+00  0.6200E+02
     -6.298  0.0000E+00  0.6200E+02
     -6.280  0.0000E+00  0.6200E+02
     -6.261  0.0000E+00  0.6200E+02
     -6.243  0.0000E+00  0.6200E+02
     -6.225  0.0000E+00  0.6200E+02
     -6.207  0.0000E+00  0.6200E+02
     -6.188  0.0000E+00  0.6200E+02
     -6.170  0.0000E+00  0.6200E+02
     -6.152  0.0000E+00  0.6200E+02
     -6.134  0.0000E+00  0.6200E+02
     -6.115  0.0000E+00  0.6200E+02
     -6.097  0.0000E+00  0.6200E+02
     -6.079  0.0000E+00  0.6200E+02
     -6.061  0.0000E+00  0.6200E+02
     -6.042  0.0000E+00  0.6200E+02
     -6.024  0.0000E+00  0.6200E+02
     -6.006  0.0000E+00  0.6200E+02
     -5.988  0.0000E+00  0.6200E+02
     -5.969  0.0000E+00  0.6200E+02
     -5.951  0.0000E+00  0.6200E+02
     -5.933  0.0000E+00  0.6200E+02
     -5.915  0.0000E+00  0.6200E+02
     -5.896  0.0000E+00  0.6200E+02
     -5.878  0.0000E+00  0.6200E+02
     -5.860  0.0000E+00  0.6200E+02
     -5.842  0.0000E+00  0.6200E+02
     -5.823  0.0000E+00  0.6200E+02
     -5.805  0.0000E+00  0.6200E+02
     -5.787  0.0000E+00  0.6200E+02
     -5.769  0.0000E+00  0.6200E+02
     -5.750  0.0000E+00  0.6200E+02
     -5.732  0.0000E+00  0.6200E+02
     -5.714  0.0000E+00  0.6200E+02
     -5.696  0.0000E+00  0.6200E+02
     -5.677  0.0000E+00  0.6200E+02
     -5.659  0.0000E+00  0.6200E+02
     -5.641  0.0000E+00  0.6200E+02
     -5.623  0.0000E+00  0.6200E+02
     -5.604  0.0000E+00  0.6200E+02
     -5.586  0.0000E+00  0.6200E+02
     -5.568  0.0000E+00  0.6200E+02
     -5.550  0.0000E+00  0.6200E+02
     -5.531  0.0000E+00  0.6200E+02
     -5.513  0.0000E+00  0.6200E+02
     -5.495  0.0000E+00  0.6200E+02
     -5.477  0.0000E+00  0.6200E+02
     -5.458  0.0000E+00  0.6200E+02
     -5.440  0.0000E+00  0.6200E+02
     -5.422  0.0000E+00  0.6200E+02
     -5.404  0.0000E+00  0.6200E+02
     -5.385  0.0000E+00  0.6200E+02
     -5.367  0.0000E+00  0.6200E+02
     -5.349  0.0000E+00  0.6200E+02
     -5.331  0.0000E+00  0.6200E+02
     -5.312  0.0000E+00  0.6200E+02
     -5.294  0.0000E+00  0.6200E+02
     -5.276  0.0000E+00  0.6200E+02
     -5.258  0.0000E+00  0.6200E+02
     -5.239  0.0000E+00  0.6200E+02
     -5.221  0.0000E+00  0.6200E+02
     -5.203  0.0000E+00  0.6200E+02
     -5.185  0.0000E+00  0.6200E+02
     -5.166  0.0000E+00  0.6200E+02
     -5.148  0.0000E+00  0.6200E+02
     -5.130  0.0000E+00  0.6200E+02
     -5.112  0.0000E+00  0.6200E+02
     -5.093  0.0000E+00  0.6200E+02
     -5.075  0.0000E+00  0.6200E+02
     -5.057  0.0000E+00  0.6200E+02
     -5.039  0.0000E+00  0.6200E+02
     -5.020  0.0000E+00  0.6200E+02
     -5.002  0.0000E+00  0.6200E+02
     -4.984  0.0000E+00  0.6200E+02
     -4.966  0.0000E+00  0.6200E+02
     -4.947  0.0000E+00  0.6200E+02
     -4.929  0.0000E+00  0.6200E+02
     -4.911  0.0000E+00  0.6200E+02
     -4.893  0.0000E+00  0.6200E+02
     -4.874  0.0000E+00  0.6200E+02
     -4.856  0.0000E+00  0.6200E+02
     -4.838  0.0000E+00  0.6200E+02
     -4.820  0.0000E+00  0.6200E+02
     -4.801  0.0000E+00  0.6200E+02
     -4.783  0.0000E+00  0.6200E+02
     -4.765  0.0000E+00  0.6200E+02
     -4.747  0.0000E+00  0.6200E+02
     -4.728  0.0000E+00  0.6200E+02
     -4.710  0.0000E+00  0.6200E+02
     -4.692  0.0000E+00  0.6200E+02
     -4.674  0.0000E+00  0.6200E+02
     -4.655  0.0000E+00  0.6200E+02
     -4.637  0.0000E+00  0.6200E+02
     -4.619  0.0000E+00  0.6200E+02
     -4.601  0.0000E+00  0.6200E+02
     -4.582  0.0000E+00  0.6200E+02
     -4.564  0.0000E+00  0.6200E+02
     -4.546  0.0000E+00  0.6200E+02
     -4.528  0.0000E+00  0.6200E+02
     -4.509  0.0000E+00  0.6200E+02
     -4.491  0.0000E+00  0.6200E+02
     -4.473  0.0000E+00  0.6200E+02
     -4.455  0.0000E+00  0.6200E+02
     -4.436  0.0000E+00  0.6200E+02
     -4.418  0.0000E+00  0.6200E+02
     -4.400  0.0000E+00  0.6200E+02
     -4.382  0.0000E+00  0.6200E+02
     -4.363  0.0000E+00  0.6200E+02
     -4.345  0.0000E+00  0.6200E+02
     -4.327  0.0000E+00  0.6200E+02
     -4.309  0.0000E+00  0.6200E+02
     -4.290  0.0000E+00  0.6200E+02
     -4.272  0.0000E+00  0.6200E+02
     -4.254  0.0000E+00  0.6200E+02
     -4.236  0.0000E+00  0.6200E+02
     -4.217  0.0000E+00  0.6200E+02
     -4.199  0.0000E+00  0.6200E+02
     -4.181  0.0000E+00  0.6200E+02
     -4.163  0.0000E+00  0.6200E+02
     -4.144  0.0000E+00  0.6200E+02
     -4.126  0.0000E+00  0.6200E+02
     -4.108  0.0000E+00  0.6200E+02
     -4.090  0.0000E+00  0.6200E+02
     -4.071  0.0000E+00  0.6200E+02
     -4.053  0.0000E+00  0.6200E+02
     -4.035  0.0000E+00  0.6200E+02
     -4.017  0.0000E+00  0.6200E+02
     -3.998  0.0000E+00  0.6200E+02
     -3.980  0.0000E+00  0.6200E+02
     -3.962  0.0000E+00  0.6200E+02
     -3.944  0.0000E+00  0.6200E+02
     -3.925  0.0000E+00  0.6200E+02
     -3.907  0.0000E+00  0.6200E+02
     -3.889  0.0000E+00  0.6200E+02
     -3.870  0.0000E+00  0.6200E+02
     -3.852  0.0000E+00  0.6200E+02
     -3.834  0.0000E+00  0.6200E+02
     -3.816  0.0000E+00  0.6200E+02
     -3.797  0.0000E+00  0.6200E+02
     -3.779  0.0000E+00  0.6200E+02
     -3.761  0.0000E+00  0.6200E+02
     -3.743  0.0000E+00  0.6200E+02
     -3.724  0.0000E+00  0.6200E+02
     -3.706  0.0000E+00  0.6200E+02
     -3.688  0.0000E+00  0.6200E+02
     -3.670  0.0000E+00  0.6200E+02
     -3.651  0.0000E+00  0.6200E+02
     -3.633  0.0000E+00  0.6200E+02
     -3.615  0.0000E+00  0.6200E+02
     -3.597  0.0000E+00  0.6200E+02
     -3.578  0.0000E+00  0.6200E+02
     -3.560  0.0000E+00  0.6200E+02
     -3.542  0.0000E+00  0.6200E+02
     -3.524  0.0000E+00  0.6200E+02
     -3.505  0.0000E+00  0.6200E+02
     -3.487  0.0000E+00  0.6200E+02
     -3.469  0.0000E+00  0.6200E+02
     -3.451  0.0000E+00  0.6200E+02
     -3.432  0.0000E+00  0.6200E+02
     -3.414  0.0000E+00  0.6200E+02
     -3.396  0.0000E+00  0.6200E+02
     -3.378  0.0000E+00  0.6200E+02
     -3.359  0.0000E+00  0.6200E+02
     -3.341  0.0000E+00  0.6200E+02
     -3.323  0.0000E+00  0.6200E+02
     -3.305  0.0000E+00  0.6200E+02
     -3.286  0.0000E+00  0.6200E+02
     -3.268  0.0000E+00  0.6200E+02
     -3.250  0.0000E+00  0.6200E+02
     -3.232  0.0000E+00  0.6200E+02
     -3.213  0.0000E+00  0.6200E+02
     -3.195  0.0000E+00  0.6200E+02
     -3.177  0.0000E+00  0.6200E+02
     -3.159  0.0000E+00  0.6200E+02
     -3.140  0.0000E+00  0.6200E+02
     -3.122  0.0000E+00  0.6200E+02
     -3.104  0.0000E+00  0.6200E+02
     -3.086  0.0000E+00  0.6200E+02
     -3.067  0.0000E+00  0.6200E+02
     -3.049  0.0000E+00  0.6200E+02
     -3.031  0.0000E+00  0.6200E+02
     -3.013  0.0000E+00  0.6200E+02
     -2.994  0.0000E+00  0.6200E+02
     -2.976  0.0000E+00  0.6200E+02
     -2.958  0.0000E+00  0.6200E+02
     -2.940  0.0000E+00  0.6200E+02
     -2.921  0.0000E+00  0.6200E+02
     -2.903  0.0000E+00  0.6200E+02
     -2.885  0.0000E+00  0.6200E+02
     -2.867  0.0000E+00  0.6200E+02
     -2.848  0.0000E+00  0.6200E+02
     -2.830  0.0000E+00  0.6200E+02
     -2.812  0.0000E+00  0.6200E+02
     -2.794  0.0000E+00  0.6200E+02
     -2.775  0.0000E+00  0.6200E+02
     -2.757  0.0000E+00  0.6200E+02
     -2.739  0.0000E+00  0.6200E+02
     -2.721  0.0000E+00  0.6200E+02
     -2.702  0.0000E+00  0.6200E+02
     -2.684  0.0000E+00  0.6200E+02
     -2.666  0.0000E+00  0.6200E+02
     -2.648  0.0000E+00  0.6200E+02
     -2.629  0.0000E+00  0.6200E+02
     -2.611  0.0000E+00  0.6200E+02
     -2.593  0.0000E+00  0.6200E+02
     -2.575  0.0000E+00  0.6200E+02
     -2.556  0.0000E+00  0.6200E+02
     -2.538  0.0000E+00  0.6200E+02
     -2.520  0.0000E+00  0.6200E+02
     -2.502  0.0000E+00  0.6200E+02
     -2.483  0.0000E+00  0.6200E+02
     -2.465  0.0000E+00  0.6200E+02
     -2.447  0.0000E+00  0.6200E+02
     -2.429  0.0000E+00  0.6200E+02
     -2.410  0.0000E+00  0.6200E+02
     -2.392  0.0000E+00  0.6200E+02
     -2.374  0.0000E+00  0.6200E+02
     -2.356  0.0000E+00  0.6200E+02
     -2.337  0.0000E+00  0.6200E+02
     -2.319  0.0000E+00  0.6200E+02
     -2.301  0.0000E+00  0.6200E+02
     -2.283  0.0000E+00  0.6200E+02
     -2.264  0.0000E+00  0.6200E+02
     -2.246  0.0000E+00  0.6200E+02
     -2.228  0.0000E+00  0.6200E+02
     -2.210  0.0000E+00  0.6200E+02
     -2.191  0.0000E+00  0.6200E+02
     -2.173  0.0000E+00  0.6200E+02
     -2.155  0.0000E+00  0.6200E+02
     -2.137  0.0000E+00  0.6200E+02
     -2.118  0.0000E+00  0.6200E+02
     -2.100  0.0000E+00  0.6200E+02
     -2.082  0.0000E+00  0.6200E+02
     -2.064  0.0000E+00  0.6200E+02
     -2.045  0.0000E+00  0.6200E+02
     -2.027  0.0000E+00  0.6200E+02
     -2.009  0.0000E+00  0.6200E+02
     -1.991  0.0000E+00  0.6200E+02
     -1.972  0.0000E+00  0.6200E+02
     -1.954  0.0000E+00  0.6200E+02
     -1.936  0.0000E+00  0.6200E+02
     -1.918  0.0000E+00  0.6200E+02
     -1.899  0.0000E+00  0.6200E+02
     -1.881  0.0000E+00  0.6200E+02
     -1.863  0.0000E+00  0.6200E+02
     -1.845  0.0000E+00  0.6200E+02
     -1.826  0.0000E+00  0.6200E+02
     -1.808  0.0000E+00  0.6200E+02
     -1.790  0.0000E+00  0.6200E+02
     -1.772  0.0000E+00  0.6200E+02
     -1.753  0.0000E+00  0.6200E+02
     -1.735  0.0000E+00  0.6200E+02
     -1.717  0.0000E+00  0.6200E+02
     -1.699  0.0000E+00  0.6200E+02
     -1.680  0.0000E+00  0.6200E+02
     -1.662  0.0000E+00  0.6200E+02
     -1.644  0.0000E+00  0.6200E+02
     -1.626  0.0000E+00  0.6200E+02
     -1.607  0.0000E+00  0.6200E+02
     -1.589  0.0000E+00  0.6200E+02
     -1.571  0.0000E+00  0.6200E+02
     -1.553  0.0000E+00  0.6200E+02
     -1.534  0.0000E+00  0.6200E+02
     -1.516  0.0000E+00  0.6200E+02
     -1.498  0.0000E+00  0.6200E+02
     -1.480  0.0000E+00  0.6200E+02
     -1.461  0.0000E+00  0.6200E+02
     -1.443  0.0000E+00  0.6200E+02
     -1.425  0.0000E+00  0.6200E+02
     -1.407  0.0000E+00  0.6200E+02
     -1.388  0.0000E+00  0.6200E+02
     -1.370  0.0000E+00  0.6200E+02
     -1.352  0.5582E-02  0.6200E+02
     -1.333  0.2785E-01  0.6200E+02
     -1.315  0.6709E-01  0.6200E+02
     -1.297  0.1268E+00  0.6200E+02
     -1.279  0.2404E+00  0.6201E+02
     -1.260  0.4162E+00  0.6201E+02
     -1.242  0.6542E+00  0.6202E+02
     -1.224  0.9543E+00  0.6204E+02
     -1.206  0.1317E+01  0.6206E+02
     -1.187  0.1741E+01  0.6208E+02
     -1.169  0.2228E+01  0.6212E+02
     -1.151  0.2777E+01  0.6217E+02
     -1.133  0.3388E+01  0.6222E+02
     -1.114  0.4061E+01  0.6229E+02
     -1.096  0.4796E+01  0.6237E+02
     -1.078  0.5594E+01  0.6247E+02
     -1.060  0.6454E+01  0.6258E+02
     -1.041  0.7375E+01  0.6270E+02
     -1.023  0.8360E+01  0.6285E+02
     -1.005  0.9406E+01  0.6301E+02
     -0.987  0.1051E+02  0.6319E+02
     -0.968  0.1188E+02  0.6339E+02
     -0.950  0.1324E+02  0.6362E+02
     -0.932  0.1459E+02  0.6388E+02
     -0.914  0.1592E+02  0.6416E+02
     -0.895  0.1723E+02  0.6446E+02
     -0.877  0.2224E+02  0.6480E+02
     -0.859  0.2962E+02  0.6528E+02
     -0.841  0.3515E+02  0.6587E+02
     -0.822  0.3882E+02  0.6655E+02
     -0.804  0.4643E+02  0.6730E+02
     -0.786  0.6263E+02  0.6827E+02
     -0.768  0.6545E+02  0.6944E+02
     -0.749  0.6618E+02  0.7065E+02
     -0.731  0.6482E+02  0.7185E+02
     -0.713  0.5585E+02  0.7295E+02
     -0.695  0.5144E+02  0.7393E+02
     -0.676  0.4637E+02  0.7482E+02
     -0.658  0.4077E+02  0.7562E+02
     -0.640  0.3436E+02  0.7631E+02
     -0.622  0.2700E+02  0.7687E+02
     -0.603  0.2682E+02  0.7735E+02
     -0.585  0.2587E+02  0.7784E+02
     -0.567  0.2355E+02  0.7829E+02
     -0.549  0.1986E+02  0.7869E+02
     -0.530  0.1477E+02  0.7901E+02
     -0.512  0.8245E+01  0.7922E+02
     -0.494  0.1276E+02  0.7939E+02
     -0.476  0.2104E+02  0.7970E+02
     -0.457  0.3304E+02  0.8019E+02
     -0.439  0.4348E+02  0.8089E+02
     -0.421  0.5235E+02  0.8177E+02
     -0.403  0.5966E+02  0.8280E+02
     -0.384  0.8183E+02  0.8401E+02
     -0.366  0.9764E+02  0.8570E+02
     -0.348  0.1090E+03  0.8754E+02
     -0.330  0.5281E+02  0.8906E+02
     -0.311  0.5055E+02  0.9000E+02
     -0.293  0.4933E+02  0.9091E+02
     -0.275  0.4880E+02  0.9181E+02
     -0.257  0.4874E+02  0.9270E+02
     -0.238  0.4937E+02  0.9359E+02
     -0.220  0.5089E+02  0.9450E+02
     -0.202  0.5291E+02  0.9545E+02
     -0.184  0.5607E+02  0.9644E+02
     -0.165  0.5961E+02  0.9750E+02
     -0.147  0.6248E+02  0.9861E+02
     -0.129  0.5843E+02  0.9975E+02
     -0.111  0.5601E+02  0.1008E+03
     -0.092  0.5445E+02  0.1018E+03
     -0.074  0.5092E+02  0.1027E+03
     -0.056  0.4648E+02  0.1036E+03
     -0.038  0.3980E+02  0.1044E+03
     -0.019  0.3116E+02  0.1051E+03
     -0.001  0.2629E+02  0.1056E+03
      0.017  0.2478E+02  0.1061E+03
      0.035  0.2402E+02  0.1065E+03
      0.054  0.2335E+02  0.1069E+03
      0.072  0.2263E+02  0.1074E+03
      0.090  0.2304E+02  0.1078E+03
      0.108  0.2369E+02  0.1082E+03
      0.127  0.2421E+02  0.1086E+03
      0.145  0.2448E+02  0.1091E+03
      0.163  0.2469E+02  0.1095E+03
      0.181  0.2484E+02  0.1100E+03
      0.200  0.2496E+02  0.1104E+03
      0.218  0.2502E+02  0.1109E+03
      0.236  0.2503E+02  0.1114E+03
      0.254  0.2452E+02  0.1118E+03
      0.273  0.2405E+02  0.1122E+03
      0.291  0.2367E+02  0.1127E+03
      0.309  0.2336E+02  0.1131E+03
      0.327  0.2314E+02  0.1135E+03
      0.346  0.2514E+02  0.1140E+03
      0.364  0.2909E+02  0.1145E+03
      0.382  0.3155E+02  0.1150E+03
      0.400  0.2706E+02  0.1156E+03
      0.419  0.2367E+02  0.1160E+03
      0.437  0.2232E+02  0.1164E+03
      0.455  0.1643E+02  0.1168E+03
      0.473  0.1031E+02  0.1170E+03
      0.492  0.1224E+02  0.1172E+03
      0.510  0.1368E+02  0.1175E+03
      0.528  0.1460E+02  0.1177E+03
      0.546  0.1503E+02  0.1180E+03
      0.565  0.1495E+02  0.1183E+03
      0.583  0.1438E+02  0.1185E+03
      0.601  0.1381E+02  0.1188E+03
      0.619  0.1676E+02  0.1191E+03
      0.638  0.2417E+02  0.1194E+03
      0.656  0.3604E+02  0.1200E+03
      0.674  0.5883E+02  0.1208E+03
      0.692  0.4412E+02  0.1218E+03
      0.711  0.3960E+02  0.1226E+03
      0.729  0.3897E+02  0.1233E+03
      0.747  0.3765E+02  0.1240E+03
      0.765  0.3563E+02  0.1247E+03
      0.784  0.3292E+02  0.1253E+03
      0.802  0.2949E+02  0.1259E+03
      0.820  0.2385E+02  0.1264E+03
      0.838  0.1847E+02  0.1267E+03
      0.857  0.1454E+02  0.1270E+03
      0.875  0.1206E+02  0.1273E+03
      0.893  0.1103E+02  0.1275E+03
      0.911  0.1121E+02  0.1277E+03
      0.930  0.1149E+02  0.1279E+03
      0.948  0.1171E+02  0.1281E+03
      0.966  0.1191E+02  0.1283E+03
      0.984  0.1246E+02  0.1285E+03
      1.003  0.1352E+02  0.1288E+03
      1.021  0.1508E+02  0.1290E+03
      1.039  0.1591E+02  0.1293E+03
      1.057  0.1661E+02  0.1296E+03
      1.076  0.1725E+02  0.1299E+03
      1.094  0.1782E+02  0.1302E+03
      1.112  0.1834E+02  0.1306E+03
      1.130  0.1881E+02  0.1309E+03
      1.149  0.1921E+02  0.1313E+03
      1.167  0.1956E+02  0.1316E+03
      1.185  0.1985E+02  0.1320E+03
      1.203  0.2008E+02  0.1323E+03
      1.222  0.2025E+02  0.1327E+03
      1.240  0.2037E+02  0.1331E+03
      1.258  0.2043E+02  0.1335E+03
      1.277  0.2043E+02  0.1338E+03
      1.295  0.2037E+02  0.1342E+03
      1.313  0.2025E+02  0.1346E+03
      1.331  0.2008E+02  0.1349E+03
      1.350  0.1985E+02  0.1353E+03
      1.368  0.1891E+02  0.1357E+03
      1.386  0.1805E+02  0.1360E+03
      1.404  0.1733E+02  0.1363E+03
      1.423  0.1675E+02  0.1366E+03
      1.441  0.1694E+02  0.1369E+03
      1.459  0.1985E+02  0.1373E+03
      1.477  0.2604E+02  0.1377E+03
      1.496  0.3560E+02  0.1382E+03
      1.514  0.4318E+02  0.1390E+03
      1.532  0.7173E+02  0.1399E+03
      1.550  0.5197E+02  0.1417E+03
      1.569  0.6433E+02  0.1429E+03
      1.587  0.4518E+02  0.1439E+03
      1.605  0.4892E+02  0.1447E+03
      1.623  0.5153E+02  0.1457E+03
      1.642  0.4825E+02  0.1466E+03
      1.660  0.2599E+02  0.1478E+03
      1.678  0.3007E+02  0.1483E+03
      1.696  0.3427E+02  0.1489E+03
      1.715  0.3858E+02  0.1496E+03
      1.733  0.4295E+02  0.1503E+03
      1.751  0.4769E+02  0.1512E+03
      1.769  0.5260E+02  0.1521E+03
      1.788  0.5534E+02  0.1531E+03
      1.806  0.5628E+02  0.1541E+03
      1.824  0.5560E+02  0.1551E+03
      1.842  0.5328E+02  0.1561E+03
      1.861  0.4908E+02  0.1570E+03
      1.879  0.4318E+02  0.1579E+03
      1.897  0.3563E+02  0.1586E+03
      1.915  0.3131E+02  0.1592E+03
      1.934  0.3090E+02  0.1598E+03
      1.952  0.3052E+02  0.1603E+03
      1.970  0.3018E+02  0.1609E+03
      1.988  0.2975E+02  0.1614E+03
      2.007  0.3021E+02  0.1620E+03
      2.025  0.3119E+02  0.1625E+03
      2.043  0.3220E+02  0.1631E+03
      2.061  0.3322E+02  0.1637E+03
      2.080  0.3444E+02  0.1643E+03
      2.098  0.3595E+02  0.1650E+03
      2.116  0.3730E+02  0.1656E+03
      2.134  0.3864E+02  0.1663E+03
      2.153  0.4035E+02  0.1671E+03
      2.171  0.4245E+02  0.1678E+03
      2.189  0.4494E+02  0.1686E+03
      2.207  0.4782E+02  0.1695E+03
      2.226  0.5110E+02  0.1704E+03
      2.244  0.6265E+02  0.1714E+03
      2.262  0.9210E+02  0.1728E+03
      2.280  0.1185E+03  0.1748E+03
      2.299  0.8282E+02  0.1766E+03
      2.317  0.9026E+02  0.1798E+03
      2.335  0.9844E+02  0.1819E+03
      2.353  0.7190E+02  0.1834E+03
      2.372  0.7313E+02  0.1847E+03
      2.390  0.7883E+02  0.1861E+03
      2.408  0.8552E+02  0.1876E+03
      2.426  0.9274E+02  0.1892E+03
      2.445  0.1005E+03  0.1910E+03
      2.463  0.9853E+02  0.1928E+03
      2.481  0.1019E+03  0.1946E+03
      2.499  0.1134E+03  0.1966E+03
      2.518  0.1030E+03  0.1986E+03
      2.536  0.8548E+02  0.2003E+03
      2.554  0.8207E+02  0.2018E+03
      2.572  0.7767E+02  0.2033E+03
      2.591  0.6972E+02  0.2046E+03
      2.609  0.6109E+02  0.2058E+03
      2.627  0.5431E+02  0.2069E+03
      2.645  0.4900E+02  0.2078E+03
      2.664  0.4841E+02  0.2087E+03
      2.682  0.8770E+02  0.2097E+03
      2.700  0.5758E+02  0.2113E+03
      2.718  0.4854E+02  0.2122E+03
      2.737  0.4343E+02  0.2131E+03
      2.755  0.3417E+02  0.2138E+03
      2.773  0.2919E+02  0.2143E+03
      2.791  0.3375E+02  0.2149E+03
      2.810  0.3821E+02  0.2156E+03
      2.828  0.4508E+02  0.2163E+03
      2.846  0.6946E+02  0.2173E+03
      2.864  0.1402E+03  0.2192E+03
      2.883  0.1972E+03  0.2223E+03
      2.901  0.1652E+03  0.2260E+03
      2.919  0.1386E+03  0.2289E+03
      2.937  0.7830E+02  0.2307E+03
      2.956  0.7574E+02  0.2321E+03
      2.974  0.7169E+02  0.2334E+03
      2.992  0.6709E+02  0.2347E+03
      3.010  0.5987E+02  0.2359E+03
      3.029  0.5000E+02  0.2369E+03
      3.047  0.3898E+02  0.2377E+03
      3.065  0.3197E+02  0.2383E+03
      3.083  0.2620E+02  0.2389E+03
      3.102  0.2117E+02  0.2393E+03
      3.120  0.1686E+02  0.2396E+03
      3.138  0.1328E+02  0.2399E+03
      3.156  0.1043E+02  0.2401E+03
      3.175  0.8304E+01  0.2403E+03
      3.193  0.6910E+01  0.2404E+03
      3.211  0.6244E+01  0.2405E+03
      3.229  0.6272E+01  0.2407E+03
      3.248  0.6859E+01  0.2408E+03
      3.266  0.2770E+02  0.2410E+03
      3.284  0.5682E+02  0.2418E+03
      3.302  0.5286E+02  0.2429E+03
      3.321  0.1595E+02  0.2436E+03
      3.339  0.1948E+02  0.2439E+03
      3.357  0.2419E+02  0.2443E+03
      3.375  0.6142E+02  0.2450E+03
      3.394  0.6349E+02  0.2462E+03
      3.412  0.2141E+02  0.2470E+03
      3.430  0.1637E+02  0.2473E+03
      3.448  0.1200E+02  0.2476E+03
      3.467  0.8313E+01  0.2477E+03
      3.485  0.5299E+01  0.2479E+03
      3.503  0.2961E+01  0.2479E+03
      3.521  0.1299E+01  0.2480E+03
      3.540  0.3118E+00  0.2480E+03
      3.558  0.0000E+00  0.2480E+03
      3.576  0.0000E+00  0.2480E+03
      3.594  0.0000E+00  0.2480E+03
      3.613  0.0000E+00  0.2480E+03
      3.631  0.0000E+00  0.2480E+03
      3.649  0.0000E+00  0.2480E+03
      3.667  0.0000E+00  0.2480E+03
      3.686  0.0000E+00  0.2480E+03
      3.704  0.0000E+00  0.2480E+03
      3.722  0.0000E+00  0.2480E+03
      3.740  0.0000E+00  0.2480E+03
      3.759  0.0000E+00  0.2480E+03
      3.777  0.0000E+00  0.2480E+03
      3.795  0.0000E+00  0.2480E+03
      3.814  0.0000E+00  0.2480E+03
      3.832  0.0000E+00  0.2480E+03
      3.850  0.0000E+00  0.2480E+03
      3.868  0.0000E+00  0.2480E+03
      3.887  0.0000E+00  0.2480E+03
      3.905  0.0000E+00  0.2480E+03
      3.923  0.0000E+00  0.2480E+03
      3.941  0.0000E+00  0.2480E+03
      3.960  0.0000E+00  0.2480E+03
      3.978  0.0000E+00  0.2480E+03
      3.996  0.0000E+00  0.2480E+03
      4.014  0.0000E+00  0.2480E+03
      4.033  0.0000E+00  0.2480E+03
      4.051  0.0000E+00  0.2480E+03
      4.069  0.0000E+00  0.2480E+03
      4.087  0.0000E+00  0.2480E+03
      4.106  0.0000E+00  0.2480E+03
      4.124  0.0000E+00  0.2480E+03
      4.142  0.0000E+00  0.2480E+03
      4.160  0.0000E+00  0.2480E+03
      4.179  0.0000E+00  0.2480E+03
      4.197  0.0000E+00  0.2480E+03
      4.215  0.0000E+00  0.2480E+03
      4.233  0.0000E+00  0.2480E+03
      4.252  0.0000E+00  0.2480E+03
      4.270  0.0000E+00  0.2480E+03
      4.288  0.0000E+00  0.2480E+03
      4.306  0.0000E+00  0.2480E+03
      4.325  0.0000E+00  0.2480E+03
      4.343  0.0000E+00  0.2480E+03
      4.361  0.0000E+00  0.2480E+03
      4.379  0.0000E+00  0.2480E+03
      4.398  0.0000E+00  0.2480E+03
      4.416  0.0000E+00  0.2480E+03
      4.434  0.0000E+00  0.2480E+03
      4.452  0.0000E+00  0.2480E+03
      4.471  0.0000E+00  0.2480E+03
      4.489  0.0000E+00  0.2480E+03
      4.507  0.0000E+00  0.2480E+03
      4.525  0.0000E+00  0.2480E+03
      4.544  0.0000E+00  0.2480E+03
      4.562  0.0000E+00  0.2480E+03
      4.580  0.0000E+00  0.2480E+03
      4.598  0.0000E+00  0.2480E+03
      4.617  0.0000E+00  0.2480E+03
      4.635  0.0000E+00  0.2480E+03
      4.653  0.0000E+00  0.2480E+03
      4.671  0.0000E+00  0.2480E+03
      4.690  0.0000E+00  0.2480E+03
      4.708  0.0000E+00  0.2480E+03
      4.726  0.0000E+00  0.2480E+03
      4.744  0.0000E+00  0.2480E+03
      4.763  0.0000E+00  0.2480E+03
      4.781  0.0000E+00  0.2480E+03
      4.799  0.0000E+00  0.2480E+03
      4.817  0.0000E+00  0.2480E+03
      4.836  0.0000E+00  0.2480E+03
      4.854  0.0000E+00  0.2480E+03
      4.872  0.0000E+00  0.2480E+03
      4.890  0.0000E+00  0.2480E+03
      4.909  0.0000E+00  0.2480E+03
      4.927  0.0000E+00  0.2480E+03
      4.945  0.0000E+00  0.2480E+03
      4.963  0.0000E+00  0.2480E+03
      4.982  0.0000E+00  0.2480E+03
      5.000  0.0000E+00  0.2480E+03
      5.018  0.0000E+00  0.2480E+03
      5.036  0.0000E+00  0.2480E+03
      5.055  0.0000E+00  0.2480E+03
      5.073  0.0000E+00  0.2480E+03
      5.091  0.0000E+00  0.2480E+03
      5.109  0.0000E+00  0.2480E+03
      5.128  0.0000E+00  0.2480E+03
      5.146  0.0000E+00  0.2480E+03
      5.164  0.0000E+00  0.2480E+03
      5.182  0.0000E+00  0.2480E+03
      5.201  0.0000E+00  0.2480E+03
      5.219  0.0000E+00  0.2480E+03
      5.237  0.0000E+00  0.2480E+03
      5.255  0.0000E+00  0.2480E+03
      5.274  0.0000E+00  0.2480E+03
      5.292  0.0000E+00  0.2480E+03
      5.310  0.0000E+00  0.2480E+03
      5.328  0.0000E+00  0.2480E+03
      5.347  0.0000E+00  0.2480E+03
      5.365  0.0000E+00  0.2480E+03
      5.383  0.0000E+00  0.2480E+03
      5.401  0.0000E+00  0.2480E+03
      5.420  0.0000E+00  0.2480E+03
      5.438  0.0000E+00  0.2480E+03
      5.456  0.0000E+00  0.2480E+03
      5.474  0.0000E+00  0.2480E+03
      5.493  0.0000E+00  0.2480E+03
      5.511  0.0000E+00  0.2480E+03
      5.529  0.0000E+00  0.2480E+03
      5.547  0.0000E+00  0.2480E+03
      5.566  0.0000E+00  0.2480E+03
      5.584  0.0000E+00  0.2480E+03
      5.602  0.0000E+00  0.2480E+03
      5.620  0.0000E+00  0.2480E+03
      5.639  0.0000E+00  0.2480E+03
      5.657  0.0000E+00  0.2480E+03
      5.675  0.0000E+00  0.2480E+03
      5.693  0.0000E+00  0.2480E+03
      5.712  0.0000E+00  0.2480E+03
      5.730  0.0000E+00  0.2480E+03
      5.748  0.0000E+00  0.2480E+03
      5.766  0.0000E+00  0.2480E+03
      5.785  0.0000E+00  0.2480E+03
      5.803  0.0000E+00  0.2480E+03
      5.821  0.0000E+00  0.2480E+03
      5.839  0.0000E+00  0.2480E+03
      5.858  0.0000E+00  0.2480E+03
      5.876  0.0000E+00  0.2480E+03
      5.894  0.0000E+00  0.2480E+03
      5.912  0.0000E+00  0.2480E+03
      5.931  0.0000E+00  0.2480E+03
      5.949  0.0000E+00  0.2480E+03
      5.967  0.0000E+00  0.2480E+03
      5.985  0.0000E+00  0.2480E+03
      6.004  0.0000E+00  0.2480E+03
      6.022  0.0000E+00  0.2480E+03
      6.040  0.0000E+00  0.2480E+03
      6.058  0.0000E+00  0.2480E+03
      6.077  0.0000E+00  0.2480E+03
      6.095  0.0000E+00  0.2480E+03
      6.113  0.0000E+00  0.2480E+03
      6.131  0.0000E+00  0.2480E+03
      6.150  0.0000E+00  0.2480E+03
      6.168  0.0000E+00  0.2480E+03
      6.186  0.0000E+00  0.2480E+03
      6.204  0.0000E+00  0.2480E+03
      6.223  0.0000E+00  0.2480E+03
      6.241  0.0000E+00  0.2480E+03
      6.259  0.0000E+00  0.2480E+03
      6.277  0.0000E+00  0.2480E+03
      6.296  0.0000E+00  0.2480E+03
      6.314  0.0000E+00  0.2480E+03
      6.332  0.0000E+00  0.2480E+03
      6.351  0.0000E+00  0.2480E+03
      6.369  0.0000E+00  0.2480E+03
      6.387  0.0000E+00  0.2480E+03
      6.405  0.0000E+00  0.2480E+03
      6.424  0.0000E+00  0.2480E+03
      6.442  0.0000E+00  0.2480E+03
      6.460  0.0000E+00  0.2480E+03
      6.478  0.0000E+00  0.2480E+03
      6.497  0.0000E+00  0.2480E+03
      6.515  0.0000E+00  0.2480E+03
      6.533  0.0000E+00  0.2480E+03
      6.551  0.0000E+00  0.2480E+03
      6.570  0.0000E+00  0.2480E+03
      6.588  0.0000E+00  0.2480E+03
      6.606  0.0000E+00  0.2480E+03
      6.624  0.0000E+00  0.2480E+03
      6.643  0.0000E+00  0.2480E+03
      6.661  0.5165E-01  0.2480E+03
      6.679  0.3958E+00  0.2480E+03
      6.697  0.1063E+01  0.2480E+03
      6.716  0.2053E+01  0.2480E+03
      6.734  0.3366E+01  0.2481E+03
      6.752  0.5003E+01  0.2482E+03
      6.770  0.6962E+01  0.2483E+03
      6.789  0.9244E+01  0.2484E+03
      6.807  0.1203E+02  0.2486E+03
      6.825  0.2003E+02  0.2489E+03
      6.843  0.4480E+02  0.2495E+03
      6.862  0.0000E+00  0.2500E+03
      6.880  0.0000E+00  0.2500E+03
      6.898  0.0000E+00  0.2500E+03
      6.916  0.0000E+00  0.2500E+03
      6.935  0.0000E+00  0.2500E+03
      6.953  0.0000E+00  0.2500E+03
      6.971  0.0000E+00  0.2500E+03
      6.989  0.0000E+00  0.2500E+03
      7.008  0.0000E+00  0.2500E+03
      7.026  0.0000E+00  0.2500E+03
      7.044  0.0000E+00  0.2500E+03
      7.062  0.0000E+00  0.2500E+03
      7.081  0.0000E+00  0.2500E+03
      7.099  0.0000E+00  0.2500E+03
      7.117  0.0000E+00  0.2500E+03
      7.135  0.0000E+00  0.2500E+03
      7.154  0.0000E+00  0.2500E+03
      7.172  0.0000E+00  0.2500E+03
      7.190  0.0000E+00  0.2500E+03
      7.208  0.0000E+00  0.2500E+03
      7.227  0.0000E+00  0.2500E+03
      7.245  0.0000E+00  0.2500E+03
      7.263  0.0000E+00  0.2500E+03
      7.281  0.0000E+00  0.2500E+03
      7.300  0.0000E+00  0.2500E+03
      7.318  0.0000E+00  0.2500E+03
      7.336  0.0000E+00  0.2500E+03
      7.354  0.0000E+00  0.2500E+03
      7.373  0.0000E+00  0.2500E+03
      7.391  0.0000E+00  0.2500E+03
      7.409  0.0000E+00  0.2500E+03
      7.427  0.0000E+00  0.2500E+03
      7.446  0.0000E+00  0.2500E+03
      7.464  0.0000E+00  0.2500E+03
      7.482  0.0000E+00  0.2500E+03
      7.500  0.0000E+00  0.2500E+03
      7.519  0.0000E+00  0.2500E+03
      7.537  0.0000E+00  0.2500E+03
      7.555  0.0000E+00  0.2500E+03
      7.573  0.0000E+00  0.2500E+03
      7.592  0.0000E+00  0.2500E+03
      7.610  0.0000E+00  0.2500E+03
      7.628  0.0000E+00  0.2500E+03
      7.646  0.0000E+00  0.2500E+03
      7.665  0.0000E+00  0.2500E+03
      7.683  0.0000E+00  0.2500E+03
      7.701  0.0000E+00  0.2500E+03
      7.719  0.0000E+00  0.2500E+03
      7.738  0.0000E+00  0.2500E+03
      7.756  0.0000E+00  0.2500E+03
      7.774  0.0000E+00  0.2500E+03
      7.792  0.0000E+00  0.2500E+03
      7.811  0.0000E+00  0.2500E+03
      7.829  0.0000E+00  0.2500E+03
      7.847  0.0000E+00  0.2500E+03
      7.865  0.0000E+00  0.2500E+03
      7.884  0.0000E+00  0.2500E+03
      7.902  0.0000E+00  0.2500E+03
      7.920  0.0000E+00  0.2500E+03
      7.938  0.0000E+00  0.2500E+03
      7.957  0.0000E+00  0.2500E+03
      7.975  0.0000E+00  0.2500E+03
      7.993  0.0000E+00  0.2500E+03
      8.011  0.0000E+00  0.2500E+03
      8.030  0.0000E+00  0.2500E+03
      8.048  0.0000E+00  0.2500E+03
      8.066  0.0000E+00  0.2500E+03
      8.084  0.0000E+00  0.2500E+03
      8.103  0.0000E+00  0.2500E+03
      8.121  0.0000E+00  0.2500E+03
      8.139  0.0000E+00  0.2500E+03
      8.157  0.0000E+00  0.2500E+03
      8.176  0.0000E+00  0.2500E+03
      8.194  0.0000E+00  0.2500E+03
      8.212  0.0000E+00  0.2500E+03
      8.230  0.0000E+00  0.2500E+03
      8.249  0.0000E+00  0.2500E+03
      8.267  0.0000E+00  0.2500E+03
      8.285  0.0000E+00  0.2500E+03
      8.303  0.0000E+00  0.2500E+03
      8.322  0.0000E+00  0.2500E+03
      8.340  0.0000E+00  0.2500E+03
      8.358  0.0000E+00  0.2500E+03
      8.376  0.0000E+00  0.2500E+03
      8.395  0.0000E+00  0.2500E+03
      8.413  0.0000E+00  0.2500E+03
      8.431  0.0000E+00  0.2500E+03
      8.449  0.0000E+00  0.2500E+03
      8.468  0.0000E+00  0.2500E+03
      8.486  0.0000E+00  0.2500E+03
      8.504  0.0000E+00  0.2500E+03
      8.522  0.0000E+00  0.2500E+03
      8.541  0.0000E+00  0.2500E+03
      8.559  0.0000E+00  0.2500E+03
      8.577  0.0000E+00  0.2500E+03
      8.595  0.0000E+00  0.2500E+03
      8.614  0.0000E+00  0.2500E+03
      8.632  0.0000E+00  0.2500E+03
      8.650  0.0000E+00  0.2500E+03
      8.668  0.0000E+00  0.2500E+03
      8.687  0.0000E+00  0.2500E+03
      8.705  0.0000E+00  0.2500E+03
      8.723  0.0000E+00  0.2500E+03
      8.741  0.0000E+00  0.2500E+03
      8.760  0.0000E+00  0.2500E+03
      8.778  0.0000E+00  0.2500E+03
      8.796  0.0000E+00  0.2500E+03
      8.814  0.0000E+00  0.2500E+03
      8.833  0.0000E+00  0.2500E+03
      8.851  0.0000E+00  0.2500E+03
      8.869  0.0000E+00  0.2500E+03
      8.888  0.0000E+00  0.2500E+03
      8.906  0.0000E+00  0.2500E+03
      8.924  0.0000E+00  0.2500E+03
      8.942  0.0000E+00  0.2500E+03
      8.961  0.0000E+00  0.2500E+03
      8.979  0.0000E+00  0.2500E+03
      8.997  0.0000E+00  0.2500E+03
      9.015  0.0000E+00  0.2500E+03
      9.034  0.0000E+00  0.2500E+03
      9.052  0.0000E+00  0.2500E+03
      9.070  0.0000E+00  0.2500E+03
      9.088  0.0000E+00  0.2500E+03
      9.107  0.0000E+00  0.2500E+03
      9.125  0.0000E+00  0.2500E+03
      9.143  0.0000E+00  0.2500E+03
      9.161  0.0000E+00  0.2500E+03
      9.180  0.0000E+00  0.2500E+03
      9.198  0.0000E+00  0.2500E+03
      9.216  0.0000E+00  0.2500E+03
      9.234  0.0000E+00  0.2500E+03
      9.253  0.0000E+00  0.2500E+03
      9.271  0.0000E+00  0.2500E+03
      9.289  0.0000E+00  0.2500E+03
      9.307  0.0000E+00  0.2500E+03
      9.326  0.0000E+00  0.2500E+03
      9.344  0.0000E+00  0.2500E+03
      9.362  0.0000E+00  0.2500E+03
      9.380  0.0000E+00  0.2500E+03
      9.399  0.0000E+00  0.2500E+03
      9.417  0.0000E+00  0.2500E+03
      9.435  0.0000E+00  0.2500E+03
      9.453  0.0000E+00  0.2500E+03
      9.472  0.0000E+00  0.2500E+03
      9.490  0.0000E+00  0.2500E+03
      9.508  0.0000E+00  0.2500E+03
      9.526  0.0000E+00  0.2500E+03
      9.545  0.0000E+00  0.2500E+03
      9.563  0.0000E+00  0.2500E+03
      9.581  0.0000E+00  0.2500E+03
      9.599  0.0000E+00  0.2500E+03
      9.618  0.0000E+00  0.2500E+03
      9.636  0.0000E+00  0.2500E+03
      9.654  0.0000E+00  0.2500E+03
      9.672  0.0000E+00  0.2500E+03
      9.691  0.0000E+00  0.2500E+03
      9.709  0.0000E+00  0.2500E+03
      9.727  0.0000E+00  0.2500E+03
      9.745  0.0000E+00  0.2500E+03
      9.764  0.0000E+00  0.2500E+03
      9.782  0.0000E+00  0.2500E+03
      9.800  0.0000E+00  0.2500E+03
      9.818  0.0000E+00  0.2500E+03
      9.837  0.0000E+00  0.2500E+03
      9.855  0.0000E+00  0.2500E+03
      9.873  0.0000E+00  0.2500E+03
      9.891  0.0000E+00  0.2500E+03
      9.910  0.0000E+00  0.2500E+03
      9.928  0.0000E+00  0.2500E+03
      9.946  0.0000E+00  0.2500E+03
      9.964  0.0000E+00  0.2500E+03
      9.983  0.0000E+00  0.2500E+03
     10.001  0.0000E+00  0.2500E+03
     10.019  0.0000E+00  0.2500E+03
     10.037  0.0000E+00  0.2500E+03
     10.056  0.0000E+00  0.2500E+03
     10.074  0.0000E+00  0.2500E+03
     10.092  0.0000E+00  0.2500E+03
     10.110  0.0000E+00  0.2500E+03
     10.129  0.0000E+00  0.2500E+03
     10.147  0.0000E+00  0.2500E+03
     10.165  0.0000E+00  0.2500E+03
     10.183  0.0000E+00  0.2500E+03
     10.202  0.0000E+00  0.2500E+03
     10.220  0.0000E+00  0.2500E+03
     10.238  0.0000E+00  0.2500E+03
     10.256  0.0000E+00  0.2500E+03
     10.275  0.0000E+00  0.2500E+03
     10.293  0.0000E+00  0.2500E+03
     10.311  0.0000E+00  0.2500E+03
     10.329  0.0000E+00  0.2500E+03
     10.348  0.0000E+00  0.2500E+03
     10.366  0.0000E+00  0.2500E+03
     10.384  0.0000E+00  0.2500E+03
     10.402  0.0000E+00  0.2500E+03
     10.421  0.0000E+00  0.2500E+03
     10.439  0.0000E+00  0.2500E+03
     10.457  0.0000E+00  0.2500E+03
     10.475  0.0000E+00  0.2500E+03
     10.494  0.0000E+00  0.2500E+03
     10.512  0.0000E+00  0.2500E+03
     10.530  0.0000E+00  0.2500E+03
     10.548  0.0000E+00  0.2500E+03
     10.567  0.0000E+00  0.2500E+03
     10.585  0.0000E+00  0.2500E+03
     10.603  0.0000E+00  0.2500E+03
     10.621  0.0000E+00  0.2500E+03
     10.640  0.0000E+00  0.2500E+03
     10.658  0.0000E+00  0.2500E+03
     10.676  0.0000E+00  0.2500E+03
     10.694  0.0000E+00  0.2500E+03
     10.713  0.2905E-02  0.2500E+03
     10.731  0.1565E-01  0.2500E+03
     10.749  0.3854E-01  0.2500E+03
     10.767  0.7157E-01  0.2500E+03
     10.786  0.1147E+00  0.2500E+03
     10.804  0.1681E+00  0.2500E+03
     10.822  0.2315E+00  0.2500E+03
     10.840  0.3051E+00  0.2500E+03
     10.859  0.3889E+00  0.2500E+03
     10.877  0.4828E+00  0.2500E+03
     10.895  0.5868E+00  0.2500E+03
     10.913  0.7010E+00  0.2501E+03
     10.932  0.8253E+00  0.2501E+03
     10.950  0.9597E+00  0.2501E+03
     10.968  0.1104E+01  0.2501E+03
     10.986  0.1259E+01  0.2501E+03
     11.005  0.1424E+01  0.2501E+03
     11.023  0.1599E+01  0.2502E+03
     11.041  0.1784E+01  0.2502E+03
     11.059  0.1979E+01  0.2502E+03
     11.078  0.2185E+01  0.2503E+03
     11.096  0.2324E+01  0.2503E+03
     11.114  0.2447E+01  0.2504E+03
     11.132  0.2560E+01  0.2504E+03
     11.151  0.2665E+01  0.2505E+03
     11.169  0.2762E+01  0.2505E+03
     11.187  0.2849E+01  0.2506E+03
     11.205  0.2928E+01  0.2506E+03
     11.224  0.2997E+01  0.2507E+03
     11.242  0.3058E+01  0.2507E+03
     11.260  0.3110E+01  0.2508E+03
     11.278  0.3154E+01  0.2508E+03
     11.297  0.3188E+01  0.2509E+03
     11.315  0.3214E+01  0.2509E+03
     11.333  0.3231E+01  0.2510E+03
     11.351  0.3239E+01  0.2511E+03
     11.370  0.3238E+01  0.2511E+03
     11.388  0.3229E+01  0.2512E+03
     11.406  0.3210E+01  0.2512E+03
     11.424  0.3183E+01  0.2513E+03
     11.443  0.3147E+01  0.2514E+03
     11.461  0.3102E+01  0.2514E+03
     11.479  0.3049E+01  0.2515E+03
     11.498  0.2986E+01  0.2515E+03
     11.516  0.2915E+01  0.2516E+03
     11.534  0.2835E+01  0.2516E+03
     11.552  0.2746E+01  0.2517E+03
     11.571  0.2649E+01  0.2517E+03
     11.589  0.2542E+01  0.2518E+03
     11.607  0.2427E+01  0.2518E+03
     11.625  0.2217E+01  0.2519E+03
     11.644  0.3129E+01  0.2519E+03
     11.662  0.3939E+01  0.2520E+03
     11.680  0.4648E+01  0.2521E+03
     11.698  0.5256E+01  0.2521E+03
     11.717  0.5761E+01  0.2523E+03
     11.735  0.6166E+01  0.2524E+03
     11.753  0.6468E+01  0.2525E+03
     11.771  0.6669E+01  0.2526E+03
     11.790  0.6768E+01  0.2527E+03
     11.808  0.6766E+01  0.2528E+03
     11.826  0.6660E+01  0.2530E+03
     11.844  0.6480E+01  0.2531E+03
     11.863  0.6365E+01  0.2532E+03
     11.881  0.6353E+01  0.2533E+03
     11.899  0.6446E+01  0.2534E+03
     11.917  0.6643E+01  0.2536E+03
     11.936  0.6943E+01  0.2537E+03
     11.954  0.7270E+01  0.2538E+03
     11.972  0.7665E+01  0.2539E+03
     11.990  0.8271E+01  0.2541E+03
     12.009  0.9090E+01  0.2542E+03
     12.027  0.1047E+02  0.2544E+03
     12.045  0.1288E+02  0.2546E+03
     12.063  0.1432E+02  0.2549E+03
     12.082  0.1478E+02  0.2552E+03
     12.100  0.1427E+02  0.2554E+03
     12.118  0.1278E+02  0.2557E+03
     12.136  0.8742E+01  0.2559E+03
     12.155  0.6454E+01  0.2560E+03
     12.173  0.7460E+01  0.2561E+03
     12.191  0.8396E+01  0.2563E+03
     12.209  0.8403E+01  0.2564E+03
     12.228  0.8309E+01  0.2566E+03
     12.246  0.8115E+01  0.2567E+03
     12.264  0.7819E+01  0.2569E+03
     12.282  0.7422E+01  0.2570E+03
     12.301  0.6924E+01  0.2571E+03
     12.319  0.6326E+01  0.2573E+03
     12.337  0.5626E+01  0.2574E+03
     12.355  0.4826E+01  0.2575E+03
     12.374  0.4201E+01  0.2576E+03
     12.392  0.3737E+01  0.2576E+03
     12.410  0.3300E+01  0.2577E+03
     12.428  0.2890E+01  0.2577E+03
     12.447  0.2508E+01  0.2578E+03
     12.465  0.2152E+01  0.2578E+03
     12.483  0.1824E+01  0.2579E+03
     12.501  0.1523E+01  0.2579E+03
     12.520  0.1249E+01  0.2579E+03
     12.538  0.1002E+01  0.2579E+03
     12.556  0.7822E+00  0.2580E+03
     12.574  0.5897E+00  0.2580E+03
     12.593  0.4243E+00  0.2580E+03
     12.611  0.2861E+00  0.2580E+03
     12.629  0.1750E+00  0.2580E+03
     12.647  0.9109E-01  0.2580E+03
     12.666  0.3433E-01  0.2580E+03
     12.684  0.4729E-02  0.2580E+03
     12.702  0.0000E+00  0.2580E+03
     12.720  0.0000E+00  0.2580E+03
     12.739  0.1850E+00  0.2580E+03
     12.757  0.7909E+00  0.2580E+03
     12.775  0.1820E+01  0.2580E+03
     12.793  0.3275E+01  0.2581E+03
     12.812  0.6432E+01  0.2582E+03
     12.830  0.1251E+02  0.2583E+03
     12.848  0.1560E+02  0.2586E+03
     12.866  0.1572E+02  0.2589E+03
     12.885  0.1285E+02  0.2592E+03
     12.903  0.7004E+01  0.2593E+03
     12.921  0.4026E+01  0.2594E+03
     12.939  0.3796E+01  0.2595E+03
     12.958  0.3586E+01  0.2596E+03
     12.976  0.3396E+01  0.2596E+03
     12.994  0.3227E+01  0.2597E+03
     13.012  0.3079E+01  0.2597E+03
     13.031  0.2951E+01  0.2598E+03
     13.049  0.2844E+01  0.2598E+03
     13.067  0.2757E+01  0.2599E+03
     13.085  0.2691E+01  0.2600E+03
     13.104  0.2645E+01  0.2600E+03
     13.122  0.2620E+01  0.2600E+03
     13.140  0.2615E+01  0.2601E+03
     13.158  0.2631E+01  0.2601E+03
     13.177  0.2668E+01  0.2602E+03
     13.195  0.2725E+01  0.2602E+03
     13.213  0.2803E+01  0.2603E+03
     13.231  0.2901E+01  0.2603E+03
     13.250  0.3019E+01  0.2604E+03
     13.268  0.3159E+01  0.2605E+03
     13.286  0.3319E+01  0.2605E+03
     13.304  0.3499E+01  0.2606E+03
     13.323  0.3697E+01  0.2606E+03
     13.341  0.3873E+01  0.2607E+03
     13.359  0.4056E+01  0.2608E+03
     13.377  0.4247E+01  0.2609E+03
     13.396  0.4442E+01  0.2609E+03
     13.414  0.4617E+01  0.2610E+03
     13.432  0.4766E+01  0.2611E+03
     13.450  0.4903E+01  0.2612E+03
     13.469  0.5027E+01  0.2613E+03
     13.487  0.5137E+01  0.2614E+03
     13.505  0.5235E+01  0.2615E+03
     13.523  0.5319E+01  0.2616E+03
     13.542  0.5389E+01  0.2617E+03
     13.560  0.5459E+01  0.2618E+03
     13.578  0.5663E+01  0.2619E+03
     13.596  0.5941E+01  0.2620E+03
     13.615  0.6230E+01  0.2621E+03
     13.633  0.6532E+01  0.2622E+03
     13.651  0.6846E+01  0.2623E+03
     13.669  0.7173E+01  0.2624E+03
     13.688  0.7515E+01  0.2626E+03
     13.706  0.7899E+01  0.2627E+03
     13.724  0.8331E+01  0.2629E+03
     13.742  0.8812E+01  0.2630E+03
     13.761  0.9341E+01  0.2632E+03
     13.779  0.9919E+01  0.2634E+03
     13.797  0.1054E+02  0.2636E+03
     13.815  0.1122E+02  0.2638E+03
     13.834  0.1194E+02  0.2640E+03
     13.852  0.1271E+02  0.2642E+03
     13.870  0.1353E+02  0.2644E+03
     13.888  0.1440E+02  0.2647E+03
     13.907  0.1532E+02  0.2650E+03
     13.925  0.1630E+02  0.2652E+03
     13.943  0.1734E+02  0.2656E+03
     13.961  0.1883E+02  0.2659E+03
     13.980  0.2076E+02  0.2662E+03
     13.998  0.2231E+02  0.2666E+03
     14.016  0.2340E+02  0.2671E+03
     14.035  0.2431E+02  0.2675E+03
     14.053  0.2508E+02  0.2679E+03
     14.071  0.2665E+02  0.2684E+03
     14.089  0.3292E+02  0.2690E+03
     14.108  0.3116E+02  0.2696E+03
     14.126  0.2776E+02  0.2701E+03
     14.144  0.2391E+02  0.2706E+03
     14.162  0.2128E+02  0.2710E+03
     14.181  0.1945E+02  0.2713E+03
     14.199  0.1880E+02  0.2717E+03
     14.217  0.1864E+02  0.2720E+03
     14.235  0.1723E+02  0.2724E+03
     14.254  0.1440E+02  0.2726E+03
     14.272  0.1159E+02  0.2729E+03
     14.290  0.7764E+01  0.2731E+03
     14.308  0.4919E+01  0.2732E+03
     14.327  0.1396E+02  0.2738E+03
     14.345  0.1121E+02  0.2741E+03
     14.363  0.9252E+01  0.2742E+03
     14.381  0.8146E+01  0.2744E+03
     14.400  0.7418E+01  0.2745E+03
     14.418  0.6904E+01  0.2747E+03
     14.436  0.6603E+01  0.2748E+03
     14.454  0.6516E+01  0.2749E+03
     14.473  0.6791E+01  0.2750E+03
     14.491  0.7405E+01  0.2752E+03
     14.509  0.7947E+01  0.2753E+03
     14.527  0.8414E+01  0.2755E+03
     14.546  0.8809E+01  0.2756E+03
     14.564  0.9129E+01  0.2758E+03
     14.582  0.9376E+01  0.2759E+03
     14.600  0.9550E+01  0.2761E+03
     14.619  0.9650E+01  0.2763E+03
     14.637  0.9945E+01  0.2765E+03
     14.655  0.1042E+02  0.2767E+03
     14.673  0.1080E+02  0.2768E+03
     14.692  0.1108E+02  0.2770E+03
     14.710  0.1127E+02  0.2773E+03
     14.728  0.1150E+02  0.2775E+03
     14.746  0.1194E+02  0.2777E+03
     14.765  0.1228E+02  0.2779E+03
     14.783  0.1253E+02  0.2781E+03
     14.801  0.1271E+02  0.2784E+03
     14.819  0.1285E+02  0.2786E+03
     14.838  0.1294E+02  0.2788E+03
     14.856  0.1300E+02  0.2791E+03
     14.874  0.1300E+02  0.2793E+03
     14.892  0.1308E+02  0.2795E+03
     14.911  0.1334E+02  0.2798E+03
     14.929  0.1354E+02  0.2800E+03
     14.947  0.1370E+02  0.2803E+03
     14.965  0.1383E+02  0.2805E+03
     14.984  0.1393E+02  0.2808E+03
     15.002  0.1399E+02  0.2810E+03
     15.020  0.1404E+02  0.2813E+03
     15.038  0.1405E+02  0.2815E+03
     15.057  0.1405E+02  0.2818E+03
     15.075  0.1401E+02  0.2821E+03
     15.093  0.1396E+02  0.2823E+03
     15.111  0.1387E+02  0.2826E+03
     15.130  0.1354E+02  0.2828E+03
     15.148  0.1321E+02  0.2831E+03
     15.166  0.1290E+02  0.2833E+03
     15.184  0.1260E+02  0.2835E+03
     15.203  0.1232E+02  0.2838E+03
     15.221  0.1205E+02  0.2840E+03
     15.239  0.1211E+02  0.2842E+03
     15.257  0.1371E+02  0.2844E+03
     15.276  0.1517E+02  0.2847E+03
     15.294  0.1646E+02  0.2850E+03
     15.312  0.1751E+02  0.2853E+03
     15.330  0.1829E+02  0.2856E+03
     15.349  0.1987E+02  0.2860E+03
     15.367  0.2171E+02  0.2863E+03
     15.385  0.2252E+02  0.2867E+03
     15.403  0.2325E+02  0.2872E+03
     15.422  0.2298E+02  0.2876E+03
     15.440  0.2203E+02  0.2880E+03
     15.458  0.2001E+02  0.2884E+03
     15.476  0.1762E+02  0.2887E+03
     15.495  0.1498E+02  0.2890E+03
     15.513  0.1812E+02  0.2893E+03
     15.531  0.2616E+02  0.2897E+03
     15.549  0.2887E+02  0.2902E+03
     15.568  0.2519E+02  0.2907E+03
     15.586  0.2273E+02  0.2912E+03
     15.604  0.2823E+02  0.2916E+03
     15.622  0.2327E+02  0.2921E+03
     15.641  0.1864E+02  0.2925E+03
     15.659  0.1517E+02  0.2928E+03
     15.677  0.1272E+02  0.2930E+03
     15.695  0.1346E+02  0.2933E+03
     15.714  0.1445E+02  0.2935E+03
     15.732  0.1807E+02  0.2938E+03
     15.750  0.2719E+02  0.2942E+03
     15.768  0.2817E+02  0.2947E+03
     15.787  0.2500E+02  0.2952E+03
     15.805  0.2182E+02  0.2957E+03
     15.823  0.1874E+02  0.2960E+03
     15.841  0.2502E+02  0.2964E+03
     15.860  0.2186E+02  0.2969E+03
     15.878  0.1923E+02  0.2972E+03
     15.896  0.1824E+02  0.2976E+03
     15.914  0.1732E+02  0.2979E+03
     15.933  0.1632E+02  0.2982E+03
     15.951  0.1526E+02  0.2985E+03
     15.969  0.1425E+02  0.2988E+03
     15.987  0.1766E+02  0.2991E+03
     16.006  0.2148E+02  0.2994E+03
     16.024  0.3532E+02  0.2998E+03
     16.042  0.1166E+02  0.3006E+03
     16.060  0.1516E+02  0.3009E+03
     16.079  0.1936E+02  0.3012E+03
     16.097  0.3585E+02  0.3017E+03
     16.115  0.2597E+02  0.3023E+03
     16.133  0.9850E+01  0.3025E+03
     16.152  0.1434E+02  0.3028E+03
     16.170  0.1726E+02  0.3031E+03
     16.188  0.1860E+02  0.3034E+03
     16.206  0.1838E+02  0.3037E+03
     16.225  0.1668E+02  0.3041E+03
     16.243  0.1475E+02  0.3043E+03
     16.261  0.1428E+02  0.3046E+03
     16.279  0.1450E+02  0.3049E+03
     16.298  0.1460E+02  0.3051E+03
     16.316  0.1545E+02  0.3054E+03
     16.334  0.1633E+02  0.3057E+03
     16.352  0.1713E+02  0.3060E+03
     16.371  0.1749E+02  0.3063E+03
     16.389  0.1728E+02  0.3066E+03
     16.407  0.1644E+02  0.3069E+03
     16.425  0.1434E+02  0.3072E+03
     16.444  0.1149E+02  0.3075E+03
     16.462  0.1146E+02  0.3077E+03
     16.480  0.1162E+02  0.3079E+03
     16.498  0.1169E+02  0.3081E+03
     16.517  0.1168E+02  0.3083E+03
     16.535  0.1157E+02  0.3085E+03
     16.553  0.1138E+02  0.3087E+03
     16.572  0.1111E+02  0.3089E+03
     16.590  0.1143E+02  0.3091E+03
     16.608  0.8244E+01  0.3093E+03
     16.626  0.9609E+01  0.3095E+03
     16.645  0.1074E+02  0.3097E+03
     16.663  0.1164E+02  0.3099E+03
     16.681  0.1231E+02  0.3101E+03
     16.699  0.1252E+02  0.3103E+03
     16.718  0.1212E+02  0.3105E+03
     16.736  0.1112E+02  0.3107E+03
     16.754  0.9555E+01  0.3109E+03
     16.772  0.9017E+01  0.3111E+03
     16.791  0.1100E+02  0.3113E+03
     16.809  0.1254E+02  0.3115E+03
     16.827  0.1364E+02  0.3117E+03
     16.845  0.1429E+02  0.3120E+03
     16.864  0.1471E+02  0.3123E+03
     16.882  0.1526E+02  0.3125E+03
     16.900  0.1380E+02  0.3128E+03
     16.918  0.1249E+02  0.3130E+03
     16.937  0.1196E+02  0.3133E+03
     16.955  0.1212E+02  0.3135E+03
     16.973  0.1223E+02  0.3137E+03
     16.991  0.1215E+02  0.3139E+03
     17.010  0.1189E+02  0.3141E+03
     17.028  0.1121E+02  0.3144E+03
     17.046  0.9654E+01  0.3145E+03
     17.064  0.8449E+01  0.3147E+03
     17.083  0.7598E+01  0.3149E+03
     17.101  0.7102E+01  0.3150E+03
     17.119  0.6960E+01  0.3151E+03
     17.137  0.8656E+01  0.3152E+03
     17.156  0.1124E+02  0.3154E+03
     17.174  0.1331E+02  0.3157E+03
     17.192  0.1380E+02  0.3159E+03
     17.210  0.1335E+02  0.3162E+03
     17.229  0.1284E+02  0.3164E+03
     17.247  0.1228E+02  0.3166E+03
     17.265  0.1152E+02  0.3168E+03
     17.283  0.1033E+02  0.3170E+03
     17.302  0.8767E+01  0.3172E+03
     17.320  0.7365E+01  0.3174E+03
     17.338  0.6125E+01  0.3175E+03
     17.356  0.5045E+01  0.3176E+03
     17.375  0.4127E+01  0.3177E+03
     17.393  0.1889E+02  0.3178E+03
     17.411  0.3089E+02  0.3183E+03
     17.429  0.1368E+02  0.3187E+03
     17.448  0.1136E+02  0.3189E+03
     17.466  0.9368E+01  0.3191E+03
     17.484  0.7695E+01  0.3193E+03
     17.502  0.6344E+01  0.3194E+03
     17.521  0.5315E+01  0.3195E+03
     17.539  0.4561E+01  0.3196E+03
     17.557  0.5734E+01  0.3197E+03
     17.575  0.8761E+01  0.3198E+03
     17.594  0.1104E+02  0.3200E+03
     17.612  0.1256E+02  0.3202E+03
     17.630  0.1334E+02  0.3204E+03
     17.648  0.1336E+02  0.3207E+03
     17.667  0.1259E+02  0.3209E+03
     17.685  0.1114E+02  0.3211E+03
     17.703  0.9517E+01  0.3213E+03
     17.721  0.7796E+01  0.3215E+03
     17.740  0.6382E+01  0.3216E+03
     17.758  0.5117E+01  0.3217E+03
     17.776  0.3999E+01  0.3218E+03
     17.794  0.3030E+01  0.3219E+03
     17.813  0.2210E+01  0.3219E+03
     17.831  0.1537E+01  0.3220E+03
     17.849  0.9970E+00  0.3220E+03
     17.867  0.5732E+00  0.3220E+03
     17.886  0.2660E+00  0.3220E+03
     17.904  0.7525E-01  0.3220E+03
     17.922  0.1084E-02  0.3220E+03
     17.940  0.0000E+00  0.3220E+03
     17.959  0.0000E+00  0.3220E+03
     17.977  0.0000E+00  0.3220E+03
     17.995  0.0000E+00  0.3220E+03
     18.013  0.0000E+00  0.3220E+03
     18.032  0.0000E+00  0.3220E+03
     18.050  0.0000E+00  0.3220E+03
     18.068  0.0000E+00  0.3220E+03
     18.086  0.0000E+00  0.3220E+03
     18.105  0.0000E+00  0.3220E+03
     18.123  0.0000E+00  0.3220E+03
     18.141  0.0000E+00  0.3220E+03
     18.159  0.0000E+00  0.3220E+03
     18.178  0.0000E+00  0.3220E+03
     18.196  0.0000E+00  0.3220E+03
     18.214  0.0000E+00  0.3220E+03
     18.232  0.0000E+00  0.3220E+03
     18.251  0.0000E+00  0.3220E+03
     18.269  0.0000E+00  0.3220E+03
     18.287  0.0000E+00  0.3220E+03
     18.305  0.0000E+00  0.3220E+03
     18.324  0.0000E+00  0.3220E+03
     18.342  0.0000E+00  0.3220E+03
     18.360  0.0000E+00  0.3220E+03
     18.378  0.0000E+00  0.3220E+03
     18.397  0.0000E+00  0.3220E+03
     18.415  0.0000E+00  0.3220E+03
     18.433  0.0000E+00  0.3220E+03
     18.451  0.0000E+00  0.3220E+03
     18.470  0.0000E+00  0.3220E+03
     18.488  0.0000E+00  0.3220E+03
     18.506  0.0000E+00  0.3220E+03
     18.524  0.0000E+00  0.3220E+03
     18.543  0.0000E+00  0.3220E+03
     18.561  0.0000E+00  0.3220E+03
     18.579  0.0000E+00  0.3220E+03
     18.597  0.0000E+00  0.3220E+03
     18.616  0.0000E+00  0.3220E+03
     18.634  0.0000E+00  0.3220E+03
     18.652  0.0000E+00  0.3220E+03
     18.670  0.0000E+00  0.3220E+03
     18.689  0.0000E+00  0.3220E+03
     18.707  0.0000E+00  0.3220E+03
     18.725  0.0000E+00  0.3220E+03
     18.743  0.0000E+00  0.3220E+03
     18.762  0.0000E+00  0.3220E+03
     18.780  0.0000E+00  0.3220E+03
     18.798  0.0000E+00  0.3220E+03
     18.816  0.0000E+00  0.3220E+03
     18.835  0.0000E+00  0.3220E+03
     18.853  0.0000E+00  0.3220E+03
     18.871  0.0000E+00  0.3220E+03
     18.889  0.0000E+00  0.3220E+03
     18.908  0.0000E+00  0.3220E+03
     18.926  0.0000E+00  0.3220E+03
     18.944  0.0000E+00  0.3220E+03
     18.962  0.0000E+00  0.3220E+03
     18.981  0.0000E+00  0.3220E+03
     18.999  0.0000E+00  0.3220E+03
     19.017  0.0000E+00  0.3220E+03
     19.035  0.0000E+00  0.3220E+03
     19.054  0.0000E+00  0.3220E+03
     19.072  0.0000E+00  0.3220E+03
     19.090  0.0000E+00  0.3220E+03
     19.108  0.0000E+00  0.3220E+03
     19.127  0.0000E+00  0.3220E+03
     19.145  0.0000E+00  0.3220E+03
     19.163  0.0000E+00  0.3220E+03
     19.182  0.0000E+00  0.3220E+03
     19.200  0.0000E+00  0.3220E+03
     19.218  0.0000E+00  0.3220E+03
     19.236  0.0000E+00  0.3220E+03
     19.255  0.0000E+00  0.3220E+03
     19.273  0.0000E+00  0.3220E+03
     19.291  0.0000E+00  0.3220E+03
     19.309  0.0000E+00  0.3220E+03
     19.328  0.0000E+00  0.3220E+03
     19.346  0.0000E+00  0.3220E+03
     19.364  0.0000E+00  0.3220E+03
     19.382  0.0000E+00  0.3220E+03
     19.401  0.0000E+00  0.3220E+03
     19.419  0.0000E+00  0.3220E+03
     19.437  0.0000E+00  0.3220E+03
     19.455  0.0000E+00  0.3220E+03
     19.474  0.0000E+00  0.3220E+03
     19.492  0.0000E+00  0.3220E+03
     19.510  0.0000E+00  0.3220E+03
     19.528  0.0000E+00  0.3220E+03
     19.547  0.0000E+00  0.3220E+03
     19.565  0.0000E+00  0.3220E+03
     19.583  0.0000E+00  0.3220E+03


