 X Y Z
  0.9998380664718707  1.0001354308219075  0.9998434016040013
  0.4998184442597170  0.0000073812086853  0.9997783126094990
  0.0001166462930764  0.5001231935441433  0.0000386488276822
  0.4997989660894313  0.5000353579040753  0.0013174567168957
  0.9996584581198775  0.9999967202921636  0.4998667987662418
  0.4993649781881507  0.9994774818866060  0.4996724535849375
  0.0013612022660129  0.5000250959271041  0.4999032990528925
  0.9998606925442649  0.2514806324922431  0.2518774274865485
  0.4996758607610905  0.2549884372513056  0.2575982361474535
  0.9998696684080318  0.7486830424387926  0.2518503724124423
  0.4997143320390877  0.7449359906129546  0.2575574434699806
  0.9998111769722188  0.2514633341298809  0.7478376332311046
  0.4995818810946673  0.2554582531358515  0.7415981147011830
  0.9998166120094877  0.7486969382911083  0.7478660696102954
  0.4996133625027500  0.7445500300980497  0.7417414439079844
  0.2516778591119582  0.9999971876986600  0.2515658089924173
  0.7478990674509322  1.0000088094745081  0.2515764861509202
  0.2561153362216070  0.5000492493852652  0.2556762524322448
  0.7442847703169961  0.5000825091461866  0.2545435082552323
  0.2516701709607974 -0.0000029380524631  0.7481251450349287
  0.7478343316165196  0.0000044380401737  0.7480359421928842
  0.2556415711691493  0.5000594052179430  0.7448097955724070
  0.7439818518235823  0.5000858064941381  0.7451833163471733
  0.2520065618297854  0.2514845881489948  0.9999199962651855
  0.7476708848874116  0.2514347898526412  0.9998703218252151
  0.2519845054487769  0.7486697501746211  0.9999228520110619
  0.7477051621689150  0.7487415847178497  0.9998690199846886
  0.2574604499380681  0.2545047707408387  0.4997615070191347
  0.7410149982049644  0.2547488885336207  0.4996681448675309
  0.2574953089658654  0.7453455637127000  0.4997761236379495
  0.7412295982183973  0.7452965452901354  0.4996756988801871
  0.2480706715507571  1.0001733043799426  0.9997281068095242
  0.7515999440707082  1.0001922837060822  0.9996475240580127
  0.2467369466964326  0.5001024908284348  0.0003379437733946
  0.7533048651737341  0.5001101442598767  0.0001156896286051
  0.2436005841604132 -0.0002988500544942  0.4999199653898072
  0.7554389226867143 -0.0002011401949281  0.4999187311546719
  0.2328866424472376  0.4999594937925391  0.5000735815290311
  0.7695300229306725  0.5001619108993230  0.4992366499154925
  0.2497215103412877  0.2503416414486666  0.2497752628846623
  0.7498827517076513  0.2505720182178482  0.2501490593982884
  0.2496387326670463  0.7497632681286268  0.2496999002896851
  0.7500105263235664  0.7495909031695439  0.2500054780779443
  0.2499247092097297  0.2504155215721512  0.7498614372383793
  0.7495114844167845  0.2508721163223597  0.7493074336048210
  0.2498235422738574  0.7496943626143404  0.7499518225204547
  0.7496433489256272  0.7492805947431395  0.7494499893365357
  0.9996666014420355  1.0001689303548036  0.2481351040260197
  0.4999017714503416 -0.0002734710070114  0.2437489375823092
  1.0000559879959068  0.5001091761869563  0.2470811630057640
  0.5001016170029321  0.5000390764557683  0.2310208506675430
  0.9995982554666991  1.0001591799041516  0.7515469355989874
  0.4999052311766963 -0.0002418636806935  0.7554595195346678
  0.9998609601560499  0.5001074765828489  0.7527639137445440
  0.4993432858961603  0.5001246297957807  0.7723376107728108
  0.9996858812928642  0.2492399432950875  0.9997273231664204
  0.4999716717463218  0.2475581867468629  0.0001721480493375
  0.9996901845294002  0.7511609330658990  0.9997218881383616
  0.4999699095509149  0.7524903689908063  0.0001875654144672
  0.9998286791529185  0.2479272525493499  0.4999329784613141
  0.4985106679123223  0.2195613348827570  0.4989199009496769
  0.9998544488519904  0.7520803987435826  0.4999329960061427
  0.4987845079198172  0.7794007635872600  0.4990280708559068
  0.5123723565208763  0.4990893511016270  0.5067774868181745

