 X Y Z
  0.0000049857661312 -0.0000032016608884  0.0000013433999384
  0.5000057711023103  0.0000081389610729  0.0000006373081969
  0.0000067934731478  0.4999917288176960  0.0000018570287349
  0.4999971983802183  0.4999948549562646  0.9999934642911659
  0.0000051062920157  0.0000086032632769  0.5000011176851930
  0.4999968650297298  1.0000109358481268  0.4999992166128758
  0.9999435647515796  0.4999935065288291  0.4999988228449114
  0.0001166187452577  0.2524811633871736  0.2529211372694454
  0.5001515619656550  0.2599198019473916  0.2610830943061471
  0.9998907166180081  0.7474868401042497  0.2529401402187748
  0.4998477012486833  0.7404464915437878  0.2607403634675603
  0.0001215978273779  0.2525033055537654  0.7470553972261879
  0.5001533659885301  0.2595493290274942  0.7392650569520492
  0.9998956741348280  0.7475130319439420  0.7470873312189591
  0.4998493741095746  0.7400847958639950  0.7389079910797218
  0.2529031828830507  0.0001103073650302  0.2529054565092318
  0.7470976518753980  0.9998833913546458  0.2529123305460347
  0.2594170981985485  0.5001584712271269  0.2594461407295903
  0.7406303708593929  0.4998510253631215  0.2593676481591061
  0.2529123639023622  0.0001285662515270  0.7470851637782550
  0.7471100453354464  0.9999019630989650  0.7471017919233439
  0.2593628076195498  0.5001278171668531  0.7406075716024858
  0.7405847553908600  0.4998207538814258  0.7405786239046400
  0.2530101005786179  0.2525720343150337 -0.0000099366502253
  0.7471511740799210  0.2524155271700822 -0.0000043229722865
  0.2528540117725358  0.7475718122205661  1.0000062274826298
  0.7470087179700136  0.7474241714154582  1.0000124766547451
  0.2615067124247751  0.2603663310211637  0.5000099952607797
  0.7396466149595519  0.2591720094644642  0.5000106175942768
  0.2603557037196990  0.7407982949428060  0.4999880297563751
  0.7384824673625601  0.7396557644284477  0.4999891960767901
  0.2477868666307736  0.0000739108706708  0.9999800905930600
  0.7522239784502635  0.9998923944796879  0.0000264555047090
  0.2448377269779303  0.5000420268842155 -0.0000144940388302
  0.7551776044667302  0.4999032532014965  1.0000153548883763
  0.2442098672999788  0.0002296007062222  0.4999905735080228
  0.7557990741568327  0.9998981765402529  0.5000169415672134
  0.2204437422567281  0.5006067369319328  0.4999892153573474
  0.7794363101267977  0.4994000130552750  0.5000023797331157
  0.2504201914853949  0.2504401948783239  0.2503060200271863
  0.7497458938623748  0.2502627726829326  0.2502214369893785
  0.2503597233882520  0.7494990679840555  0.2503785266914081
  0.7494263899919767  0.7492929533623507  0.2505681932968523
  0.2506127712202668  0.2506701916685758  0.7494309671678940
  0.7496635105287510  0.2504606116681791  0.7496220896888390
  0.2502728346119133  0.7497033565728973  0.7497820532466418
  0.7496235465599558  0.7495334354575396  0.7497065212600639
  0.9999882057300984  0.9998874423431445  0.2477893463343657
  0.5000053760853675 -0.0000447254346619  0.2442234447610167
 -0.0000048406228069  0.4999704157599958  0.2448223112093375
  0.4999672765521114  0.4999939770271728  0.2205543032585134
  0.0000306733038578  0.0000839663089590  0.7522132037034981
  0.5000281128175886  0.0001746328428044  0.7557755942260324
  1.0000011903696531  0.4999741304437448  0.7551814160024758
  0.5000066346658408  0.5000350102854169  0.7794371506551070
  0.0001027893810423  0.2480107157167570  0.9999121800145563
  0.5000860895731978  0.2451009786136617 -0.0000766600271019
  0.9999197587827893  0.7519931095481079  0.0000927240524043
  0.4999463034063343  0.7549054146675183  1.0000691742830037
  0.0001858594389995  0.2450793405157249  0.4999998551310533
  0.5005414608600225  0.2172453219024988  0.4999725406355343
  0.9998054658623439  0.7549245836211705  0.5000054004401528
  0.4994279815318912  0.7827609887600352  0.5000146153451643
  0.4999009558814597  0.5000484333604681  0.4999870932279670

