 X Y Z
  0.9998683031157999  1.0000224132988169  0.9998377897934786
  0.5000207776830882 -0.0001083911393335  0.0002623836885190
 -0.0000611753676768  0.4999375194578304  0.0002781906180089
  0.5000124029556277  0.4999459784074842  0.9987596108806527
 -0.0001147275440149 -0.0000699270962410  0.4997517369605527
  0.4999941106333494  1.0000384058996212  0.4996385560315516
  1.0003197706391536  0.4999359260215967  0.4996412996440103
 -0.0000077662836933  0.2539950550229941  0.2538678859567954
  0.4999886198953244  0.2664557929592072  0.2663648940019704
 -0.0000039879015584  0.7459492509694118  0.2537971200430957
  0.4999991168829816  0.7339423379678605  0.2661470679831046
 -0.0000151656641885  0.2538592668082994  0.7459118016374664
  0.4999691367484322  0.2640942806553716  0.7360030833307708
 -0.0000145851910529  0.7460617003833817  0.7459326936752441
  0.4999782885131654  0.7358375523598836  0.7357513194133368
  0.2540257767507801  0.0000205569149478  0.2538172758834407
  0.7459472811970649  0.0000197156691187  0.2538604843507352
  0.2660472276844927  0.5001102530844610  0.2660650212824222
  0.7335221798345890  0.5001105041298614  0.2664794079307772
  0.2538878666494838 -0.0000235328323583  0.7459412978417356
  0.7460726969902688 -0.0000290427633858  0.7458884901366154
  0.2638938413573153  0.5000475100841847  0.7361304367386777
  0.7356270229716376  0.5000431889348758  0.7356938531266546
  0.2540013176604967  0.2539118895690645  0.0001816054197843
  0.7459970134643277  0.2539562649863245  0.0001684337865743
  0.2539456273075194  0.7460292754909464  0.0001136539192191
  0.7460463115658370  0.7459635223641852  0.0000997474035309
  0.2648827131856433  0.2650134696419311  0.5002521533556779
  0.7345501817430692  0.2654727359098658  0.5002377382736999
  0.2648941763661100  0.7351783241745389  0.5001817952490122
  0.7346323148010084  0.7347647536506443  0.5001669372662781
  0.2474328683326413  1.0001658239695141 -0.0002209557698568
  0.7524087967209390  1.0001528588584077 -0.0002651051041233
  0.2439166233556944  0.4999890635378046  0.9996416305887448
  0.7559542979990833  0.4999490604100086  0.9995828331818145
  0.2438190055233135  0.9998013156603106  0.4996797091682489
  0.7558945210566814  0.9998086668748214  0.4996980434536701
  0.2144480119457231  0.4999626507493578  0.5011491283018014
  0.7865595562848623  0.4999587071011133  0.5011255649341201
  0.2510376440611412  0.2506922538101363  0.2505930389419192
  0.7491515730170093  0.2509248693900341  0.2508915847655242
  0.2505839769672106  0.7494307381462525  0.2502619972080559
  0.7496181266159565  0.7491987989479063  0.2504861814578652
  0.2507017290239503  0.2503892194258140  0.7493127053201548
  0.7494498756588218  0.2506636597145395  0.7489642881470101
  0.2505038604225475  0.7496298337196521  0.7494522594901800
  0.7496366148858697  0.7493052997026648  0.7491735631808553
  0.9998501502417955  1.0002391912222137  0.2471217919510633
  0.5001533503983970  0.9998113995615969  0.2440806524345287
  1.0004147232335046  0.4999210262390092  0.2441178027707939
  0.4997031989218949  0.5001135594356659  0.2123622635383523
  0.9998476565998182  1.0001774006264967  0.7521730626216411
  0.5001548969630748  0.9997402642608709  0.7562272150858047
  1.0004202761765633  0.4999714227758416  0.7562692228454662
  0.4996353379954966  0.4998171774734982  0.7845983606839518
  0.9998411136798140  0.2474988208689586 -0.0001893636314168
  0.5002010375418338  0.2437877842382544  0.9997057419101860
  0.9998517941759084  0.7525309121846049 -0.0002907326672370
  0.5001737379504467  0.7558681546632490  0.9995443305795135
  1.0003545999460095  0.2438187046025251  0.4996692495903378
  0.4995669452028683  0.2138760522082103  0.5012471891304447
  1.0002826421048412  0.7559131035627736  0.4997007501440498
  0.4996126278831729  0.7859843798947084  0.5009313613680854
  0.5009121604687881  0.5004212751778325  0.4959808687550679

