 X Y Z
  0.3750000000000000  0.3750000000000000  0.3750000000000000
 -0.0001969924728057 -0.0001969924728057 -0.0001969924728057
  0.5005924375091541 -0.0057713781697819 -0.0057713781697819
 -0.0057713781697820  0.5005924375091541 -0.0057713781697819
  0.5009170378701350  0.5009170378701350 -0.0011548318654808
 -0.0057713781697819 -0.0057713781697819  0.5005924375091541
  0.5009170378701350 -0.0011548318654808  0.5009170378701350
 -0.0011548318654808  0.5009170378701350  0.5009170378701350
  0.5311994297515509  0.5311994297515509  0.5311994297515509
 -0.0011548318654808  0.2490829621298655  0.2490829621298655
  0.5311994297515509  0.2188005702484490  0.2188005702484490
 -0.0057713781697820  0.7557713781697817  0.2494075624908461
  0.5009170378701350  0.7511548318654809  0.2490829621298655
 -0.0057713781697819  0.2494075624908461  0.7557713781697817
  0.5009170378701350  0.2490829621298655  0.7511548318654809
 -0.0001969924728057  0.7501969924728060  0.7501969924728060
  0.5005924375091541  0.7557713781697817  0.7557713781697817
  0.2490829621298655 -0.0011548318654808  0.2490829621298655
  0.7557713781697817 -0.0057713781697819  0.2494075624908461
  0.2188005702484490  0.5311994297515509  0.2188005702484490
  0.7511548318654809  0.5009170378701350  0.2490829621298655
  0.2494075624908461 -0.0057713781697819  0.7557713781697817
  0.7501969924728060 -0.0001969924728057  0.7501969924728060
  0.2490829621298655  0.5009170378701350  0.7511548318654809
  0.7557713781697817  0.5005924375091541  0.7557713781697817
  0.2490829621298655  0.2490829621298655 -0.0011548318654808
  0.7557713781697817  0.2494075624908461 -0.0057713781697820
  0.2494075624908461  0.7557713781697817 -0.0057713781697820
  0.7501969924728060  0.7501969924728060 -0.0001969924728057
  0.2188005702484490  0.2188005702484490  0.5311994297515509
  0.7511548318654809  0.2490829621298655  0.5009170378701350
  0.2490829621298655  0.7511548318654809  0.5009170378701350
  0.7557713781697817  0.7557713781697817  0.5005924375091541
  0.2504622449884605  0.0000057451441674  0.0000057451441674
  0.7501763387935634 -0.0001763387935634 -0.0001763387935634
  0.2474381770405001  0.5025618229595001 -0.0067041757275922
  0.7499942548558325  0.4995377550115395  0.0000057451441674
  0.2474381770405001 -0.0067041757275922  0.5025618229595001
  0.7499942548558325  0.0000057451441674  0.4995377550115395
  0.2472339604119452  0.5027660395880549  0.5027660395880549
  0.7567041757275920  0.5025618229595001  0.5025618229595001
  0.2472339604119452  0.2472339604119452  0.2472339604119452
  0.7567041757275920  0.2474381770405001  0.2474381770405001
  0.2474381770405001  0.7567041757275920  0.2474381770405001
  0.7499942548558325  0.7499942548558325  0.2504622449884605
  0.2474381770405001  0.2474381770405001  0.7567041757275920
  0.7499942548558325  0.2504622449884605  0.7499942548558325
  0.2504622449884605  0.7499942548558325  0.7499942548558325
  0.7501763387935634  0.7501763387935634  0.7501763387935634
  0.0000057451441674  0.0000057451441674  0.2504622449884605
  0.5025618229595001 -0.0067041757275922  0.2474381770405001
 -0.0067041757275922  0.5025618229595001  0.2474381770405001
  0.5027660395880549  0.5027660395880549  0.2472339604119452
 -0.0001763387935634 -0.0001763387935634  0.7501763387935634
  0.4995377550115395  0.0000057451441674  0.7499942548558325
  0.0000057451441674  0.4995377550115395  0.7499942548558325
  0.5025618229595001  0.5025618229595001  0.7567041757275920
  0.0000057451441674  0.2504622449884605  0.0000057451441674
  0.5025618229595001  0.2474381770405001 -0.0067041757275922
 -0.0001763387935634  0.7501763387935634 -0.0001763387935634
  0.4995377550115395  0.7499942548558325  0.0000057451441674
 -0.0067041757275922  0.2474381770405001  0.5025618229595001
  0.5027660395880549  0.2472339604119452  0.5027660395880549
  0.0000057451441674  0.7499942548558325  0.4995377550115395
  0.5025618229595001  0.7567041757275920  0.5025618229595001

 