 X Y Z
  0.3750000000000000  0.3750000000000000  0.3750000000000000
  0.9999384928875737  0.9999384928875737  0.9999384928875737
  0.5003725133314681  0.9945781697791386  0.9945781697791386
  0.9945781697791386  0.5003725133314681  0.9945781697791386
  0.5007823044088987  0.5007823044088987  0.9984039034310528
  0.9945781697791386  0.9945781697791386  0.5003725133314681
  0.5007823044088987  0.9984039034310528  0.5007823044088987
  0.9984039034310528  0.5007823044088987  0.5007823044088987
  0.5302489420755703  0.5302489420755703  0.5302489420755703
  0.9984039034310528  0.2492176955911010  0.2492176955911010
  0.5302489420755703  0.2197510579244294  0.2197510579244294
  0.9945781697791386  0.7554218302208614  0.2496274866685308
  0.5007823044088987  0.7515960965689472  0.2492176955911010
  0.9945781697791386  0.2496274866685308  0.7554218302208614
  0.5007823044088987  0.2492176955911010  0.7515960965689472
  0.9999384928875737  0.7500615071124270  0.7500615071124270
  0.5003725133314681  0.7554218302208614  0.7554218302208614
  0.2492176955911010  0.9984039034310528  0.2492176955911010
  0.7554218302208614  0.9945781697791386  0.2496274866685308
  0.2197510579244294  0.5302489420755703  0.2197510579244294
  0.7515960965689472  0.5007823044088987  0.2492176955911010
  0.2496274866685308  0.9945781697791386  0.7554218302208614
  0.7500615071124270  0.9999384928875737  0.7500615071124270
  0.2492176955911010  0.5007823044088987  0.7515960965689472
  0.7554218302208614  0.5003725133314681  0.7554218302208614
  0.2492176955911010  0.2492176955911010  0.9984039034310528
  0.7554218302208614  0.2496274866685308  0.9945781697791386
  0.2496274866685308  0.7554218302208614  0.9945781697791386
  0.7500615071124270  0.7500615071124270  0.9999384928875737
  0.2197510579244294  0.2197510579244294  0.5302489420755703
  0.7515960965689472  0.2492176955911010  0.5007823044088987
  0.2492176955911010  0.7515960965689472  0.5007823044088987
  0.7554218302208614  0.7554218302208614  0.5003725133314681
  0.2504395534529822  0.0004502020631955  0.0004502020631955
  0.7499000003326551  0.0000999996673445  0.0000999996673445
  0.2483287747539868  0.5016712252460136  0.9945162177325139
  0.7495497979368043  0.4995604465470176  0.0004502020631955
  0.2483287747539868  0.9945162177325139  0.5016712252460136
  0.7495497979368043  0.0004502020631955  0.4995604465470176
  0.2486303070186091  0.5013696929813917  0.5013696929813917
  0.7554837822674861  0.5016712252460136  0.5016712252460136
  0.2486303070186091  0.2486303070186091  0.2486303070186091
  0.7554837822674861  0.2483287747539869  0.2483287747539869
  0.2483287747539868  0.7554837822674861  0.2483287747539869
  0.7495497979368043  0.7495497979368043  0.2504395534529822
  0.2483287747539868  0.2483287747539868  0.7554837822674861
  0.7495497979368043  0.2504395534529822  0.7495497979368043
  0.2504395534529822  0.7495497979368043  0.7495497979368043
  0.7499000003326552  0.7499000003326551  0.7499000003326552
  0.0004502020631955  0.0004502020631955  0.2504395534529822
  0.5016712252460136  0.9945162177325139  0.2483287747539868
  0.9945162177325139  0.5016712252460136  0.2483287747539868
  0.5013696929813913  0.5013696929813917  0.2486303070186091
  0.0000999996673445  0.0000999996673445  0.7499000003326552
  0.4995604465470176  0.0004502020631955  0.7495497979368043
  0.0004502020631955  0.4995604465470176  0.7495497979368043
  0.5016712252460136  0.5016712252460136  0.7554837822674861
  0.0004502020631955  0.2504395534529822  0.0004502020631955
  0.5016712252460136  0.2483287747539867  0.9945162177325139
  0.0000999996673445  0.7499000003326552  0.0000999996673445
  0.4995604465470176  0.7495497979368043  0.0004502020631955
  0.9945162177325139  0.2483287747539868  0.5016712252460136
  0.5013696929813913  0.2486303070186091  0.5013696929813913
  0.0004502020631955  0.7495497979368043  0.4995604465470176
  0.5016712252460136  0.7554837822674860  0.5016712252460136

