 X Y Z
  0.3750000000000000  0.3750000000000000  0.3750000000000000
  0.9997171079709348  0.9997171079709348  0.9997171079709348
  0.5005886022636536  0.9948313787263040  0.9948313787263040
  0.9948313787263040  0.5005886022636536  0.9948313787263040
  0.5005170867749572  0.5005170867749572  0.9987477229279613
  0.9948313787263040  0.9948313787263040  0.5005886022636536
  0.5005170867749572  0.9987477229279613  0.5005170867749572
  0.9987477229279613  0.5005170867749572  0.5005170867749572
  0.5299269867115398  0.5299269867115398  0.5299269867115398
  0.9987477229279613  0.2494829132250427  0.2494829132250427
  0.5299269867115398  0.2200730132884602  0.2200730132884602
  0.9948313787263040  0.7551686212736960  0.2494113977363464
  0.5005170867749572  0.7512522770720387  0.2494829132250427
  0.9948313787263040  0.2494113977363464  0.7551686212736960
  0.5005170867749572  0.2494829132250427  0.7512522770720387
  0.9997171079709348  0.7502828920290652  0.7502828920290652
  0.5005886022636536  0.7551686212736960  0.7551686212736960
  0.2494829132250427  0.9987477229279613  0.2494829132250427
  0.7551686212736960  0.9948313787263040  0.2494113977363464
  0.2200730132884602  0.5299269867115398  0.2200730132884602
  0.7512522770720387  0.5005170867749572  0.2494829132250427
  0.2494113977363464  0.9948313787263040  0.7551686212736960
  0.7502828920290652  0.9997171079709348  0.7502828920290652
  0.2494829132250427  0.5005170867749572  0.7512522770720387
  0.7551686212736960  0.5005886022636536  0.7551686212736960
  0.2494829132250427  0.2494829132250427  0.9987477229279613
  0.7551686212736960  0.2494113977363464  0.9948313787263040
  0.2494113977363464  0.7551686212736960  0.9948313787263040
  0.7502828920290652  0.7502828920290652  0.9997171079709348
  0.2200730132884602  0.2200730132884602  0.5299269867115398
  0.7512522770720387  0.2494829132250427  0.5005170867749572
  0.2494829132250427  0.7512522770720387  0.5005170867749572
  0.7551686212736960  0.7551686212736960  0.5005886022636536
  0.2503842567061919  0.0003516716596442  0.0003516716596442
  0.7500890736760226  0.9999109263239774  0.9999109263239774
  0.2480571342866962  0.5019428657133038  0.9942994104542313
  0.7496483283403558  0.4996157432938081  0.0003516716596442
  0.2480571342866962  0.9942994104542313  0.5019428657133038
  0.7496483283403558  0.0003516716596442  0.4996157432938081
  0.2485707110694505  0.5014292889305495  0.5014292889305495
  0.7557005895457687  0.5019428657133038  0.5019428657133038
  0.2485707110694505  0.2485707110694505  0.2485707110694505
  0.7557005895457687  0.2480571342866962  0.2480571342866962
  0.2480571342866962  0.7557005895457687  0.2480571342866962
  0.7496483283403558  0.7496483283403558  0.2503842567061919
  0.2480571342866962  0.2480571342866962  0.7557005895457687
  0.7496483283403558  0.2503842567061919  0.7496483283403558
  0.2503842567061919  0.7496483283403558  0.7496483283403558
  0.7500890736760226  0.7500890736760226  0.7500890736760226
  0.0003516716596442  0.0003516716596442  0.2503842567061919
  0.5019428657133038  0.9942994104542313  0.2480571342866962
  0.9942994104542313  0.5019428657133038  0.2480571342866962
  0.5014292889305495  0.5014292889305495  0.2485707110694505
  0.9999109263239774  0.9999109263239774  0.7500890736760226
  0.4996157432938081  0.0003516716596442  0.7496483283403558
  0.0003516716596442  0.4996157432938081  0.7496483283403558
  0.5019428657133038  0.5019428657133038  0.7557005895457687
  0.0003516716596442  0.2503842567061919  0.0003516716596442
  0.5019428657133038  0.2480571342866962  0.9942994104542313
  0.9999109263239774  0.7500890736760226  0.9999109263239774
  0.4996157432938081  0.7496483283403558  0.0003516716596442
  0.9942994104542313  0.2480571342866962  0.5019428657133038
  0.5014292889305495  0.2485707110694505  0.5014292889305495
  0.0003516716596442  0.7496483283403558  0.4996157432938081
  0.5019428657133038  0.7557005895457687  0.5019428657133038

