 X Y Z
  0.3750000000000000  0.3750000000000000  0.3750000000000000
 -0.0000041545393939 -0.0000041545393939 -0.0000041545393939
  0.5006687205945312 -0.0061225538463609 -0.0061225538463609
 -0.0061225538463609  0.5006687205945312 -0.0061225538463609
  0.5003315509210744  0.5003315509210744  0.0006022875069968
 -0.0061225538463609 -0.0061225538463609  0.5006687205945312
  0.5003315509210744  0.0006022875069968  0.5003315509210744
  0.0006022875069968  0.5003315509210744  0.5003315509210744
  0.5330665543490120  0.5330665543490121  0.5330665543490120
  0.0006022875069968  0.2496684490789258  0.2496684490789258
  0.5330665543490121  0.2169334456509881  0.2169334456509881
 -0.0061225538463609  0.7561225538463610  0.2493312794054689
  0.5003315509210744  0.7493977124930030  0.2496684490789258
 -0.0061225538463609  0.2493312794054689  0.7561225538463608
  0.5003315509210744  0.2496684490789258  0.7493977124930030
 -0.0000041545393939  0.7500041545393938  0.7500041545393938
  0.5006687205945312  0.7561225538463608  0.7561225538463610
  0.2496684490789258  0.0006022875069968  0.2496684490789258
  0.7561225538463610 -0.0061225538463609  0.2493312794054689
  0.2169334456509881  0.5330665543490120  0.2169334456509881
  0.7493977124930030  0.5003315509210744  0.2496684490789258
  0.2493312794054689 -0.0061225538463609  0.7561225538463608
  0.7500041545393940 -0.0000041545393939  0.7500041545393938
  0.2496684490789258  0.5003315509210744  0.7493977124930030
  0.7561225538463610  0.5006687205945312  0.7561225538463610
  0.2496684490789258  0.2496684490789258  0.0006022875069968
  0.7561225538463610  0.2493312794054689 -0.0061225538463609
  0.2493312794054689  0.7561225538463610 -0.0061225538463609
  0.7500041545393940  0.7500041545393938 -0.0000041545393939
  0.2169334456509881  0.2169334456509881  0.5330665543490121
  0.7493977124930030  0.2496684490789258  0.5003315509210744
  0.2496684490789258  0.7493977124930030  0.5003315509210744
  0.7561225538463610  0.7561225538463610  0.5006687205945312
  0.2498586023748367 -0.0016764146226962 -0.0016764146226962
  0.7512468125413446 -0.0012468125413447 -0.0012468125413447
  0.2443772437165761  0.5056227562834239 -0.0112918831341356
  0.7516764146226963  0.5001413976251633 -0.0016764146226962
  0.2443772437165761 -0.0112918831341356  0.5056227562834239
  0.7516764146226963 -0.0016764146226962  0.5001413976251633
  0.2400182719029288  0.5099817280970711  0.5099817280970711
  0.7612918831341358  0.5056227562834239  0.5056227562834239
  0.2400182719029288  0.2400182719029288  0.2400182719029288
  0.7612918831341358  0.2443772437165761  0.2443772437165761
  0.2443772437165761  0.7612918831341358  0.2443772437165761
  0.7516764146226963  0.7516764146226963  0.2498586023748367
  0.2443772437165761  0.2443772437165761  0.7612918831341358
  0.7516764146226963  0.2498586023748367  0.7516764146226963
  0.2498586023748367  0.7516764146226963  0.7516764146226963
  0.7512468125413446  0.7512468125413446  0.7512468125413446
 -0.0016764146226962 -0.0016764146226962  0.2498586023748367
  0.5056227562834239 -0.0112918831341356  0.2443772437165761
 -0.0112918831341356  0.5056227562834239  0.2443772437165761
  0.5099817280970711  0.5099817280970711  0.2400182719029288
 -0.0012468125413447 -0.0012468125413447  0.7512468125413446
  0.5001413976251633 -0.0016764146226962  0.7516764146226963
 -0.0016764146226962  0.5001413976251633  0.7516764146226963
  0.5056227562834239  0.5056227562834239  0.7612918831341358
 -0.0016764146226962  0.2498586023748367 -0.0016764146226962
  0.5056227562834239  0.2443772437165761 -0.0112918831341356
 -0.0012468125413447  0.7512468125413446 -0.0012468125413447
  0.5001413976251633  0.7516764146226963 -0.0016764146226962
 -0.0112918831341356  0.2443772437165761  0.5056227562834239
  0.5099817280970711  0.2400182719029288  0.5099817280970711
 -0.0016764146226962  0.7516764146226963  0.5001413976251633
  0.5056227562834239  0.7612918831341358  0.5056227562834239

