 X Y Z
  0.7499854394603319  0.5000017107558418  0.5000244532376832
  0.0016224306276008  0.0007182444168009  0.0006803075331330
  0.4983761883790129  0.9992803460299410  0.9993189236189165
  0.0059274887160323  0.5004834029739343  0.0023091013009650
  0.4940756726582635  0.4995135512614330  0.9977035929342859
  0.0059106060598194  0.0023803025380665  0.5004383651072142
  0.4940927357400159  0.9976291091290989  0.4995593270177405
  0.0291029036841158  0.5066590256383142  0.5066341099874432
  0.4708685161875169  0.4933397709995311  0.4933523164342549
  0.9981110800042660  0.2499479423152453  0.2498622634261137
  0.4979142279336874  0.2478195787404065  0.2478937106605312
  0.0001516214861231  0.7500568637503132  0.2518622646113566
  0.4998957902868577  0.7481646104796122  0.2499054633085412
  0.0001061619212410  0.2518338628768725  0.7500907951543795
  0.4998504128240929  0.2499420913071638  0.7481344723182819
  0.0020886071552724  0.7521802661266431  0.7521027262077701
  0.5018904339104941  0.7500505274343787  0.7501348547181877
  0.2493182946886278  0.9992836435619298  0.2483698417820611
  0.7495591312144682  0.9976410896467931  0.2440791653301467
  0.2476981735778417  0.4995146356357604  0.2440779702088373
  0.7433645981326310  0.4933546508236926  0.2209453415879299
  0.2506794088171838  0.0007159512518896  0.7516272152446301
  0.7504424963174305  0.0023663667267714  0.7559181589919567
  0.2522955446376348  0.5004829848662905  0.7559188824227714
  0.7566457690288811  0.5066448741875798  0.7790828025022241
  0.2492823777147648  0.2483978676486571  0.9992857102593085
  0.7495196041875446  0.2440922126059727  0.9976401298409523
  0.2507159726454559  0.7515984734796308  0.0007135504872612
  0.7504803513168660  0.7559065627358913  0.0023721974199894
  0.2476210853238300  0.2441066756866449  0.4995198696164448
  0.7433412226716573  0.2208802450327680  0.4933431290147913
  0.2523721689601689  0.7558932279714002  0.5004790608483209
  0.7566702458677912  0.7791321312378803  0.5066439076200088
  0.2500027126397961  0.0000011725186809  0.0000002473376526
  0.7499977670617863  0.0000016792956525  0.0000022354983444
  0.2499996287998192  0.4999994862799138  0.0000018338702118
  0.7499985729799434  0.5000002532148489  0.0000294347423397
  0.2499992824471358 -0.0000027753242900  0.4999970886070239
  0.7499973668827812  0.0000292744580322  0.5000005079698120
  0.2499889388653889  0.5000011196768276  0.4999986250671508
  0.2478026264703169  0.2498360537187699  0.2498099127765587
  0.7488615802802767  0.2427123626385998  0.2426888058010173
  0.2500906476646090  0.7490839899173199  0.2508793300938520
  0.7500004969984864  0.7466537154492862  0.2532838158403368
  0.2499024671225306  0.2509150808142293  0.7491181286462054
  0.7500017649547986  0.2533323012688115  0.7466962217049226
  0.2521946429240715  0.7501655137475223  0.7501905127070806
  0.7511485838797497  0.7572838595438488  0.7573005081417780
  0.9991245622761423  0.0000027932204319  0.2508794085456832
  0.4998708929673690  0.9977355856094130  0.2498782738668428
  0.9967810345214362  0.5000102701967123  0.2532163485882793
  0.4928743145173972  0.4988542112959605  0.2428743833363164
  0.0001364558998907  0.0022757626088293  0.7501180199837150
  0.5008771026695586 -0.0000004198926594  0.7491217917327777
  0.0071402095055046  0.5011511464980434  0.7571071533839883
  0.5032212155534085  0.4999868044079158  0.7467639241427937
  0.9991303782168763  0.2509179373986508 -0.0000861908635469
  0.4997914608334908  0.2498306723101565  0.9978175421216926
  0.0002109786947116  0.7501712490397427  0.0021921519880148
  0.5008720922147055  0.7490779226917775  0.0000930389612960
  0.9967174028843420  0.2533276623651548  0.5000075054553542
  0.4927764900548471  0.2427980375114366  0.4988821977918981
  0.0072265165994475  0.7571775577126310  0.5011239924625006
  0.5032850504818529  0.7466569199346069  0.4999892689436752

