 X Y Z
  0.7503512729559945  0.4893492141690974  0.5086584177459805
  0.0021499040580207  0.0003563476260494 -0.0001115287514467
  0.4978794315199755  1.0001809278268399 -0.0002168526833877
  0.0044883065254969  0.5003375081239300  1.0006336987653308
  0.4955082580111031  0.5001959374579393  1.0005778068104909
  0.0044423987762964  0.9992184881392893  0.4999678407537904
  0.4954880505309367  0.9991310514960238  0.4998721579851308
  0.0365510801499779  0.5015191317500149  0.4987817615835858
  0.4640177501586692  0.5010967002404458  0.4984928443491478
 -0.0002046474522116  0.2504609835223859  0.2499350651218971
  0.4998225422037529  0.2502158024198323  0.2497363924109528
  0.0000047611148312  0.7502729273271111  0.2498266629984485
  0.5000119661344752  0.7501310379498896  0.2497411981109332
 -0.0001891233578921  0.2505027784546557  0.7496573074498682
  0.5000539269305442  0.2503350204122649  0.7495976464138383
  0.0000241765763556  0.7502771813564608  0.7498050006941213
  0.5002414951258199  0.7500625053626264  0.7496431867675023
  0.2499074728233282  1.0001774817156521  0.2477924096823530
  0.7499650367218230  0.9990730511404955  0.2452481544894191
  0.2499561786296040  0.5002472736026897  0.2450806835129378
  0.7498484200833814  0.5015603501915447  0.2162559527349767
  0.2500127608888120  1.0002152925067607  0.7520658211977134
  0.7500552258559663  0.9991014454699287  0.7541982947854500
  0.2500074371797605  0.5002757047505306  0.7540341083437007
  0.7501350356038907  0.5019089188406833  0.7889604250357433
  0.2498710135664834  0.2481217574735893 -0.0002520695082140
  0.7499357491401542  0.2460910930287476  1.0005896927063562
  0.2500490599050280  0.7524259299815440 -0.0002188846654409
  0.7500854407363738  0.7550110858677037  1.0006365081599273
  0.2499611466622293  0.2458356114525830  0.4998544141039414
  0.7496988335862442  0.2104520370246856  0.4986409210292315
  0.2500396139276459  0.7547209337511230  0.4998871903747741
  0.7501528084900000  0.7832315627076955  0.4989556341182992
  0.2500479659878089  1.0002206459083298  0.0000841736089804
  0.7501056617475631  0.0004717675146326 -0.0001584598667182
  0.2499541879717922  0.5004010244578109 -0.0004589203774275
  0.7500919601852648  0.4999812173302915  1.0015856243930263
  0.2499360015815319  1.0000350453397091  0.4999690015021251
  0.7500221270529999  0.9978178483630424  0.5001679474299192
  0.2499619124287418  0.5000471830260740  0.5001198429791257
  0.2497153243325985  0.2533292627015062  0.2530262567441967
  0.7497769728991492  0.2629157627308310  0.2629756925093990
  0.2499622618267272  0.7470317248239472  0.2531581161087414
  0.7500537566118742  0.7389442079738914  0.2610295465052285
  0.2498458382949554  0.2533780323874532  0.7467539526882866
  0.7499323915949702  0.2643782137868699  0.7356199164580497
  0.2501068817718436  0.7471014069396522  0.7467483555853645
  0.7502044140677897  0.7379200074322634  0.7379941084920690
  0.9967574383863068  0.0002844504446689  0.2532622620070419
  0.5031773637378457  0.0000205254707621  0.2531167241057350
  0.9881992882708517  0.5002106548560911  0.2618951658508379
  0.5114408625751544  0.4999611713616340  0.2613880780551961
  0.9968598100117300  0.0003189985852158  0.7468397469715956
  0.5032774325165728  1.0000814567137248  0.7467731589604879
  0.9869136473027094  0.5002506470510767  0.7368838084755163
  0.5135208287245044  0.4999861781539555  0.7366100891515315
  0.9966679006228175  0.2534768377449484 -0.0002428404092618
  0.5031687801234043  0.2532922185985332 -0.0003839128780130
  0.9969525625822492  0.7471724040569274 -0.0001990113903128
  0.5032459235569693  0.7470046605659423 -0.0003390439271079
  0.9865370890117278  0.2634336457050291  0.4999292115319948
  0.5126968479062058  0.2626161661401712  0.4997596103386218
  0.9882484859430116  0.7381428879347781  0.4999583580826353
  0.5122952966094805  0.7376806727593685  0.4998055776857290

