 X Y Z
  0.7295580147646237  0.5220653413059633  0.5232234765409567
  0.0003068985626209  0.0003910243405789 -0.0008348199425712
  0.4986349421702951  0.9985564022917495  0.9985690208035243
  0.0081711460556684  0.5009901969283653  0.0055888438399534
  0.4940067948756713  0.4999469882774813  0.9977969820593799
  0.0082800119330081  0.0058145861978283  0.4999001922092211
  0.4946802469946004  0.9959388256226386  0.5001933404951127
  0.0130881159301941  0.5052043073219979  0.5036513044850565
  0.4702946706475386  0.4780948303402651  0.4783601799897305
  0.9992999118704727  0.2508278843147578  0.2501129601333466
  0.4991189297988080  0.2491257075636789  0.2497016915132843
  1.0006748732396606  0.7506772257797767  0.2497384647368791
  0.5041707972052458  0.7459940528324455  0.2515589473325188
  0.9987243898222374  0.2511734937636421  0.7493646796354935
  0.5031911296820193  0.2517233070797409  0.7463445805308343
  0.9978554381244104  0.7461787291469998  0.7456168804303291
  0.5040981170111295  0.7456766073156549  0.7467433986833744
  0.2500745273486287 -0.0001860261494453  0.2488415657472222
  0.7496706761653622  0.0054743554014275  0.2416030344105528
  0.2450586024755112  0.5003656252036238  0.2418338686311549
  0.7457654509319468  0.5039705083534366  0.2392590370259605
  0.2506751489921223  0.9989366611825047  0.7504010046159036
  0.7493800702218356  0.9966631383849384  0.7554811328603374
  0.2533276286335692  0.5004222609793273  0.7557744013893600
  0.7697090649110864  0.4791960620870912  0.7830393232554341
  0.2493037456858740  0.2493854036914089 -0.0006210457776323
  0.7487477188776160  0.2416338987663706  0.0056274245528634
  0.2510662173419392  0.7510967620203125  0.9985567813492158
  0.7499450434612681  0.7557748161572553  0.9974435455928508
  0.2447639992365624  0.2417643162347901  0.5001409179971180
  0.7440569718076769  0.2380767432656112  0.5040732421534805
  0.2543215078457612  0.7554185770174590  0.5000903343267070
  0.7716713092700537  0.7810984406238477  0.4777296424181792
  0.2493444659413407  0.0002357610841615 -0.0005828269976221
  0.7494100464194285  0.0000778646253628 -0.0000238189698746
  0.2497635045546155  0.5003439239587010  1.0002968606616749
  0.7500716240374936  0.4998732252085935  0.0062877126736485
  0.2503818837632823 -0.0002147432599627  0.4997375472754658
  0.7506077347977195  0.0033973998916882  0.4994719751356342
  0.2484772860902066  0.4994877016948311  0.4995648521545604
  0.2470681325884508  0.2479789686181034  0.2479438961373840
  0.7517094761979916  0.2425153421794549  0.2429743125015461
  0.2505999073824131  0.7518809533789979  0.2476784814259198
  0.7524110232790117  0.7721889689040250  0.2308046469257518
  0.2491064972808616  0.2479568764507109  0.7511977827708287
  0.7501163452316236  0.2303002436710765  0.7719914834103904
  0.2518354717937925  0.7514035293581625  0.7509133036398018
  0.7491159491470611  0.7573291135316702  0.7585823105099565
  0.0018690603994406  0.0031658692123047  0.2477626510009404
  0.4981413069236574 -0.0004799444191700  0.2476822043810470
  0.0080585288181409  0.4982275904591241  0.2429498240090633
  0.4783915948021025  0.4974562679712411  0.2309500625884651
  0.0016259337640206  0.0008118063553030  0.7509049902097826
  0.4982628721025719  0.9978329187472601  0.7510579296000950
  0.0196707911354967  0.4992399382309248  0.7719273980901363
  0.4924324773759625  0.5005601736000461  0.7595903672187759
  0.0007361259049277  0.2489470701239991  0.0019713915859096
  0.4972677299913976  0.2471746409409074  0.0004457286524207
  0.0023907227030429  0.7524333595419932  0.0001602326567129
  0.4986669500136081  0.7511593039021582  0.9990304319289319
  0.0068499750500907  0.2437973722782406  0.4972065477267714
  0.4786611384465527  0.2293155101937594  0.4979619855677615
  0.0207296915235677  0.7719415227606242  0.4975288615827271
  0.4945336406451777  0.7561904171621719  0.5011265399203041

