 X Y Z
  0.0008302599286017  0.9985713349981685  0.9983176685273379
  0.5030438220723978  0.9975778991904735  0.9978184483864868
  0.9986652399070277  0.4987060731290388  0.9998661479033468
  0.5051880479837471  0.4974336010349146  0.9963011252457162
  0.9989591548697205  0.9997883250976404  0.4983217389438780
  0.5048984603533685  0.9963628267525210  0.4978189617420027
  0.9815232356176263  0.4986698823557379  0.4959867483454992
  0.5222253648171274  0.4974364926806408  0.5001394102979372
  0.0028166921206190  0.2465515862409757  0.2470093695201826
  0.5037103159476062  0.2454427227668428  0.2462815150089419
  0.0008654470385196  0.7495882482007581  0.2489551804208159
  0.5020608212470539  0.7471633386751450  0.2479470826538451
  0.0018176019465223  0.2490103989517511  0.7481757600341178
  0.5029754143644491  0.2465697502237582  0.7471734844520973
  0.0001404939861070  0.7507018116944361  0.7498697801236757
  0.5010466793386450  0.7496099205590414  0.7491503891013944
  0.2521839009882769  0.9963488373717694  0.2450965222108196
  0.7521922597662736  0.9975710565964037  0.2469574571107026
  0.2498599984992610  0.4974072293788250  0.2277519495420513
  0.7536912168897973  0.4974311572148120  0.2448087185148208
  0.2516815390223150  0.9997904118807335  0.7510416953530011
  0.7516851480293830  0.9985866210668702  0.7491714829431309
  0.2540037164680967  0.4986863314027467  0.7684293298309530
  0.7501213695287234  0.4987208948985790  0.7513368891371398
  0.2525211350223925  0.2439030921966142  0.9966915504422000
  0.7524507527458864  0.2464772786593823  0.9975495543539782
  0.2513471841820658  0.7522420260734312  0.9994596914766311
  0.7514099822199750  0.7497015513372006  0.9986048608738017
  0.2535261288669781  0.2312469399534121  0.4964470032601856
  0.7532910185146725  0.2439148340609273  0.4974725447982775
  0.2503015140498840  0.7648707915608892  0.4997151173142520
  0.7505343412181376  0.7522503433521750  0.4986709559640780
  0.2519509603372667  0.9980636300148726  0.9980481876727610
  0.7519356113948820  0.9980160186093843  0.9981386272534373
  0.2519221033548392  0.4980309757760285  0.9981066657872621
  0.7519053189766540  0.4980665052779081  0.9980909574200136
  0.2519147309035594  0.9980416823856878  0.4981009364558454
  0.7519486907179680  0.9980688745841513  0.4980803434491720
  0.2015947780096940  0.5365796786687064  0.5484289810433949
  0.7518511192437687  0.4980442551283077  0.4981005174756688
  0.2526897875212452  0.2422163324530531  0.2425421555018283
  0.7535898097379268  0.2479837599125230  0.2476483025396728
  0.2513632610238253  0.7457643803258763  0.2504279283335502
  0.7515200574596315  0.7471445140030075  0.2487407732706313
  0.2524992176571391  0.2505111404351472  0.7456741831653524
  0.7523496082282823  0.2490864384817443  0.7473467544793925
  0.2511689979196937  0.7539635659830034  0.7536825226447091
  0.7502525338956783  0.7482509199737962  0.7485215216644925
  0.0021989526609710  0.9980487943753360  0.2483464964507882
  0.5021375613385461  0.9960442353033714  0.2478530864628324
  0.0033947166790674  0.4980255816819639  0.2495557450276323
  0.5076108439271392  0.4966877658609318  0.2424089458695669
  0.0017339476964768  1.0000741539303506  0.7482537351671491
  0.5016293315477308  0.9980780462136717  0.7477838952932299
  0.9963297606025054  0.4994026767801142  0.7536908981495771
  0.5004223312371981  0.4980515635012402  0.7465968508298142
  0.0026308024538383  0.2490692536673564  0.9976523196487131
  0.5023392981270817  0.2479742229449615  0.9964005530717929
  0.0014862104414111  0.7482287359189617  0.9997398375154806
  0.5012582325236656  0.7471485138871993  0.9985066943885487
  0.0043262851672284  0.2504828135403110  0.4975012834638626
  0.5074562127549753  0.2422377647085963  0.4973044457698241
  0.9963339464722203  0.7539741964356168  0.4988629121050534
  0.4995897703338266  0.7457589927060726  0.4986670048141840
  0.3020969521027552  0.4595464069741201  0.4478578039814793

