 X Y Z
  0.9993050526614741  0.9988730540732890  0.9977276542595415
  0.4991533665282969  0.9980495739856482  0.0006449921064954
  0.9958974524419144  0.4983089696658398  0.9934087989853551
  0.4987838666277342  0.4969707295293802  0.9845419539975735
  0.0015069811977982  0.9989341013642192  0.4973822540811539
  0.5044379637575210  0.9938549169199183  0.5020398855147498
  0.9923102298399759  0.4977468515336004  0.4968355678117550
  0.5440547010171209  0.5173504123064332  0.5296396945132107
  0.9988066941727867  0.2447181528139700  0.2463453075184569
  0.4995918920619918  0.2351570821865900  0.2495268861898234
  0.9980495498471783  0.7518027718764507  0.2482402090703291
  0.4957156987129853  0.7582312429811201  0.2523110909769911
  0.0042012216744332  0.2486842555855711  0.7462435104200577
  0.5017995699883526  0.2455204545507241  0.7502209961472293
  0.0024558384612672  0.7498486869031712  0.7473466651838125
  0.4995637140451897  0.7528155762913842  0.7546826518038527
  0.2467424291633346  0.9974738350022884  0.2432170427526265
  0.7495573204423774  0.9979676291521431  0.2482438391698871
  0.2256375094176351  0.5021668850096622  0.2219710424820166
  0.7640677699212717  0.4973967899852568  0.2484318334651911
  0.2510969712624881  0.9987682031909867  0.7499610282510827
  0.7522494237125713  0.9986007705500488  0.7516426720223505
  0.2494688983574382  0.5013961610524692  0.7557299755022822
  0.7597088428173159  0.4980961291934782  0.7573484745340837
  0.2503229160267463  0.2456154668922849  0.9956412267546676
  0.7485387797353720  0.2478418708911911  0.0014936134420803
  0.2494165744665242  0.7522772648190593  0.9962408471114389
  0.7471786471190301  0.7481648638883697  0.0022747731336430
  0.2489298553367137  0.2281842608535796  0.4950629847380862
  0.7578481467580916  0.2458486007063659  0.4980791639740635
  0.2512419653871698  0.7665844047163943  0.4985585972538663
  0.7573567926188952  0.7538507258145043  0.4987659109719834
  0.2494502382018816  0.9989238681089857  0.9953480829827365
  0.7488279314512553  0.9980205375903866  0.9997253894565549
  0.2498790772329330  0.4984161940551788  0.9932154830421610
  0.7447650548111493  0.4980244485399591  0.0038139249429475
  0.2523748158371746  0.9977775177780572  0.4981100703770616
  0.7539383435497553  0.9985230059069298  0.5008782887375950
  0.2333352412075509  0.5323913067241755  0.4878092398769904
  0.7616838446808750  0.4984756619087662  0.4981312032938416
  0.2461381013191060  0.2434239386198131  0.2429025173538075
  0.7467074926598652  0.2519611619666027  0.2494959600825297
  0.2466735470061966  0.7500874906746698  0.2454304536015370
  0.7443793205313971  0.7430965901212720  0.2512658304487878
  0.2535332602509203  0.2526126180242306  0.7407021672097039
  0.7533688886388090  0.2491425443954086  0.7503917959680922
  0.2513901274532927  0.7491116138417719  0.7478423592615511
  0.7508799710485766  0.7475641636282060  0.7502352328806686
  0.9963566678581968  0.9979200419820003  0.2472154296819177
  0.4998327934820423  0.9967036664301124  0.2497591414526791
  0.9975807616474154  0.4982096974230006  0.2445047113121346
  0.4585287558063855  0.4969323315874016  0.2870404780494219
  0.0009954316554492  0.9995154586270727  0.7478181103568495
  0.5027876094755622  0.9976943663180821  0.7533382381143983
  0.0038775224958875  0.4992689111905922  0.7456765317651295
  0.5018768961213377  0.4983052326880109  0.7507758691714468
  0.9991484978557450  0.2490452402266627  0.9954962037361600
  0.4992269380760735  0.2519090851371648  0.0025054410676452
  0.9976155188586676  0.7482176762049633  0.9972396934920918
  0.4984112315458318  0.7422274950822471  0.0051335683261387
  0.0054541802052872  0.2497564804799859  0.4964095713494637
  0.5152141180868933  0.2337295975514060  0.5047985579834123
  0.0021224896748796  0.7497592752078422  0.4981993143666900
  0.5037498386970851  0.7498375679306584  0.5030141286501882
  0.3598988569975772  0.4413145197629567  0.4309758674679555

