 X Y Z
  0.0003298749105816  0.0003411000947774  0.0003975996064576
  0.4991020268199597  0.9991723980638059  0.9992011701021788
  0.9991615360004853  0.4991148474426307  0.9991906087855393
  0.5035166438668890  0.5035220852988170  0.9959201148740375
  0.9992007787462457  0.9992013224539786  0.4991641492457573
  0.5034649527946645  0.9959046491370298  0.5035160998805430
  0.9958761743029177  0.5034711377545888  0.5035097431006583
  0.5009838786760952  0.5009725373196220  0.5010015157676815
  0.9958527871047682  0.2464565050607225  0.2464903459374760
  0.5009060881379769  0.2491390572420079  0.2491348919444084
  0.9992119495872098  0.7507431675731161  0.2508734082634677
  0.5035518174484471  0.7541048464986053  0.2464774605969571
  0.9992369345163932  0.2508186224785887  0.7507053152144306
  0.5035068516811079  0.2464676739359658  0.7540989669652423
  0.0003891196585216  0.7495756227157139  0.7496366891201555
  0.4991671597974201  0.7508270205384908  0.7508402323965080
  0.2464684762667457  0.9958914779350548  0.2465197994003359
  0.7507565576188434  0.9991910370136632  0.2508793929335231
  0.2491669731440915  0.5008838017413431  0.2491388762432870
  0.7540696858807222  0.5035399241252808  0.2464767134909170
  0.2508290610257802  0.9992261833825055  0.7507389490138279
  0.7495749301124687  0.0003821923421524  0.7496349483092143
  0.2464771218929003  0.5034985018715313  0.7541228484742503
  0.7508377363351434  0.4991628274858846  0.7508492365040423
  0.2464494918077940  0.2464525733934457  0.9959960109800389
  0.7507487427438927  0.2508371979373121  0.9991689186677185
  0.2508431966289161  0.7507816492710043  0.9991768358427900
  0.7495700899539260  0.7495743848747350  0.0004523368687624
  0.2493658810099539  0.2493733617078147  0.5006270474975472
  0.7539566518509401  0.2464652528394128  0.5035495268746452
  0.2464672281226476  0.7539896138572655  0.5035704348322859
  0.7508406613387274  0.7508524378698663  0.4991894066208932
  0.2491846029648401  0.9938655449277849  0.9938407238431032
  0.7499728826221964  0.9997299638670151  0.9998072299893331
  0.2490299412119792  0.5009312224218079  0.9986531443039571
  0.7561973402732098  0.5005229152123325  0.9939585667783655
  0.2490620130235184  0.9985767699819879  0.5008126298437657
  0.7560186434517600  0.9941637060979905  0.5007171491094229
  0.2178135219230161  0.5319387910716878  0.5321839195659179
  0.7512320542054696  0.5008130077084104  0.5007539101839549
  0.2178964998110343  0.2180198288870117  0.2181755604955014
  0.7512925147325040  0.2489942426796646  0.2489897024667903
  0.2490646295377887  0.7511740107072377  0.2490190068688461
  0.7565676057067759  0.7563868418277354  0.2498276150392517
  0.2491674125868580  0.2490860361410463  0.7513091623547073
  0.7562374979374499  0.2494672248446163  0.7561726916017875
  0.2495662285655561  0.7562681170846904  0.7562762845658076
  0.7502208091015485  0.7502590361919851  0.7501308626357046
  0.9937428447590294  0.9936607429070760  0.2496498337660492
  0.5010742735060378  0.9985351620787689  0.2487567807323743
  0.9988186870064333  0.5010575902583441  0.2487144414371372
  0.5321582225542696  0.5323243338738087  0.2178259694921472
  0.9999107376650553  0.9997851696158833  0.7499226963513691
  0.5002616670441371  0.9937101879778424  0.7563650757504453
  0.9935954402802658  0.5002117946330287  0.7564061000486140
  0.5012801586698863  0.5011001234685373  0.7511891398887295
  0.9936573624063494  0.2492568531268103  0.9935738255415376
  0.5009293920845215  0.2489817450640205  0.9988414601760179
  0.9997740646882304  0.7500953952309960  0.9997188620057761
  0.5004929063837472  0.7562690358015057  0.9936936836487338
  0.9989093333604488  0.2489810980897041  0.5008627573904795
  0.5317164714747724  0.2179737817686953  0.5320846300212067
  0.9937186624110301  0.7562684377373320  0.5007262127288534
  0.5010197733282250  0.7510275717672649  0.5009258007743395
  0.3755347449388636  0.3756287056906441  0.3748649762443666

