 X Y Z
  0.0010685511755457  0.9975638705422033  0.9985420133591052
  0.5027906085921898  0.9985221712362344  0.9976029809579594
  0.9981247724520524  0.4973916873377747  0.9991955666674028
  0.5057238182788447  0.4987133856676152  0.9969624363470809
  0.9980984156253399  0.9969903095935546  0.4987283367757458
  0.5057595723706036  0.9992169807218243  0.4974038747201207
  0.9855061034515169  0.4964436468088139  0.4997103592776515
  0.5182817313929681  0.4997045476313093  0.4964185579207931
  0.0012104301455407  0.2473563640801204  0.2504065717033732
  0.5026433231752703  0.2504045275122135  0.2473437611363556
  0.0042680333520036  0.7487740701700496  0.2473622168544150
  0.5031784441934478  0.7493124919877656  0.2468280077905220
  0.0006698777254067  0.2468196643807978  0.7493296008122488
  0.4995845766824454  0.2473514808778703  0.7488005631589058
  0.0012357131842639  0.7457368903608911  0.7487751219575821
  0.5026208329311573  0.7487738875166168  0.7457160310113711
  0.2525802081638565  0.9992151335452867  0.2442503513423982
  0.7524032373462025  0.9985060683968118  0.2471909306901441
  0.2536184662686935  0.4997766577927851  0.2318839271392651
  0.7530329323134609  0.4986878014455244  0.2442179472541090
  0.2512745593496541  0.9969789212499724  0.7519110264227419
  0.7514557555815321  0.9975669223398461  0.7489549894900654
  0.2502422141280866  0.4964078137042557  0.7643611364509474
  0.7507949945933601  0.4973916822506853  0.7519092419598746
  0.2512673097434576  0.2442796414406668  0.9992012609458117
  0.7514497567393733  0.2471745510669986  0.9985321524424656
  0.2526031961280366  0.7518821290140697  0.9969695718453947
  0.7524084966425000  0.7489020334520571  0.9975963763791585
  0.2502643640625417  0.2318641522145510  0.4997441763450259
  0.7508172975973226  0.2442200531386292  0.4987275446148858
  0.2535812198174585  0.7645432880048316  0.4964121063645223
  0.7530399918732855  0.7519140281994171  0.4974037882284879
  0.2519166501985917  0.9980715527256628  0.9981150321770593
  0.7519385388306662  0.9979541902648859  0.9980718329246123
  0.2519493291096493  0.4980664551275314  0.9981080348873025
  0.7519247243850070  0.4981057604130874  0.9980535086507150
  0.2519165884284117  0.9982235885022659  0.4980288992073235
  0.7519274419644448  0.9980657604793901  0.4980979786884772
  0.2036186104418604  0.4499958575890686  0.5461936836467379
  0.7519026424351434  0.4980070926649560  0.4980478315454470
  0.2519140078209994  0.2495598819288525  0.2494636436865139
  0.7519431916897433  0.2482147529526867  0.2482108978568319
  0.2530946368378772  0.7565539221707628  0.2396461039657435
  0.7543484848450183  0.7489190307477961  0.2472187848900047
  0.2507792701110448  0.2396075147440365  0.7565562626027577
  0.7494872248851268  0.2472003163343091  0.7490014636676290
  0.2519484729264534  0.7467896310648384  0.7466636764904401
  0.7519115274514296  0.7478425509860999  0.7478618378110267
  0.0021229166374372  0.9980479505675728  0.2482468635881389
  0.5028006038281371  0.0005040215692508  0.2471638202918931
  0.0032623017133394  0.4980470786078036  0.2494700111326162
  0.5104267668305138  0.4991590662264538  0.2396149341590205
  0.0010516317409335  0.9956298589877299  0.7489751495727681
  0.5017354035648852  0.9980360969790329  0.7479003265690487
  0.9934363772238793  0.4968857183845257  0.7565600945441613
  0.5004923358617061  0.4980471662574812  0.7467003191715288
  0.0010069105994588  0.2471676141430467  0.0004718361659823
  0.5017083335325323  0.2482786796750162  0.9980620393672160
  0.0021858802904277  0.7478267450187064  0.9980648326474643
  0.5027853612201924  0.7489501353181358  0.9956812208480297
  0.9933979144487333  0.2395950062296597  0.4992675887248303
  0.5005888801454618  0.2494617321901605  0.4980872406169414
  0.0032935558645462  0.7467869591904902  0.4980744421245772
  0.5104311929149240  0.7566213113067286  0.4968498673111859
  0.3001534861440675  0.5463901469699479  0.4500774121001204

