 Energy DOS Integrated_DOS
    -17.163  0.0000E+00  0.0000E+00
    -17.145  0.0000E+00  0.0000E+00
    -17.127  0.0000E+00  0.0000E+00
    -17.108  0.0000E+00  0.0000E+00
    -17.090  0.0000E+00  0.0000E+00
    -17.072  0.0000E+00  0.0000E+00
    -17.054  0.0000E+00  0.0000E+00
    -17.036  0.0000E+00  0.0000E+00
    -17.018  0.0000E+00  0.0000E+00
    -16.999  0.0000E+00  0.0000E+00
    -16.981  0.0000E+00  0.0000E+00
    -16.963  0.0000E+00  0.0000E+00
    -16.945  0.0000E+00  0.0000E+00
    -16.927  0.0000E+00  0.0000E+00
    -16.909  0.0000E+00  0.0000E+00
    -16.890  0.0000E+00  0.0000E+00
    -16.872  0.0000E+00  0.0000E+00
    -16.854  0.0000E+00  0.0000E+00
    -16.836  0.0000E+00  0.0000E+00
    -16.818  0.0000E+00  0.0000E+00
    -16.799  0.0000E+00  0.0000E+00
    -16.781  0.0000E+00  0.0000E+00
    -16.763  0.0000E+00  0.0000E+00
    -16.745  0.0000E+00  0.0000E+00
    -16.727  0.0000E+00  0.0000E+00
    -16.709  0.0000E+00  0.0000E+00
    -16.690  0.0000E+00  0.0000E+00
    -16.672  0.0000E+00  0.0000E+00
    -16.654  0.0000E+00  0.0000E+00
    -16.636  0.0000E+00  0.0000E+00
    -16.618  0.0000E+00  0.0000E+00
    -16.600  0.0000E+00  0.0000E+00
    -16.581  0.0000E+00  0.0000E+00
    -16.563  0.0000E+00  0.0000E+00
    -16.545  0.0000E+00  0.0000E+00
    -16.527  0.0000E+00  0.0000E+00
    -16.509  0.0000E+00  0.0000E+00
    -16.491  0.0000E+00  0.0000E+00
    -16.472  0.0000E+00  0.0000E+00
    -16.454  0.0000E+00  0.0000E+00
    -16.436  0.0000E+00  0.0000E+00
    -16.418  0.0000E+00  0.0000E+00
    -16.400  0.0000E+00  0.0000E+00
    -16.382  0.0000E+00  0.0000E+00
    -16.363  0.0000E+00  0.0000E+00
    -16.345  0.0000E+00  0.0000E+00
    -16.327  0.0000E+00  0.0000E+00
    -16.309  0.0000E+00  0.0000E+00
    -16.291  0.0000E+00  0.0000E+00
    -16.273  0.0000E+00  0.0000E+00
    -16.254  0.0000E+00  0.0000E+00
    -16.236  0.0000E+00  0.0000E+00
    -16.218  0.0000E+00  0.0000E+00
    -16.200  0.0000E+00  0.0000E+00
    -16.182  0.0000E+00  0.0000E+00
    -16.164  0.0000E+00  0.0000E+00
    -16.145  0.0000E+00  0.0000E+00
    -16.127  0.0000E+00  0.0000E+00
    -16.109  0.0000E+00  0.0000E+00
    -16.091  0.0000E+00  0.0000E+00
    -16.073  0.0000E+00  0.0000E+00
    -16.055  0.0000E+00  0.0000E+00
    -16.036  0.0000E+00  0.0000E+00
    -16.018  0.0000E+00  0.0000E+00
    -16.000  0.0000E+00  0.0000E+00
    -15.982  0.0000E+00  0.0000E+00
    -15.964  0.0000E+00  0.0000E+00
    -15.946  0.0000E+00  0.0000E+00
    -15.927  0.0000E+00  0.0000E+00
    -15.909  0.0000E+00  0.0000E+00
    -15.891  0.0000E+00  0.0000E+00
    -15.873  0.0000E+00  0.0000E+00
    -15.855  0.0000E+00  0.0000E+00
    -15.837  0.0000E+00  0.0000E+00
    -15.818  0.0000E+00  0.0000E+00
    -15.800  0.0000E+00  0.0000E+00
    -15.782  0.0000E+00  0.0000E+00
    -15.764  0.0000E+00  0.0000E+00
    -15.746  0.0000E+00  0.0000E+00
    -15.728  0.0000E+00  0.0000E+00
    -15.709  0.0000E+00  0.0000E+00
    -15.691  0.0000E+00  0.0000E+00
    -15.673  0.0000E+00  0.0000E+00
    -15.655  0.0000E+00  0.0000E+00
    -15.637  0.0000E+00  0.0000E+00
    -15.619  0.0000E+00  0.0000E+00
    -15.600  0.0000E+00  0.0000E+00
    -15.582  0.0000E+00  0.0000E+00
    -15.564  0.0000E+00  0.0000E+00
    -15.546  0.0000E+00  0.0000E+00
    -15.528  0.0000E+00  0.0000E+00
    -15.509  0.7760E-03  0.6409E-06
    -15.491  0.5389E-01  0.3709E-03
    -15.473  0.1905E+00  0.2464E-02
    -15.455  0.4105E+00  0.7798E-02
    -15.437  0.7140E+00  0.1789E-01
    -15.419  0.1101E+01  0.3425E-01
    -15.400  0.1571E+01  0.5840E-01
    -15.382  0.2125E+01  0.9186E-01
    -15.364  0.2763E+01  0.1361E+00
    -15.346  0.3484E+01  0.1928E+00
    -15.328  0.4288E+01  0.2632E+00
    -15.310  0.5176E+01  0.3491E+00
    -15.291  0.6130E+01  0.4520E+00
    -15.273  0.6890E+01  0.5706E+00
    -15.255  0.9010E+01  0.7098E+00
    -15.237  0.1166E+02  0.8985E+00
    -15.219  0.1370E+02  0.1130E+01
    -15.201  0.1512E+02  0.1393E+01
    -15.182  0.1592E+02  0.1675E+01
    -15.164  0.1611E+02  0.1967E+01
    -15.146  0.1569E+02  0.2257E+01
    -15.128  0.1465E+02  0.2534E+01
    -15.110  0.1297E+02  0.2786E+01
    -15.092  0.1112E+02  0.3004E+01
    -15.073  0.9740E+01  0.3192E+01
    -15.055  0.9177E+01  0.3363E+01
    -15.037  0.8698E+01  0.3525E+01
    -15.019  0.8325E+01  0.3680E+01
    -15.001  0.9603E+01  0.3843E+01
    -14.983  0.1073E+02  0.4028E+01
    -14.964  0.1171E+02  0.4232E+01
    -14.946  0.1253E+02  0.4452E+01
    -14.928  0.1313E+02  0.4686E+01
    -14.910  0.1350E+02  0.4928E+01
    -14.892  0.1383E+02  0.5176E+01
    -14.874  0.1417E+02  0.5431E+01
    -14.855  0.1455E+02  0.5691E+01
    -14.837  0.1498E+02  0.5960E+01
    -14.819  0.1549E+02  0.6236E+01
    -14.801  0.1606E+02  0.6523E+01
    -14.783  0.1671E+02  0.6821E+01
    -14.765  0.1742E+02  0.7130E+01
    -14.746  0.1818E+02  0.7454E+01
    -14.728  0.1894E+02  0.7791E+01
    -14.710  0.1974E+02  0.8142E+01
    -14.692  0.2069E+02  0.8509E+01
    -14.674  0.2188E+02  0.8896E+01
    -14.656  0.2331E+02  0.9306E+01
    -14.637  0.2497E+02  0.9744E+01
    -14.619  0.2687E+02  0.1021E+02
    -14.601  0.3114E+02  0.1073E+02
    -14.583  0.4215E+02  0.1137E+02
    -14.565  0.5758E+02  0.1232E+02
    -14.547  0.5745E+02  0.1337E+02
    -14.528  0.5213E+02  0.1437E+02
    -14.510  0.4095E+02  0.1522E+02
    -14.492  0.3236E+02  0.1587E+02
    -14.474  0.2337E+02  0.1639E+02
    -14.456  0.1497E+02  0.1673E+02
    -14.438  0.2412E+02  0.1698E+02
    -14.419  0.4253E+02  0.1773E+02
    -14.401  0.2772E+02  0.1829E+02
    -14.383  0.2613E+02  0.1878E+02
    -14.365  0.2478E+02  0.1924E+02
    -14.347  0.2368E+02  0.1968E+02
    -14.328  0.3385E+02  0.2019E+02
    -14.310  0.4283E+02  0.2089E+02
    -14.292  0.4746E+02  0.2172E+02
    -14.274  0.3910E+02  0.2258E+02
    -14.256  0.1842E+02  0.2302E+02
    -14.238  0.1581E+02  0.2333E+02
    -14.219  0.2199E+02  0.2365E+02
    -14.201  0.3913E+02  0.2419E+02
    -14.183  0.6359E+02  0.2513E+02
    -14.165  0.7846E+02  0.2643E+02
    -14.147  0.9813E+02  0.2796E+02
    -14.129  0.1281E+03  0.3013E+02
    -14.110  0.1274E+03  0.3247E+02
    -14.092  0.1218E+03  0.3469E+02
    -14.074  0.1200E+03  0.3692E+02
    -14.056  0.8877E+02  0.3884E+02
    -14.038  0.5439E+02  0.4005E+02
    -14.020  0.4952E+02  0.4102E+02
    -14.001  0.6645E+02  0.4206E+02
    -13.983  0.1264E+03  0.4387E+02
    -13.965  0.1096E+03  0.4605E+02
    -13.947  0.1281E+03  0.4812E+02
    -13.929  0.1323E+03  0.5054E+02
    -13.911  0.1024E+03  0.5269E+02
    -13.892  0.8290E+02  0.5434E+02
    -13.874  0.7332E+02  0.5575E+02
    -13.856  0.7063E+02  0.5705E+02
    -13.838  0.1446E+03  0.5935E+02
    -13.820  0.1114E+03  0.6119E+02
    -13.802  0.4298E+02  0.6226E+02
    -13.783  0.4395E+02  0.6307E+02
    -13.765  0.2787E+02  0.6375E+02
    -13.747  0.2813E+01  0.6399E+02
    -13.729  0.0000E+00  0.6400E+02
    -13.711  0.0000E+00  0.6400E+02
    -13.693  0.0000E+00  0.6400E+02
    -13.674  0.0000E+00  0.6400E+02
    -13.656  0.0000E+00  0.6400E+02
    -13.638  0.0000E+00  0.6400E+02
    -13.620  0.0000E+00  0.6400E+02
    -13.602  0.0000E+00  0.6400E+02
    -13.584  0.0000E+00  0.6400E+02
    -13.565  0.0000E+00  0.6400E+02
    -13.547  0.0000E+00  0.6400E+02
    -13.529  0.0000E+00  0.6400E+02
    -13.511  0.0000E+00  0.6400E+02
    -13.493  0.0000E+00  0.6400E+02
    -13.475  0.0000E+00  0.6400E+02
    -13.456  0.0000E+00  0.6400E+02
    -13.438  0.0000E+00  0.6400E+02
    -13.420  0.0000E+00  0.6400E+02
    -13.402  0.0000E+00  0.6400E+02
    -13.384  0.0000E+00  0.6400E+02
    -13.366  0.0000E+00  0.6400E+02
    -13.347  0.0000E+00  0.6400E+02
    -13.329  0.0000E+00  0.6400E+02
    -13.311  0.0000E+00  0.6400E+02
    -13.293  0.0000E+00  0.6400E+02
    -13.275  0.0000E+00  0.6400E+02
    -13.257  0.0000E+00  0.6400E+02
    -13.238  0.0000E+00  0.6400E+02
    -13.220  0.0000E+00  0.6400E+02
    -13.202  0.0000E+00  0.6400E+02
    -13.184  0.0000E+00  0.6400E+02
    -13.166  0.0000E+00  0.6400E+02
    -13.148  0.0000E+00  0.6400E+02
    -13.129  0.0000E+00  0.6400E+02
    -13.111  0.0000E+00  0.6400E+02
    -13.093  0.0000E+00  0.6400E+02
    -13.075  0.0000E+00  0.6400E+02
    -13.057  0.0000E+00  0.6400E+02
    -13.038  0.0000E+00  0.6400E+02
    -13.020  0.0000E+00  0.6400E+02
    -13.002  0.0000E+00  0.6400E+02
    -12.984  0.0000E+00  0.6400E+02
    -12.966  0.0000E+00  0.6400E+02
    -12.948  0.0000E+00  0.6400E+02
    -12.929  0.0000E+00  0.6400E+02
    -12.911  0.0000E+00  0.6400E+02
    -12.893  0.0000E+00  0.6400E+02
    -12.875  0.0000E+00  0.6400E+02
    -12.857  0.0000E+00  0.6400E+02
    -12.839  0.0000E+00  0.6400E+02
    -12.820  0.0000E+00  0.6400E+02
    -12.802  0.0000E+00  0.6400E+02
    -12.784  0.0000E+00  0.6400E+02
    -12.766  0.0000E+00  0.6400E+02
    -12.748  0.0000E+00  0.6400E+02
    -12.730  0.0000E+00  0.6400E+02
    -12.711  0.0000E+00  0.6400E+02
    -12.693  0.0000E+00  0.6400E+02
    -12.675  0.0000E+00  0.6400E+02
    -12.657  0.0000E+00  0.6400E+02
    -12.639  0.0000E+00  0.6400E+02
    -12.621  0.0000E+00  0.6400E+02
    -12.602  0.0000E+00  0.6400E+02
    -12.584  0.0000E+00  0.6400E+02
    -12.566  0.0000E+00  0.6400E+02
    -12.548  0.0000E+00  0.6400E+02
    -12.530  0.0000E+00  0.6400E+02
    -12.512  0.0000E+00  0.6400E+02
    -12.493  0.0000E+00  0.6400E+02
    -12.475  0.0000E+00  0.6400E+02
    -12.457  0.0000E+00  0.6400E+02
    -12.439  0.0000E+00  0.6400E+02
    -12.421  0.0000E+00  0.6400E+02
    -12.403  0.0000E+00  0.6400E+02
    -12.384  0.0000E+00  0.6400E+02
    -12.366  0.0000E+00  0.6400E+02
    -12.348  0.0000E+00  0.6400E+02
    -12.330  0.0000E+00  0.6400E+02
    -12.312  0.0000E+00  0.6400E+02
    -12.294  0.0000E+00  0.6400E+02
    -12.275  0.0000E+00  0.6400E+02
    -12.257  0.0000E+00  0.6400E+02
    -12.239  0.0000E+00  0.6400E+02
    -12.221  0.0000E+00  0.6400E+02
    -12.203  0.0000E+00  0.6400E+02
    -12.185  0.0000E+00  0.6400E+02
    -12.166  0.0000E+00  0.6400E+02
    -12.148  0.0000E+00  0.6400E+02
    -12.130  0.0000E+00  0.6400E+02
    -12.112  0.0000E+00  0.6400E+02
    -12.094  0.0000E+00  0.6400E+02
    -12.076  0.0000E+00  0.6400E+02
    -12.057  0.0000E+00  0.6400E+02
    -12.039  0.0000E+00  0.6400E+02
    -12.021  0.0000E+00  0.6400E+02
    -12.003  0.0000E+00  0.6400E+02
    -11.985  0.0000E+00  0.6400E+02
    -11.967  0.0000E+00  0.6400E+02
    -11.948  0.0000E+00  0.6400E+02
    -11.930  0.0000E+00  0.6400E+02
    -11.912  0.0000E+00  0.6400E+02
    -11.894  0.0000E+00  0.6400E+02
    -11.876  0.0000E+00  0.6400E+02
    -11.857  0.0000E+00  0.6400E+02
    -11.839  0.0000E+00  0.6400E+02
    -11.821  0.0000E+00  0.6400E+02
    -11.803  0.0000E+00  0.6400E+02
    -11.785  0.0000E+00  0.6400E+02
    -11.767  0.0000E+00  0.6400E+02
    -11.748  0.0000E+00  0.6400E+02
    -11.730  0.0000E+00  0.6400E+02
    -11.712  0.0000E+00  0.6400E+02
    -11.694  0.0000E+00  0.6400E+02
    -11.676  0.0000E+00  0.6400E+02
    -11.658  0.0000E+00  0.6400E+02
    -11.639  0.0000E+00  0.6400E+02
    -11.621  0.0000E+00  0.6400E+02
    -11.603  0.0000E+00  0.6400E+02
    -11.585  0.0000E+00  0.6400E+02
    -11.567  0.0000E+00  0.6400E+02
    -11.549  0.0000E+00  0.6400E+02
    -11.530  0.0000E+00  0.6400E+02
    -11.512  0.0000E+00  0.6400E+02
    -11.494  0.0000E+00  0.6400E+02
    -11.476  0.0000E+00  0.6400E+02
    -11.458  0.0000E+00  0.6400E+02
    -11.440  0.0000E+00  0.6400E+02
    -11.421  0.0000E+00  0.6400E+02
    -11.403  0.0000E+00  0.6400E+02
    -11.385  0.0000E+00  0.6400E+02
    -11.367  0.0000E+00  0.6400E+02
    -11.349  0.0000E+00  0.6400E+02
    -11.331  0.0000E+00  0.6400E+02
    -11.312  0.0000E+00  0.6400E+02
    -11.294  0.0000E+00  0.6400E+02
    -11.276  0.0000E+00  0.6400E+02
    -11.258  0.0000E+00  0.6400E+02
    -11.240  0.0000E+00  0.6400E+02
    -11.222  0.0000E+00  0.6400E+02
    -11.203  0.0000E+00  0.6400E+02
    -11.185  0.0000E+00  0.6400E+02
    -11.167  0.0000E+00  0.6400E+02
    -11.149  0.0000E+00  0.6400E+02
    -11.131  0.0000E+00  0.6400E+02
    -11.113  0.0000E+00  0.6400E+02
    -11.094  0.0000E+00  0.6400E+02
    -11.076  0.0000E+00  0.6400E+02
    -11.058  0.0000E+00  0.6400E+02
    -11.040  0.0000E+00  0.6400E+02
    -11.022  0.0000E+00  0.6400E+02
    -11.004  0.0000E+00  0.6400E+02
    -10.985  0.0000E+00  0.6400E+02
    -10.967  0.0000E+00  0.6400E+02
    -10.949  0.0000E+00  0.6400E+02
    -10.931  0.0000E+00  0.6400E+02
    -10.913  0.0000E+00  0.6400E+02
    -10.895  0.0000E+00  0.6400E+02
    -10.876  0.0000E+00  0.6400E+02
    -10.858  0.0000E+00  0.6400E+02
    -10.840  0.0000E+00  0.6400E+02
    -10.822  0.0000E+00  0.6400E+02
    -10.804  0.0000E+00  0.6400E+02
    -10.786  0.0000E+00  0.6400E+02
    -10.767  0.0000E+00  0.6400E+02
    -10.749  0.0000E+00  0.6400E+02
    -10.731  0.0000E+00  0.6400E+02
    -10.713  0.0000E+00  0.6400E+02
    -10.695  0.0000E+00  0.6400E+02
    -10.677  0.0000E+00  0.6400E+02
    -10.658  0.0000E+00  0.6400E+02
    -10.640  0.0000E+00  0.6400E+02
    -10.622  0.0000E+00  0.6400E+02
    -10.604  0.0000E+00  0.6400E+02
    -10.586  0.0000E+00  0.6400E+02
    -10.567  0.0000E+00  0.6400E+02
    -10.549  0.0000E+00  0.6400E+02
    -10.531  0.0000E+00  0.6400E+02
    -10.513  0.0000E+00  0.6400E+02
    -10.495  0.0000E+00  0.6400E+02
    -10.477  0.0000E+00  0.6400E+02
    -10.458  0.0000E+00  0.6400E+02
    -10.440  0.0000E+00  0.6400E+02
    -10.422  0.0000E+00  0.6400E+02
    -10.404  0.0000E+00  0.6400E+02
    -10.386  0.0000E+00  0.6400E+02
    -10.368  0.0000E+00  0.6400E+02
    -10.349  0.0000E+00  0.6400E+02
    -10.331  0.0000E+00  0.6400E+02
    -10.313  0.0000E+00  0.6400E+02
    -10.295  0.0000E+00  0.6400E+02
    -10.277  0.0000E+00  0.6400E+02
    -10.259  0.0000E+00  0.6400E+02
    -10.240  0.0000E+00  0.6400E+02
    -10.222  0.0000E+00  0.6400E+02
    -10.204  0.0000E+00  0.6400E+02
    -10.186  0.0000E+00  0.6400E+02
    -10.168  0.0000E+00  0.6400E+02
    -10.150  0.0000E+00  0.6400E+02
    -10.131  0.0000E+00  0.6400E+02
    -10.113  0.0000E+00  0.6400E+02
    -10.095  0.0000E+00  0.6400E+02
    -10.077  0.0000E+00  0.6400E+02
    -10.059  0.0000E+00  0.6400E+02
    -10.041  0.0000E+00  0.6400E+02
    -10.022  0.0000E+00  0.6400E+02
    -10.004  0.0000E+00  0.6400E+02
     -9.986  0.0000E+00  0.6400E+02
     -9.968  0.0000E+00  0.6400E+02
     -9.950  0.0000E+00  0.6400E+02
     -9.932  0.0000E+00  0.6400E+02
     -9.913  0.0000E+00  0.6400E+02
     -9.895  0.0000E+00  0.6400E+02
     -9.877  0.0000E+00  0.6400E+02
     -9.859  0.0000E+00  0.6400E+02
     -9.841  0.0000E+00  0.6400E+02
     -9.823  0.0000E+00  0.6400E+02
     -9.804  0.0000E+00  0.6400E+02
     -9.786  0.0000E+00  0.6400E+02
     -9.768  0.0000E+00  0.6400E+02
     -9.750  0.0000E+00  0.6400E+02
     -9.732  0.0000E+00  0.6400E+02
     -9.714  0.0000E+00  0.6400E+02
     -9.695  0.0000E+00  0.6400E+02
     -9.677  0.0000E+00  0.6400E+02
     -9.659  0.0000E+00  0.6400E+02
     -9.641  0.0000E+00  0.6400E+02
     -9.623  0.0000E+00  0.6400E+02
     -9.605  0.0000E+00  0.6400E+02
     -9.586  0.0000E+00  0.6400E+02
     -9.568  0.0000E+00  0.6400E+02
     -9.550  0.0000E+00  0.6400E+02
     -9.532  0.0000E+00  0.6400E+02
     -9.514  0.0000E+00  0.6400E+02
     -9.496  0.0000E+00  0.6400E+02
     -9.477  0.0000E+00  0.6400E+02
     -9.459  0.0000E+00  0.6400E+02
     -9.441  0.0000E+00  0.6400E+02
     -9.423  0.0000E+00  0.6400E+02
     -9.405  0.0000E+00  0.6400E+02
     -9.386  0.0000E+00  0.6400E+02
     -9.368  0.0000E+00  0.6400E+02
     -9.350  0.0000E+00  0.6400E+02
     -9.332  0.0000E+00  0.6400E+02
     -9.314  0.0000E+00  0.6400E+02
     -9.296  0.0000E+00  0.6400E+02
     -9.277  0.0000E+00  0.6400E+02
     -9.259  0.0000E+00  0.6400E+02
     -9.241  0.0000E+00  0.6400E+02
     -9.223  0.0000E+00  0.6400E+02
     -9.205  0.0000E+00  0.6400E+02
     -9.187  0.0000E+00  0.6400E+02
     -9.168  0.0000E+00  0.6400E+02
     -9.150  0.0000E+00  0.6400E+02
     -9.132  0.0000E+00  0.6400E+02
     -9.114  0.0000E+00  0.6400E+02
     -9.096  0.0000E+00  0.6400E+02
     -9.078  0.0000E+00  0.6400E+02
     -9.059  0.0000E+00  0.6400E+02
     -9.041  0.0000E+00  0.6400E+02
     -9.023  0.0000E+00  0.6400E+02
     -9.005  0.0000E+00  0.6400E+02
     -8.987  0.0000E+00  0.6400E+02
     -8.969  0.0000E+00  0.6400E+02
     -8.950  0.0000E+00  0.6400E+02
     -8.932  0.0000E+00  0.6400E+02
     -8.914  0.0000E+00  0.6400E+02
     -8.896  0.0000E+00  0.6400E+02
     -8.878  0.0000E+00  0.6400E+02
     -8.860  0.0000E+00  0.6400E+02
     -8.841  0.0000E+00  0.6400E+02
     -8.823  0.0000E+00  0.6400E+02
     -8.805  0.0000E+00  0.6400E+02
     -8.787  0.0000E+00  0.6400E+02
     -8.769  0.0000E+00  0.6400E+02
     -8.751  0.0000E+00  0.6400E+02
     -8.732  0.0000E+00  0.6400E+02
     -8.714  0.0000E+00  0.6400E+02
     -8.696  0.0000E+00  0.6400E+02
     -8.678  0.0000E+00  0.6400E+02
     -8.660  0.0000E+00  0.6400E+02
     -8.642  0.0000E+00  0.6400E+02
     -8.623  0.0000E+00  0.6400E+02
     -8.605  0.0000E+00  0.6400E+02
     -8.587  0.0000E+00  0.6400E+02
     -8.569  0.0000E+00  0.6400E+02
     -8.551  0.0000E+00  0.6400E+02
     -8.533  0.0000E+00  0.6400E+02
     -8.514  0.0000E+00  0.6400E+02
     -8.496  0.0000E+00  0.6400E+02
     -8.478  0.0000E+00  0.6400E+02
     -8.460  0.0000E+00  0.6400E+02
     -8.442  0.0000E+00  0.6400E+02
     -8.424  0.0000E+00  0.6400E+02
     -8.405  0.0000E+00  0.6400E+02
     -8.387  0.0000E+00  0.6400E+02
     -8.369  0.0000E+00  0.6400E+02
     -8.351  0.0000E+00  0.6400E+02
     -8.333  0.0000E+00  0.6400E+02
     -8.315  0.0000E+00  0.6400E+02
     -8.296  0.0000E+00  0.6400E+02
     -8.278  0.0000E+00  0.6400E+02
     -8.260  0.0000E+00  0.6400E+02
     -8.242  0.0000E+00  0.6400E+02
     -8.224  0.0000E+00  0.6400E+02
     -8.206  0.0000E+00  0.6400E+02
     -8.187  0.0000E+00  0.6400E+02
     -8.169  0.0000E+00  0.6400E+02
     -8.151  0.0000E+00  0.6400E+02
     -8.133  0.0000E+00  0.6400E+02
     -8.115  0.0000E+00  0.6400E+02
     -8.096  0.0000E+00  0.6400E+02
     -8.078  0.0000E+00  0.6400E+02
     -8.060  0.0000E+00  0.6400E+02
     -8.042  0.0000E+00  0.6400E+02
     -8.024  0.0000E+00  0.6400E+02
     -8.006  0.0000E+00  0.6400E+02
     -7.987  0.0000E+00  0.6400E+02
     -7.969  0.0000E+00  0.6400E+02
     -7.951  0.0000E+00  0.6400E+02
     -7.933  0.0000E+00  0.6400E+02
     -7.915  0.0000E+00  0.6400E+02
     -7.897  0.0000E+00  0.6400E+02
     -7.878  0.0000E+00  0.6400E+02
     -7.860  0.0000E+00  0.6400E+02
     -7.842  0.0000E+00  0.6400E+02
     -7.824  0.0000E+00  0.6400E+02
     -7.806  0.0000E+00  0.6400E+02
     -7.788  0.0000E+00  0.6400E+02
     -7.769  0.0000E+00  0.6400E+02
     -7.751  0.0000E+00  0.6400E+02
     -7.733  0.0000E+00  0.6400E+02
     -7.715  0.0000E+00  0.6400E+02
     -7.697  0.0000E+00  0.6400E+02
     -7.679  0.0000E+00  0.6400E+02
     -7.660  0.0000E+00  0.6400E+02
     -7.642  0.0000E+00  0.6400E+02
     -7.624  0.0000E+00  0.6400E+02
     -7.606  0.0000E+00  0.6400E+02
     -7.588  0.0000E+00  0.6400E+02
     -7.570  0.0000E+00  0.6400E+02
     -7.551  0.0000E+00  0.6400E+02
     -7.533  0.0000E+00  0.6400E+02
     -7.515  0.0000E+00  0.6400E+02
     -7.497  0.0000E+00  0.6400E+02
     -7.479  0.0000E+00  0.6400E+02
     -7.461  0.0000E+00  0.6400E+02
     -7.442  0.0000E+00  0.6400E+02
     -7.424  0.0000E+00  0.6400E+02
     -7.406  0.0000E+00  0.6400E+02
     -7.388  0.0000E+00  0.6400E+02
     -7.370  0.0000E+00  0.6400E+02
     -7.352  0.0000E+00  0.6400E+02
     -7.333  0.0000E+00  0.6400E+02
     -7.315  0.0000E+00  0.6400E+02
     -7.297  0.0000E+00  0.6400E+02
     -7.279  0.0000E+00  0.6400E+02
     -7.261  0.0000E+00  0.6400E+02
     -7.243  0.0000E+00  0.6400E+02
     -7.224  0.0000E+00  0.6400E+02
     -7.206  0.0000E+00  0.6400E+02
     -7.188  0.0000E+00  0.6400E+02
     -7.170  0.0000E+00  0.6400E+02
     -7.152  0.0000E+00  0.6400E+02
     -7.134  0.0000E+00  0.6400E+02
     -7.115  0.0000E+00  0.6400E+02
     -7.097  0.0000E+00  0.6400E+02
     -7.079  0.0000E+00  0.6400E+02
     -7.061  0.0000E+00  0.6400E+02
     -7.043  0.0000E+00  0.6400E+02
     -7.025  0.0000E+00  0.6400E+02
     -7.006  0.0000E+00  0.6400E+02
     -6.988  0.0000E+00  0.6400E+02
     -6.970  0.0000E+00  0.6400E+02
     -6.952  0.0000E+00  0.6400E+02
     -6.934  0.0000E+00  0.6400E+02
     -6.915  0.0000E+00  0.6400E+02
     -6.897  0.0000E+00  0.6400E+02
     -6.879  0.0000E+00  0.6400E+02
     -6.861  0.0000E+00  0.6400E+02
     -6.843  0.0000E+00  0.6400E+02
     -6.825  0.0000E+00  0.6400E+02
     -6.806  0.0000E+00  0.6400E+02
     -6.788  0.0000E+00  0.6400E+02
     -6.770  0.0000E+00  0.6400E+02
     -6.752  0.0000E+00  0.6400E+02
     -6.734  0.0000E+00  0.6400E+02
     -6.716  0.0000E+00  0.6400E+02
     -6.697  0.0000E+00  0.6400E+02
     -6.679  0.0000E+00  0.6400E+02
     -6.661  0.0000E+00  0.6400E+02
     -6.643  0.0000E+00  0.6400E+02
     -6.625  0.0000E+00  0.6400E+02
     -6.607  0.0000E+00  0.6400E+02
     -6.588  0.0000E+00  0.6400E+02
     -6.570  0.0000E+00  0.6400E+02
     -6.552  0.0000E+00  0.6400E+02
     -6.534  0.0000E+00  0.6400E+02
     -6.516  0.0000E+00  0.6400E+02
     -6.498  0.0000E+00  0.6400E+02
     -6.479  0.0000E+00  0.6400E+02
     -6.461  0.0000E+00  0.6400E+02
     -6.443  0.0000E+00  0.6400E+02
     -6.425  0.0000E+00  0.6400E+02
     -6.407  0.0000E+00  0.6400E+02
     -6.389  0.0000E+00  0.6400E+02
     -6.370  0.0000E+00  0.6400E+02
     -6.352  0.0000E+00  0.6400E+02
     -6.334  0.0000E+00  0.6400E+02
     -6.316  0.0000E+00  0.6400E+02
     -6.298  0.0000E+00  0.6400E+02
     -6.280  0.0000E+00  0.6400E+02
     -6.261  0.0000E+00  0.6400E+02
     -6.243  0.0000E+00  0.6400E+02
     -6.225  0.0000E+00  0.6400E+02
     -6.207  0.0000E+00  0.6400E+02
     -6.189  0.0000E+00  0.6400E+02
     -6.171  0.0000E+00  0.6400E+02
     -6.152  0.0000E+00  0.6400E+02
     -6.134  0.0000E+00  0.6400E+02
     -6.116  0.0000E+00  0.6400E+02
     -6.098  0.0000E+00  0.6400E+02
     -6.080  0.0000E+00  0.6400E+02
     -6.062  0.0000E+00  0.6400E+02
     -6.043  0.0000E+00  0.6400E+02
     -6.025  0.0000E+00  0.6400E+02
     -6.007  0.0000E+00  0.6400E+02
     -5.989  0.0000E+00  0.6400E+02
     -5.971  0.0000E+00  0.6400E+02
     -5.953  0.0000E+00  0.6400E+02
     -5.934  0.0000E+00  0.6400E+02
     -5.916  0.0000E+00  0.6400E+02
     -5.898  0.0000E+00  0.6400E+02
     -5.880  0.0000E+00  0.6400E+02
     -5.862  0.0000E+00  0.6400E+02
     -5.844  0.0000E+00  0.6400E+02
     -5.825  0.0000E+00  0.6400E+02
     -5.807  0.0000E+00  0.6400E+02
     -5.789  0.0000E+00  0.6400E+02
     -5.771  0.0000E+00  0.6400E+02
     -5.753  0.0000E+00  0.6400E+02
     -5.735  0.0000E+00  0.6400E+02
     -5.716  0.0000E+00  0.6400E+02
     -5.698  0.0000E+00  0.6400E+02
     -5.680  0.0000E+00  0.6400E+02
     -5.662  0.0000E+00  0.6400E+02
     -5.644  0.0000E+00  0.6400E+02
     -5.625  0.0000E+00  0.6400E+02
     -5.607  0.0000E+00  0.6400E+02
     -5.589  0.0000E+00  0.6400E+02
     -5.571  0.0000E+00  0.6400E+02
     -5.553  0.0000E+00  0.6400E+02
     -5.535  0.0000E+00  0.6400E+02
     -5.516  0.0000E+00  0.6400E+02
     -5.498  0.0000E+00  0.6400E+02
     -5.480  0.0000E+00  0.6400E+02
     -5.462  0.0000E+00  0.6400E+02
     -5.444  0.0000E+00  0.6400E+02
     -5.426  0.0000E+00  0.6400E+02
     -5.407  0.0000E+00  0.6400E+02
     -5.389  0.0000E+00  0.6400E+02
     -5.371  0.0000E+00  0.6400E+02
     -5.353  0.0000E+00  0.6400E+02
     -5.335  0.0000E+00  0.6400E+02
     -5.317  0.0000E+00  0.6400E+02
     -5.298  0.0000E+00  0.6400E+02
     -5.280  0.0000E+00  0.6400E+02
     -5.262  0.0000E+00  0.6400E+02
     -5.244  0.0000E+00  0.6400E+02
     -5.226  0.0000E+00  0.6400E+02
     -5.208  0.0000E+00  0.6400E+02
     -5.189  0.0000E+00  0.6400E+02
     -5.171  0.0000E+00  0.6400E+02
     -5.153  0.0000E+00  0.6400E+02
     -5.135  0.0000E+00  0.6400E+02
     -5.117  0.0000E+00  0.6400E+02
     -5.099  0.0000E+00  0.6400E+02
     -5.080  0.0000E+00  0.6400E+02
     -5.062  0.0000E+00  0.6400E+02
     -5.044  0.0000E+00  0.6400E+02
     -5.026  0.0000E+00  0.6400E+02
     -5.008  0.0000E+00  0.6400E+02
     -4.990  0.0000E+00  0.6400E+02
     -4.971  0.0000E+00  0.6400E+02
     -4.953  0.0000E+00  0.6400E+02
     -4.935  0.0000E+00  0.6400E+02
     -4.917  0.0000E+00  0.6400E+02
     -4.899  0.0000E+00  0.6400E+02
     -4.881  0.0000E+00  0.6400E+02
     -4.862  0.0000E+00  0.6400E+02
     -4.844  0.0000E+00  0.6400E+02
     -4.826  0.0000E+00  0.6400E+02
     -4.808  0.0000E+00  0.6400E+02
     -4.790  0.0000E+00  0.6400E+02
     -4.772  0.0000E+00  0.6400E+02
     -4.753  0.0000E+00  0.6400E+02
     -4.735  0.0000E+00  0.6400E+02
     -4.717  0.0000E+00  0.6400E+02
     -4.699  0.0000E+00  0.6400E+02
     -4.681  0.0000E+00  0.6400E+02
     -4.663  0.0000E+00  0.6400E+02
     -4.644  0.0000E+00  0.6400E+02
     -4.626  0.0000E+00  0.6400E+02
     -4.608  0.0000E+00  0.6400E+02
     -4.590  0.0000E+00  0.6400E+02
     -4.572  0.0000E+00  0.6400E+02
     -4.554  0.0000E+00  0.6400E+02
     -4.535  0.0000E+00  0.6400E+02
     -4.517  0.0000E+00  0.6400E+02
     -4.499  0.0000E+00  0.6400E+02
     -4.481  0.0000E+00  0.6400E+02
     -4.463  0.0000E+00  0.6400E+02
     -4.444  0.0000E+00  0.6400E+02
     -4.426  0.0000E+00  0.6400E+02
     -4.408  0.0000E+00  0.6400E+02
     -4.390  0.0000E+00  0.6400E+02
     -4.372  0.0000E+00  0.6400E+02
     -4.354  0.0000E+00  0.6400E+02
     -4.335  0.0000E+00  0.6400E+02
     -4.317  0.0000E+00  0.6400E+02
     -4.299  0.0000E+00  0.6400E+02
     -4.281  0.0000E+00  0.6400E+02
     -4.263  0.0000E+00  0.6400E+02
     -4.245  0.0000E+00  0.6400E+02
     -4.226  0.0000E+00  0.6400E+02
     -4.208  0.0000E+00  0.6400E+02
     -4.190  0.0000E+00  0.6400E+02
     -4.172  0.0000E+00  0.6400E+02
     -4.154  0.0000E+00  0.6400E+02
     -4.136  0.0000E+00  0.6400E+02
     -4.117  0.0000E+00  0.6400E+02
     -4.099  0.0000E+00  0.6400E+02
     -4.081  0.0000E+00  0.6400E+02
     -4.063  0.0000E+00  0.6400E+02
     -4.045  0.0000E+00  0.6400E+02
     -4.027  0.0000E+00  0.6400E+02
     -4.008  0.0000E+00  0.6400E+02
     -3.990  0.0000E+00  0.6400E+02
     -3.972  0.0000E+00  0.6400E+02
     -3.954  0.0000E+00  0.6400E+02
     -3.936  0.0000E+00  0.6400E+02
     -3.918  0.0000E+00  0.6400E+02
     -3.899  0.0000E+00  0.6400E+02
     -3.881  0.0000E+00  0.6400E+02
     -3.863  0.0000E+00  0.6400E+02
     -3.845  0.0000E+00  0.6400E+02
     -3.827  0.0000E+00  0.6400E+02
     -3.809  0.0000E+00  0.6400E+02
     -3.790  0.0000E+00  0.6400E+02
     -3.772  0.0000E+00  0.6400E+02
     -3.754  0.0000E+00  0.6400E+02
     -3.736  0.0000E+00  0.6400E+02
     -3.718  0.0000E+00  0.6400E+02
     -3.700  0.0000E+00  0.6400E+02
     -3.681  0.0000E+00  0.6400E+02
     -3.663  0.0000E+00  0.6400E+02
     -3.645  0.0000E+00  0.6400E+02
     -3.627  0.0000E+00  0.6400E+02
     -3.609  0.0000E+00  0.6400E+02
     -3.591  0.0000E+00  0.6400E+02
     -3.572  0.0000E+00  0.6400E+02
     -3.554  0.0000E+00  0.6400E+02
     -3.536  0.0000E+00  0.6400E+02
     -3.518  0.0000E+00  0.6400E+02
     -3.500  0.0000E+00  0.6400E+02
     -3.482  0.0000E+00  0.6400E+02
     -3.463  0.0000E+00  0.6400E+02
     -3.445  0.0000E+00  0.6400E+02
     -3.427  0.0000E+00  0.6400E+02
     -3.409  0.0000E+00  0.6400E+02
     -3.391  0.0000E+00  0.6400E+02
     -3.373  0.0000E+00  0.6400E+02
     -3.354  0.0000E+00  0.6400E+02
     -3.336  0.0000E+00  0.6400E+02
     -3.318  0.0000E+00  0.6400E+02
     -3.300  0.0000E+00  0.6400E+02
     -3.282  0.0000E+00  0.6400E+02
     -3.264  0.0000E+00  0.6400E+02
     -3.245  0.0000E+00  0.6400E+02
     -3.227  0.0000E+00  0.6400E+02
     -3.209  0.0000E+00  0.6400E+02
     -3.191  0.0000E+00  0.6400E+02
     -3.173  0.0000E+00  0.6400E+02
     -3.154  0.0000E+00  0.6400E+02
     -3.136  0.0000E+00  0.6400E+02
     -3.118  0.0000E+00  0.6400E+02
     -3.100  0.0000E+00  0.6400E+02
     -3.082  0.0000E+00  0.6400E+02
     -3.064  0.0000E+00  0.6400E+02
     -3.045  0.0000E+00  0.6400E+02
     -3.027  0.0000E+00  0.6400E+02
     -3.009  0.0000E+00  0.6400E+02
     -2.991  0.0000E+00  0.6400E+02
     -2.973  0.0000E+00  0.6400E+02
     -2.955  0.0000E+00  0.6400E+02
     -2.936  0.0000E+00  0.6400E+02
     -2.918  0.0000E+00  0.6400E+02
     -2.900  0.0000E+00  0.6400E+02
     -2.882  0.0000E+00  0.6400E+02
     -2.864  0.0000E+00  0.6400E+02
     -2.846  0.0000E+00  0.6400E+02
     -2.827  0.0000E+00  0.6400E+02
     -2.809  0.0000E+00  0.6400E+02
     -2.791  0.0000E+00  0.6400E+02
     -2.773  0.0000E+00  0.6400E+02
     -2.755  0.0000E+00  0.6400E+02
     -2.737  0.0000E+00  0.6400E+02
     -2.718  0.0000E+00  0.6400E+02
     -2.700  0.0000E+00  0.6400E+02
     -2.682  0.0000E+00  0.6400E+02
     -2.664  0.0000E+00  0.6400E+02
     -2.646  0.0000E+00  0.6400E+02
     -2.628  0.0000E+00  0.6400E+02
     -2.609  0.0000E+00  0.6400E+02
     -2.591  0.0000E+00  0.6400E+02
     -2.573  0.0000E+00  0.6400E+02
     -2.555  0.0000E+00  0.6400E+02
     -2.537  0.0000E+00  0.6400E+02
     -2.519  0.0000E+00  0.6400E+02
     -2.500  0.0000E+00  0.6400E+02
     -2.482  0.0000E+00  0.6400E+02
     -2.464  0.0000E+00  0.6400E+02
     -2.446  0.0000E+00  0.6400E+02
     -2.428  0.0000E+00  0.6400E+02
     -2.410  0.0000E+00  0.6400E+02
     -2.391  0.0000E+00  0.6400E+02
     -2.373  0.0000E+00  0.6400E+02
     -2.355  0.0000E+00  0.6400E+02
     -2.337  0.0000E+00  0.6400E+02
     -2.319  0.0000E+00  0.6400E+02
     -2.301  0.0000E+00  0.6400E+02
     -2.282  0.0000E+00  0.6400E+02
     -2.264  0.0000E+00  0.6400E+02
     -2.246  0.0000E+00  0.6400E+02
     -2.228  0.0000E+00  0.6400E+02
     -2.210  0.0000E+00  0.6400E+02
     -2.192  0.0000E+00  0.6400E+02
     -2.173  0.0000E+00  0.6400E+02
     -2.155  0.0000E+00  0.6400E+02
     -2.137  0.0000E+00  0.6400E+02
     -2.119  0.0000E+00  0.6400E+02
     -2.101  0.0000E+00  0.6400E+02
     -2.083  0.0000E+00  0.6400E+02
     -2.064  0.0000E+00  0.6400E+02
     -2.046  0.0000E+00  0.6400E+02
     -2.028  0.0000E+00  0.6400E+02
     -2.010  0.0000E+00  0.6400E+02
     -1.992  0.0000E+00  0.6400E+02
     -1.973  0.0000E+00  0.6400E+02
     -1.955  0.0000E+00  0.6400E+02
     -1.937  0.0000E+00  0.6400E+02
     -1.919  0.0000E+00  0.6400E+02
     -1.901  0.0000E+00  0.6400E+02
     -1.883  0.0000E+00  0.6400E+02
     -1.864  0.0000E+00  0.6400E+02
     -1.846  0.0000E+00  0.6400E+02
     -1.828  0.0000E+00  0.6400E+02
     -1.810  0.0000E+00  0.6400E+02
     -1.792  0.0000E+00  0.6400E+02
     -1.774  0.0000E+00  0.6400E+02
     -1.755  0.0000E+00  0.6400E+02
     -1.737  0.0000E+00  0.6400E+02
     -1.719  0.0000E+00  0.6400E+02
     -1.701  0.0000E+00  0.6400E+02
     -1.683  0.0000E+00  0.6400E+02
     -1.665  0.0000E+00  0.6400E+02
     -1.646  0.0000E+00  0.6400E+02
     -1.628  0.0000E+00  0.6400E+02
     -1.610  0.0000E+00  0.6400E+02
     -1.592  0.0000E+00  0.6400E+02
     -1.574  0.0000E+00  0.6400E+02
     -1.556  0.3843E-03  0.6400E+02
     -1.537  0.2433E-01  0.6400E+02
     -1.519  0.8580E-01  0.6400E+02
     -1.501  0.1848E+00  0.6400E+02
     -1.483  0.3213E+00  0.6401E+02
     -1.465  0.4953E+00  0.6402E+02
     -1.447  0.7069E+00  0.6403E+02
     -1.428  0.9559E+00  0.6404E+02
     -1.410  0.1243E+01  0.6406E+02
     -1.392  0.1567E+01  0.6409E+02
     -1.374  0.1932E+01  0.6412E+02
     -1.356  0.2363E+01  0.6416E+02
     -1.338  0.2862E+01  0.6420E+02
     -1.319  0.3431E+01  0.6426E+02
     -1.301  0.4068E+01  0.6433E+02
     -1.283  0.4773E+01  0.6441E+02
     -1.265  0.5548E+01  0.6450E+02
     -1.247  0.6392E+01  0.6461E+02
     -1.229  0.7304E+01  0.6474E+02
     -1.210  0.8285E+01  0.6488E+02
     -1.192  0.9335E+01  0.6504E+02
     -1.174  0.1045E+02  0.6522E+02
     -1.156  0.1164E+02  0.6542E+02
     -1.138  0.1290E+02  0.6564E+02
     -1.120  0.1422E+02  0.6589E+02
     -1.101  0.1753E+02  0.6617E+02
     -1.083  0.2135E+02  0.6652E+02
     -1.065  0.2603E+02  0.6694E+02
     -1.047  0.3431E+02  0.6749E+02
     -1.029  0.5297E+02  0.6829E+02
     -1.011  0.6346E+02  0.6937E+02
     -0.992  0.6561E+02  0.7055E+02
     -0.974  0.6398E+02  0.7173E+02
     -0.956  0.6101E+02  0.7287E+02
     -0.938  0.5686E+02  0.7394E+02
     -0.920  0.5126E+02  0.7492E+02
     -0.902  0.4448E+02  0.7579E+02
     -0.883  0.3563E+02  0.7653E+02
     -0.865  0.2603E+02  0.7709E+02
     -0.847  0.1778E+02  0.7748E+02
     -0.829  0.1110E+02  0.7774E+02
     -0.811  0.6019E+01  0.7789E+02
     -0.792  0.2907E+02  0.7820E+02
     -0.774  0.3069E+02  0.7878E+02
     -0.756  0.1199E+02  0.7916E+02
     -0.738  0.6560E+01  0.7931E+02
     -0.720  0.1606E+02  0.7951E+02
     -0.702  0.2498E+02  0.7988E+02
     -0.683  0.3234E+02  0.8040E+02
     -0.665  0.3837E+02  0.8105E+02
     -0.647  0.4317E+02  0.8179E+02
     -0.629  0.4682E+02  0.8261E+02
     -0.611  0.5380E+02  0.8350E+02
     -0.593  0.7480E+02  0.8468E+02
     -0.574  0.9110E+02  0.8619E+02
     -0.556  0.8854E+02  0.8786E+02
     -0.538  0.7160E+02  0.8929E+02
     -0.520  0.6715E+02  0.9056E+02
     -0.502  0.5629E+02  0.9169E+02
     -0.484  0.4669E+02  0.9260E+02
     -0.465  0.4807E+02  0.9346E+02
     -0.447  0.5062E+02  0.9435E+02
     -0.429  0.5469E+02  0.9531E+02
     -0.411  0.5922E+02  0.9634E+02
     -0.393  0.6240E+02  0.9745E+02
     -0.375  0.6423E+02  0.9860E+02
     -0.356  0.6565E+02  0.9978E+02
     -0.338  0.6655E+02  0.1010E+03
     -0.320  0.5768E+02  0.1022E+03
     -0.302  0.5518E+02  0.1032E+03
     -0.284  0.4541E+02  0.1041E+03
     -0.266  0.3867E+02  0.1049E+03
     -0.247  0.3548E+02  0.1055E+03
     -0.229  0.2983E+02  0.1061E+03
     -0.211  0.2893E+02  0.1067E+03
     -0.193  0.2872E+02  0.1072E+03
     -0.175  0.2845E+02  0.1077E+03
     -0.157  0.2811E+02  0.1082E+03
     -0.138  0.2789E+02  0.1087E+03
     -0.120  0.2799E+02  0.1092E+03
     -0.102  0.2800E+02  0.1097E+03
     -0.084  0.2792E+02  0.1102E+03
     -0.066  0.2774E+02  0.1108E+03
     -0.048  0.2709E+02  0.1112E+03
     -0.029  0.2609E+02  0.1117E+03
     -0.011  0.2522E+02  0.1122E+03
      0.007  0.2446E+02  0.1126E+03
      0.025  0.2524E+02  0.1131E+03
      0.043  0.2605E+02  0.1136E+03
      0.061  0.2690E+02  0.1140E+03
      0.080  0.2778E+02  0.1145E+03
      0.098  0.2869E+02  0.1151E+03
      0.116  0.2962E+02  0.1156E+03
      0.134  0.3047E+02  0.1161E+03
      0.152  0.3040E+02  0.1167E+03
      0.170  0.2812E+02  0.1172E+03
      0.189  0.2431E+02  0.1177E+03
      0.207  0.2428E+02  0.1181E+03
      0.225  0.2046E+02  0.1186E+03
      0.243  0.9986E+01  0.1188E+03
      0.261  0.8998E+01  0.1190E+03
      0.279  0.8062E+01  0.1191E+03
      0.298  0.7177E+01  0.1193E+03
      0.316  0.8262E+01  0.1194E+03
      0.334  0.1215E+02  0.1196E+03
      0.352  0.1770E+02  0.1198E+03
      0.370  0.2722E+02  0.1203E+03
      0.388  0.3223E+02  0.1208E+03
      0.407  0.3272E+02  0.1214E+03
      0.425  0.4447E+02  0.1220E+03
      0.443  0.4269E+02  0.1228E+03
      0.461  0.4062E+02  0.1236E+03
      0.479  0.3754E+02  0.1243E+03
      0.498  0.3377E+02  0.1249E+03
      0.516  0.2903E+02  0.1255E+03
      0.534  0.2426E+02  0.1260E+03
      0.552  0.2052E+02  0.1264E+03
      0.570  0.1791E+02  0.1267E+03
      0.588  0.1666E+02  0.1270E+03
      0.607  0.1613E+02  0.1273E+03
      0.625  0.1647E+02  0.1276E+03
      0.643  0.1840E+02  0.1279E+03
      0.661  0.1965E+02  0.1283E+03
      0.679  0.2007E+02  0.1287E+03
      0.697  0.2274E+02  0.1290E+03
      0.716  0.2277E+02  0.1295E+03
      0.734  0.2252E+02  0.1299E+03
      0.752  0.2059E+02  0.1303E+03
      0.770  0.1851E+02  0.1306E+03
      0.788  0.1804E+02  0.1310E+03
      0.806  0.1852E+02  0.1313E+03
      0.825  0.1897E+02  0.1316E+03
      0.843  0.1937E+02  0.1320E+03
      0.861  0.1973E+02  0.1323E+03
      0.879  0.2003E+02  0.1327E+03
      0.897  0.2028E+02  0.1331E+03
      0.915  0.2049E+02  0.1334E+03
      0.934  0.2064E+02  0.1338E+03
      0.952  0.2075E+02  0.1342E+03
      0.970  0.2081E+02  0.1346E+03
      0.988  0.2081E+02  0.1349E+03
      1.006  0.2077E+02  0.1353E+03
      1.024  0.2068E+02  0.1357E+03
      1.043  0.2055E+02  0.1361E+03
      1.061  0.2036E+02  0.1364E+03
      1.079  0.2012E+02  0.1368E+03
      1.097  0.1984E+02  0.1372E+03
      1.115  0.1950E+02  0.1375E+03
      1.133  0.1909E+02  0.1379E+03
      1.152  0.1861E+02  0.1382E+03
      1.170  0.1858E+02  0.1386E+03
      1.188  0.1733E+02  0.1389E+03
      1.206  0.1874E+02  0.1392E+03
      1.224  0.1975E+02  0.1396E+03
      1.242  0.2070E+02  0.1399E+03
      1.261  0.2178E+02  0.1403E+03
      1.279  0.2603E+02  0.1408E+03
      1.297  0.3155E+02  0.1413E+03
      1.315  0.3742E+02  0.1419E+03
      1.333  0.4441E+02  0.1426E+03
      1.351  0.5052E+02  0.1435E+03
      1.370  0.5557E+02  0.1445E+03
      1.388  0.5916E+02  0.1455E+03
      1.406  0.6384E+02  0.1466E+03
      1.424  0.7451E+02  0.1479E+03
      1.442  0.6401E+02  0.1492E+03
      1.460  0.3486E+02  0.1501E+03
      1.479  0.3566E+02  0.1507E+03
      1.497  0.4125E+02  0.1514E+03
      1.515  0.4645E+02  0.1522E+03
      1.533  0.5082E+02  0.1531E+03
      1.551  0.5319E+02  0.1540E+03
      1.569  0.5474E+02  0.1550E+03
      1.588  0.5547E+02  0.1560E+03
      1.606  0.5520E+02  0.1570E+03
      1.624  0.5359E+02  0.1580E+03
      1.642  0.5042E+02  0.1590E+03
      1.660  0.4592E+02  0.1598E+03
      1.679  0.4119E+02  0.1606E+03
      1.697  0.3931E+02  0.1614E+03
      1.715  0.3762E+02  0.1621E+03
      1.733  0.3703E+02  0.1627E+03
      1.751  0.3631E+02  0.1634E+03
      1.769  0.3547E+02  0.1641E+03
      1.788  0.3592E+02  0.1647E+03
      1.806  0.3641E+02  0.1654E+03
      1.824  0.3690E+02  0.1660E+03
      1.842  0.3740E+02  0.1667E+03
      1.860  0.3791E+02  0.1674E+03
      1.878  0.3843E+02  0.1681E+03
      1.897  0.3967E+02  0.1688E+03
      1.915  0.4132E+02  0.1695E+03
      1.933  0.4289E+02  0.1703E+03
      1.951  0.4636E+02  0.1711E+03
      1.969  0.5257E+02  0.1720E+03
      1.987  0.5706E+02  0.1730E+03
      2.006  0.5856E+02  0.1740E+03
      2.024  0.7064E+02  0.1752E+03
      2.042  0.6603E+02  0.1765E+03
      2.060  0.5533E+02  0.1776E+03
      2.078  0.5770E+02  0.1786E+03
      2.096  0.1171E+03  0.1805E+03
      2.115  0.1450E+03  0.1833E+03
      2.133  0.1069E+03  0.1855E+03
      2.151  0.9083E+02  0.1873E+03
      2.169  0.8385E+02  0.1889E+03
      2.187  0.7586E+02  0.1903E+03
      2.205  0.6410E+02  0.1916E+03
      2.224  0.6382E+02  0.1927E+03
      2.242  0.8792E+02  0.1940E+03
      2.260  0.1430E+03  0.1960E+03
      2.278  0.1273E+03  0.1987E+03
      2.296  0.4799E+02  0.2001E+03
      2.314  0.4445E+02  0.2010E+03
      2.333  0.4201E+02  0.2018E+03
      2.351  0.4479E+02  0.2025E+03
      2.369  0.7767E+02  0.2040E+03
      2.387  0.1367E+03  0.2058E+03
      2.405  0.1079E+03  0.2083E+03
      2.423  0.1132E+03  0.2100E+03
      2.442  0.4997E+02  0.2115E+03
      2.460  0.4440E+02  0.2123E+03
      2.478  0.4262E+02  0.2131E+03
      2.496  0.6483E+02  0.2140E+03
      2.514  0.5980E+02  0.2154E+03
      2.532  0.5449E+02  0.2163E+03
      2.551  0.6575E+02  0.2174E+03
      2.569  0.7456E+02  0.2187E+03
      2.587  0.8616E+02  0.2201E+03
      2.605  0.1074E+03  0.2219E+03
      2.623  0.1277E+03  0.2241E+03
      2.641  0.1166E+03  0.2263E+03
      2.660  0.4794E+02  0.2278E+03
      2.678  0.2823E+02  0.2293E+03
      2.696  0.3993E+02  0.2298E+03
      2.714  0.3878E+02  0.2306E+03
      2.732  0.3603E+02  0.2312E+03
      2.750  0.8391E+02  0.2324E+03
      2.769  0.1013E+03  0.2340E+03
      2.787  0.9148E+02  0.2358E+03
      2.805  0.6925E+02  0.2373E+03
      2.823  0.5688E+02  0.2384E+03
      2.841  0.5832E+02  0.2394E+03
      2.859  0.7632E+02  0.2407E+03
      2.878  0.4848E+02  0.2419E+03
      2.896  0.3288E+02  0.2426E+03
      2.914  0.2502E+02  0.2431E+03
      2.932  0.1882E+02  0.2435E+03
      2.950  0.1425E+02  0.2438E+03
      2.969  0.1133E+02  0.2440E+03
      2.987  0.1104E+02  0.2442E+03
      3.005  0.1640E+02  0.2445E+03
      3.023  0.1930E+02  0.2448E+03
      3.041  0.1956E+02  0.2451E+03
      3.059  0.1666E+02  0.2455E+03
      3.078  0.1168E+02  0.2457E+03
      3.096  0.1184E+02  0.2459E+03
      3.114  0.2771E+02  0.2463E+03
      3.132  0.1020E+03  0.2472E+03
      3.150  0.3725E+03  0.2492E+03
      3.168  0.2081E+02  0.2502E+03
      3.187  0.3465E+02  0.2507E+03
      3.205  0.1634E+02  0.2513E+03
      3.223  0.6934E+01  0.2514E+03
      3.241  0.8827E+01  0.2515E+03
      3.259  0.1628E+02  0.2518E+03
      3.277  0.1946E+02  0.2521E+03
      3.296  0.1838E+02  0.2524E+03
      3.314  0.1303E+02  0.2527E+03
      3.332  0.1159E+02  0.2530E+03
      3.350  0.1022E+02  0.2532E+03
      3.368  0.8914E+01  0.2533E+03
      3.386  0.7678E+01  0.2535E+03
      3.405  0.8260E+01  0.2536E+03
      3.423  0.9960E+01  0.2538E+03
      3.441  0.1157E+02  0.2540E+03
      3.459  0.1309E+02  0.2542E+03
      3.477  0.1453E+02  0.2545E+03
      3.495  0.1585E+02  0.2547E+03
      3.514  0.1701E+02  0.2550E+03
      3.532  0.1798E+02  0.2554E+03
      3.550  0.1606E+02  0.2557E+03
      3.568  0.9816E+01  0.2559E+03
      3.586  0.3075E+00  0.2560E+03
      3.604  0.0000E+00  0.2560E+03
      3.623  0.0000E+00  0.2560E+03
      3.641  0.0000E+00  0.2560E+03
      3.659  0.0000E+00  0.2560E+03
      3.677  0.0000E+00  0.2560E+03
      3.695  0.0000E+00  0.2560E+03
      3.713  0.0000E+00  0.2560E+03
      3.732  0.0000E+00  0.2560E+03
      3.750  0.0000E+00  0.2560E+03
      3.768  0.0000E+00  0.2560E+03
      3.786  0.0000E+00  0.2560E+03
      3.804  0.0000E+00  0.2560E+03
      3.822  0.0000E+00  0.2560E+03
      3.841  0.0000E+00  0.2560E+03
      3.859  0.0000E+00  0.2560E+03
      3.877  0.0000E+00  0.2560E+03
      3.895  0.0000E+00  0.2560E+03
      3.913  0.0000E+00  0.2560E+03
      3.931  0.0000E+00  0.2560E+03
      3.950  0.0000E+00  0.2560E+03
      3.968  0.0000E+00  0.2560E+03
      3.986  0.0000E+00  0.2560E+03
      4.004  0.0000E+00  0.2560E+03
      4.022  0.0000E+00  0.2560E+03
      4.040  0.0000E+00  0.2560E+03
      4.059  0.0000E+00  0.2560E+03
      4.077  0.0000E+00  0.2560E+03
      4.095  0.0000E+00  0.2560E+03
      4.113  0.0000E+00  0.2560E+03
      4.131  0.0000E+00  0.2560E+03
      4.150  0.0000E+00  0.2560E+03
      4.168  0.0000E+00  0.2560E+03
      4.186  0.0000E+00  0.2560E+03
      4.204  0.0000E+00  0.2560E+03
      4.222  0.0000E+00  0.2560E+03
      4.240  0.0000E+00  0.2560E+03
      4.259  0.0000E+00  0.2560E+03
      4.277  0.0000E+00  0.2560E+03
      4.295  0.0000E+00  0.2560E+03
      4.313  0.0000E+00  0.2560E+03
      4.331  0.0000E+00  0.2560E+03
      4.349  0.0000E+00  0.2560E+03
      4.368  0.0000E+00  0.2560E+03
      4.386  0.0000E+00  0.2560E+03
      4.404  0.0000E+00  0.2560E+03
      4.422  0.0000E+00  0.2560E+03
      4.440  0.0000E+00  0.2560E+03
      4.458  0.0000E+00  0.2560E+03
      4.477  0.0000E+00  0.2560E+03
      4.495  0.0000E+00  0.2560E+03
      4.513  0.0000E+00  0.2560E+03
      4.531  0.0000E+00  0.2560E+03
      4.549  0.0000E+00  0.2560E+03
      4.567  0.0000E+00  0.2560E+03
      4.586  0.0000E+00  0.2560E+03
      4.604  0.0000E+00  0.2560E+03
      4.622  0.0000E+00  0.2560E+03
      4.640  0.0000E+00  0.2560E+03
      4.658  0.0000E+00  0.2560E+03
      4.676  0.0000E+00  0.2560E+03
      4.695  0.0000E+00  0.2560E+03
      4.713  0.0000E+00  0.2560E+03
      4.731  0.0000E+00  0.2560E+03
      4.749  0.0000E+00  0.2560E+03
      4.767  0.0000E+00  0.2560E+03
      4.785  0.0000E+00  0.2560E+03
      4.804  0.0000E+00  0.2560E+03
      4.822  0.0000E+00  0.2560E+03
      4.840  0.0000E+00  0.2560E+03
      4.858  0.0000E+00  0.2560E+03
      4.876  0.0000E+00  0.2560E+03
      4.894  0.0000E+00  0.2560E+03
      4.913  0.0000E+00  0.2560E+03
      4.931  0.0000E+00  0.2560E+03
      4.949  0.0000E+00  0.2560E+03
      4.967  0.0000E+00  0.2560E+03
      4.985  0.0000E+00  0.2560E+03
      5.003  0.0000E+00  0.2560E+03
      5.022  0.0000E+00  0.2560E+03
      5.040  0.0000E+00  0.2560E+03
      5.058  0.0000E+00  0.2560E+03
      5.076  0.0000E+00  0.2560E+03
      5.094  0.0000E+00  0.2560E+03
      5.112  0.0000E+00  0.2560E+03
      5.131  0.0000E+00  0.2560E+03
      5.149  0.0000E+00  0.2560E+03
      5.167  0.0000E+00  0.2560E+03
      5.185  0.0000E+00  0.2560E+03
      5.203  0.0000E+00  0.2560E+03
      5.221  0.0000E+00  0.2560E+03
      5.240  0.0000E+00  0.2560E+03
      5.258  0.0000E+00  0.2560E+03
      5.276  0.0000E+00  0.2560E+03
      5.294  0.0000E+00  0.2560E+03
      5.312  0.0000E+00  0.2560E+03
      5.330  0.0000E+00  0.2560E+03
      5.349  0.0000E+00  0.2560E+03
      5.367  0.0000E+00  0.2560E+03
      5.385  0.0000E+00  0.2560E+03
      5.403  0.0000E+00  0.2560E+03
      5.421  0.0000E+00  0.2560E+03
      5.440  0.0000E+00  0.2560E+03
      5.458  0.0000E+00  0.2560E+03
      5.476  0.0000E+00  0.2560E+03
      5.494  0.0000E+00  0.2560E+03
      5.512  0.0000E+00  0.2560E+03
      5.530  0.0000E+00  0.2560E+03
      5.549  0.0000E+00  0.2560E+03
      5.567  0.0000E+00  0.2560E+03
      5.585  0.0000E+00  0.2560E+03
      5.603  0.0000E+00  0.2560E+03
      5.621  0.0000E+00  0.2560E+03
      5.639  0.0000E+00  0.2560E+03
      5.658  0.0000E+00  0.2560E+03
      5.676  0.0000E+00  0.2560E+03
      5.694  0.0000E+00  0.2560E+03
      5.712  0.0000E+00  0.2560E+03
      5.730  0.0000E+00  0.2560E+03
      5.748  0.0000E+00  0.2560E+03
      5.767  0.0000E+00  0.2560E+03
      5.785  0.0000E+00  0.2560E+03
      5.803  0.0000E+00  0.2560E+03
      5.821  0.0000E+00  0.2560E+03
      5.839  0.0000E+00  0.2560E+03
      5.857  0.0000E+00  0.2560E+03
      5.876  0.0000E+00  0.2560E+03
      5.894  0.0000E+00  0.2560E+03
      5.912  0.0000E+00  0.2560E+03
      5.930  0.0000E+00  0.2560E+03
      5.948  0.0000E+00  0.2560E+03
      5.966  0.0000E+00  0.2560E+03
      5.985  0.0000E+00  0.2560E+03
      6.003  0.0000E+00  0.2560E+03
      6.021  0.0000E+00  0.2560E+03
      6.039  0.0000E+00  0.2560E+03
      6.057  0.0000E+00  0.2560E+03
      6.075  0.0000E+00  0.2560E+03
      6.094  0.0000E+00  0.2560E+03
      6.112  0.0000E+00  0.2560E+03
      6.130  0.0000E+00  0.2560E+03
      6.148  0.0000E+00  0.2560E+03
      6.166  0.0000E+00  0.2560E+03
      6.184  0.0000E+00  0.2560E+03
      6.203  0.0000E+00  0.2560E+03
      6.221  0.0000E+00  0.2560E+03
      6.239  0.0000E+00  0.2560E+03
      6.257  0.0000E+00  0.2560E+03
      6.275  0.0000E+00  0.2560E+03
      6.293  0.0000E+00  0.2560E+03
      6.312  0.0000E+00  0.2560E+03
      6.330  0.0000E+00  0.2560E+03
      6.348  0.0000E+00  0.2560E+03
      6.366  0.0000E+00  0.2560E+03
      6.384  0.0000E+00  0.2560E+03
      6.402  0.0000E+00  0.2560E+03
      6.421  0.0000E+00  0.2560E+03
      6.439  0.0000E+00  0.2560E+03
      6.457  0.0000E+00  0.2560E+03
      6.475  0.0000E+00  0.2560E+03
      6.493  0.0000E+00  0.2560E+03
      6.511  0.0000E+00  0.2560E+03
      6.530  0.0000E+00  0.2560E+03
      6.548  0.0000E+00  0.2560E+03
      6.566  0.0000E+00  0.2560E+03
      6.584  0.0000E+00  0.2560E+03
      6.602  0.0000E+00  0.2560E+03
      6.621  0.0000E+00  0.2560E+03
      6.639  0.0000E+00  0.2560E+03
      6.657  0.0000E+00  0.2560E+03
      6.675  0.0000E+00  0.2560E+03
      6.693  0.0000E+00  0.2560E+03
      6.711  0.0000E+00  0.2560E+03
      6.730  0.0000E+00  0.2560E+03
      6.748  0.0000E+00  0.2560E+03
      6.766  0.0000E+00  0.2560E+03
      6.784  0.0000E+00  0.2560E+03
      6.802  0.0000E+00  0.2560E+03
      6.820  0.0000E+00  0.2560E+03
      6.839  0.0000E+00  0.2560E+03
      6.857  0.0000E+00  0.2560E+03
      6.875  0.0000E+00  0.2560E+03
      6.893  0.0000E+00  0.2560E+03
      6.911  0.0000E+00  0.2560E+03
      6.929  0.0000E+00  0.2560E+03
      6.948  0.0000E+00  0.2560E+03
      6.966  0.0000E+00  0.2560E+03
      6.984  0.0000E+00  0.2560E+03
      7.002  0.0000E+00  0.2560E+03
      7.020  0.0000E+00  0.2560E+03
      7.038  0.0000E+00  0.2560E+03
      7.057  0.0000E+00  0.2560E+03
      7.075  0.0000E+00  0.2560E+03
      7.093  0.0000E+00  0.2560E+03
      7.111  0.0000E+00  0.2560E+03
      7.129  0.0000E+00  0.2560E+03
      7.147  0.0000E+00  0.2560E+03
      7.166  0.0000E+00  0.2560E+03
      7.184  0.0000E+00  0.2560E+03
      7.202  0.0000E+00  0.2560E+03
      7.220  0.0000E+00  0.2560E+03
      7.238  0.0000E+00  0.2560E+03
      7.256  0.0000E+00  0.2560E+03
      7.275  0.0000E+00  0.2560E+03
      7.293  0.0000E+00  0.2560E+03
      7.311  0.0000E+00  0.2560E+03
      7.329  0.0000E+00  0.2560E+03
      7.347  0.0000E+00  0.2560E+03
      7.365  0.0000E+00  0.2560E+03
      7.384  0.0000E+00  0.2560E+03
      7.402  0.0000E+00  0.2560E+03
      7.420  0.0000E+00  0.2560E+03
      7.438  0.0000E+00  0.2560E+03
      7.456  0.0000E+00  0.2560E+03
      7.474  0.0000E+00  0.2560E+03
      7.493  0.0000E+00  0.2560E+03
      7.511  0.0000E+00  0.2560E+03
      7.529  0.0000E+00  0.2560E+03
      7.547  0.0000E+00  0.2560E+03
      7.565  0.0000E+00  0.2560E+03
      7.583  0.0000E+00  0.2560E+03
      7.602  0.0000E+00  0.2560E+03
      7.620  0.0000E+00  0.2560E+03
      7.638  0.0000E+00  0.2560E+03
      7.656  0.0000E+00  0.2560E+03
      7.674  0.0000E+00  0.2560E+03
      7.692  0.0000E+00  0.2560E+03
      7.711  0.0000E+00  0.2560E+03
      7.729  0.0000E+00  0.2560E+03
      7.747  0.0000E+00  0.2560E+03
      7.765  0.0000E+00  0.2560E+03
      7.783  0.0000E+00  0.2560E+03
      7.801  0.0000E+00  0.2560E+03
      7.820  0.0000E+00  0.2560E+03
      7.838  0.0000E+00  0.2560E+03
      7.856  0.0000E+00  0.2560E+03
      7.874  0.0000E+00  0.2560E+03
      7.892  0.0000E+00  0.2560E+03
      7.911  0.0000E+00  0.2560E+03
      7.929  0.0000E+00  0.2560E+03
      7.947  0.0000E+00  0.2560E+03
      7.965  0.0000E+00  0.2560E+03
      7.983  0.0000E+00  0.2560E+03
      8.001  0.0000E+00  0.2560E+03
      8.020  0.0000E+00  0.2560E+03
      8.038  0.0000E+00  0.2560E+03
      8.056  0.0000E+00  0.2560E+03
      8.074  0.0000E+00  0.2560E+03
      8.092  0.0000E+00  0.2560E+03
      8.110  0.0000E+00  0.2560E+03
      8.129  0.0000E+00  0.2560E+03
      8.147  0.0000E+00  0.2560E+03
      8.165  0.0000E+00  0.2560E+03
      8.183  0.0000E+00  0.2560E+03
      8.201  0.0000E+00  0.2560E+03
      8.219  0.0000E+00  0.2560E+03
      8.238  0.0000E+00  0.2560E+03
      8.256  0.0000E+00  0.2560E+03
      8.274  0.0000E+00  0.2560E+03
      8.292  0.0000E+00  0.2560E+03
      8.310  0.0000E+00  0.2560E+03
      8.328  0.0000E+00  0.2560E+03
      8.347  0.0000E+00  0.2560E+03
      8.365  0.0000E+00  0.2560E+03
      8.383  0.0000E+00  0.2560E+03
      8.401  0.0000E+00  0.2560E+03
      8.419  0.0000E+00  0.2560E+03
      8.437  0.0000E+00  0.2560E+03
      8.456  0.0000E+00  0.2560E+03
      8.474  0.0000E+00  0.2560E+03
      8.492  0.0000E+00  0.2560E+03
      8.510  0.0000E+00  0.2560E+03
      8.528  0.0000E+00  0.2560E+03
      8.546  0.0000E+00  0.2560E+03
      8.565  0.0000E+00  0.2560E+03
      8.583  0.0000E+00  0.2560E+03
      8.601  0.0000E+00  0.2560E+03
      8.619  0.0000E+00  0.2560E+03
      8.637  0.0000E+00  0.2560E+03
      8.655  0.0000E+00  0.2560E+03
      8.674  0.0000E+00  0.2560E+03
      8.692  0.0000E+00  0.2560E+03
      8.710  0.0000E+00  0.2560E+03
      8.728  0.0000E+00  0.2560E+03
      8.746  0.0000E+00  0.2560E+03
      8.764  0.0000E+00  0.2560E+03
      8.783  0.0000E+00  0.2560E+03
      8.801  0.0000E+00  0.2560E+03
      8.819  0.0000E+00  0.2560E+03
      8.837  0.0000E+00  0.2560E+03
      8.855  0.0000E+00  0.2560E+03
      8.873  0.0000E+00  0.2560E+03
      8.892  0.0000E+00  0.2560E+03
      8.910  0.0000E+00  0.2560E+03
      8.928  0.0000E+00  0.2560E+03
      8.946  0.0000E+00  0.2560E+03
      8.964  0.0000E+00  0.2560E+03
      8.982  0.0000E+00  0.2560E+03
      9.001  0.0000E+00  0.2560E+03
      9.019  0.0000E+00  0.2560E+03
      9.037  0.0000E+00  0.2560E+03
      9.055  0.0000E+00  0.2560E+03
      9.073  0.0000E+00  0.2560E+03
      9.092  0.0000E+00  0.2560E+03
      9.110  0.0000E+00  0.2560E+03
      9.128  0.0000E+00  0.2560E+03
      9.146  0.0000E+00  0.2560E+03
      9.164  0.0000E+00  0.2560E+03
      9.182  0.0000E+00  0.2560E+03
      9.201  0.0000E+00  0.2560E+03
      9.219  0.0000E+00  0.2560E+03
      9.237  0.0000E+00  0.2560E+03
      9.255  0.0000E+00  0.2560E+03
      9.273  0.0000E+00  0.2560E+03
      9.291  0.0000E+00  0.2560E+03
      9.310  0.0000E+00  0.2560E+03
      9.328  0.0000E+00  0.2560E+03
      9.346  0.0000E+00  0.2560E+03
      9.364  0.0000E+00  0.2560E+03
      9.382  0.0000E+00  0.2560E+03
      9.400  0.0000E+00  0.2560E+03
      9.419  0.0000E+00  0.2560E+03
      9.437  0.0000E+00  0.2560E+03
      9.455  0.0000E+00  0.2560E+03
      9.473  0.0000E+00  0.2560E+03
      9.491  0.0000E+00  0.2560E+03
      9.509  0.0000E+00  0.2560E+03
      9.528  0.0000E+00  0.2560E+03
      9.546  0.0000E+00  0.2560E+03
      9.564  0.0000E+00  0.2560E+03
      9.582  0.0000E+00  0.2560E+03
      9.600  0.0000E+00  0.2560E+03
      9.618  0.0000E+00  0.2560E+03
      9.637  0.0000E+00  0.2560E+03
      9.655  0.0000E+00  0.2560E+03
      9.673  0.0000E+00  0.2560E+03
      9.691  0.0000E+00  0.2560E+03
      9.709  0.0000E+00  0.2560E+03
      9.727  0.0000E+00  0.2560E+03
      9.746  0.0000E+00  0.2560E+03
      9.764  0.0000E+00  0.2560E+03
      9.782  0.0000E+00  0.2560E+03
      9.800  0.0000E+00  0.2560E+03
      9.818  0.0000E+00  0.2560E+03
      9.836  0.0000E+00  0.2560E+03
      9.855  0.0000E+00  0.2560E+03
      9.873  0.0000E+00  0.2560E+03
      9.891  0.0000E+00  0.2560E+03
      9.909  0.0000E+00  0.2560E+03
      9.927  0.0000E+00  0.2560E+03
      9.945  0.0000E+00  0.2560E+03
      9.964  0.0000E+00  0.2560E+03
      9.982  0.0000E+00  0.2560E+03
     10.000  0.0000E+00  0.2560E+03
     10.018  0.0000E+00  0.2560E+03
     10.036  0.0000E+00  0.2560E+03
     10.054  0.0000E+00  0.2560E+03
     10.073  0.0000E+00  0.2560E+03
     10.091  0.0000E+00  0.2560E+03
     10.109  0.0000E+00  0.2560E+03
     10.127  0.0000E+00  0.2560E+03
     10.145  0.0000E+00  0.2560E+03
     10.163  0.0000E+00  0.2560E+03
     10.182  0.2537E-03  0.2560E+03
     10.200  0.1098E-02  0.2560E+03
     10.218  0.2534E-02  0.2560E+03
     10.236  0.4561E-02  0.2560E+03
     10.254  0.7181E-02  0.2560E+03
     10.272  0.1039E-01  0.2560E+03
     10.291  0.1420E-01  0.2560E+03
     10.309  0.1859E-01  0.2560E+03
     10.327  0.2358E-01  0.2560E+03
     10.345  0.2916E-01  0.2560E+03
     10.363  0.3533E-01  0.2560E+03
     10.382  0.4209E-01  0.2560E+03
     10.400  0.4945E-01  0.2560E+03
     10.418  0.5740E-01  0.2560E+03
     10.436  0.6594E-01  0.2560E+03
     10.454  0.7507E-01  0.2560E+03
     10.472  0.8479E-01  0.2560E+03
     10.491  0.9510E-01  0.2560E+03
     10.509  0.1060E+00  0.2560E+03
     10.527  0.1175E+00  0.2560E+03
     10.545  0.1296E+00  0.2560E+03
     10.563  0.1423E+00  0.2560E+03
     10.581  0.1556E+00  0.2560E+03
     10.600  0.1694E+00  0.2560E+03
     10.618  0.1839E+00  0.2560E+03
     10.636  0.1989E+00  0.2560E+03
     10.654  0.2146E+00  0.2560E+03
     10.672  0.2308E+00  0.2560E+03
     10.690  0.2476E+00  0.2560E+03
     10.709  0.2651E+00  0.2560E+03
     10.727  0.2831E+00  0.2561E+03
     10.745  0.3017E+00  0.2561E+03
     10.763  0.3209E+00  0.2561E+03
     10.781  0.3406E+00  0.2561E+03
     10.799  0.3610E+00  0.2561E+03
     10.818  0.3820E+00  0.2561E+03
     10.836  0.4036E+00  0.2561E+03
     10.854  0.4257E+00  0.2561E+03
     10.872  0.4485E+00  0.2561E+03
     10.890  0.4718E+00  0.2561E+03
     10.908  0.4957E+00  0.2561E+03
     10.927  0.5202E+00  0.2561E+03
     10.945  0.5454E+00  0.2561E+03
     10.963  0.5711E+00  0.2562E+03
     10.981  0.5974E+00  0.2562E+03
     10.999  0.6242E+00  0.2562E+03
     11.017  0.6517E+00  0.2562E+03
     11.036  0.6798E+00  0.2562E+03
     11.054  0.7085E+00  0.2562E+03
     11.072  0.7377E+00  0.2562E+03
     11.090  0.7676E+00  0.2562E+03
     11.108  0.7980E+00  0.2563E+03
     11.126  0.8290E+00  0.2563E+03
     11.145  0.8607E+00  0.2563E+03
     11.163  0.8929E+00  0.2563E+03
     11.181  0.9257E+00  0.2563E+03
     11.199  0.9591E+00  0.2563E+03
     11.217  0.9931E+00  0.2563E+03
     11.235  0.1028E+01  0.2564E+03
     11.254  0.1063E+01  0.2564E+03
     11.272  0.1099E+01  0.2564E+03
     11.290  0.1135E+01  0.2564E+03
     11.308  0.1180E+01  0.2564E+03
     11.326  0.1241E+01  0.2565E+03
     11.344  0.1299E+01  0.2565E+03
     11.363  0.1354E+01  0.2565E+03
     11.381  0.1407E+01  0.2565E+03
     11.399  0.1458E+01  0.2566E+03
     11.417  0.1506E+01  0.2566E+03
     11.435  0.1552E+01  0.2566E+03
     11.453  0.1595E+01  0.2567E+03
     11.472  0.1686E+01  0.2567E+03
     11.490  0.1875E+01  0.2567E+03
     11.508  0.2057E+01  0.2567E+03
     11.526  0.2232E+01  0.2568E+03
     11.544  0.2400E+01  0.2568E+03
     11.563  0.2561E+01  0.2569E+03
     11.581  0.2714E+01  0.2569E+03
     11.599  0.2861E+01  0.2570E+03
     11.617  0.3000E+01  0.2570E+03
     11.635  0.3133E+01  0.2571E+03
     11.653  0.3258E+01  0.2571E+03
     11.672  0.3376E+01  0.2572E+03
     11.690  0.3486E+01  0.2573E+03
     11.708  0.3590E+01  0.2573E+03
     11.726  0.3687E+01  0.2574E+03
     11.744  0.3776E+01  0.2575E+03
     11.762  0.3858E+01  0.2575E+03
     11.781  0.3933E+01  0.2576E+03
     11.799  0.4001E+01  0.2577E+03
     11.817  0.4062E+01  0.2577E+03
     11.835  0.4116E+01  0.2578E+03
     11.853  0.4163E+01  0.2579E+03
     11.871  0.4202E+01  0.2580E+03
     11.890  0.4234E+01  0.2580E+03
     11.908  0.4259E+01  0.2581E+03
     11.926  0.4277E+01  0.2582E+03
     11.944  0.4288E+01  0.2583E+03
     11.962  0.4292E+01  0.2584E+03
     11.980  0.4289E+01  0.2584E+03
     11.999  0.4278E+01  0.2585E+03
     12.017  0.4261E+01  0.2586E+03
     12.035  0.4236E+01  0.2587E+03
     12.053  0.4204E+01  0.2587E+03
     12.071  0.4165E+01  0.2588E+03
     12.089  0.4119E+01  0.2589E+03
     12.108  0.4022E+01  0.2590E+03
     12.126  0.3866E+01  0.2590E+03
     12.144  0.3713E+01  0.2591E+03
     12.162  0.3563E+01  0.2592E+03
     12.180  0.3371E+01  0.2592E+03
     12.198  0.3226E+01  0.2593E+03
     12.217  0.3090E+01  0.2594E+03
     12.235  0.2962E+01  0.2594E+03
     12.253  0.2843E+01  0.2595E+03
     12.271  0.2733E+01  0.2595E+03
     12.289  0.2631E+01  0.2596E+03
     12.307  0.2537E+01  0.2596E+03
     12.326  0.2453E+01  0.2597E+03
     12.344  0.2377E+01  0.2597E+03
     12.362  0.2309E+01  0.2597E+03
     12.380  0.2316E+01  0.2598E+03
     12.398  0.2517E+01  0.2598E+03
     12.416  0.2695E+01  0.2599E+03
     12.435  0.2849E+01  0.2599E+03
     12.453  0.2979E+01  0.2600E+03
     12.471  0.3084E+01  0.2600E+03
     12.489  0.3158E+01  0.2601E+03
     12.507  0.3200E+01  0.2601E+03
     12.525  0.3217E+01  0.2602E+03
     12.544  0.3233E+01  0.2603E+03
     12.562  0.3248E+01  0.2603E+03
     12.580  0.3262E+01  0.2604E+03
     12.598  0.3274E+01  0.2604E+03
     12.616  0.3287E+01  0.2605E+03
     12.634  0.3300E+01  0.2606E+03
     12.653  0.3315E+01  0.2606E+03
     12.671  0.3334E+01  0.2607E+03
     12.689  0.3356E+01  0.2607E+03
     12.707  0.3380E+01  0.2608E+03
     12.725  0.3408E+01  0.2609E+03
     12.743  0.3438E+01  0.2609E+03
     12.762  0.3471E+01  0.2610E+03
     12.780  0.3507E+01  0.2611E+03
     12.798  0.3547E+01  0.2611E+03
     12.816  0.3589E+01  0.2612E+03
     12.834  0.3634E+01  0.2613E+03
     12.853  0.3682E+01  0.2613E+03
     12.871  0.3734E+01  0.2614E+03
     12.889  0.3792E+01  0.2615E+03
     12.907  0.3855E+01  0.2615E+03
     12.925  0.3922E+01  0.2616E+03
     12.943  0.3995E+01  0.2617E+03
     12.962  0.4073E+01  0.2617E+03
     12.980  0.4157E+01  0.2618E+03
     12.998  0.4245E+01  0.2619E+03
     13.016  0.4338E+01  0.2620E+03
     13.034  0.4436E+01  0.2620E+03
     13.052  0.4540E+01  0.2621E+03
     13.071  0.4648E+01  0.2622E+03
     13.089  0.4762E+01  0.2623E+03
     13.107  0.4881E+01  0.2624E+03
     13.125  0.5005E+01  0.2625E+03
     13.143  0.5134E+01  0.2626E+03
     13.161  0.5268E+01  0.2627E+03
     13.180  0.5407E+01  0.2628E+03
     13.198  0.5551E+01  0.2629E+03
     13.216  0.5700E+01  0.2630E+03
     13.234  0.5854E+01  0.2631E+03
     13.252  0.6013E+01  0.2632E+03
     13.270  0.6176E+01  0.2633E+03
     13.289  0.6343E+01  0.2634E+03
     13.307  0.6514E+01  0.2635E+03
     13.325  0.6690E+01  0.2636E+03
     13.343  0.6869E+01  0.2638E+03
     13.361  0.7052E+01  0.2639E+03
     13.379  0.7239E+01  0.2640E+03
     13.398  0.7430E+01  0.2641E+03
     13.416  0.7625E+01  0.2643E+03
     13.434  0.7824E+01  0.2644E+03
     13.452  0.8027E+01  0.2646E+03
     13.470  0.8235E+01  0.2647E+03
     13.488  0.8447E+01  0.2649E+03
     13.507  0.8663E+01  0.2650E+03
     13.525  0.8884E+01  0.2652E+03
     13.543  0.9109E+01  0.2653E+03
     13.561  0.9338E+01  0.2655E+03
     13.579  0.9572E+01  0.2657E+03
     13.597  0.9811E+01  0.2659E+03
     13.616  0.1009E+02  0.2660E+03
     13.634  0.1041E+02  0.2662E+03
     13.652  0.1081E+02  0.2664E+03
     13.670  0.1127E+02  0.2666E+03
     13.688  0.1181E+02  0.2668E+03
     13.706  0.1243E+02  0.2671E+03
     13.725  0.1318E+02  0.2673E+03
     13.743  0.1409E+02  0.2675E+03
     13.761  0.1634E+02  0.2678E+03
     13.779  0.1932E+02  0.2681E+03
     13.797  0.2265E+02  0.2685E+03
     13.815  0.2530E+02  0.2689E+03
     13.834  0.2725E+02  0.2694E+03
     13.852  0.2853E+02  0.2699E+03
     13.870  0.2946E+02  0.2705E+03
     13.888  0.3214E+02  0.2710E+03
     13.906  0.3578E+02  0.2716E+03
     13.924  0.4017E+02  0.2723E+03
     13.943  0.4185E+02  0.2731E+03
     13.961  0.3948E+02  0.2738E+03
     13.979  0.3454E+02  0.2745E+03
     13.997  0.2720E+02  0.2751E+03
     14.015  0.1839E+02  0.2755E+03
     14.034  0.9564E+01  0.2757E+03
     14.052  0.1971E+02  0.2759E+03
     14.070  0.2391E+02  0.2764E+03
     14.088  0.9431E+01  0.2766E+03
     14.106  0.9111E+01  0.2768E+03
     14.124  0.8822E+01  0.2770E+03
     14.143  0.8655E+01  0.2771E+03
     14.161  0.8489E+01  0.2773E+03
     14.179  0.8324E+01  0.2774E+03
     14.197  0.8161E+01  0.2776E+03
     14.215  0.7999E+01  0.2777E+03
     14.233  0.7838E+01  0.2779E+03
     14.252  0.7679E+01  0.2780E+03
     14.270  0.7521E+01  0.2782E+03
     14.288  0.7432E+01  0.2783E+03
     14.306  0.7516E+01  0.2784E+03
     14.324  0.7697E+01  0.2786E+03
     14.342  0.7952E+01  0.2787E+03
     14.361  0.8325E+01  0.2789E+03
     14.379  0.8739E+01  0.2790E+03
     14.397  0.9136E+01  0.2792E+03
     14.415  0.9518E+01  0.2793E+03
     14.433  0.9883E+01  0.2795E+03
     14.451  0.1023E+02  0.2797E+03
     14.470  0.1071E+02  0.2799E+03
     14.488  0.1117E+02  0.2801E+03
     14.506  0.1161E+02  0.2803E+03
     14.524  0.1204E+02  0.2805E+03
     14.542  0.1244E+02  0.2807E+03
     14.560  0.1283E+02  0.2810E+03
     14.579  0.1319E+02  0.2812E+03
     14.597  0.1354E+02  0.2815E+03
     14.615  0.1387E+02  0.2817E+03
     14.633  0.1418E+02  0.2820E+03
     14.651  0.1447E+02  0.2822E+03
     14.669  0.1474E+02  0.2825E+03
     14.688  0.1500E+02  0.2827E+03
     14.706  0.1524E+02  0.2830E+03
     14.724  0.1546E+02  0.2833E+03
     14.742  0.1568E+02  0.2836E+03
     14.760  0.1588E+02  0.2839E+03
     14.778  0.1606E+02  0.2842E+03
     14.797  0.1623E+02  0.2845E+03
     14.815  0.1638E+02  0.2848E+03
     14.833  0.1652E+02  0.2851E+03
     14.851  0.1664E+02  0.2854E+03
     14.869  0.1675E+02  0.2857E+03
     14.887  0.1685E+02  0.2860E+03
     14.906  0.1693E+02  0.2863E+03
     14.924  0.1700E+02  0.2866E+03
     14.942  0.1705E+02  0.2869E+03
     14.960  0.1708E+02  0.2872E+03
     14.978  0.1710E+02  0.2875E+03
     14.996  0.1711E+02  0.2878E+03
     15.015  0.1710E+02  0.2881E+03
     15.033  0.1708E+02  0.2884E+03
     15.051  0.1703E+02  0.2887E+03
     15.069  0.1771E+02  0.2891E+03
     15.087  0.1915E+02  0.2894E+03
     15.105  0.2027E+02  0.2898E+03
     15.124  0.2107E+02  0.2901E+03
     15.142  0.2153E+02  0.2905E+03
     15.160  0.2165E+02  0.2909E+03
     15.178  0.2149E+02  0.2913E+03
     15.196  0.2091E+02  0.2917E+03
     15.215  0.1925E+02  0.2921E+03
     15.233  0.1729E+02  0.2924E+03
     15.251  0.1631E+02  0.2927E+03
     15.269  0.1466E+02  0.2930E+03
     15.287  0.1381E+02  0.2932E+03
     15.305  0.1386E+02  0.2935E+03
     15.324  0.1384E+02  0.2937E+03
     15.342  0.1455E+02  0.2940E+03
     15.360  0.1566E+02  0.2943E+03
     15.378  0.1664E+02  0.2946E+03
     15.396  0.1781E+02  0.2949E+03
     15.414  0.1963E+02  0.2952E+03
     15.433  0.2150E+02  0.2956E+03
     15.451  0.2435E+02  0.2960E+03
     15.469  0.2761E+02  0.2965E+03
     15.487  0.3011E+02  0.2970E+03
     15.505  0.3162E+02  0.2976E+03
     15.523  0.3200E+02  0.2981E+03
     15.542  0.3110E+02  0.2987E+03
     15.560  0.2903E+02  0.2993E+03
     15.578  0.2739E+02  0.2998E+03
     15.596  0.2799E+02  0.3003E+03
     15.614  0.2819E+02  0.3008E+03
     15.632  0.2838E+02  0.3013E+03
     15.651  0.2772E+02  0.3018E+03
     15.669  0.2611E+02  0.3023E+03
     15.687  0.2543E+02  0.3028E+03
     15.705  0.2428E+02  0.3032E+03
     15.723  0.2259E+02  0.3036E+03
     15.741  0.2057E+02  0.3040E+03
     15.760  0.1901E+02  0.3044E+03
     15.778  0.1856E+02  0.3047E+03
     15.796  0.1911E+02  0.3051E+03
     15.814  0.1933E+02  0.3054E+03
     15.832  0.1921E+02  0.3058E+03
     15.850  0.1876E+02  0.3061E+03
     15.869  0.1798E+02  0.3065E+03
     15.887  0.2244E+02  0.3068E+03
     15.905  0.2420E+02  0.3072E+03
     15.923  0.2107E+02  0.3077E+03
     15.941  0.1255E+02  0.3080E+03
     15.959  0.2054E+02  0.3082E+03
     15.978  0.2517E+02  0.3087E+03
     15.996  0.1288E+02  0.3091E+03
     16.014  0.8227E+01  0.3092E+03
     16.032  0.8942E+01  0.3094E+03
     16.050  0.9620E+01  0.3095E+03
     16.068  0.1028E+02  0.3097E+03
     16.087  0.1092E+02  0.3099E+03
     16.105  0.1155E+02  0.3101E+03
     16.123  0.1217E+02  0.3103E+03
     16.141  0.1282E+02  0.3106E+03
     16.159  0.1351E+02  0.3108E+03
     16.177  0.1419E+02  0.3110E+03
     16.196  0.1476E+02  0.3113E+03
     16.214  0.1524E+02  0.3116E+03
     16.232  0.1569E+02  0.3119E+03
     16.250  0.1609E+02  0.3122E+03
     16.268  0.1645E+02  0.3124E+03
     16.286  0.1675E+02  0.3127E+03
     16.305  0.1695E+02  0.3131E+03
     16.323  0.1675E+02  0.3134E+03
     16.341  0.1644E+02  0.3137E+03
     16.359  0.1603E+02  0.3140E+03
     16.377  0.1550E+02  0.3142E+03
     16.395  0.1514E+02  0.3145E+03
     16.414  0.1472E+02  0.3148E+03
     16.432  0.1417E+02  0.3151E+03
     16.450  0.1351E+02  0.3153E+03
     16.468  0.1275E+02  0.3155E+03
     16.486  0.1227E+02  0.3158E+03
     16.505  0.1170E+02  0.3160E+03
     16.523  0.1103E+02  0.3162E+03
     16.541  0.1051E+02  0.3164E+03
     16.559  0.1009E+02  0.3166E+03
     16.577  0.9600E+01  0.3168E+03
     16.595  0.9532E+01  0.3169E+03
     16.614  0.9603E+01  0.3171E+03
     16.632  0.9642E+01  0.3173E+03
     16.650  0.9648E+01  0.3175E+03
     16.668  0.9622E+01  0.3176E+03
     16.686  0.9563E+01  0.3178E+03
     16.704  0.9472E+01  0.3180E+03
     16.723  0.9348E+01  0.3181E+03
     16.741  0.9024E+01  0.3183E+03
     16.759  0.8522E+01  0.3185E+03
     16.777  0.8094E+01  0.3186E+03
     16.795  0.8351E+01  0.3188E+03
     16.813  0.8576E+01  0.3189E+03
     16.832  0.8614E+01  0.3191E+03
     16.850  0.8628E+01  0.3192E+03
     16.868  0.8643E+01  0.3194E+03
     16.886  0.8660E+01  0.3196E+03
     16.904  0.8678E+01  0.3197E+03
     16.922  0.8674E+01  0.3199E+03
     16.941  0.8591E+01  0.3200E+03
     16.959  0.8423E+01  0.3202E+03
     16.977  0.8055E+01  0.3203E+03
     16.995  0.7628E+01  0.3205E+03
     17.013  0.7198E+01  0.3206E+03
     17.031  0.6764E+01  0.3207E+03
     17.050  0.6327E+01  0.3209E+03
     17.068  0.5886E+01  0.3210E+03
     17.086  0.5441E+01  0.3211E+03
     17.104  0.4982E+01  0.3212E+03
     17.122  0.4579E+01  0.3213E+03
     17.140  0.4207E+01  0.3213E+03
     17.159  0.3865E+01  0.3214E+03
     17.177  0.3553E+01  0.3215E+03
     17.195  0.3271E+01  0.3215E+03
     17.213  0.3020E+01  0.3216E+03
     17.231  0.2799E+01  0.3216E+03
     17.249  0.2595E+01  0.3217E+03
     17.268  0.2391E+01  0.3217E+03
     17.286  0.2188E+01  0.3218E+03
     17.304  0.1986E+01  0.3218E+03
     17.322  0.1785E+01  0.3219E+03
     17.340  0.1584E+01  0.3219E+03
     17.358  0.1384E+01  0.3219E+03
     17.377  0.1185E+01  0.3219E+03
     17.395  0.9873E+00  0.3220E+03
     17.413  0.7899E+00  0.3220E+03
     17.431  0.5934E+00  0.3220E+03
     17.449  0.3976E+00  0.3220E+03
     17.467  0.2028E+00  0.3220E+03
     17.486  0.5737E-01  0.3220E+03
     17.504  0.8261E-03  0.3220E+03
     17.522  0.0000E+00  0.3220E+03
     17.540  0.0000E+00  0.3220E+03
     17.558  0.0000E+00  0.3220E+03
     17.576  0.0000E+00  0.3220E+03
     17.595  0.0000E+00  0.3220E+03
     17.613  0.0000E+00  0.3220E+03
     17.631  0.0000E+00  0.3220E+03
     17.649  0.0000E+00  0.3220E+03
     17.667  0.0000E+00  0.3220E+03
     17.686  0.0000E+00  0.3220E+03
     17.704  0.0000E+00  0.3220E+03
     17.722  0.0000E+00  0.3220E+03
     17.740  0.0000E+00  0.3220E+03
     17.758  0.0000E+00  0.3220E+03
     17.776  0.0000E+00  0.3220E+03
     17.795  0.0000E+00  0.3220E+03
     17.813  0.0000E+00  0.3220E+03
     17.831  0.0000E+00  0.3220E+03
     17.849  0.0000E+00  0.3220E+03
     17.867  0.0000E+00  0.3220E+03
     17.885  0.0000E+00  0.3220E+03
     17.904  0.0000E+00  0.3220E+03
     17.922  0.0000E+00  0.3220E+03
     17.940  0.0000E+00  0.3220E+03
     17.958  0.0000E+00  0.3220E+03
     17.976  0.0000E+00  0.3220E+03
     17.994  0.0000E+00  0.3220E+03
     18.013  0.0000E+00  0.3220E+03
     18.031  0.0000E+00  0.3220E+03
     18.049  0.0000E+00  0.3220E+03
     18.067  0.0000E+00  0.3220E+03
     18.085  0.0000E+00  0.3220E+03
     18.103  0.0000E+00  0.3220E+03
     18.122  0.0000E+00  0.3220E+03
     18.140  0.0000E+00  0.3220E+03
     18.158  0.0000E+00  0.3220E+03
     18.176  0.0000E+00  0.3220E+03
     18.194  0.0000E+00  0.3220E+03
     18.212  0.0000E+00  0.3220E+03
     18.231  0.0000E+00  0.3220E+03
     18.249  0.0000E+00  0.3220E+03
     18.267  0.0000E+00  0.3220E+03
     18.285  0.0000E+00  0.3220E+03
     18.303  0.0000E+00  0.3220E+03
     18.321  0.0000E+00  0.3220E+03
     18.340  0.0000E+00  0.3220E+03
     18.358  0.0000E+00  0.3220E+03
     18.376  0.0000E+00  0.3220E+03
     18.394  0.0000E+00  0.3220E+03
     18.412  0.0000E+00  0.3220E+03
     18.430  0.0000E+00  0.3220E+03
     18.449  0.0000E+00  0.3220E+03
     18.467  0.0000E+00  0.3220E+03
     18.485  0.0000E+00  0.3220E+03
     18.503  0.0000E+00  0.3220E+03
     18.521  0.0000E+00  0.3220E+03
     18.539  0.0000E+00  0.3220E+03
     18.558  0.0000E+00  0.3220E+03
     18.576  0.0000E+00  0.3220E+03
     18.594  0.0000E+00  0.3220E+03
     18.612  0.0000E+00  0.3220E+03
     18.630  0.0000E+00  0.3220E+03
     18.648  0.0000E+00  0.3220E+03
     18.667  0.0000E+00  0.3220E+03
     18.685  0.0000E+00  0.3220E+03
     18.703  0.0000E+00  0.3220E+03
     18.721  0.0000E+00  0.3220E+03
     18.739  0.0000E+00  0.3220E+03
     18.757  0.0000E+00  0.3220E+03
     18.776  0.0000E+00  0.3220E+03
     18.794  0.0000E+00  0.3220E+03
     18.812  0.0000E+00  0.3220E+03
     18.830  0.0000E+00  0.3220E+03
     18.848  0.0000E+00  0.3220E+03
     18.866  0.0000E+00  0.3220E+03
     18.885  0.0000E+00  0.3220E+03
     18.903  0.0000E+00  0.3220E+03
     18.921  0.0000E+00  0.3220E+03
     18.939  0.0000E+00  0.3220E+03
     18.957  0.0000E+00  0.3220E+03
     18.976  0.0000E+00  0.3220E+03
     18.994  0.0000E+00  0.3220E+03
     19.012  0.0000E+00  0.3220E+03
     19.030  0.0000E+00  0.3220E+03
     19.048  0.0000E+00  0.3220E+03
     19.066  0.0000E+00  0.3220E+03
     19.085  0.0000E+00  0.3220E+03
     19.103  0.0000E+00  0.3220E+03
     19.121  0.0000E+00  0.3220E+03
     19.139  0.0000E+00  0.3220E+03
     19.157  0.0000E+00  0.3220E+03


