 Energy DOS Integrated_DOS
    -17.203  0.0000E+00  0.0000E+00
    -17.185  0.0000E+00  0.0000E+00
    -17.167  0.0000E+00  0.0000E+00
    -17.149  0.0000E+00  0.0000E+00
    -17.131  0.0000E+00  0.0000E+00
    -17.112  0.0000E+00  0.0000E+00
    -17.094  0.0000E+00  0.0000E+00
    -17.076  0.0000E+00  0.0000E+00
    -17.058  0.0000E+00  0.0000E+00
    -17.039  0.0000E+00  0.0000E+00
    -17.021  0.0000E+00  0.0000E+00
    -17.003  0.0000E+00  0.0000E+00
    -16.985  0.0000E+00  0.0000E+00
    -16.967  0.0000E+00  0.0000E+00
    -16.948  0.0000E+00  0.0000E+00
    -16.930  0.0000E+00  0.0000E+00
    -16.912  0.0000E+00  0.0000E+00
    -16.894  0.0000E+00  0.0000E+00
    -16.875  0.0000E+00  0.0000E+00
    -16.857  0.0000E+00  0.0000E+00
    -16.839  0.0000E+00  0.0000E+00
    -16.821  0.0000E+00  0.0000E+00
    -16.802  0.0000E+00  0.0000E+00
    -16.784  0.0000E+00  0.0000E+00
    -16.766  0.0000E+00  0.0000E+00
    -16.748  0.0000E+00  0.0000E+00
    -16.730  0.0000E+00  0.0000E+00
    -16.711  0.0000E+00  0.0000E+00
    -16.693  0.0000E+00  0.0000E+00
    -16.675  0.0000E+00  0.0000E+00
    -16.657  0.0000E+00  0.0000E+00
    -16.638  0.0000E+00  0.0000E+00
    -16.620  0.0000E+00  0.0000E+00
    -16.602  0.0000E+00  0.0000E+00
    -16.584  0.0000E+00  0.0000E+00
    -16.565  0.0000E+00  0.0000E+00
    -16.547  0.0000E+00  0.0000E+00
    -16.529  0.0000E+00  0.0000E+00
    -16.511  0.0000E+00  0.0000E+00
    -16.493  0.0000E+00  0.0000E+00
    -16.474  0.0000E+00  0.0000E+00
    -16.456  0.0000E+00  0.0000E+00
    -16.438  0.0000E+00  0.0000E+00
    -16.420  0.0000E+00  0.0000E+00
    -16.401  0.0000E+00  0.0000E+00
    -16.383  0.0000E+00  0.0000E+00
    -16.365  0.0000E+00  0.0000E+00
    -16.347  0.0000E+00  0.0000E+00
    -16.329  0.0000E+00  0.0000E+00
    -16.310  0.0000E+00  0.0000E+00
    -16.292  0.0000E+00  0.0000E+00
    -16.274  0.0000E+00  0.0000E+00
    -16.256  0.0000E+00  0.0000E+00
    -16.237  0.0000E+00  0.0000E+00
    -16.219  0.0000E+00  0.0000E+00
    -16.201  0.0000E+00  0.0000E+00
    -16.183  0.0000E+00  0.0000E+00
    -16.164  0.0000E+00  0.0000E+00
    -16.146  0.0000E+00  0.0000E+00
    -16.128  0.0000E+00  0.0000E+00
    -16.110  0.0000E+00  0.0000E+00
    -16.092  0.0000E+00  0.0000E+00
    -16.073  0.0000E+00  0.0000E+00
    -16.055  0.0000E+00  0.0000E+00
    -16.037  0.0000E+00  0.0000E+00
    -16.019  0.0000E+00  0.0000E+00
    -16.000  0.0000E+00  0.0000E+00
    -15.982  0.0000E+00  0.0000E+00
    -15.964  0.0000E+00  0.0000E+00
    -15.946  0.0000E+00  0.0000E+00
    -15.928  0.0000E+00  0.0000E+00
    -15.909  0.0000E+00  0.0000E+00
    -15.891  0.0000E+00  0.0000E+00
    -15.873  0.0000E+00  0.0000E+00
    -15.855  0.0000E+00  0.0000E+00
    -15.836  0.0000E+00  0.0000E+00
    -15.818  0.0000E+00  0.0000E+00
    -15.800  0.0000E+00  0.0000E+00
    -15.782  0.0000E+00  0.0000E+00
    -15.763  0.0000E+00  0.0000E+00
    -15.745  0.0000E+00  0.0000E+00
    -15.727  0.0000E+00  0.0000E+00
    -15.709  0.0000E+00  0.0000E+00
    -15.691  0.0000E+00  0.0000E+00
    -15.672  0.0000E+00  0.0000E+00
    -15.654  0.0000E+00  0.0000E+00
    -15.636  0.0000E+00  0.0000E+00
    -15.618  0.0000E+00  0.0000E+00
    -15.599  0.0000E+00  0.0000E+00
    -15.581  0.0000E+00  0.0000E+00
    -15.563  0.0000E+00  0.0000E+00
    -15.545  0.7443E-03  0.6166E-06
    -15.527  0.5168E-01  0.3569E-03
    -15.508  0.1827E+00  0.2371E-02
    -15.490  0.3937E+00  0.7503E-02
    -15.472  0.6848E+00  0.1721E-01
    -15.454  0.1056E+01  0.3295E-01
    -15.435  0.1507E+01  0.5619E-01
    -15.417  0.2038E+01  0.8838E-01
    -15.399  0.2650E+01  0.1310E+00
    -15.381  0.3341E+01  0.1855E+00
    -15.362  0.4112E+01  0.2533E+00
    -15.344  0.4964E+01  0.3359E+00
    -15.326  0.5992E+01  0.4353E+00
    -15.308  0.7593E+01  0.5548E+00
    -15.290  0.1081E+02  0.7235E+00
    -15.271  0.1335E+02  0.9447E+00
    -15.253  0.1523E+02  0.1206E+01
    -15.235  0.1644E+02  0.1496E+01
    -15.217  0.1699E+02  0.1802E+01
    -15.198  0.1687E+02  0.2111E+01
    -15.180  0.1608E+02  0.2413E+01
    -15.162  0.1463E+02  0.2693E+01
    -15.144  0.1252E+02  0.2941E+01
    -15.126  0.1051E+02  0.3151E+01
    -15.107  0.8707E+01  0.3326E+01
    -15.089  0.7813E+01  0.3473E+01
    -15.071  0.7585E+01  0.3613E+01
    -15.053  0.8345E+01  0.3756E+01
    -15.034  0.9545E+01  0.3919E+01
    -15.016  0.1066E+02  0.4103E+01
    -14.998  0.1169E+02  0.4307E+01
    -14.980  0.1254E+02  0.4528E+01
    -14.961  0.1314E+02  0.4762E+01
    -14.943  0.1354E+02  0.5006E+01
    -14.925  0.1385E+02  0.5256E+01
    -14.907  0.1418E+02  0.5511E+01
    -14.889  0.1453E+02  0.5773E+01
    -14.870  0.1490E+02  0.6041E+01
    -14.852  0.1533E+02  0.6316E+01
    -14.834  0.1586E+02  0.6600E+01
    -14.816  0.1648E+02  0.6895E+01
    -14.797  0.1718E+02  0.7202E+01
    -14.779  0.1790E+02  0.7521E+01
    -14.761  0.1866E+02  0.7854E+01
    -14.743  0.1957E+02  0.8202E+01
    -14.725  0.2062E+02  0.8568E+01
    -14.706  0.2183E+02  0.8955E+01
    -14.688  0.2319E+02  0.9365E+01
    -14.670  0.2520E+02  0.9803E+01
    -14.652  0.2833E+02  0.1029E+02
    -14.633  0.3274E+02  0.1084E+02
    -14.615  0.5122E+02  0.1159E+02
    -14.597  0.5763E+02  0.1261E+02
    -14.579  0.5799E+02  0.1367E+02
    -14.560  0.5025E+02  0.1467E+02
    -14.542  0.3657E+02  0.1546E+02
    -14.524  0.3004E+02  0.1607E+02
    -14.506  0.1973E+02  0.1653E+02
    -14.488  0.1245E+02  0.1680E+02
    -14.469  0.4231E+02  0.1756E+02
    -14.451  0.2419E+02  0.1802E+02
    -14.433  0.2377E+02  0.1845E+02
    -14.415  0.2458E+02  0.1889E+02
    -14.396  0.2928E+02  0.1938E+02
    -14.378  0.3342E+02  0.1995E+02
    -14.360  0.3701E+02  0.2059E+02
    -14.342  0.4005E+02  0.2130E+02
    -14.324  0.4246E+02  0.2205E+02
    -14.305  0.3440E+02  0.2281E+02
    -14.287  0.1763E+02  0.2319E+02
    -14.269  0.2053E+02  0.2353E+02
    -14.251  0.3061E+02  0.2398E+02
    -14.232  0.5071E+02  0.2471E+02
    -14.214  0.7667E+02  0.2586E+02
    -14.196  0.1180E+03  0.2772E+02
    -14.178  0.1233E+03  0.2994E+02
    -14.159  0.1256E+03  0.3220E+02
    -14.141  0.1330E+03  0.3457E+02
    -14.123  0.1168E+03  0.3692E+02
    -14.105  0.8802E+02  0.3881E+02
    -14.087  0.4871E+02  0.4018E+02
    -14.068  0.5485E+02  0.4112E+02
    -14.050  0.7426E+02  0.4225E+02
    -14.032  0.9483E+02  0.4392E+02
    -14.014  0.1585E+03  0.4574E+02
    -13.995  0.1644E+03  0.4892E+02
    -13.977  0.1089E+03  0.5135E+02
    -13.959  0.8760E+02  0.5310E+02
    -13.941  0.7957E+02  0.5461E+02
    -13.922  0.7861E+02  0.5604E+02
    -13.904  0.8395E+02  0.5753E+02
    -13.886  0.9067E+02  0.6054E+02
    -13.868  0.6568E+02  0.6165E+02
    -13.850  0.6751E+02  0.6311E+02
    -13.831  0.2012E+02  0.6382E+02
    -13.813  0.2197E+01  0.6399E+02
    -13.795  0.0000E+00  0.6400E+02
    -13.777  0.0000E+00  0.6400E+02
    -13.758  0.0000E+00  0.6400E+02
    -13.740  0.0000E+00  0.6400E+02
    -13.722  0.0000E+00  0.6400E+02
    -13.704  0.0000E+00  0.6400E+02
    -13.686  0.0000E+00  0.6400E+02
    -13.667  0.0000E+00  0.6400E+02
    -13.649  0.0000E+00  0.6400E+02
    -13.631  0.0000E+00  0.6400E+02
    -13.613  0.0000E+00  0.6400E+02
    -13.594  0.0000E+00  0.6400E+02
    -13.576  0.0000E+00  0.6400E+02
    -13.558  0.0000E+00  0.6400E+02
    -13.540  0.0000E+00  0.6400E+02
    -13.521  0.0000E+00  0.6400E+02
    -13.503  0.0000E+00  0.6400E+02
    -13.485  0.0000E+00  0.6400E+02
    -13.467  0.0000E+00  0.6400E+02
    -13.449  0.0000E+00  0.6400E+02
    -13.430  0.0000E+00  0.6400E+02
    -13.412  0.0000E+00  0.6400E+02
    -13.394  0.0000E+00  0.6400E+02
    -13.376  0.0000E+00  0.6400E+02
    -13.357  0.0000E+00  0.6400E+02
    -13.339  0.0000E+00  0.6400E+02
    -13.321  0.0000E+00  0.6400E+02
    -13.303  0.0000E+00  0.6400E+02
    -13.285  0.0000E+00  0.6400E+02
    -13.266  0.0000E+00  0.6400E+02
    -13.248  0.0000E+00  0.6400E+02
    -13.230  0.0000E+00  0.6400E+02
    -13.212  0.0000E+00  0.6400E+02
    -13.193  0.0000E+00  0.6400E+02
    -13.175  0.0000E+00  0.6400E+02
    -13.157  0.0000E+00  0.6400E+02
    -13.139  0.0000E+00  0.6400E+02
    -13.120  0.0000E+00  0.6400E+02
    -13.102  0.0000E+00  0.6400E+02
    -13.084  0.0000E+00  0.6400E+02
    -13.066  0.0000E+00  0.6400E+02
    -13.048  0.0000E+00  0.6400E+02
    -13.029  0.0000E+00  0.6400E+02
    -13.011  0.0000E+00  0.6400E+02
    -12.993  0.0000E+00  0.6400E+02
    -12.975  0.0000E+00  0.6400E+02
    -12.956  0.0000E+00  0.6400E+02
    -12.938  0.0000E+00  0.6400E+02
    -12.920  0.0000E+00  0.6400E+02
    -12.902  0.0000E+00  0.6400E+02
    -12.884  0.0000E+00  0.6400E+02
    -12.865  0.0000E+00  0.6400E+02
    -12.847  0.0000E+00  0.6400E+02
    -12.829  0.0000E+00  0.6400E+02
    -12.811  0.0000E+00  0.6400E+02
    -12.792  0.0000E+00  0.6400E+02
    -12.774  0.0000E+00  0.6400E+02
    -12.756  0.0000E+00  0.6400E+02
    -12.738  0.0000E+00  0.6400E+02
    -12.719  0.0000E+00  0.6400E+02
    -12.701  0.0000E+00  0.6400E+02
    -12.683  0.0000E+00  0.6400E+02
    -12.665  0.0000E+00  0.6400E+02
    -12.647  0.0000E+00  0.6400E+02
    -12.628  0.0000E+00  0.6400E+02
    -12.610  0.0000E+00  0.6400E+02
    -12.592  0.0000E+00  0.6400E+02
    -12.574  0.0000E+00  0.6400E+02
    -12.555  0.0000E+00  0.6400E+02
    -12.537  0.0000E+00  0.6400E+02
    -12.519  0.0000E+00  0.6400E+02
    -12.501  0.0000E+00  0.6400E+02
    -12.483  0.0000E+00  0.6400E+02
    -12.464  0.0000E+00  0.6400E+02
    -12.446  0.0000E+00  0.6400E+02
    -12.428  0.0000E+00  0.6400E+02
    -12.410  0.0000E+00  0.6400E+02
    -12.391  0.0000E+00  0.6400E+02
    -12.373  0.0000E+00  0.6400E+02
    -12.355  0.0000E+00  0.6400E+02
    -12.337  0.0000E+00  0.6400E+02
    -12.318  0.0000E+00  0.6400E+02
    -12.300  0.0000E+00  0.6400E+02
    -12.282  0.0000E+00  0.6400E+02
    -12.264  0.0000E+00  0.6400E+02
    -12.246  0.0000E+00  0.6400E+02
    -12.227  0.0000E+00  0.6400E+02
    -12.209  0.0000E+00  0.6400E+02
    -12.191  0.0000E+00  0.6400E+02
    -12.173  0.0000E+00  0.6400E+02
    -12.154  0.0000E+00  0.6400E+02
    -12.136  0.0000E+00  0.6400E+02
    -12.118  0.0000E+00  0.6400E+02
    -12.100  0.0000E+00  0.6400E+02
    -12.082  0.0000E+00  0.6400E+02
    -12.063  0.0000E+00  0.6400E+02
    -12.045  0.0000E+00  0.6400E+02
    -12.027  0.0000E+00  0.6400E+02
    -12.009  0.0000E+00  0.6400E+02
    -11.990  0.0000E+00  0.6400E+02
    -11.972  0.0000E+00  0.6400E+02
    -11.954  0.0000E+00  0.6400E+02
    -11.936  0.0000E+00  0.6400E+02
    -11.917  0.0000E+00  0.6400E+02
    -11.899  0.0000E+00  0.6400E+02
    -11.881  0.0000E+00  0.6400E+02
    -11.863  0.0000E+00  0.6400E+02
    -11.845  0.0000E+00  0.6400E+02
    -11.826  0.0000E+00  0.6400E+02
    -11.808  0.0000E+00  0.6400E+02
    -11.790  0.0000E+00  0.6400E+02
    -11.772  0.0000E+00  0.6400E+02
    -11.753  0.0000E+00  0.6400E+02
    -11.735  0.0000E+00  0.6400E+02
    -11.717  0.0000E+00  0.6400E+02
    -11.699  0.0000E+00  0.6400E+02
    -11.681  0.0000E+00  0.6400E+02
    -11.662  0.0000E+00  0.6400E+02
    -11.644  0.0000E+00  0.6400E+02
    -11.626  0.0000E+00  0.6400E+02
    -11.608  0.0000E+00  0.6400E+02
    -11.589  0.0000E+00  0.6400E+02
    -11.571  0.0000E+00  0.6400E+02
    -11.553  0.0000E+00  0.6400E+02
    -11.535  0.0000E+00  0.6400E+02
    -11.516  0.0000E+00  0.6400E+02
    -11.498  0.0000E+00  0.6400E+02
    -11.480  0.0000E+00  0.6400E+02
    -11.462  0.0000E+00  0.6400E+02
    -11.444  0.0000E+00  0.6400E+02
    -11.425  0.0000E+00  0.6400E+02
    -11.407  0.0000E+00  0.6400E+02
    -11.389  0.0000E+00  0.6400E+02
    -11.371  0.0000E+00  0.6400E+02
    -11.352  0.0000E+00  0.6400E+02
    -11.334  0.0000E+00  0.6400E+02
    -11.316  0.0000E+00  0.6400E+02
    -11.298  0.0000E+00  0.6400E+02
    -11.279  0.0000E+00  0.6400E+02
    -11.261  0.0000E+00  0.6400E+02
    -11.243  0.0000E+00  0.6400E+02
    -11.225  0.0000E+00  0.6400E+02
    -11.207  0.0000E+00  0.6400E+02
    -11.188  0.0000E+00  0.6400E+02
    -11.170  0.0000E+00  0.6400E+02
    -11.152  0.0000E+00  0.6400E+02
    -11.134  0.0000E+00  0.6400E+02
    -11.115  0.0000E+00  0.6400E+02
    -11.097  0.0000E+00  0.6400E+02
    -11.079  0.0000E+00  0.6400E+02
    -11.061  0.0000E+00  0.6400E+02
    -11.043  0.0000E+00  0.6400E+02
    -11.024  0.0000E+00  0.6400E+02
    -11.006  0.0000E+00  0.6400E+02
    -10.988  0.0000E+00  0.6400E+02
    -10.970  0.0000E+00  0.6400E+02
    -10.951  0.0000E+00  0.6400E+02
    -10.933  0.0000E+00  0.6400E+02
    -10.915  0.0000E+00  0.6400E+02
    -10.897  0.0000E+00  0.6400E+02
    -10.878  0.0000E+00  0.6400E+02
    -10.860  0.0000E+00  0.6400E+02
    -10.842  0.0000E+00  0.6400E+02
    -10.824  0.0000E+00  0.6400E+02
    -10.806  0.0000E+00  0.6400E+02
    -10.787  0.0000E+00  0.6400E+02
    -10.769  0.0000E+00  0.6400E+02
    -10.751  0.0000E+00  0.6400E+02
    -10.733  0.0000E+00  0.6400E+02
    -10.714  0.0000E+00  0.6400E+02
    -10.696  0.0000E+00  0.6400E+02
    -10.678  0.0000E+00  0.6400E+02
    -10.660  0.0000E+00  0.6400E+02
    -10.642  0.0000E+00  0.6400E+02
    -10.623  0.0000E+00  0.6400E+02
    -10.605  0.0000E+00  0.6400E+02
    -10.587  0.0000E+00  0.6400E+02
    -10.569  0.0000E+00  0.6400E+02
    -10.550  0.0000E+00  0.6400E+02
    -10.532  0.0000E+00  0.6400E+02
    -10.514  0.0000E+00  0.6400E+02
    -10.496  0.0000E+00  0.6400E+02
    -10.477  0.0000E+00  0.6400E+02
    -10.459  0.0000E+00  0.6400E+02
    -10.441  0.0000E+00  0.6400E+02
    -10.423  0.0000E+00  0.6400E+02
    -10.405  0.0000E+00  0.6400E+02
    -10.386  0.0000E+00  0.6400E+02
    -10.368  0.0000E+00  0.6400E+02
    -10.350  0.0000E+00  0.6400E+02
    -10.332  0.0000E+00  0.6400E+02
    -10.313  0.0000E+00  0.6400E+02
    -10.295  0.0000E+00  0.6400E+02
    -10.277  0.0000E+00  0.6400E+02
    -10.259  0.0000E+00  0.6400E+02
    -10.241  0.0000E+00  0.6400E+02
    -10.222  0.0000E+00  0.6400E+02
    -10.204  0.0000E+00  0.6400E+02
    -10.186  0.0000E+00  0.6400E+02
    -10.168  0.0000E+00  0.6400E+02
    -10.149  0.0000E+00  0.6400E+02
    -10.131  0.0000E+00  0.6400E+02
    -10.113  0.0000E+00  0.6400E+02
    -10.095  0.0000E+00  0.6400E+02
    -10.076  0.0000E+00  0.6400E+02
    -10.058  0.0000E+00  0.6400E+02
    -10.040  0.0000E+00  0.6400E+02
    -10.022  0.0000E+00  0.6400E+02
    -10.004  0.0000E+00  0.6400E+02
     -9.985  0.0000E+00  0.6400E+02
     -9.967  0.0000E+00  0.6400E+02
     -9.949  0.0000E+00  0.6400E+02
     -9.931  0.0000E+00  0.6400E+02
     -9.912  0.0000E+00  0.6400E+02
     -9.894  0.0000E+00  0.6400E+02
     -9.876  0.0000E+00  0.6400E+02
     -9.858  0.0000E+00  0.6400E+02
     -9.840  0.0000E+00  0.6400E+02
     -9.821  0.0000E+00  0.6400E+02
     -9.803  0.0000E+00  0.6400E+02
     -9.785  0.0000E+00  0.6400E+02
     -9.767  0.0000E+00  0.6400E+02
     -9.748  0.0000E+00  0.6400E+02
     -9.730  0.0000E+00  0.6400E+02
     -9.712  0.0000E+00  0.6400E+02
     -9.694  0.0000E+00  0.6400E+02
     -9.675  0.0000E+00  0.6400E+02
     -9.657  0.0000E+00  0.6400E+02
     -9.639  0.0000E+00  0.6400E+02
     -9.621  0.0000E+00  0.6400E+02
     -9.603  0.0000E+00  0.6400E+02
     -9.584  0.0000E+00  0.6400E+02
     -9.566  0.0000E+00  0.6400E+02
     -9.548  0.0000E+00  0.6400E+02
     -9.530  0.0000E+00  0.6400E+02
     -9.511  0.0000E+00  0.6400E+02
     -9.493  0.0000E+00  0.6400E+02
     -9.475  0.0000E+00  0.6400E+02
     -9.457  0.0000E+00  0.6400E+02
     -9.439  0.0000E+00  0.6400E+02
     -9.420  0.0000E+00  0.6400E+02
     -9.402  0.0000E+00  0.6400E+02
     -9.384  0.0000E+00  0.6400E+02
     -9.366  0.0000E+00  0.6400E+02
     -9.347  0.0000E+00  0.6400E+02
     -9.329  0.0000E+00  0.6400E+02
     -9.311  0.0000E+00  0.6400E+02
     -9.293  0.0000E+00  0.6400E+02
     -9.274  0.0000E+00  0.6400E+02
     -9.256  0.0000E+00  0.6400E+02
     -9.238  0.0000E+00  0.6400E+02
     -9.220  0.0000E+00  0.6400E+02
     -9.202  0.0000E+00  0.6400E+02
     -9.183  0.0000E+00  0.6400E+02
     -9.165  0.0000E+00  0.6400E+02
     -9.147  0.0000E+00  0.6400E+02
     -9.129  0.0000E+00  0.6400E+02
     -9.110  0.0000E+00  0.6400E+02
     -9.092  0.0000E+00  0.6400E+02
     -9.074  0.0000E+00  0.6400E+02
     -9.056  0.0000E+00  0.6400E+02
     -9.038  0.0000E+00  0.6400E+02
     -9.019  0.0000E+00  0.6400E+02
     -9.001  0.0000E+00  0.6400E+02
     -8.983  0.0000E+00  0.6400E+02
     -8.965  0.0000E+00  0.6400E+02
     -8.946  0.0000E+00  0.6400E+02
     -8.928  0.0000E+00  0.6400E+02
     -8.910  0.0000E+00  0.6400E+02
     -8.892  0.0000E+00  0.6400E+02
     -8.873  0.0000E+00  0.6400E+02
     -8.855  0.0000E+00  0.6400E+02
     -8.837  0.0000E+00  0.6400E+02
     -8.819  0.0000E+00  0.6400E+02
     -8.801  0.0000E+00  0.6400E+02
     -8.782  0.0000E+00  0.6400E+02
     -8.764  0.0000E+00  0.6400E+02
     -8.746  0.0000E+00  0.6400E+02
     -8.728  0.0000E+00  0.6400E+02
     -8.709  0.0000E+00  0.6400E+02
     -8.691  0.0000E+00  0.6400E+02
     -8.673  0.0000E+00  0.6400E+02
     -8.655  0.0000E+00  0.6400E+02
     -8.637  0.0000E+00  0.6400E+02
     -8.618  0.0000E+00  0.6400E+02
     -8.600  0.0000E+00  0.6400E+02
     -8.582  0.0000E+00  0.6400E+02
     -8.564  0.0000E+00  0.6400E+02
     -8.545  0.0000E+00  0.6400E+02
     -8.527  0.0000E+00  0.6400E+02
     -8.509  0.0000E+00  0.6400E+02
     -8.491  0.0000E+00  0.6400E+02
     -8.472  0.0000E+00  0.6400E+02
     -8.454  0.0000E+00  0.6400E+02
     -8.436  0.0000E+00  0.6400E+02
     -8.418  0.0000E+00  0.6400E+02
     -8.400  0.0000E+00  0.6400E+02
     -8.381  0.0000E+00  0.6400E+02
     -8.363  0.0000E+00  0.6400E+02
     -8.345  0.0000E+00  0.6400E+02
     -8.327  0.0000E+00  0.6400E+02
     -8.308  0.0000E+00  0.6400E+02
     -8.290  0.0000E+00  0.6400E+02
     -8.272  0.0000E+00  0.6400E+02
     -8.254  0.0000E+00  0.6400E+02
     -8.235  0.0000E+00  0.6400E+02
     -8.217  0.0000E+00  0.6400E+02
     -8.199  0.0000E+00  0.6400E+02
     -8.181  0.0000E+00  0.6400E+02
     -8.163  0.0000E+00  0.6400E+02
     -8.144  0.0000E+00  0.6400E+02
     -8.126  0.0000E+00  0.6400E+02
     -8.108  0.0000E+00  0.6400E+02
     -8.090  0.0000E+00  0.6400E+02
     -8.071  0.0000E+00  0.6400E+02
     -8.053  0.0000E+00  0.6400E+02
     -8.035  0.0000E+00  0.6400E+02
     -8.017  0.0000E+00  0.6400E+02
     -7.999  0.0000E+00  0.6400E+02
     -7.980  0.0000E+00  0.6400E+02
     -7.962  0.0000E+00  0.6400E+02
     -7.944  0.0000E+00  0.6400E+02
     -7.926  0.0000E+00  0.6400E+02
     -7.907  0.0000E+00  0.6400E+02
     -7.889  0.0000E+00  0.6400E+02
     -7.871  0.0000E+00  0.6400E+02
     -7.853  0.0000E+00  0.6400E+02
     -7.834  0.0000E+00  0.6400E+02
     -7.816  0.0000E+00  0.6400E+02
     -7.798  0.0000E+00  0.6400E+02
     -7.780  0.0000E+00  0.6400E+02
     -7.762  0.0000E+00  0.6400E+02
     -7.743  0.0000E+00  0.6400E+02
     -7.725  0.0000E+00  0.6400E+02
     -7.707  0.0000E+00  0.6400E+02
     -7.689  0.0000E+00  0.6400E+02
     -7.670  0.0000E+00  0.6400E+02
     -7.652  0.0000E+00  0.6400E+02
     -7.634  0.0000E+00  0.6400E+02
     -7.616  0.0000E+00  0.6400E+02
     -7.598  0.0000E+00  0.6400E+02
     -7.579  0.0000E+00  0.6400E+02
     -7.561  0.0000E+00  0.6400E+02
     -7.543  0.0000E+00  0.6400E+02
     -7.525  0.0000E+00  0.6400E+02
     -7.506  0.0000E+00  0.6400E+02
     -7.488  0.0000E+00  0.6400E+02
     -7.470  0.0000E+00  0.6400E+02
     -7.452  0.0000E+00  0.6400E+02
     -7.433  0.0000E+00  0.6400E+02
     -7.415  0.0000E+00  0.6400E+02
     -7.397  0.0000E+00  0.6400E+02
     -7.379  0.0000E+00  0.6400E+02
     -7.361  0.0000E+00  0.6400E+02
     -7.342  0.0000E+00  0.6400E+02
     -7.324  0.0000E+00  0.6400E+02
     -7.306  0.0000E+00  0.6400E+02
     -7.288  0.0000E+00  0.6400E+02
     -7.269  0.0000E+00  0.6400E+02
     -7.251  0.0000E+00  0.6400E+02
     -7.233  0.0000E+00  0.6400E+02
     -7.215  0.0000E+00  0.6400E+02
     -7.197  0.0000E+00  0.6400E+02
     -7.178  0.0000E+00  0.6400E+02
     -7.160  0.0000E+00  0.6400E+02
     -7.142  0.0000E+00  0.6400E+02
     -7.124  0.0000E+00  0.6400E+02
     -7.105  0.0000E+00  0.6400E+02
     -7.087  0.0000E+00  0.6400E+02
     -7.069  0.0000E+00  0.6400E+02
     -7.051  0.0000E+00  0.6400E+02
     -7.032  0.0000E+00  0.6400E+02
     -7.014  0.0000E+00  0.6400E+02
     -6.996  0.0000E+00  0.6400E+02
     -6.978  0.0000E+00  0.6400E+02
     -6.960  0.0000E+00  0.6400E+02
     -6.941  0.0000E+00  0.6400E+02
     -6.923  0.0000E+00  0.6400E+02
     -6.905  0.0000E+00  0.6400E+02
     -6.887  0.0000E+00  0.6400E+02
     -6.868  0.0000E+00  0.6400E+02
     -6.850  0.0000E+00  0.6400E+02
     -6.832  0.0000E+00  0.6400E+02
     -6.814  0.0000E+00  0.6400E+02
     -6.796  0.0000E+00  0.6400E+02
     -6.777  0.0000E+00  0.6400E+02
     -6.759  0.0000E+00  0.6400E+02
     -6.741  0.0000E+00  0.6400E+02
     -6.723  0.0000E+00  0.6400E+02
     -6.704  0.0000E+00  0.6400E+02
     -6.686  0.0000E+00  0.6400E+02
     -6.668  0.0000E+00  0.6400E+02
     -6.650  0.0000E+00  0.6400E+02
     -6.631  0.0000E+00  0.6400E+02
     -6.613  0.0000E+00  0.6400E+02
     -6.595  0.0000E+00  0.6400E+02
     -6.577  0.0000E+00  0.6400E+02
     -6.559  0.0000E+00  0.6400E+02
     -6.540  0.0000E+00  0.6400E+02
     -6.522  0.0000E+00  0.6400E+02
     -6.504  0.0000E+00  0.6400E+02
     -6.486  0.0000E+00  0.6400E+02
     -6.467  0.0000E+00  0.6400E+02
     -6.449  0.0000E+00  0.6400E+02
     -6.431  0.0000E+00  0.6400E+02
     -6.413  0.0000E+00  0.6400E+02
     -6.395  0.0000E+00  0.6400E+02
     -6.376  0.0000E+00  0.6400E+02
     -6.358  0.0000E+00  0.6400E+02
     -6.340  0.0000E+00  0.6400E+02
     -6.322  0.0000E+00  0.6400E+02
     -6.303  0.0000E+00  0.6400E+02
     -6.285  0.0000E+00  0.6400E+02
     -6.267  0.0000E+00  0.6400E+02
     -6.249  0.0000E+00  0.6400E+02
     -6.230  0.0000E+00  0.6400E+02
     -6.212  0.0000E+00  0.6400E+02
     -6.194  0.0000E+00  0.6400E+02
     -6.176  0.0000E+00  0.6400E+02
     -6.158  0.0000E+00  0.6400E+02
     -6.139  0.0000E+00  0.6400E+02
     -6.121  0.0000E+00  0.6400E+02
     -6.103  0.0000E+00  0.6400E+02
     -6.085  0.0000E+00  0.6400E+02
     -6.066  0.0000E+00  0.6400E+02
     -6.048  0.0000E+00  0.6400E+02
     -6.030  0.0000E+00  0.6400E+02
     -6.012  0.0000E+00  0.6400E+02
     -5.994  0.0000E+00  0.6400E+02
     -5.975  0.0000E+00  0.6400E+02
     -5.957  0.0000E+00  0.6400E+02
     -5.939  0.0000E+00  0.6400E+02
     -5.921  0.0000E+00  0.6400E+02
     -5.902  0.0000E+00  0.6400E+02
     -5.884  0.0000E+00  0.6400E+02
     -5.866  0.0000E+00  0.6400E+02
     -5.848  0.0000E+00  0.6400E+02
     -5.829  0.0000E+00  0.6400E+02
     -5.811  0.0000E+00  0.6400E+02
     -5.793  0.0000E+00  0.6400E+02
     -5.775  0.0000E+00  0.6400E+02
     -5.757  0.0000E+00  0.6400E+02
     -5.738  0.0000E+00  0.6400E+02
     -5.720  0.0000E+00  0.6400E+02
     -5.702  0.0000E+00  0.6400E+02
     -5.684  0.0000E+00  0.6400E+02
     -5.665  0.0000E+00  0.6400E+02
     -5.647  0.0000E+00  0.6400E+02
     -5.629  0.0000E+00  0.6400E+02
     -5.611  0.0000E+00  0.6400E+02
     -5.592  0.0000E+00  0.6400E+02
     -5.574  0.0000E+00  0.6400E+02
     -5.556  0.0000E+00  0.6400E+02
     -5.538  0.0000E+00  0.6400E+02
     -5.520  0.0000E+00  0.6400E+02
     -5.501  0.0000E+00  0.6400E+02
     -5.483  0.0000E+00  0.6400E+02
     -5.465  0.0000E+00  0.6400E+02
     -5.447  0.0000E+00  0.6400E+02
     -5.428  0.0000E+00  0.6400E+02
     -5.410  0.0000E+00  0.6400E+02
     -5.392  0.0000E+00  0.6400E+02
     -5.374  0.0000E+00  0.6400E+02
     -5.356  0.0000E+00  0.6400E+02
     -5.337  0.0000E+00  0.6400E+02
     -5.319  0.0000E+00  0.6400E+02
     -5.301  0.0000E+00  0.6400E+02
     -5.283  0.0000E+00  0.6400E+02
     -5.264  0.0000E+00  0.6400E+02
     -5.246  0.0000E+00  0.6400E+02
     -5.228  0.0000E+00  0.6400E+02
     -5.210  0.0000E+00  0.6400E+02
     -5.191  0.0000E+00  0.6400E+02
     -5.173  0.0000E+00  0.6400E+02
     -5.155  0.0000E+00  0.6400E+02
     -5.137  0.0000E+00  0.6400E+02
     -5.119  0.0000E+00  0.6400E+02
     -5.100  0.0000E+00  0.6400E+02
     -5.082  0.0000E+00  0.6400E+02
     -5.064  0.0000E+00  0.6400E+02
     -5.046  0.0000E+00  0.6400E+02
     -5.027  0.0000E+00  0.6400E+02
     -5.009  0.0000E+00  0.6400E+02
     -4.991  0.0000E+00  0.6400E+02
     -4.973  0.0000E+00  0.6400E+02
     -4.955  0.0000E+00  0.6400E+02
     -4.936  0.0000E+00  0.6400E+02
     -4.918  0.0000E+00  0.6400E+02
     -4.900  0.0000E+00  0.6400E+02
     -4.882  0.0000E+00  0.6400E+02
     -4.863  0.0000E+00  0.6400E+02
     -4.845  0.0000E+00  0.6400E+02
     -4.827  0.0000E+00  0.6400E+02
     -4.809  0.0000E+00  0.6400E+02
     -4.790  0.0000E+00  0.6400E+02
     -4.772  0.0000E+00  0.6400E+02
     -4.754  0.0000E+00  0.6400E+02
     -4.736  0.0000E+00  0.6400E+02
     -4.718  0.0000E+00  0.6400E+02
     -4.699  0.0000E+00  0.6400E+02
     -4.681  0.0000E+00  0.6400E+02
     -4.663  0.0000E+00  0.6400E+02
     -4.645  0.0000E+00  0.6400E+02
     -4.626  0.0000E+00  0.6400E+02
     -4.608  0.0000E+00  0.6400E+02
     -4.590  0.0000E+00  0.6400E+02
     -4.572  0.0000E+00  0.6400E+02
     -4.554  0.0000E+00  0.6400E+02
     -4.535  0.0000E+00  0.6400E+02
     -4.517  0.0000E+00  0.6400E+02
     -4.499  0.0000E+00  0.6400E+02
     -4.481  0.0000E+00  0.6400E+02
     -4.462  0.0000E+00  0.6400E+02
     -4.444  0.0000E+00  0.6400E+02
     -4.426  0.0000E+00  0.6400E+02
     -4.408  0.0000E+00  0.6400E+02
     -4.389  0.0000E+00  0.6400E+02
     -4.371  0.0000E+00  0.6400E+02
     -4.353  0.0000E+00  0.6400E+02
     -4.335  0.0000E+00  0.6400E+02
     -4.317  0.0000E+00  0.6400E+02
     -4.298  0.0000E+00  0.6400E+02
     -4.280  0.0000E+00  0.6400E+02
     -4.262  0.0000E+00  0.6400E+02
     -4.244  0.0000E+00  0.6400E+02
     -4.225  0.0000E+00  0.6400E+02
     -4.207  0.0000E+00  0.6400E+02
     -4.189  0.0000E+00  0.6400E+02
     -4.171  0.0000E+00  0.6400E+02
     -4.153  0.0000E+00  0.6400E+02
     -4.134  0.0000E+00  0.6400E+02
     -4.116  0.0000E+00  0.6400E+02
     -4.098  0.0000E+00  0.6400E+02
     -4.080  0.0000E+00  0.6400E+02
     -4.061  0.0000E+00  0.6400E+02
     -4.043  0.0000E+00  0.6400E+02
     -4.025  0.0000E+00  0.6400E+02
     -4.007  0.0000E+00  0.6400E+02
     -3.988  0.0000E+00  0.6400E+02
     -3.970  0.0000E+00  0.6400E+02
     -3.952  0.0000E+00  0.6400E+02
     -3.934  0.0000E+00  0.6400E+02
     -3.916  0.0000E+00  0.6400E+02
     -3.897  0.0000E+00  0.6400E+02
     -3.879  0.0000E+00  0.6400E+02
     -3.861  0.0000E+00  0.6400E+02
     -3.843  0.0000E+00  0.6400E+02
     -3.824  0.0000E+00  0.6400E+02
     -3.806  0.0000E+00  0.6400E+02
     -3.788  0.0000E+00  0.6400E+02
     -3.770  0.0000E+00  0.6400E+02
     -3.752  0.0000E+00  0.6400E+02
     -3.733  0.0000E+00  0.6400E+02
     -3.715  0.0000E+00  0.6400E+02
     -3.697  0.0000E+00  0.6400E+02
     -3.679  0.0000E+00  0.6400E+02
     -3.660  0.0000E+00  0.6400E+02
     -3.642  0.0000E+00  0.6400E+02
     -3.624  0.0000E+00  0.6400E+02
     -3.606  0.0000E+00  0.6400E+02
     -3.587  0.0000E+00  0.6400E+02
     -3.569  0.0000E+00  0.6400E+02
     -3.551  0.0000E+00  0.6400E+02
     -3.533  0.0000E+00  0.6400E+02
     -3.515  0.0000E+00  0.6400E+02
     -3.496  0.0000E+00  0.6400E+02
     -3.478  0.0000E+00  0.6400E+02
     -3.460  0.0000E+00  0.6400E+02
     -3.442  0.0000E+00  0.6400E+02
     -3.423  0.0000E+00  0.6400E+02
     -3.405  0.0000E+00  0.6400E+02
     -3.387  0.0000E+00  0.6400E+02
     -3.369  0.0000E+00  0.6400E+02
     -3.351  0.0000E+00  0.6400E+02
     -3.332  0.0000E+00  0.6400E+02
     -3.314  0.0000E+00  0.6400E+02
     -3.296  0.0000E+00  0.6400E+02
     -3.278  0.0000E+00  0.6400E+02
     -3.259  0.0000E+00  0.6400E+02
     -3.241  0.0000E+00  0.6400E+02
     -3.223  0.0000E+00  0.6400E+02
     -3.205  0.0000E+00  0.6400E+02
     -3.186  0.0000E+00  0.6400E+02
     -3.168  0.0000E+00  0.6400E+02
     -3.150  0.0000E+00  0.6400E+02
     -3.132  0.0000E+00  0.6400E+02
     -3.114  0.0000E+00  0.6400E+02
     -3.095  0.0000E+00  0.6400E+02
     -3.077  0.0000E+00  0.6400E+02
     -3.059  0.0000E+00  0.6400E+02
     -3.041  0.0000E+00  0.6400E+02
     -3.022  0.0000E+00  0.6400E+02
     -3.004  0.0000E+00  0.6400E+02
     -2.986  0.0000E+00  0.6400E+02
     -2.968  0.0000E+00  0.6400E+02
     -2.949  0.0000E+00  0.6400E+02
     -2.931  0.0000E+00  0.6400E+02
     -2.913  0.0000E+00  0.6400E+02
     -2.895  0.0000E+00  0.6400E+02
     -2.877  0.0000E+00  0.6400E+02
     -2.858  0.0000E+00  0.6400E+02
     -2.840  0.0000E+00  0.6400E+02
     -2.822  0.0000E+00  0.6400E+02
     -2.804  0.0000E+00  0.6400E+02
     -2.785  0.0000E+00  0.6400E+02
     -2.767  0.0000E+00  0.6400E+02
     -2.749  0.0000E+00  0.6400E+02
     -2.731  0.0000E+00  0.6400E+02
     -2.713  0.0000E+00  0.6400E+02
     -2.694  0.0000E+00  0.6400E+02
     -2.676  0.0000E+00  0.6400E+02
     -2.658  0.0000E+00  0.6400E+02
     -2.640  0.0000E+00  0.6400E+02
     -2.621  0.0000E+00  0.6400E+02
     -2.603  0.0000E+00  0.6400E+02
     -2.585  0.0000E+00  0.6400E+02
     -2.567  0.0000E+00  0.6400E+02
     -2.548  0.0000E+00  0.6400E+02
     -2.530  0.0000E+00  0.6400E+02
     -2.512  0.0000E+00  0.6400E+02
     -2.494  0.0000E+00  0.6400E+02
     -2.476  0.0000E+00  0.6400E+02
     -2.457  0.0000E+00  0.6400E+02
     -2.439  0.0000E+00  0.6400E+02
     -2.421  0.0000E+00  0.6400E+02
     -2.403  0.0000E+00  0.6400E+02
     -2.384  0.0000E+00  0.6400E+02
     -2.366  0.0000E+00  0.6400E+02
     -2.348  0.0000E+00  0.6400E+02
     -2.330  0.0000E+00  0.6400E+02
     -2.312  0.0000E+00  0.6400E+02
     -2.293  0.0000E+00  0.6400E+02
     -2.275  0.0000E+00  0.6400E+02
     -2.257  0.0000E+00  0.6400E+02
     -2.239  0.0000E+00  0.6400E+02
     -2.220  0.0000E+00  0.6400E+02
     -2.202  0.0000E+00  0.6400E+02
     -2.184  0.0000E+00  0.6400E+02
     -2.166  0.0000E+00  0.6400E+02
     -2.147  0.0000E+00  0.6400E+02
     -2.129  0.0000E+00  0.6400E+02
     -2.111  0.0000E+00  0.6400E+02
     -2.093  0.0000E+00  0.6400E+02
     -2.075  0.0000E+00  0.6400E+02
     -2.056  0.0000E+00  0.6400E+02
     -2.038  0.0000E+00  0.6400E+02
     -2.020  0.0000E+00  0.6400E+02
     -2.002  0.0000E+00  0.6400E+02
     -1.983  0.0000E+00  0.6400E+02
     -1.965  0.0000E+00  0.6400E+02
     -1.947  0.0000E+00  0.6400E+02
     -1.929  0.0000E+00  0.6400E+02
     -1.911  0.0000E+00  0.6400E+02
     -1.892  0.0000E+00  0.6400E+02
     -1.874  0.0000E+00  0.6400E+02
     -1.856  0.0000E+00  0.6400E+02
     -1.838  0.0000E+00  0.6400E+02
     -1.819  0.0000E+00  0.6400E+02
     -1.801  0.0000E+00  0.6400E+02
     -1.783  0.0000E+00  0.6400E+02
     -1.765  0.0000E+00  0.6400E+02
     -1.746  0.0000E+00  0.6400E+02
     -1.728  0.0000E+00  0.6400E+02
     -1.710  0.0000E+00  0.6400E+02
     -1.692  0.0000E+00  0.6400E+02
     -1.674  0.0000E+00  0.6400E+02
     -1.655  0.0000E+00  0.6400E+02
     -1.637  0.0000E+00  0.6400E+02
     -1.619  0.0000E+00  0.6400E+02
     -1.601  0.0000E+00  0.6400E+02
     -1.582  0.0000E+00  0.6400E+02
     -1.564  0.2782E-04  0.6400E+02
     -1.546  0.1942E-01  0.6400E+02
     -1.528  0.7633E-01  0.6400E+02
     -1.510  0.1708E+00  0.6400E+02
     -1.491  0.3027E+00  0.6401E+02
     -1.473  0.4722E+00  0.6401E+02
     -1.455  0.6793E+00  0.6402E+02
     -1.437  0.9238E+00  0.6404E+02
     -1.418  0.1206E+01  0.6406E+02
     -1.400  0.1526E+01  0.6408E+02
     -1.382  0.1888E+01  0.6411E+02
     -1.364  0.2317E+01  0.6415E+02
     -1.345  0.2816E+01  0.6420E+02
     -1.327  0.3385E+01  0.6426E+02
     -1.309  0.4024E+01  0.6432E+02
     -1.291  0.4733E+01  0.6440E+02
     -1.273  0.5511E+01  0.6450E+02
     -1.254  0.6360E+01  0.6460E+02
     -1.236  0.7279E+01  0.6473E+02
     -1.218  0.8267E+01  0.6487E+02
     -1.200  0.9326E+01  0.6503E+02
     -1.181  0.1045E+02  0.6521E+02
     -1.163  0.1165E+02  0.6541E+02
     -1.145  0.1292E+02  0.6564E+02
     -1.127  0.1426E+02  0.6588E+02
     -1.109  0.1689E+02  0.6616E+02
     -1.090  0.2152E+02  0.6651E+02
     -1.072  0.2881E+02  0.6696E+02
     -1.054  0.4093E+02  0.6760E+02
     -1.036  0.5607E+02  0.6849E+02
     -1.017  0.6402E+02  0.6959E+02
     -0.999  0.6463E+02  0.7077E+02
     -0.981  0.6247E+02  0.7193E+02
     -0.963  0.5957E+02  0.7305E+02
     -0.944  0.5537E+02  0.7410E+02
     -0.926  0.4973E+02  0.7506E+02
     -0.908  0.4300E+02  0.7590E+02
     -0.890  0.3414E+02  0.7661E+02
     -0.872  0.2486E+02  0.7715E+02
     -0.853  0.1674E+02  0.7752E+02
     -0.835  0.1026E+02  0.7777E+02
     -0.817  0.1637E+02  0.7798E+02
     -0.799  0.2306E+02  0.7835E+02
     -0.780  0.2511E+02  0.7879E+02
     -0.762  0.1341E+02  0.7919E+02
     -0.744  0.5818E+01  0.7934E+02
     -0.726  0.1614E+02  0.7953E+02
     -0.708  0.2543E+02  0.7992E+02
     -0.689  0.3293E+02  0.8045E+02
     -0.671  0.3927E+02  0.8111E+02
     -0.653  0.4452E+02  0.8187E+02
     -0.635  0.5074E+02  0.8273E+02
     -0.616  0.6561E+02  0.8380E+02
     -0.598  0.7729E+02  0.8511E+02
     -0.580  0.8970E+02  0.8663E+02
     -0.562  0.8902E+02  0.8829E+02
     -0.543  0.7497E+02  0.8977E+02
     -0.525  0.6588E+02  0.9107E+02
     -0.507  0.4944E+02  0.9212E+02
     -0.489  0.5003E+02  0.9302E+02
     -0.471  0.5171E+02  0.9395E+02
     -0.452  0.5459E+02  0.9491E+02
     -0.434  0.5837E+02  0.9594E+02
     -0.416  0.6137E+02  0.9704E+02
     -0.398  0.6330E+02  0.9817E+02
     -0.379  0.6481E+02  0.9934E+02
     -0.361  0.6586E+02  0.1005E+03
     -0.343  0.6133E+02  0.1017E+03
     -0.325  0.5762E+02  0.1028E+03
     -0.306  0.5299E+02  0.1038E+03
     -0.288  0.3917E+02  0.1046E+03
     -0.270  0.3680E+02  0.1053E+03
     -0.252  0.3230E+02  0.1060E+03
     -0.234  0.2907E+02  0.1065E+03
     -0.215  0.2888E+02  0.1070E+03
     -0.197  0.2861E+02  0.1076E+03
     -0.179  0.2827E+02  0.1081E+03
     -0.161  0.2835E+02  0.1086E+03
     -0.142  0.2840E+02  0.1091E+03
     -0.124  0.2836E+02  0.1096E+03
     -0.106  0.2823E+02  0.1101E+03
     -0.088  0.2787E+02  0.1107E+03
     -0.070  0.2727E+02  0.1112E+03
     -0.051  0.2650E+02  0.1117E+03
     -0.033  0.2555E+02  0.1121E+03
     -0.015  0.2472E+02  0.1126E+03
      0.003  0.2473E+02  0.1130E+03
      0.022  0.2549E+02  0.1135E+03
      0.040  0.2629E+02  0.1140E+03
      0.058  0.2713E+02  0.1144E+03
      0.076  0.2802E+02  0.1149E+03
      0.095  0.2895E+02  0.1155E+03
      0.113  0.2983E+02  0.1160E+03
      0.131  0.3010E+02  0.1166E+03
      0.149  0.2853E+02  0.1171E+03
      0.167  0.2495E+02  0.1176E+03
      0.186  0.2367E+02  0.1180E+03
      0.204  0.2061E+02  0.1184E+03
      0.222  0.1268E+02  0.1187E+03
      0.240  0.9176E+01  0.1189E+03
      0.259  0.8245E+01  0.1191E+03
      0.277  0.7364E+01  0.1192E+03
      0.295  0.7734E+01  0.1194E+03
      0.313  0.1192E+02  0.1195E+03
      0.331  0.2070E+02  0.1198E+03
      0.350  0.2811E+02  0.1203E+03
      0.368  0.3183E+02  0.1208E+03
      0.386  0.3186E+02  0.1214E+03
      0.404  0.3014E+02  0.1220E+03
      0.423  0.4216E+02  0.1226E+03
      0.441  0.4131E+02  0.1234E+03
      0.459  0.3958E+02  0.1241E+03
      0.477  0.3555E+02  0.1248E+03
      0.496  0.2897E+02  0.1254E+03
      0.514  0.2469E+02  0.1259E+03
      0.532  0.2132E+02  0.1263E+03
      0.550  0.1904E+02  0.1267E+03
      0.568  0.1775E+02  0.1270E+03
      0.587  0.1705E+02  0.1273E+03
      0.605  0.1750E+02  0.1276E+03
      0.623  0.1890E+02  0.1280E+03
      0.641  0.1988E+02  0.1283E+03
      0.660  0.2224E+02  0.1287E+03
      0.678  0.2309E+02  0.1291E+03
      0.696  0.2292E+02  0.1295E+03
      0.714  0.2169E+02  0.1299E+03
      0.732  0.2013E+02  0.1303E+03
      0.751  0.1914E+02  0.1307E+03
      0.769  0.1871E+02  0.1310E+03
      0.787  0.1884E+02  0.1314E+03
      0.805  0.1926E+02  0.1317E+03
      0.824  0.1963E+02  0.1321E+03
      0.842  0.1995E+02  0.1324E+03
      0.860  0.2022E+02  0.1328E+03
      0.878  0.2045E+02  0.1332E+03
      0.897  0.2062E+02  0.1335E+03
      0.915  0.2074E+02  0.1339E+03
      0.933  0.2082E+02  0.1343E+03
      0.951  0.2084E+02  0.1347E+03
      0.969  0.2082E+02  0.1351E+03
      0.988  0.2075E+02  0.1354E+03
      1.006  0.2062E+02  0.1358E+03
      1.024  0.2045E+02  0.1362E+03
      1.042  0.2023E+02  0.1366E+03
      1.061  0.1996E+02  0.1369E+03
      1.079  0.1964E+02  0.1373E+03
      1.097  0.1927E+02  0.1376E+03
      1.115  0.1885E+02  0.1380E+03
      1.133  0.1854E+02  0.1383E+03
      1.152  0.1718E+02  0.1387E+03
      1.170  0.1755E+02  0.1390E+03
      1.188  0.1856E+02  0.1393E+03
      1.206  0.1956E+02  0.1397E+03
      1.225  0.2074E+02  0.1400E+03
      1.243  0.2227E+02  0.1404E+03
      1.261  0.2698E+02  0.1409E+03
      1.279  0.3315E+02  0.1414E+03
      1.298  0.4023E+02  0.1421E+03
      1.316  0.4836E+02  0.1429E+03
      1.334  0.5515E+02  0.1438E+03
      1.352  0.6031E+02  0.1449E+03
      1.370  0.6482E+02  0.1460E+03
      1.389  0.7391E+02  0.1473E+03
      1.407  0.6840E+02  0.1486E+03
      1.425  0.4768E+02  0.1497E+03
      1.443  0.3369E+02  0.1504E+03
      1.462  0.3835E+02  0.1510E+03
      1.480  0.4454E+02  0.1518E+03
      1.498  0.4989E+02  0.1527E+03
      1.516  0.5385E+02  0.1536E+03
      1.534  0.5589E+02  0.1546E+03
      1.553  0.5683E+02  0.1556E+03
      1.571  0.5668E+02  0.1567E+03
      1.589  0.5522E+02  0.1577E+03
      1.607  0.5160E+02  0.1587E+03
      1.626  0.4717E+02  0.1596E+03
      1.644  0.4368E+02  0.1604E+03
      1.662  0.4129E+02  0.1612E+03
      1.680  0.3934E+02  0.1619E+03
      1.699  0.3744E+02  0.1626E+03
      1.717  0.3676E+02  0.1633E+03
      1.735  0.3595E+02  0.1639E+03
      1.753  0.3586E+02  0.1646E+03
      1.771  0.3623E+02  0.1653E+03
      1.790  0.3660E+02  0.1659E+03
      1.808  0.3694E+02  0.1666E+03
      1.826  0.3728E+02  0.1673E+03
      1.844  0.3760E+02  0.1679E+03
      1.863  0.3805E+02  0.1686E+03
      1.881  0.3963E+02  0.1693E+03
      1.899  0.4110E+02  0.1701E+03
      1.917  0.4392E+02  0.1708E+03
      1.935  0.4942E+02  0.1717E+03
      1.954  0.5372E+02  0.1726E+03
      1.972  0.5567E+02  0.1736E+03
      1.990  0.6480E+02  0.1747E+03
      2.008  0.7004E+02  0.1760E+03
      2.027  0.6531E+02  0.1772E+03
      2.045  0.6010E+02  0.1783E+03
      2.063  0.1268E+03  0.1801E+03
      2.081  0.1425E+03  0.1829E+03
      2.100  0.1228E+03  0.1853E+03
      2.118  0.9373E+02  0.1871E+03
      2.136  0.8546E+02  0.1888E+03
      2.154  0.7680E+02  0.1902E+03
      2.172  0.6171E+02  0.1915E+03
      2.191  0.6089E+02  0.1926E+03
      2.209  0.8121E+02  0.1938E+03
      2.227  0.1278E+03  0.1956E+03
      2.245  0.1323E+03  0.1983E+03
      2.264  0.6291E+02  0.2000E+03
      2.282  0.4711E+02  0.2009E+03
      2.300  0.4716E+02  0.2017E+03
      2.318  0.1710E+03  0.2029E+03
      2.337  0.7330E+02  0.2042E+03
      2.355  0.1160E+03  0.2060E+03
      2.373  0.1170E+03  0.2082E+03
      2.391  0.1128E+03  0.2100E+03
      2.409  0.4930E+02  0.2116E+03
      2.428  0.4263E+02  0.2124E+03
      2.446  0.3954E+02  0.2131E+03
      2.464  0.4255E+02  0.2139E+03
      2.482  0.5296E+02  0.2147E+03
      2.501  0.6155E+02  0.2163E+03
      2.519  0.6901E+02  0.2175E+03
      2.537  0.7222E+02  0.2188E+03
      2.555  0.7301E+02  0.2201E+03
      2.573  0.9612E+02  0.2216E+03
      2.592  0.1205E+03  0.2236E+03
      2.610  0.1108E+03  0.2257E+03
      2.628  0.6651E+02  0.2276E+03
      2.646  0.4053E+02  0.2291E+03
      2.665  0.4463E+02  0.2297E+03
      2.683  0.6699E+02  0.2305E+03
      2.701  0.7602E+02  0.2317E+03
      2.719  0.7943E+02  0.2332E+03
      2.738  0.7764E+02  0.2346E+03
      2.756  0.7568E+02  0.2360E+03
      2.774  0.6562E+02  0.2373E+03
      2.792  0.5162E+02  0.2384E+03
      2.810  0.7119E+02  0.2394E+03
      2.829  0.6840E+02  0.2408E+03
      2.847  0.4328E+02  0.2418E+03
      2.865  0.3179E+02  0.2425E+03
      2.883  0.2492E+02  0.2430E+03
      2.902  0.1960E+02  0.2434E+03
      2.920  0.1584E+02  0.2437E+03
      2.938  0.1398E+02  0.2440E+03
      2.956  0.1780E+02  0.2442E+03
      2.974  0.1982E+02  0.2446E+03
      2.993  0.1999E+02  0.2450E+03
      3.011  0.1830E+02  0.2453E+03
      3.029  0.1457E+02  0.2456E+03
      3.047  0.9341E+01  0.2458E+03
      3.066  0.1311E+02  0.2460E+03
      3.084  0.3813E+02  0.2464E+03
      3.102  0.8418E+02  0.2475E+03
      3.120  0.5349E+02  0.2491E+03
      3.139  0.1443E+02  0.2502E+03
      3.157  0.3030E+02  0.2507E+03
      3.175  0.2050E+02  0.2512E+03
      3.193  0.6119E+01  0.2513E+03
      3.211  0.5804E+01  0.2515E+03
      3.230  0.9595E+01  0.2516E+03
      3.248  0.1238E+02  0.2518E+03
      3.266  0.1417E+02  0.2520E+03
      3.284  0.1495E+02  0.2523E+03
      3.303  0.1473E+02  0.2526E+03
      3.321  0.1351E+02  0.2528E+03
      3.339  0.1148E+02  0.2531E+03
      3.357  0.1168E+02  0.2533E+03
      3.375  0.1283E+02  0.2535E+03
      3.394  0.1386E+02  0.2537E+03
      3.412  0.1476E+02  0.2540E+03
      3.430  0.1554E+02  0.2543E+03
      3.448  0.1620E+02  0.2546E+03
      3.467  0.1673E+02  0.2549E+03
      3.485  0.1715E+02  0.2552E+03
      3.503  0.1714E+02  0.2555E+03
      3.521  0.1339E+02  0.2558E+03
      3.540  0.5886E+01  0.2560E+03
      3.558  0.0000E+00  0.2560E+03
      3.576  0.0000E+00  0.2560E+03
      3.594  0.0000E+00  0.2560E+03
      3.612  0.0000E+00  0.2560E+03
      3.631  0.0000E+00  0.2560E+03
      3.649  0.0000E+00  0.2560E+03
      3.667  0.0000E+00  0.2560E+03
      3.685  0.0000E+00  0.2560E+03
      3.704  0.0000E+00  0.2560E+03
      3.722  0.0000E+00  0.2560E+03
      3.740  0.0000E+00  0.2560E+03
      3.758  0.0000E+00  0.2560E+03
      3.776  0.0000E+00  0.2560E+03
      3.795  0.0000E+00  0.2560E+03
      3.813  0.0000E+00  0.2560E+03
      3.831  0.0000E+00  0.2560E+03
      3.849  0.0000E+00  0.2560E+03
      3.868  0.0000E+00  0.2560E+03
      3.886  0.0000E+00  0.2560E+03
      3.904  0.0000E+00  0.2560E+03
      3.922  0.0000E+00  0.2560E+03
      3.941  0.0000E+00  0.2560E+03
      3.959  0.0000E+00  0.2560E+03
      3.977  0.0000E+00  0.2560E+03
      3.995  0.0000E+00  0.2560E+03
      4.013  0.0000E+00  0.2560E+03
      4.032  0.0000E+00  0.2560E+03
      4.050  0.0000E+00  0.2560E+03
      4.068  0.0000E+00  0.2560E+03
      4.086  0.0000E+00  0.2560E+03
      4.105  0.0000E+00  0.2560E+03
      4.123  0.0000E+00  0.2560E+03
      4.141  0.0000E+00  0.2560E+03
      4.159  0.0000E+00  0.2560E+03
      4.177  0.0000E+00  0.2560E+03
      4.196  0.0000E+00  0.2560E+03
      4.214  0.0000E+00  0.2560E+03
      4.232  0.0000E+00  0.2560E+03
      4.250  0.0000E+00  0.2560E+03
      4.269  0.0000E+00  0.2560E+03
      4.287  0.0000E+00  0.2560E+03
      4.305  0.0000E+00  0.2560E+03
      4.323  0.0000E+00  0.2560E+03
      4.342  0.0000E+00  0.2560E+03
      4.360  0.0000E+00  0.2560E+03
      4.378  0.0000E+00  0.2560E+03
      4.396  0.0000E+00  0.2560E+03
      4.414  0.0000E+00  0.2560E+03
      4.433  0.0000E+00  0.2560E+03
      4.451  0.0000E+00  0.2560E+03
      4.469  0.0000E+00  0.2560E+03
      4.487  0.0000E+00  0.2560E+03
      4.506  0.0000E+00  0.2560E+03
      4.524  0.0000E+00  0.2560E+03
      4.542  0.0000E+00  0.2560E+03
      4.560  0.0000E+00  0.2560E+03
      4.578  0.0000E+00  0.2560E+03
      4.597  0.0000E+00  0.2560E+03
      4.615  0.0000E+00  0.2560E+03
      4.633  0.0000E+00  0.2560E+03
      4.651  0.0000E+00  0.2560E+03
      4.670  0.0000E+00  0.2560E+03
      4.688  0.0000E+00  0.2560E+03
      4.706  0.0000E+00  0.2560E+03
      4.724  0.0000E+00  0.2560E+03
      4.743  0.0000E+00  0.2560E+03
      4.761  0.0000E+00  0.2560E+03
      4.779  0.0000E+00  0.2560E+03
      4.797  0.0000E+00  0.2560E+03
      4.815  0.0000E+00  0.2560E+03
      4.834  0.0000E+00  0.2560E+03
      4.852  0.0000E+00  0.2560E+03
      4.870  0.0000E+00  0.2560E+03
      4.888  0.0000E+00  0.2560E+03
      4.907  0.0000E+00  0.2560E+03
      4.925  0.0000E+00  0.2560E+03
      4.943  0.0000E+00  0.2560E+03
      4.961  0.0000E+00  0.2560E+03
      4.980  0.0000E+00  0.2560E+03
      4.998  0.0000E+00  0.2560E+03
      5.016  0.0000E+00  0.2560E+03
      5.034  0.0000E+00  0.2560E+03
      5.052  0.0000E+00  0.2560E+03
      5.071  0.0000E+00  0.2560E+03
      5.089  0.0000E+00  0.2560E+03
      5.107  0.0000E+00  0.2560E+03
      5.125  0.0000E+00  0.2560E+03
      5.144  0.0000E+00  0.2560E+03
      5.162  0.0000E+00  0.2560E+03
      5.180  0.0000E+00  0.2560E+03
      5.198  0.0000E+00  0.2560E+03
      5.216  0.0000E+00  0.2560E+03
      5.235  0.0000E+00  0.2560E+03
      5.253  0.0000E+00  0.2560E+03
      5.271  0.0000E+00  0.2560E+03
      5.289  0.0000E+00  0.2560E+03
      5.308  0.0000E+00  0.2560E+03
      5.326  0.0000E+00  0.2560E+03
      5.344  0.0000E+00  0.2560E+03
      5.362  0.0000E+00  0.2560E+03
      5.381  0.0000E+00  0.2560E+03
      5.399  0.0000E+00  0.2560E+03
      5.417  0.0000E+00  0.2560E+03
      5.435  0.0000E+00  0.2560E+03
      5.453  0.0000E+00  0.2560E+03
      5.472  0.0000E+00  0.2560E+03
      5.490  0.0000E+00  0.2560E+03
      5.508  0.0000E+00  0.2560E+03
      5.526  0.0000E+00  0.2560E+03
      5.545  0.0000E+00  0.2560E+03
      5.563  0.0000E+00  0.2560E+03
      5.581  0.0000E+00  0.2560E+03
      5.599  0.0000E+00  0.2560E+03
      5.617  0.0000E+00  0.2560E+03
      5.636  0.0000E+00  0.2560E+03
      5.654  0.0000E+00  0.2560E+03
      5.672  0.0000E+00  0.2560E+03
      5.690  0.0000E+00  0.2560E+03
      5.709  0.0000E+00  0.2560E+03
      5.727  0.0000E+00  0.2560E+03
      5.745  0.0000E+00  0.2560E+03
      5.763  0.0000E+00  0.2560E+03
      5.782  0.0000E+00  0.2560E+03
      5.800  0.0000E+00  0.2560E+03
      5.818  0.0000E+00  0.2560E+03
      5.836  0.0000E+00  0.2560E+03
      5.854  0.0000E+00  0.2560E+03
      5.873  0.0000E+00  0.2560E+03
      5.891  0.0000E+00  0.2560E+03
      5.909  0.0000E+00  0.2560E+03
      5.927  0.0000E+00  0.2560E+03
      5.946  0.0000E+00  0.2560E+03
      5.964  0.0000E+00  0.2560E+03
      5.982  0.0000E+00  0.2560E+03
      6.000  0.0000E+00  0.2560E+03
      6.018  0.0000E+00  0.2560E+03
      6.037  0.0000E+00  0.2560E+03
      6.055  0.0000E+00  0.2560E+03
      6.073  0.0000E+00  0.2560E+03
      6.091  0.0000E+00  0.2560E+03
      6.110  0.0000E+00  0.2560E+03
      6.128  0.0000E+00  0.2560E+03
      6.146  0.0000E+00  0.2560E+03
      6.164  0.0000E+00  0.2560E+03
      6.183  0.0000E+00  0.2560E+03
      6.201  0.0000E+00  0.2560E+03
      6.219  0.0000E+00  0.2560E+03
      6.237  0.0000E+00  0.2560E+03
      6.255  0.0000E+00  0.2560E+03
      6.274  0.0000E+00  0.2560E+03
      6.292  0.0000E+00  0.2560E+03
      6.310  0.0000E+00  0.2560E+03
      6.328  0.0000E+00  0.2560E+03
      6.347  0.0000E+00  0.2560E+03
      6.365  0.0000E+00  0.2560E+03
      6.383  0.0000E+00  0.2560E+03
      6.401  0.0000E+00  0.2560E+03
      6.419  0.0000E+00  0.2560E+03
      6.438  0.0000E+00  0.2560E+03
      6.456  0.0000E+00  0.2560E+03
      6.474  0.0000E+00  0.2560E+03
      6.492  0.0000E+00  0.2560E+03
      6.511  0.0000E+00  0.2560E+03
      6.529  0.0000E+00  0.2560E+03
      6.547  0.0000E+00  0.2560E+03
      6.565  0.0000E+00  0.2560E+03
      6.584  0.0000E+00  0.2560E+03
      6.602  0.0000E+00  0.2560E+03
      6.620  0.0000E+00  0.2560E+03
      6.638  0.0000E+00  0.2560E+03
      6.656  0.0000E+00  0.2560E+03
      6.675  0.0000E+00  0.2560E+03
      6.693  0.0000E+00  0.2560E+03
      6.711  0.0000E+00  0.2560E+03
      6.729  0.0000E+00  0.2560E+03
      6.748  0.0000E+00  0.2560E+03
      6.766  0.0000E+00  0.2560E+03
      6.784  0.0000E+00  0.2560E+03
      6.802  0.0000E+00  0.2560E+03
      6.820  0.0000E+00  0.2560E+03
      6.839  0.0000E+00  0.2560E+03
      6.857  0.0000E+00  0.2560E+03
      6.875  0.0000E+00  0.2560E+03
      6.893  0.0000E+00  0.2560E+03
      6.912  0.0000E+00  0.2560E+03
      6.930  0.0000E+00  0.2560E+03
      6.948  0.0000E+00  0.2560E+03
      6.966  0.0000E+00  0.2560E+03
      6.985  0.0000E+00  0.2560E+03
      7.003  0.0000E+00  0.2560E+03
      7.021  0.0000E+00  0.2560E+03
      7.039  0.0000E+00  0.2560E+03
      7.057  0.0000E+00  0.2560E+03
      7.076  0.0000E+00  0.2560E+03
      7.094  0.0000E+00  0.2560E+03
      7.112  0.0000E+00  0.2560E+03
      7.130  0.0000E+00  0.2560E+03
      7.149  0.0000E+00  0.2560E+03
      7.167  0.0000E+00  0.2560E+03
      7.185  0.0000E+00  0.2560E+03
      7.203  0.0000E+00  0.2560E+03
      7.221  0.0000E+00  0.2560E+03
      7.240  0.0000E+00  0.2560E+03
      7.258  0.0000E+00  0.2560E+03
      7.276  0.0000E+00  0.2560E+03
      7.294  0.0000E+00  0.2560E+03
      7.313  0.0000E+00  0.2560E+03
      7.331  0.0000E+00  0.2560E+03
      7.349  0.0000E+00  0.2560E+03
      7.367  0.0000E+00  0.2560E+03
      7.386  0.0000E+00  0.2560E+03
      7.404  0.0000E+00  0.2560E+03
      7.422  0.0000E+00  0.2560E+03
      7.440  0.0000E+00  0.2560E+03
      7.458  0.0000E+00  0.2560E+03
      7.477  0.0000E+00  0.2560E+03
      7.495  0.0000E+00  0.2560E+03
      7.513  0.0000E+00  0.2560E+03
      7.531  0.0000E+00  0.2560E+03
      7.550  0.0000E+00  0.2560E+03
      7.568  0.0000E+00  0.2560E+03
      7.586  0.0000E+00  0.2560E+03
      7.604  0.0000E+00  0.2560E+03
      7.623  0.0000E+00  0.2560E+03
      7.641  0.0000E+00  0.2560E+03
      7.659  0.0000E+00  0.2560E+03
      7.677  0.0000E+00  0.2560E+03
      7.695  0.0000E+00  0.2560E+03
      7.714  0.0000E+00  0.2560E+03
      7.732  0.0000E+00  0.2560E+03
      7.750  0.0000E+00  0.2560E+03
      7.768  0.0000E+00  0.2560E+03
      7.787  0.0000E+00  0.2560E+03
      7.805  0.0000E+00  0.2560E+03
      7.823  0.0000E+00  0.2560E+03
      7.841  0.0000E+00  0.2560E+03
      7.859  0.0000E+00  0.2560E+03
      7.878  0.0000E+00  0.2560E+03
      7.896  0.0000E+00  0.2560E+03
      7.914  0.0000E+00  0.2560E+03
      7.932  0.0000E+00  0.2560E+03
      7.951  0.0000E+00  0.2560E+03
      7.969  0.0000E+00  0.2560E+03
      7.987  0.0000E+00  0.2560E+03
      8.005  0.0000E+00  0.2560E+03
      8.024  0.0000E+00  0.2560E+03
      8.042  0.0000E+00  0.2560E+03
      8.060  0.0000E+00  0.2560E+03
      8.078  0.0000E+00  0.2560E+03
      8.096  0.0000E+00  0.2560E+03
      8.115  0.0000E+00  0.2560E+03
      8.133  0.0000E+00  0.2560E+03
      8.151  0.0000E+00  0.2560E+03
      8.169  0.0000E+00  0.2560E+03
      8.188  0.0000E+00  0.2560E+03
      8.206  0.0000E+00  0.2560E+03
      8.224  0.0000E+00  0.2560E+03
      8.242  0.0000E+00  0.2560E+03
      8.260  0.0000E+00  0.2560E+03
      8.279  0.0000E+00  0.2560E+03
      8.297  0.0000E+00  0.2560E+03
      8.315  0.0000E+00  0.2560E+03
      8.333  0.0000E+00  0.2560E+03
      8.352  0.0000E+00  0.2560E+03
      8.370  0.0000E+00  0.2560E+03
      8.388  0.0000E+00  0.2560E+03
      8.406  0.0000E+00  0.2560E+03
      8.425  0.0000E+00  0.2560E+03
      8.443  0.0000E+00  0.2560E+03
      8.461  0.0000E+00  0.2560E+03
      8.479  0.0000E+00  0.2560E+03
      8.497  0.0000E+00  0.2560E+03
      8.516  0.0000E+00  0.2560E+03
      8.534  0.0000E+00  0.2560E+03
      8.552  0.0000E+00  0.2560E+03
      8.570  0.0000E+00  0.2560E+03
      8.589  0.0000E+00  0.2560E+03
      8.607  0.0000E+00  0.2560E+03
      8.625  0.0000E+00  0.2560E+03
      8.643  0.0000E+00  0.2560E+03
      8.661  0.0000E+00  0.2560E+03
      8.680  0.0000E+00  0.2560E+03
      8.698  0.0000E+00  0.2560E+03
      8.716  0.0000E+00  0.2560E+03
      8.734  0.0000E+00  0.2560E+03
      8.753  0.0000E+00  0.2560E+03
      8.771  0.0000E+00  0.2560E+03
      8.789  0.0000E+00  0.2560E+03
      8.807  0.0000E+00  0.2560E+03
      8.826  0.0000E+00  0.2560E+03
      8.844  0.0000E+00  0.2560E+03
      8.862  0.0000E+00  0.2560E+03
      8.880  0.0000E+00  0.2560E+03
      8.898  0.0000E+00  0.2560E+03
      8.917  0.0000E+00  0.2560E+03
      8.935  0.0000E+00  0.2560E+03
      8.953  0.0000E+00  0.2560E+03
      8.971  0.0000E+00  0.2560E+03
      8.990  0.0000E+00  0.2560E+03
      9.008  0.0000E+00  0.2560E+03
      9.026  0.0000E+00  0.2560E+03
      9.044  0.0000E+00  0.2560E+03
      9.062  0.0000E+00  0.2560E+03
      9.081  0.0000E+00  0.2560E+03
      9.099  0.0000E+00  0.2560E+03
      9.117  0.0000E+00  0.2560E+03
      9.135  0.0000E+00  0.2560E+03
      9.154  0.0000E+00  0.2560E+03
      9.172  0.0000E+00  0.2560E+03
      9.190  0.0000E+00  0.2560E+03
      9.208  0.0000E+00  0.2560E+03
      9.227  0.0000E+00  0.2560E+03
      9.245  0.0000E+00  0.2560E+03
      9.263  0.0000E+00  0.2560E+03
      9.281  0.0000E+00  0.2560E+03
      9.299  0.0000E+00  0.2560E+03
      9.318  0.0000E+00  0.2560E+03
      9.336  0.0000E+00  0.2560E+03
      9.354  0.0000E+00  0.2560E+03
      9.372  0.0000E+00  0.2560E+03
      9.391  0.0000E+00  0.2560E+03
      9.409  0.0000E+00  0.2560E+03
      9.427  0.0000E+00  0.2560E+03
      9.445  0.0000E+00  0.2560E+03
      9.463  0.0000E+00  0.2560E+03
      9.482  0.0000E+00  0.2560E+03
      9.500  0.0000E+00  0.2560E+03
      9.518  0.0000E+00  0.2560E+03
      9.536  0.0000E+00  0.2560E+03
      9.555  0.0000E+00  0.2560E+03
      9.573  0.0000E+00  0.2560E+03
      9.591  0.0000E+00  0.2560E+03
      9.609  0.0000E+00  0.2560E+03
      9.628  0.0000E+00  0.2560E+03
      9.646  0.0000E+00  0.2560E+03
      9.664  0.0000E+00  0.2560E+03
      9.682  0.0000E+00  0.2560E+03
      9.700  0.0000E+00  0.2560E+03
      9.719  0.0000E+00  0.2560E+03
      9.737  0.0000E+00  0.2560E+03
      9.755  0.0000E+00  0.2560E+03
      9.773  0.0000E+00  0.2560E+03
      9.792  0.0000E+00  0.2560E+03
      9.810  0.0000E+00  0.2560E+03
      9.828  0.0000E+00  0.2560E+03
      9.846  0.0000E+00  0.2560E+03
      9.864  0.0000E+00  0.2560E+03
      9.883  0.0000E+00  0.2560E+03
      9.901  0.0000E+00  0.2560E+03
      9.919  0.0000E+00  0.2560E+03
      9.937  0.0000E+00  0.2560E+03
      9.956  0.0000E+00  0.2560E+03
      9.974  0.0000E+00  0.2560E+03
      9.992  0.0000E+00  0.2560E+03
     10.010  0.0000E+00  0.2560E+03
     10.029  0.0000E+00  0.2560E+03
     10.047  0.0000E+00  0.2560E+03
     10.065  0.0000E+00  0.2560E+03
     10.083  0.0000E+00  0.2560E+03
     10.101  0.0000E+00  0.2560E+03
     10.120  0.0000E+00  0.2560E+03
     10.138  0.0000E+00  0.2560E+03
     10.156  0.0000E+00  0.2560E+03
     10.174  0.3464E-06  0.2560E+03
     10.193  0.3215E-03  0.2560E+03
     10.211  0.1244E-02  0.2560E+03
     10.229  0.2768E-02  0.2560E+03
     10.247  0.4893E-02  0.2560E+03
     10.266  0.7620E-02  0.2560E+03
     10.284  0.1095E-01  0.2560E+03
     10.302  0.1488E-01  0.2560E+03
     10.320  0.1941E-01  0.2560E+03
     10.338  0.2454E-01  0.2560E+03
     10.357  0.3028E-01  0.2560E+03
     10.375  0.3661E-01  0.2560E+03
     10.393  0.4355E-01  0.2560E+03
     10.411  0.5109E-01  0.2560E+03
     10.430  0.5923E-01  0.2560E+03
     10.448  0.6797E-01  0.2560E+03
     10.466  0.7731E-01  0.2560E+03
     10.484  0.8725E-01  0.2560E+03
     10.502  0.9780E-01  0.2560E+03
     10.521  0.1089E+00  0.2560E+03
     10.539  0.1207E+00  0.2560E+03
     10.557  0.1330E+00  0.2560E+03
     10.575  0.1460E+00  0.2560E+03
     10.594  0.1595E+00  0.2560E+03
     10.612  0.1737E+00  0.2560E+03
     10.630  0.1885E+00  0.2560E+03
     10.648  0.2038E+00  0.2560E+03
     10.667  0.2198E+00  0.2560E+03
     10.685  0.2363E+00  0.2560E+03
     10.703  0.2535E+00  0.2560E+03
     10.721  0.2713E+00  0.2560E+03
     10.739  0.2896E+00  0.2561E+03
     10.758  0.3086E+00  0.2561E+03
     10.776  0.3281E+00  0.2561E+03
     10.794  0.3483E+00  0.2561E+03
     10.812  0.3691E+00  0.2561E+03
     10.831  0.3905E+00  0.2561E+03
     10.849  0.4124E+00  0.2561E+03
     10.867  0.4350E+00  0.2561E+03
     10.885  0.4582E+00  0.2561E+03
     10.903  0.4820E+00  0.2561E+03
     10.922  0.5063E+00  0.2561E+03
     10.940  0.5313E+00  0.2561E+03
     10.958  0.5569E+00  0.2561E+03
     10.976  0.5831E+00  0.2562E+03
     10.995  0.6099E+00  0.2562E+03
     11.013  0.6372E+00  0.2562E+03
     11.031  0.6652E+00  0.2562E+03
     11.049  0.6938E+00  0.2562E+03
     11.068  0.7230E+00  0.2562E+03
     11.086  0.7528E+00  0.2562E+03
     11.104  0.7832E+00  0.2562E+03
     11.122  0.8142E+00  0.2563E+03
     11.140  0.8458E+00  0.2563E+03
     11.159  0.8780E+00  0.2563E+03
     11.177  0.9108E+00  0.2563E+03
     11.195  0.9442E+00  0.2563E+03
     11.213  0.9782E+00  0.2563E+03
     11.232  0.1013E+01  0.2564E+03
     11.250  0.1048E+01  0.2564E+03
     11.268  0.1084E+01  0.2564E+03
     11.286  0.1120E+01  0.2564E+03
     11.304  0.1157E+01  0.2564E+03
     11.323  0.1217E+01  0.2565E+03
     11.341  0.1276E+01  0.2565E+03
     11.359  0.1332E+01  0.2565E+03
     11.377  0.1386E+01  0.2565E+03
     11.396  0.1437E+01  0.2566E+03
     11.414  0.1485E+01  0.2566E+03
     11.432  0.1531E+01  0.2566E+03
     11.450  0.1575E+01  0.2566E+03
     11.469  0.1616E+01  0.2567E+03
     11.487  0.1777E+01  0.2567E+03
     11.505  0.1962E+01  0.2567E+03
     11.523  0.2140E+01  0.2568E+03
     11.541  0.2311E+01  0.2568E+03
     11.560  0.2475E+01  0.2569E+03
     11.578  0.2632E+01  0.2569E+03
     11.596  0.2781E+01  0.2569E+03
     11.614  0.2924E+01  0.2570E+03
     11.633  0.3059E+01  0.2571E+03
     11.651  0.3187E+01  0.2571E+03
     11.669  0.3308E+01  0.2572E+03
     11.687  0.3422E+01  0.2572E+03
     11.705  0.3528E+01  0.2573E+03
     11.724  0.3628E+01  0.2574E+03
     11.742  0.3720E+01  0.2574E+03
     11.760  0.3805E+01  0.2575E+03
     11.778  0.3883E+01  0.2576E+03
     11.797  0.3954E+01  0.2576E+03
     11.815  0.4017E+01  0.2577E+03
     11.833  0.4074E+01  0.2578E+03
     11.851  0.4123E+01  0.2579E+03
     11.870  0.4165E+01  0.2579E+03
     11.888  0.4200E+01  0.2580E+03
     11.906  0.4228E+01  0.2581E+03
     11.924  0.4248E+01  0.2582E+03
     11.942  0.4262E+01  0.2582E+03
     11.961  0.4268E+01  0.2583E+03
     11.979  0.4267E+01  0.2584E+03
     11.997  0.4259E+01  0.2585E+03
     12.015  0.4244E+01  0.2586E+03
     12.034  0.4222E+01  0.2586E+03
     12.052  0.4192E+01  0.2587E+03
     12.070  0.4156E+01  0.2588E+03
     12.088  0.4112E+01  0.2589E+03
     12.106  0.4060E+01  0.2589E+03
     12.125  0.3905E+01  0.2590E+03
     12.143  0.3753E+01  0.2591E+03
     12.161  0.3604E+01  0.2591E+03
     12.179  0.3405E+01  0.2592E+03
     12.198  0.3245E+01  0.2593E+03
     12.216  0.3108E+01  0.2593E+03
     12.234  0.2979E+01  0.2594E+03
     12.252  0.2858E+01  0.2594E+03
     12.271  0.2746E+01  0.2595E+03
     12.289  0.2642E+01  0.2595E+03
     12.307  0.2547E+01  0.2596E+03
     12.325  0.2460E+01  0.2596E+03
     12.343  0.2381E+01  0.2597E+03
     12.362  0.2311E+01  0.2597E+03
     12.380  0.2249E+01  0.2598E+03
     12.398  0.2196E+01  0.2598E+03
     12.416  0.2406E+01  0.2598E+03
     12.435  0.2602E+01  0.2599E+03
     12.453  0.2772E+01  0.2599E+03
     12.471  0.2918E+01  0.2600E+03
     12.489  0.3034E+01  0.2600E+03
     12.507  0.3119E+01  0.2601E+03
     12.526  0.3169E+01  0.2602E+03
     12.544  0.3191E+01  0.2602E+03
     12.562  0.3208E+01  0.2603E+03
     12.580  0.3225E+01  0.2603E+03
     12.599  0.3240E+01  0.2604E+03
     12.617  0.3254E+01  0.2604E+03
     12.635  0.3268E+01  0.2605E+03
     12.653  0.3283E+01  0.2606E+03
     12.672  0.3300E+01  0.2606E+03
     12.690  0.3320E+01  0.2607E+03
     12.708  0.3343E+01  0.2607E+03
     12.726  0.3368E+01  0.2608E+03
     12.744  0.3397E+01  0.2609E+03
     12.763  0.3428E+01  0.2609E+03
     12.781  0.3462E+01  0.2610E+03
     12.799  0.3499E+01  0.2611E+03
     12.817  0.3538E+01  0.2611E+03
     12.836  0.3581E+01  0.2612E+03
     12.854  0.3626E+01  0.2613E+03
     12.872  0.3674E+01  0.2613E+03
     12.890  0.3725E+01  0.2614E+03
     12.909  0.3781E+01  0.2615E+03
     12.927  0.3842E+01  0.2615E+03
     12.945  0.3908E+01  0.2616E+03
     12.963  0.3979E+01  0.2617E+03
     12.981  0.4055E+01  0.2617E+03
     13.000  0.4136E+01  0.2618E+03
     13.018  0.4222E+01  0.2619E+03
     13.036  0.4313E+01  0.2620E+03
     13.054  0.4409E+01  0.2620E+03
     13.073  0.4509E+01  0.2621E+03
     13.091  0.4615E+01  0.2622E+03
     13.109  0.4726E+01  0.2623E+03
     13.127  0.4841E+01  0.2624E+03
     13.145  0.4962E+01  0.2625E+03
     13.164  0.5088E+01  0.2626E+03
     13.182  0.5218E+01  0.2627E+03
     13.200  0.5354E+01  0.2628E+03
     13.218  0.5494E+01  0.2629E+03
     13.237  0.5640E+01  0.2630E+03
     13.255  0.5790E+01  0.2631E+03
     13.273  0.5945E+01  0.2632E+03
     13.291  0.6105E+01  0.2633E+03
     13.310  0.6269E+01  0.2634E+03
     13.328  0.6437E+01  0.2635E+03
     13.346  0.6609E+01  0.2636E+03
     13.364  0.6786E+01  0.2637E+03
     13.382  0.6966E+01  0.2639E+03
     13.401  0.7150E+01  0.2640E+03
     13.419  0.7338E+01  0.2641E+03
     13.437  0.7528E+01  0.2643E+03
     13.455  0.7723E+01  0.2644E+03
     13.474  0.7922E+01  0.2645E+03
     13.492  0.8126E+01  0.2647E+03
     13.510  0.8334E+01  0.2648E+03
     13.528  0.8547E+01  0.2650E+03
     13.546  0.8765E+01  0.2652E+03
     13.565  0.8987E+01  0.2653E+03
     13.583  0.9214E+01  0.2655E+03
     13.601  0.9446E+01  0.2657E+03
     13.619  0.9693E+01  0.2658E+03
     13.638  0.9973E+01  0.2660E+03
     13.656  0.1030E+02  0.2662E+03
     13.674  0.1068E+02  0.2664E+03
     13.692  0.1113E+02  0.2666E+03
     13.711  0.1164E+02  0.2668E+03
     13.729  0.1227E+02  0.2670E+03
     13.747  0.1301E+02  0.2672E+03
     13.765  0.1390E+02  0.2675E+03
     13.783  0.1588E+02  0.2678E+03
     13.802  0.1824E+02  0.2681E+03
     13.820  0.2120E+02  0.2684E+03
     13.838  0.2443E+02  0.2688E+03
     13.856  0.2691E+02  0.2693E+03
     13.875  0.2859E+02  0.2698E+03
     13.893  0.2945E+02  0.2703E+03
     13.911  0.2976E+02  0.2709E+03
     13.929  0.3228E+02  0.2715E+03
     13.947  0.3464E+02  0.2721E+03
     13.966  0.3638E+02  0.2727E+03
     13.984  0.3716E+02  0.2734E+03
     14.002  0.3539E+02  0.2740E+03
     14.020  0.3022E+02  0.2746E+03
     14.039  0.2301E+02  0.2751E+03
     14.057  0.1714E+02  0.2755E+03
     14.075  0.9322E+01  0.2757E+03
     14.093  0.5882E+01  0.2759E+03
     14.112  0.1665E+02  0.2761E+03
     14.130  0.1976E+02  0.2764E+03
     14.148  0.1370E+02  0.2767E+03
     14.166  0.9082E+01  0.2769E+03
     14.184  0.8756E+01  0.2771E+03
     14.203  0.8435E+01  0.2772E+03
     14.221  0.8247E+01  0.2774E+03
     14.239  0.8094E+01  0.2775E+03
     14.257  0.7941E+01  0.2777E+03
     14.276  0.7789E+01  0.2778E+03
     14.294  0.7639E+01  0.2780E+03
     14.312  0.7489E+01  0.2781E+03
     14.330  0.7340E+01  0.2782E+03
     14.348  0.7378E+01  0.2784E+03
     14.367  0.7545E+01  0.2785E+03
     14.385  0.7722E+01  0.2787E+03
     14.403  0.7982E+01  0.2788E+03
     14.421  0.8283E+01  0.2789E+03
     14.440  0.8571E+01  0.2791E+03
     14.458  0.8923E+01  0.2793E+03
     14.476  0.9329E+01  0.2794E+03
     14.494  0.9719E+01  0.2796E+03
     14.513  0.1009E+02  0.2798E+03
     14.531  0.1045E+02  0.2800E+03
     14.549  0.1079E+02  0.2802E+03
     14.567  0.1112E+02  0.2804E+03
     14.585  0.1143E+02  0.2806E+03
     14.604  0.1172E+02  0.2808E+03
     14.622  0.1200E+02  0.2810E+03
     14.640  0.1240E+02  0.2812E+03
     14.658  0.1282E+02  0.2814E+03
     14.677  0.1323E+02  0.2817E+03
     14.695  0.1362E+02  0.2819E+03
     14.713  0.1399E+02  0.2822E+03
     14.731  0.1434E+02  0.2824E+03
     14.749  0.1466E+02  0.2827E+03
     14.768  0.1498E+02  0.2830E+03
     14.786  0.1527E+02  0.2832E+03
     14.804  0.1554E+02  0.2835E+03
     14.822  0.1580E+02  0.2838E+03
     14.841  0.1604E+02  0.2841E+03
     14.859  0.1626E+02  0.2844E+03
     14.877  0.1647E+02  0.2847E+03
     14.895  0.1665E+02  0.2850E+03
     14.914  0.1682E+02  0.2853E+03
     14.932  0.1697E+02  0.2856E+03
     14.950  0.1711E+02  0.2859E+03
     14.968  0.1722E+02  0.2862E+03
     14.986  0.1732E+02  0.2865E+03
     15.005  0.1740E+02  0.2869E+03
     15.023  0.1746E+02  0.2872E+03
     15.041  0.1751E+02  0.2875E+03
     15.059  0.1753E+02  0.2878E+03
     15.078  0.1754E+02  0.2881E+03
     15.096  0.1749E+02  0.2885E+03
     15.114  0.1738E+02  0.2888E+03
     15.132  0.1722E+02  0.2891E+03
     15.150  0.1806E+02  0.2894E+03
     15.169  0.1917E+02  0.2898E+03
     15.187  0.2002E+02  0.2901E+03
     15.205  0.2060E+02  0.2905E+03
     15.223  0.2091E+02  0.2909E+03
     15.242  0.2053E+02  0.2912E+03
     15.260  0.1874E+02  0.2916E+03
     15.278  0.1748E+02  0.2919E+03
     15.296  0.1660E+02  0.2922E+03
     15.315  0.1485E+02  0.2925E+03
     15.333  0.1368E+02  0.2928E+03
     15.351  0.1345E+02  0.2930E+03
     15.369  0.1338E+02  0.2933E+03
     15.387  0.1349E+02  0.2935E+03
     15.406  0.1396E+02  0.2938E+03
     15.424  0.1465E+02  0.2940E+03
     15.442  0.1537E+02  0.2943E+03
     15.460  0.1666E+02  0.2946E+03
     15.479  0.1796E+02  0.2949E+03
     15.497  0.1938E+02  0.2953E+03
     15.515  0.2168E+02  0.2956E+03
     15.533  0.2545E+02  0.2961E+03
     15.551  0.2867E+02  0.2965E+03
     15.570  0.3054E+02  0.2971E+03
     15.588  0.3075E+02  0.2976E+03
     15.606  0.2927E+02  0.2982E+03
     15.624  0.2605E+02  0.2987E+03
     15.643  0.2624E+02  0.2992E+03
     15.661  0.2675E+02  0.2997E+03
     15.679  0.2657E+02  0.3001E+03
     15.697  0.2576E+02  0.3006E+03
     15.716  0.2438E+02  0.3011E+03
     15.734  0.2408E+02  0.3015E+03
     15.752  0.2373E+02  0.3020E+03
     15.770  0.2262E+02  0.3024E+03
     15.788  0.2076E+02  0.3028E+03
     15.807  0.1855E+02  0.3031E+03
     15.825  0.1770E+02  0.3035E+03
     15.843  0.1638E+02  0.3038E+03
     15.861  0.1711E+02  0.3041E+03
     15.880  0.1993E+02  0.3044E+03
     15.898  0.2126E+02  0.3048E+03
     15.916  0.2111E+02  0.3052E+03
     15.934  0.1945E+02  0.3055E+03
     15.953  0.1627E+02  0.3059E+03
     15.971  0.1512E+02  0.3061E+03
     15.989  0.1632E+02  0.3064E+03
     16.007  0.4281E+02  0.3069E+03
     16.025  0.1133E+02  0.3075E+03
     16.044  0.1385E+02  0.3077E+03
     16.062  0.1576E+02  0.3080E+03
     16.080  0.1645E+02  0.3083E+03
     16.098  0.1593E+02  0.3085E+03
     16.117  0.1421E+02  0.3088E+03
     16.135  0.1132E+02  0.3091E+03
     16.153  0.8513E+01  0.3092E+03
     16.171  0.9267E+01  0.3094E+03
     16.189  0.1001E+02  0.3096E+03
     16.208  0.1077E+02  0.3098E+03
     16.226  0.1156E+02  0.3100E+03
     16.244  0.1235E+02  0.3102E+03
     16.262  0.1314E+02  0.3104E+03
     16.281  0.1370E+02  0.3107E+03
     16.299  0.1431E+02  0.3109E+03
     16.317  0.1497E+02  0.3112E+03
     16.335  0.1568E+02  0.3115E+03
     16.354  0.1645E+02  0.3118E+03
     16.372  0.1647E+02  0.3121E+03
     16.390  0.1629E+02  0.3124E+03
     16.408  0.1599E+02  0.3126E+03
     16.426  0.1557E+02  0.3129E+03
     16.445  0.1502E+02  0.3132E+03
     16.463  0.1431E+02  0.3135E+03
     16.481  0.1344E+02  0.3137E+03
     16.499  0.1342E+02  0.3140E+03
     16.518  0.1477E+02  0.3142E+03
     16.536  0.1413E+02  0.3145E+03
     16.554  0.1329E+02  0.3147E+03
     16.572  0.1229E+02  0.3150E+03
     16.590  0.1114E+02  0.3152E+03
     16.609  0.1051E+02  0.3154E+03
     16.627  0.1001E+02  0.3156E+03
     16.645  0.9526E+01  0.3158E+03
     16.663  0.9220E+01  0.3159E+03
     16.682  0.9510E+01  0.3161E+03
     16.700  0.9754E+01  0.3163E+03
     16.718  0.9953E+01  0.3165E+03
     16.736  0.1011E+02  0.3166E+03
     16.755  0.1021E+02  0.3168E+03
     16.773  0.1027E+02  0.3170E+03
     16.791  0.1029E+02  0.3172E+03
     16.809  0.1026E+02  0.3174E+03
     16.827  0.1018E+02  0.3176E+03
     16.846  0.9721E+01  0.3178E+03
     16.864  0.9285E+01  0.3179E+03
     16.882  0.8869E+01  0.3181E+03
     16.900  0.8474E+01  0.3182E+03
     16.919  0.8100E+01  0.3184E+03
     16.937  0.7747E+01  0.3185E+03
     16.955  0.7272E+01  0.3187E+03
     16.973  0.6797E+01  0.3188E+03
     16.991  0.6391E+01  0.3189E+03
     17.010  0.6055E+01  0.3190E+03
     17.028  0.5774E+01  0.3191E+03
     17.046  0.5511E+01  0.3193E+03
     17.064  0.6287E+01  0.3194E+03
     17.083  0.8046E+01  0.3195E+03
     17.101  0.9473E+01  0.3196E+03
     17.119  0.1057E+02  0.3198E+03
     17.137  0.1119E+02  0.3200E+03
     17.156  0.1123E+02  0.3202E+03
     17.174  0.1090E+02  0.3204E+03
     17.192  0.1021E+02  0.3206E+03
     17.210  0.9131E+01  0.3208E+03
     17.228  0.7724E+01  0.3210E+03
     17.247  0.6672E+01  0.3211E+03
     17.265  0.5932E+01  0.3212E+03
     17.283  0.5310E+01  0.3213E+03
     17.301  0.4806E+01  0.3214E+03
     17.320  0.4418E+01  0.3215E+03
     17.338  0.4066E+01  0.3216E+03
     17.356  0.3715E+01  0.3216E+03
     17.374  0.3367E+01  0.3217E+03
     17.392  0.3020E+01  0.3218E+03
     17.411  0.2676E+01  0.3218E+03
     17.429  0.2333E+01  0.3219E+03
     17.447  0.1992E+01  0.3219E+03
     17.465  0.1654E+01  0.3219E+03
     17.484  0.1317E+01  0.3220E+03
     17.502  0.9816E+00  0.3220E+03
     17.520  0.6486E+00  0.3220E+03
     17.538  0.3207E+00  0.3220E+03
     17.557  0.9072E-01  0.3220E+03
     17.575  0.1306E-02  0.3220E+03
     17.593  0.0000E+00  0.3220E+03
     17.611  0.0000E+00  0.3220E+03
     17.629  0.0000E+00  0.3220E+03
     17.648  0.0000E+00  0.3220E+03
     17.666  0.0000E+00  0.3220E+03
     17.684  0.0000E+00  0.3220E+03
     17.702  0.0000E+00  0.3220E+03
     17.721  0.0000E+00  0.3220E+03
     17.739  0.0000E+00  0.3220E+03
     17.757  0.0000E+00  0.3220E+03
     17.775  0.0000E+00  0.3220E+03
     17.793  0.0000E+00  0.3220E+03
     17.812  0.0000E+00  0.3220E+03
     17.830  0.0000E+00  0.3220E+03
     17.848  0.0000E+00  0.3220E+03
     17.866  0.0000E+00  0.3220E+03
     17.885  0.0000E+00  0.3220E+03
     17.903  0.0000E+00  0.3220E+03
     17.921  0.0000E+00  0.3220E+03
     17.939  0.0000E+00  0.3220E+03
     17.958  0.0000E+00  0.3220E+03
     17.976  0.0000E+00  0.3220E+03
     17.994  0.0000E+00  0.3220E+03
     18.012  0.0000E+00  0.3220E+03
     18.030  0.0000E+00  0.3220E+03
     18.049  0.0000E+00  0.3220E+03
     18.067  0.0000E+00  0.3220E+03
     18.085  0.0000E+00  0.3220E+03
     18.103  0.0000E+00  0.3220E+03
     18.122  0.0000E+00  0.3220E+03
     18.140  0.0000E+00  0.3220E+03
     18.158  0.0000E+00  0.3220E+03
     18.176  0.0000E+00  0.3220E+03
     18.194  0.0000E+00  0.3220E+03
     18.213  0.0000E+00  0.3220E+03
     18.231  0.0000E+00  0.3220E+03
     18.249  0.0000E+00  0.3220E+03
     18.267  0.0000E+00  0.3220E+03
     18.286  0.0000E+00  0.3220E+03
     18.304  0.0000E+00  0.3220E+03
     18.322  0.0000E+00  0.3220E+03
     18.340  0.0000E+00  0.3220E+03
     18.359  0.0000E+00  0.3220E+03
     18.377  0.0000E+00  0.3220E+03
     18.395  0.0000E+00  0.3220E+03
     18.413  0.0000E+00  0.3220E+03
     18.431  0.0000E+00  0.3220E+03
     18.450  0.0000E+00  0.3220E+03
     18.468  0.0000E+00  0.3220E+03
     18.486  0.0000E+00  0.3220E+03
     18.504  0.0000E+00  0.3220E+03
     18.523  0.0000E+00  0.3220E+03
     18.541  0.0000E+00  0.3220E+03
     18.559  0.0000E+00  0.3220E+03
     18.577  0.0000E+00  0.3220E+03
     18.596  0.0000E+00  0.3220E+03
     18.614  0.0000E+00  0.3220E+03
     18.632  0.0000E+00  0.3220E+03
     18.650  0.0000E+00  0.3220E+03
     18.668  0.0000E+00  0.3220E+03
     18.687  0.0000E+00  0.3220E+03
     18.705  0.0000E+00  0.3220E+03
     18.723  0.0000E+00  0.3220E+03
     18.741  0.0000E+00  0.3220E+03
     18.760  0.0000E+00  0.3220E+03
     18.778  0.0000E+00  0.3220E+03
     18.796  0.0000E+00  0.3220E+03
     18.814  0.0000E+00  0.3220E+03
     18.832  0.0000E+00  0.3220E+03
     18.851  0.0000E+00  0.3220E+03
     18.869  0.0000E+00  0.3220E+03
     18.887  0.0000E+00  0.3220E+03
     18.905  0.0000E+00  0.3220E+03
     18.924  0.0000E+00  0.3220E+03
     18.942  0.0000E+00  0.3220E+03
     18.960  0.0000E+00  0.3220E+03
     18.978  0.0000E+00  0.3220E+03
     18.997  0.0000E+00  0.3220E+03
     19.015  0.0000E+00  0.3220E+03
     19.033  0.0000E+00  0.3220E+03
     19.051  0.0000E+00  0.3220E+03
     19.069  0.0000E+00  0.3220E+03
     19.088  0.0000E+00  0.3220E+03
     19.106  0.0000E+00  0.3220E+03
     19.124  0.0000E+00  0.3220E+03
     19.142  0.0000E+00  0.3220E+03
     19.161  0.0000E+00  0.3220E+03
     19.179  0.0000E+00  0.3220E+03
     19.197  0.0000E+00  0.3220E+03
     19.215  0.0000E+00  0.3220E+03
     19.233  0.0000E+00  0.3220E+03


