 Energy DOS Integrated_DOS
    -17.117  0.0000E+00  0.0000E+00
    -17.099  0.0000E+00  0.0000E+00
    -17.081  0.0000E+00  0.0000E+00
    -17.063  0.0000E+00  0.0000E+00
    -17.044  0.0000E+00  0.0000E+00
    -17.026  0.0000E+00  0.0000E+00
    -17.008  0.0000E+00  0.0000E+00
    -16.990  0.0000E+00  0.0000E+00
    -16.972  0.0000E+00  0.0000E+00
    -16.954  0.0000E+00  0.0000E+00
    -16.935  0.0000E+00  0.0000E+00
    -16.917  0.0000E+00  0.0000E+00
    -16.899  0.0000E+00  0.0000E+00
    -16.881  0.0000E+00  0.0000E+00
    -16.863  0.0000E+00  0.0000E+00
    -16.844  0.0000E+00  0.0000E+00
    -16.826  0.0000E+00  0.0000E+00
    -16.808  0.0000E+00  0.0000E+00
    -16.790  0.0000E+00  0.0000E+00
    -16.772  0.0000E+00  0.0000E+00
    -16.754  0.0000E+00  0.0000E+00
    -16.735  0.0000E+00  0.0000E+00
    -16.717  0.0000E+00  0.0000E+00
    -16.699  0.0000E+00  0.0000E+00
    -16.681  0.0000E+00  0.0000E+00
    -16.663  0.0000E+00  0.0000E+00
    -16.645  0.0000E+00  0.0000E+00
    -16.626  0.0000E+00  0.0000E+00
    -16.608  0.0000E+00  0.0000E+00
    -16.590  0.0000E+00  0.0000E+00
    -16.572  0.0000E+00  0.0000E+00
    -16.554  0.0000E+00  0.0000E+00
    -16.535  0.0000E+00  0.0000E+00
    -16.517  0.0000E+00  0.0000E+00
    -16.499  0.0000E+00  0.0000E+00
    -16.481  0.0000E+00  0.0000E+00
    -16.463  0.0000E+00  0.0000E+00
    -16.445  0.0000E+00  0.0000E+00
    -16.426  0.0000E+00  0.0000E+00
    -16.408  0.0000E+00  0.0000E+00
    -16.390  0.0000E+00  0.0000E+00
    -16.372  0.0000E+00  0.0000E+00
    -16.354  0.0000E+00  0.0000E+00
    -16.335  0.0000E+00  0.0000E+00
    -16.317  0.0000E+00  0.0000E+00
    -16.299  0.0000E+00  0.0000E+00
    -16.281  0.0000E+00  0.0000E+00
    -16.263  0.0000E+00  0.0000E+00
    -16.245  0.0000E+00  0.0000E+00
    -16.226  0.0000E+00  0.0000E+00
    -16.208  0.0000E+00  0.0000E+00
    -16.190  0.0000E+00  0.0000E+00
    -16.172  0.0000E+00  0.0000E+00
    -16.154  0.0000E+00  0.0000E+00
    -16.135  0.0000E+00  0.0000E+00
    -16.117  0.0000E+00  0.0000E+00
    -16.099  0.0000E+00  0.0000E+00
    -16.081  0.0000E+00  0.0000E+00
    -16.063  0.0000E+00  0.0000E+00
    -16.045  0.0000E+00  0.0000E+00
    -16.026  0.0000E+00  0.0000E+00
    -16.008  0.0000E+00  0.0000E+00
    -15.990  0.0000E+00  0.0000E+00
    -15.972  0.0000E+00  0.0000E+00
    -15.954  0.0000E+00  0.0000E+00
    -15.935  0.0000E+00  0.0000E+00
    -15.917  0.0000E+00  0.0000E+00
    -15.899  0.0000E+00  0.0000E+00
    -15.881  0.0000E+00  0.0000E+00
    -15.863  0.0000E+00  0.0000E+00
    -15.845  0.0000E+00  0.0000E+00
    -15.826  0.0000E+00  0.0000E+00
    -15.808  0.0000E+00  0.0000E+00
    -15.790  0.0000E+00  0.0000E+00
    -15.772  0.0000E+00  0.0000E+00
    -15.754  0.0000E+00  0.0000E+00
    -15.735  0.0000E+00  0.0000E+00
    -15.717  0.0000E+00  0.0000E+00
    -15.699  0.0000E+00  0.0000E+00
    -15.681  0.0000E+00  0.0000E+00
    -15.663  0.0000E+00  0.0000E+00
    -15.645  0.0000E+00  0.0000E+00
    -15.626  0.0000E+00  0.0000E+00
    -15.608  0.0000E+00  0.0000E+00
    -15.590  0.0000E+00  0.0000E+00
    -15.572  0.0000E+00  0.0000E+00
    -15.554  0.0000E+00  0.0000E+00
    -15.536  0.0000E+00  0.0000E+00
    -15.517  0.0000E+00  0.0000E+00
    -15.499  0.0000E+00  0.0000E+00
    -15.481  0.0000E+00  0.0000E+00
    -15.463  0.1108E-02  0.9154E-06
    -15.445  0.7692E-01  0.5297E-03
    -15.426  0.2719E+00  0.3520E-02
    -15.408  0.5860E+00  0.1114E-01
    -15.390  0.1019E+01  0.2555E-01
    -15.372  0.1572E+01  0.4892E-01
    -15.354  0.2243E+01  0.8341E-01
    -15.336  0.3034E+01  0.1312E+00
    -15.317  0.3944E+01  0.1944E+00
    -15.299  0.4972E+01  0.2753E+00
    -15.281  0.6077E+01  0.3758E+00
    -15.263  0.6997E+01  0.4950E+00
    -15.245  0.7692E+01  0.6289E+00
    -15.226  0.8163E+01  0.7734E+00
    -15.208  0.8409E+01  0.9244E+00
    -15.190  0.8431E+01  0.1078E+01
    -15.172  0.1000E+02  0.1237E+01
    -15.154  0.1273E+02  0.1446E+01
    -15.136  0.1453E+02  0.1695E+01
    -15.117  0.1538E+02  0.1968E+01
    -15.099  0.1525E+02  0.2248E+01
    -15.081  0.1442E+02  0.2519E+01
    -15.063  0.1302E+02  0.2769E+01
    -15.045  0.1106E+02  0.2988E+01
    -15.026  0.1029E+02  0.3182E+01
    -15.008  0.9696E+01  0.3363E+01
    -14.990  0.9228E+01  0.3535E+01
    -14.972  0.8883E+01  0.3700E+01
    -14.954  0.8660E+01  0.3859E+01
    -14.936  0.8537E+01  0.4015E+01
    -14.917  0.8406E+01  0.4169E+01
    -14.899  0.8254E+01  0.4321E+01
    -14.881  0.1381E+02  0.4531E+01
    -14.863  0.1447E+02  0.4788E+01
    -14.845  0.1497E+02  0.5056E+01
    -14.826  0.1531E+02  0.5332E+01
    -14.808  0.1553E+02  0.5612E+01
    -14.790  0.1581E+02  0.5897E+01
    -14.772  0.1617E+02  0.6188E+01
    -14.754  0.1660E+02  0.6485E+01
    -14.736  0.1711E+02  0.6792E+01
    -14.717  0.1769E+02  0.7108E+01
    -14.699  0.1830E+02  0.7435E+01
    -14.681  0.1869E+02  0.7772E+01
    -14.663  0.1885E+02  0.8114E+01
    -14.645  0.1879E+02  0.8456E+01
    -14.626  0.1867E+02  0.8797E+01
    -14.608  0.1851E+02  0.9134E+01
    -14.590  0.2024E+02  0.9478E+01
    -14.572  0.2422E+02  0.9881E+01
    -14.554  0.2957E+02  0.1037E+02
    -14.536  0.4176E+02  0.1099E+02
    -14.517  0.7941E+02  0.1211E+02
    -14.499  0.5520E+02  0.1336E+02
    -14.481  0.5149E+02  0.1436E+02
    -14.463  0.3324E+02  0.1515E+02
    -14.445  0.2344E+02  0.1562E+02
    -14.426  0.2159E+02  0.1601E+02
    -14.408  0.2184E+02  0.1641E+02
    -14.390  0.1818E+02  0.1678E+02
    -14.372  0.1228E+02  0.1705E+02
    -14.354  0.7850E+02  0.1753E+02
    -14.336  0.3798E+02  0.1846E+02
    -14.317  0.3226E+02  0.1910E+02
    -14.299  0.3007E+02  0.1966E+02
    -14.281  0.2954E+02  0.2020E+02
    -14.263  0.2760E+02  0.2072E+02
    -14.245  0.3058E+02  0.2125E+02
    -14.227  0.3295E+02  0.2183E+02
    -14.208  0.3254E+02  0.2243E+02
    -14.190  0.2711E+02  0.2298E+02
    -14.172  0.5356E+02  0.2362E+02
    -14.154  0.5568E+02  0.2462E+02
    -14.136  0.5747E+02  0.2563E+02
    -14.117  0.7775E+02  0.2686E+02
    -14.099  0.9101E+02  0.2839E+02
    -14.081  0.1183E+03  0.3025E+02
    -14.063  0.1415E+03  0.3266E+02
    -14.045  0.6864E+02  0.3456E+02
    -14.027  0.3022E+02  0.3512E+02
    -14.008  0.4089E+02  0.3577E+02
    -13.990  0.1603E+01  0.3800E+02
    -13.972  0.2902E+02  0.3823E+02
    -13.954  0.1267E+03  0.3950E+02
    -13.936  0.1833E+03  0.4200E+02
    -13.917  0.5901E+02  0.4438E+02
    -13.899  0.6528E+02  0.4558E+02
    -13.881  0.3128E+02  0.4645E+02
    -13.863  0.9116E+02  0.4786E+02
    -13.845  0.4032E+02  0.4874E+02
    -13.827  0.9305E+02  0.4958E+02
    -13.808  0.3365E+02  0.5109E+02
    -13.790  0.2482E+02  0.5165E+02
    -13.772  0.1863E+02  0.5194E+02
    -13.754  0.6924E+02  0.5289E+02
    -13.736  0.2513E+02  0.5388E+02
    -13.717  0.0000E+00  0.5400E+02
    -13.699  0.0000E+00  0.5400E+02
    -13.681  0.0000E+00  0.5400E+02
    -13.663  0.1073E+03  0.5616E+02
    -13.645  0.6360E+02  0.5775E+02
    -13.627  0.1210E+02  0.5812E+02
    -13.608  0.4091E+02  0.5853E+02
    -13.590  0.1990E+03  0.6033E+02
    -13.572  0.2784E+02  0.6159E+02
    -13.554  0.2665E+02  0.6208E+02
    -13.536  0.3541E+02  0.6261E+02
    -13.517  0.4345E+02  0.6336E+02
    -13.499  0.7288E+01  0.6399E+02
    -13.481  0.0000E+00  0.6400E+02
    -13.463  0.0000E+00  0.6400E+02
    -13.445  0.0000E+00  0.6400E+02
    -13.427  0.0000E+00  0.6400E+02
    -13.408  0.0000E+00  0.6400E+02
    -13.390  0.0000E+00  0.6400E+02
    -13.372  0.0000E+00  0.6400E+02
    -13.354  0.0000E+00  0.6400E+02
    -13.336  0.0000E+00  0.6400E+02
    -13.317  0.0000E+00  0.6400E+02
    -13.299  0.0000E+00  0.6400E+02
    -13.281  0.0000E+00  0.6400E+02
    -13.263  0.0000E+00  0.6400E+02
    -13.245  0.0000E+00  0.6400E+02
    -13.227  0.0000E+00  0.6400E+02
    -13.208  0.0000E+00  0.6400E+02
    -13.190  0.0000E+00  0.6400E+02
    -13.172  0.0000E+00  0.6400E+02
    -13.154  0.0000E+00  0.6400E+02
    -13.136  0.0000E+00  0.6400E+02
    -13.118  0.0000E+00  0.6400E+02
    -13.099  0.0000E+00  0.6400E+02
    -13.081  0.0000E+00  0.6400E+02
    -13.063  0.0000E+00  0.6400E+02
    -13.045  0.0000E+00  0.6400E+02
    -13.027  0.0000E+00  0.6400E+02
    -13.008  0.0000E+00  0.6400E+02
    -12.990  0.0000E+00  0.6400E+02
    -12.972  0.0000E+00  0.6400E+02
    -12.954  0.0000E+00  0.6400E+02
    -12.936  0.0000E+00  0.6400E+02
    -12.918  0.0000E+00  0.6400E+02
    -12.899  0.0000E+00  0.6400E+02
    -12.881  0.0000E+00  0.6400E+02
    -12.863  0.0000E+00  0.6400E+02
    -12.845  0.0000E+00  0.6400E+02
    -12.827  0.0000E+00  0.6400E+02
    -12.808  0.0000E+00  0.6400E+02
    -12.790  0.0000E+00  0.6400E+02
    -12.772  0.0000E+00  0.6400E+02
    -12.754  0.0000E+00  0.6400E+02
    -12.736  0.0000E+00  0.6400E+02
    -12.718  0.0000E+00  0.6400E+02
    -12.699  0.0000E+00  0.6400E+02
    -12.681  0.0000E+00  0.6400E+02
    -12.663  0.0000E+00  0.6400E+02
    -12.645  0.0000E+00  0.6400E+02
    -12.627  0.0000E+00  0.6400E+02
    -12.608  0.0000E+00  0.6400E+02
    -12.590  0.0000E+00  0.6400E+02
    -12.572  0.0000E+00  0.6400E+02
    -12.554  0.0000E+00  0.6400E+02
    -12.536  0.0000E+00  0.6400E+02
    -12.518  0.0000E+00  0.6400E+02
    -12.499  0.0000E+00  0.6400E+02
    -12.481  0.0000E+00  0.6400E+02
    -12.463  0.0000E+00  0.6400E+02
    -12.445  0.0000E+00  0.6400E+02
    -12.427  0.0000E+00  0.6400E+02
    -12.408  0.0000E+00  0.6400E+02
    -12.390  0.0000E+00  0.6400E+02
    -12.372  0.0000E+00  0.6400E+02
    -12.354  0.0000E+00  0.6400E+02
    -12.336  0.0000E+00  0.6400E+02
    -12.318  0.0000E+00  0.6400E+02
    -12.299  0.0000E+00  0.6400E+02
    -12.281  0.0000E+00  0.6400E+02
    -12.263  0.0000E+00  0.6400E+02
    -12.245  0.0000E+00  0.6400E+02
    -12.227  0.0000E+00  0.6400E+02
    -12.208  0.0000E+00  0.6400E+02
    -12.190  0.0000E+00  0.6400E+02
    -12.172  0.0000E+00  0.6400E+02
    -12.154  0.0000E+00  0.6400E+02
    -12.136  0.0000E+00  0.6400E+02
    -12.118  0.0000E+00  0.6400E+02
    -12.099  0.0000E+00  0.6400E+02
    -12.081  0.0000E+00  0.6400E+02
    -12.063  0.0000E+00  0.6400E+02
    -12.045  0.0000E+00  0.6400E+02
    -12.027  0.0000E+00  0.6400E+02
    -12.008  0.0000E+00  0.6400E+02
    -11.990  0.0000E+00  0.6400E+02
    -11.972  0.0000E+00  0.6400E+02
    -11.954  0.0000E+00  0.6400E+02
    -11.936  0.0000E+00  0.6400E+02
    -11.918  0.0000E+00  0.6400E+02
    -11.899  0.0000E+00  0.6400E+02
    -11.881  0.0000E+00  0.6400E+02
    -11.863  0.0000E+00  0.6400E+02
    -11.845  0.0000E+00  0.6400E+02
    -11.827  0.0000E+00  0.6400E+02
    -11.809  0.0000E+00  0.6400E+02
    -11.790  0.0000E+00  0.6400E+02
    -11.772  0.0000E+00  0.6400E+02
    -11.754  0.0000E+00  0.6400E+02
    -11.736  0.0000E+00  0.6400E+02
    -11.718  0.0000E+00  0.6400E+02
    -11.699  0.0000E+00  0.6400E+02
    -11.681  0.0000E+00  0.6400E+02
    -11.663  0.0000E+00  0.6400E+02
    -11.645  0.0000E+00  0.6400E+02
    -11.627  0.0000E+00  0.6400E+02
    -11.609  0.0000E+00  0.6400E+02
    -11.590  0.0000E+00  0.6400E+02
    -11.572  0.0000E+00  0.6400E+02
    -11.554  0.0000E+00  0.6400E+02
    -11.536  0.0000E+00  0.6400E+02
    -11.518  0.0000E+00  0.6400E+02
    -11.499  0.0000E+00  0.6400E+02
    -11.481  0.0000E+00  0.6400E+02
    -11.463  0.0000E+00  0.6400E+02
    -11.445  0.0000E+00  0.6400E+02
    -11.427  0.0000E+00  0.6400E+02
    -11.409  0.0000E+00  0.6400E+02
    -11.390  0.0000E+00  0.6400E+02
    -11.372  0.0000E+00  0.6400E+02
    -11.354  0.0000E+00  0.6400E+02
    -11.336  0.0000E+00  0.6400E+02
    -11.318  0.0000E+00  0.6400E+02
    -11.299  0.0000E+00  0.6400E+02
    -11.281  0.0000E+00  0.6400E+02
    -11.263  0.0000E+00  0.6400E+02
    -11.245  0.0000E+00  0.6400E+02
    -11.227  0.0000E+00  0.6400E+02
    -11.209  0.0000E+00  0.6400E+02
    -11.190  0.0000E+00  0.6400E+02
    -11.172  0.0000E+00  0.6400E+02
    -11.154  0.0000E+00  0.6400E+02
    -11.136  0.0000E+00  0.6400E+02
    -11.118  0.0000E+00  0.6400E+02
    -11.099  0.0000E+00  0.6400E+02
    -11.081  0.0000E+00  0.6400E+02
    -11.063  0.0000E+00  0.6400E+02
    -11.045  0.0000E+00  0.6400E+02
    -11.027  0.0000E+00  0.6400E+02
    -11.009  0.0000E+00  0.6400E+02
    -10.990  0.0000E+00  0.6400E+02
    -10.972  0.0000E+00  0.6400E+02
    -10.954  0.0000E+00  0.6400E+02
    -10.936  0.0000E+00  0.6400E+02
    -10.918  0.0000E+00  0.6400E+02
    -10.899  0.0000E+00  0.6400E+02
    -10.881  0.0000E+00  0.6400E+02
    -10.863  0.0000E+00  0.6400E+02
    -10.845  0.0000E+00  0.6400E+02
    -10.827  0.0000E+00  0.6400E+02
    -10.809  0.0000E+00  0.6400E+02
    -10.790  0.0000E+00  0.6400E+02
    -10.772  0.0000E+00  0.6400E+02
    -10.754  0.0000E+00  0.6400E+02
    -10.736  0.0000E+00  0.6400E+02
    -10.718  0.0000E+00  0.6400E+02
    -10.700  0.0000E+00  0.6400E+02
    -10.681  0.0000E+00  0.6400E+02
    -10.663  0.0000E+00  0.6400E+02
    -10.645  0.0000E+00  0.6400E+02
    -10.627  0.0000E+00  0.6400E+02
    -10.609  0.0000E+00  0.6400E+02
    -10.590  0.0000E+00  0.6400E+02
    -10.572  0.0000E+00  0.6400E+02
    -10.554  0.0000E+00  0.6400E+02
    -10.536  0.0000E+00  0.6400E+02
    -10.518  0.0000E+00  0.6400E+02
    -10.500  0.0000E+00  0.6400E+02
    -10.481  0.0000E+00  0.6400E+02
    -10.463  0.0000E+00  0.6400E+02
    -10.445  0.0000E+00  0.6400E+02
    -10.427  0.0000E+00  0.6400E+02
    -10.409  0.0000E+00  0.6400E+02
    -10.390  0.0000E+00  0.6400E+02
    -10.372  0.0000E+00  0.6400E+02
    -10.354  0.0000E+00  0.6400E+02
    -10.336  0.0000E+00  0.6400E+02
    -10.318  0.0000E+00  0.6400E+02
    -10.300  0.0000E+00  0.6400E+02
    -10.281  0.0000E+00  0.6400E+02
    -10.263  0.0000E+00  0.6400E+02
    -10.245  0.0000E+00  0.6400E+02
    -10.227  0.0000E+00  0.6400E+02
    -10.209  0.0000E+00  0.6400E+02
    -10.190  0.0000E+00  0.6400E+02
    -10.172  0.0000E+00  0.6400E+02
    -10.154  0.0000E+00  0.6400E+02
    -10.136  0.0000E+00  0.6400E+02
    -10.118  0.0000E+00  0.6400E+02
    -10.100  0.0000E+00  0.6400E+02
    -10.081  0.0000E+00  0.6400E+02
    -10.063  0.0000E+00  0.6400E+02
    -10.045  0.0000E+00  0.6400E+02
    -10.027  0.0000E+00  0.6400E+02
    -10.009  0.0000E+00  0.6400E+02
     -9.990  0.0000E+00  0.6400E+02
     -9.972  0.0000E+00  0.6400E+02
     -9.954  0.0000E+00  0.6400E+02
     -9.936  0.0000E+00  0.6400E+02
     -9.918  0.0000E+00  0.6400E+02
     -9.900  0.0000E+00  0.6400E+02
     -9.881  0.0000E+00  0.6400E+02
     -9.863  0.0000E+00  0.6400E+02
     -9.845  0.0000E+00  0.6400E+02
     -9.827  0.0000E+00  0.6400E+02
     -9.809  0.0000E+00  0.6400E+02
     -9.790  0.0000E+00  0.6400E+02
     -9.772  0.0000E+00  0.6400E+02
     -9.754  0.0000E+00  0.6400E+02
     -9.736  0.0000E+00  0.6400E+02
     -9.718  0.0000E+00  0.6400E+02
     -9.700  0.0000E+00  0.6400E+02
     -9.681  0.0000E+00  0.6400E+02
     -9.663  0.0000E+00  0.6400E+02
     -9.645  0.0000E+00  0.6400E+02
     -9.627  0.0000E+00  0.6400E+02
     -9.609  0.0000E+00  0.6400E+02
     -9.590  0.0000E+00  0.6400E+02
     -9.572  0.0000E+00  0.6400E+02
     -9.554  0.0000E+00  0.6400E+02
     -9.536  0.0000E+00  0.6400E+02
     -9.518  0.0000E+00  0.6400E+02
     -9.500  0.0000E+00  0.6400E+02
     -9.481  0.0000E+00  0.6400E+02
     -9.463  0.0000E+00  0.6400E+02
     -9.445  0.0000E+00  0.6400E+02
     -9.427  0.0000E+00  0.6400E+02
     -9.409  0.0000E+00  0.6400E+02
     -9.391  0.0000E+00  0.6400E+02
     -9.372  0.0000E+00  0.6400E+02
     -9.354  0.0000E+00  0.6400E+02
     -9.336  0.0000E+00  0.6400E+02
     -9.318  0.0000E+00  0.6400E+02
     -9.300  0.0000E+00  0.6400E+02
     -9.281  0.0000E+00  0.6400E+02
     -9.263  0.0000E+00  0.6400E+02
     -9.245  0.0000E+00  0.6400E+02
     -9.227  0.0000E+00  0.6400E+02
     -9.209  0.0000E+00  0.6400E+02
     -9.191  0.0000E+00  0.6400E+02
     -9.172  0.0000E+00  0.6400E+02
     -9.154  0.0000E+00  0.6400E+02
     -9.136  0.0000E+00  0.6400E+02
     -9.118  0.0000E+00  0.6400E+02
     -9.100  0.0000E+00  0.6400E+02
     -9.081  0.0000E+00  0.6400E+02
     -9.063  0.0000E+00  0.6400E+02
     -9.045  0.0000E+00  0.6400E+02
     -9.027  0.0000E+00  0.6400E+02
     -9.009  0.0000E+00  0.6400E+02
     -8.991  0.0000E+00  0.6400E+02
     -8.972  0.0000E+00  0.6400E+02
     -8.954  0.0000E+00  0.6400E+02
     -8.936  0.0000E+00  0.6400E+02
     -8.918  0.0000E+00  0.6400E+02
     -8.900  0.0000E+00  0.6400E+02
     -8.881  0.0000E+00  0.6400E+02
     -8.863  0.0000E+00  0.6400E+02
     -8.845  0.0000E+00  0.6400E+02
     -8.827  0.0000E+00  0.6400E+02
     -8.809  0.0000E+00  0.6400E+02
     -8.791  0.0000E+00  0.6400E+02
     -8.772  0.0000E+00  0.6400E+02
     -8.754  0.0000E+00  0.6400E+02
     -8.736  0.0000E+00  0.6400E+02
     -8.718  0.0000E+00  0.6400E+02
     -8.700  0.0000E+00  0.6400E+02
     -8.681  0.0000E+00  0.6400E+02
     -8.663  0.0000E+00  0.6400E+02
     -8.645  0.0000E+00  0.6400E+02
     -8.627  0.0000E+00  0.6400E+02
     -8.609  0.0000E+00  0.6400E+02
     -8.591  0.0000E+00  0.6400E+02
     -8.572  0.0000E+00  0.6400E+02
     -8.554  0.0000E+00  0.6400E+02
     -8.536  0.0000E+00  0.6400E+02
     -8.518  0.0000E+00  0.6400E+02
     -8.500  0.0000E+00  0.6400E+02
     -8.481  0.0000E+00  0.6400E+02
     -8.463  0.0000E+00  0.6400E+02
     -8.445  0.0000E+00  0.6400E+02
     -8.427  0.0000E+00  0.6400E+02
     -8.409  0.0000E+00  0.6400E+02
     -8.391  0.0000E+00  0.6400E+02
     -8.372  0.0000E+00  0.6400E+02
     -8.354  0.0000E+00  0.6400E+02
     -8.336  0.0000E+00  0.6400E+02
     -8.318  0.0000E+00  0.6400E+02
     -8.300  0.0000E+00  0.6400E+02
     -8.281  0.0000E+00  0.6400E+02
     -8.263  0.0000E+00  0.6400E+02
     -8.245  0.0000E+00  0.6400E+02
     -8.227  0.0000E+00  0.6400E+02
     -8.209  0.0000E+00  0.6400E+02
     -8.191  0.0000E+00  0.6400E+02
     -8.172  0.0000E+00  0.6400E+02
     -8.154  0.0000E+00  0.6400E+02
     -8.136  0.0000E+00  0.6400E+02
     -8.118  0.0000E+00  0.6400E+02
     -8.100  0.0000E+00  0.6400E+02
     -8.082  0.0000E+00  0.6400E+02
     -8.063  0.0000E+00  0.6400E+02
     -8.045  0.0000E+00  0.6400E+02
     -8.027  0.0000E+00  0.6400E+02
     -8.009  0.0000E+00  0.6400E+02
     -7.991  0.0000E+00  0.6400E+02
     -7.972  0.0000E+00  0.6400E+02
     -7.954  0.0000E+00  0.6400E+02
     -7.936  0.0000E+00  0.6400E+02
     -7.918  0.0000E+00  0.6400E+02
     -7.900  0.0000E+00  0.6400E+02
     -7.882  0.0000E+00  0.6400E+02
     -7.863  0.0000E+00  0.6400E+02
     -7.845  0.0000E+00  0.6400E+02
     -7.827  0.0000E+00  0.6400E+02
     -7.809  0.0000E+00  0.6400E+02
     -7.791  0.0000E+00  0.6400E+02
     -7.772  0.0000E+00  0.6400E+02
     -7.754  0.0000E+00  0.6400E+02
     -7.736  0.0000E+00  0.6400E+02
     -7.718  0.0000E+00  0.6400E+02
     -7.700  0.0000E+00  0.6400E+02
     -7.682  0.0000E+00  0.6400E+02
     -7.663  0.0000E+00  0.6400E+02
     -7.645  0.0000E+00  0.6400E+02
     -7.627  0.0000E+00  0.6400E+02
     -7.609  0.0000E+00  0.6400E+02
     -7.591  0.0000E+00  0.6400E+02
     -7.572  0.0000E+00  0.6400E+02
     -7.554  0.0000E+00  0.6400E+02
     -7.536  0.0000E+00  0.6400E+02
     -7.518  0.0000E+00  0.6400E+02
     -7.500  0.0000E+00  0.6400E+02
     -7.482  0.0000E+00  0.6400E+02
     -7.463  0.0000E+00  0.6400E+02
     -7.445  0.0000E+00  0.6400E+02
     -7.427  0.0000E+00  0.6400E+02
     -7.409  0.0000E+00  0.6400E+02
     -7.391  0.0000E+00  0.6400E+02
     -7.372  0.0000E+00  0.6400E+02
     -7.354  0.0000E+00  0.6400E+02
     -7.336  0.0000E+00  0.6400E+02
     -7.318  0.0000E+00  0.6400E+02
     -7.300  0.0000E+00  0.6400E+02
     -7.282  0.0000E+00  0.6400E+02
     -7.263  0.0000E+00  0.6400E+02
     -7.245  0.0000E+00  0.6400E+02
     -7.227  0.0000E+00  0.6400E+02
     -7.209  0.0000E+00  0.6400E+02
     -7.191  0.0000E+00  0.6400E+02
     -7.172  0.0000E+00  0.6400E+02
     -7.154  0.0000E+00  0.6400E+02
     -7.136  0.0000E+00  0.6400E+02
     -7.118  0.0000E+00  0.6400E+02
     -7.100  0.0000E+00  0.6400E+02
     -7.082  0.0000E+00  0.6400E+02
     -7.063  0.0000E+00  0.6400E+02
     -7.045  0.0000E+00  0.6400E+02
     -7.027  0.0000E+00  0.6400E+02
     -7.009  0.0000E+00  0.6400E+02
     -6.991  0.0000E+00  0.6400E+02
     -6.973  0.0000E+00  0.6400E+02
     -6.954  0.0000E+00  0.6400E+02
     -6.936  0.0000E+00  0.6400E+02
     -6.918  0.0000E+00  0.6400E+02
     -6.900  0.0000E+00  0.6400E+02
     -6.882  0.0000E+00  0.6400E+02
     -6.863  0.0000E+00  0.6400E+02
     -6.845  0.0000E+00  0.6400E+02
     -6.827  0.0000E+00  0.6400E+02
     -6.809  0.0000E+00  0.6400E+02
     -6.791  0.0000E+00  0.6400E+02
     -6.773  0.0000E+00  0.6400E+02
     -6.754  0.0000E+00  0.6400E+02
     -6.736  0.0000E+00  0.6400E+02
     -6.718  0.0000E+00  0.6400E+02
     -6.700  0.0000E+00  0.6400E+02
     -6.682  0.0000E+00  0.6400E+02
     -6.663  0.0000E+00  0.6400E+02
     -6.645  0.0000E+00  0.6400E+02
     -6.627  0.0000E+00  0.6400E+02
     -6.609  0.0000E+00  0.6400E+02
     -6.591  0.0000E+00  0.6400E+02
     -6.573  0.0000E+00  0.6400E+02
     -6.554  0.0000E+00  0.6400E+02
     -6.536  0.0000E+00  0.6400E+02
     -6.518  0.0000E+00  0.6400E+02
     -6.500  0.0000E+00  0.6400E+02
     -6.482  0.0000E+00  0.6400E+02
     -6.463  0.0000E+00  0.6400E+02
     -6.445  0.0000E+00  0.6400E+02
     -6.427  0.0000E+00  0.6400E+02
     -6.409  0.0000E+00  0.6400E+02
     -6.391  0.0000E+00  0.6400E+02
     -6.373  0.0000E+00  0.6400E+02
     -6.354  0.0000E+00  0.6400E+02
     -6.336  0.0000E+00  0.6400E+02
     -6.318  0.0000E+00  0.6400E+02
     -6.300  0.0000E+00  0.6400E+02
     -6.282  0.0000E+00  0.6400E+02
     -6.263  0.0000E+00  0.6400E+02
     -6.245  0.0000E+00  0.6400E+02
     -6.227  0.0000E+00  0.6400E+02
     -6.209  0.0000E+00  0.6400E+02
     -6.191  0.0000E+00  0.6400E+02
     -6.173  0.0000E+00  0.6400E+02
     -6.154  0.0000E+00  0.6400E+02
     -6.136  0.0000E+00  0.6400E+02
     -6.118  0.0000E+00  0.6400E+02
     -6.100  0.0000E+00  0.6400E+02
     -6.082  0.0000E+00  0.6400E+02
     -6.063  0.0000E+00  0.6400E+02
     -6.045  0.0000E+00  0.6400E+02
     -6.027  0.0000E+00  0.6400E+02
     -6.009  0.0000E+00  0.6400E+02
     -5.991  0.0000E+00  0.6400E+02
     -5.973  0.0000E+00  0.6400E+02
     -5.954  0.0000E+00  0.6400E+02
     -5.936  0.0000E+00  0.6400E+02
     -5.918  0.0000E+00  0.6400E+02
     -5.900  0.0000E+00  0.6400E+02
     -5.882  0.0000E+00  0.6400E+02
     -5.863  0.0000E+00  0.6400E+02
     -5.845  0.0000E+00  0.6400E+02
     -5.827  0.0000E+00  0.6400E+02
     -5.809  0.0000E+00  0.6400E+02
     -5.791  0.0000E+00  0.6400E+02
     -5.773  0.0000E+00  0.6400E+02
     -5.754  0.0000E+00  0.6400E+02
     -5.736  0.0000E+00  0.6400E+02
     -5.718  0.0000E+00  0.6400E+02
     -5.700  0.0000E+00  0.6400E+02
     -5.682  0.0000E+00  0.6400E+02
     -5.664  0.0000E+00  0.6400E+02
     -5.645  0.0000E+00  0.6400E+02
     -5.627  0.0000E+00  0.6400E+02
     -5.609  0.0000E+00  0.6400E+02
     -5.591  0.0000E+00  0.6400E+02
     -5.573  0.0000E+00  0.6400E+02
     -5.554  0.0000E+00  0.6400E+02
     -5.536  0.0000E+00  0.6400E+02
     -5.518  0.0000E+00  0.6400E+02
     -5.500  0.0000E+00  0.6400E+02
     -5.482  0.0000E+00  0.6400E+02
     -5.464  0.0000E+00  0.6400E+02
     -5.445  0.0000E+00  0.6400E+02
     -5.427  0.0000E+00  0.6400E+02
     -5.409  0.0000E+00  0.6400E+02
     -5.391  0.0000E+00  0.6400E+02
     -5.373  0.0000E+00  0.6400E+02
     -5.354  0.0000E+00  0.6400E+02
     -5.336  0.0000E+00  0.6400E+02
     -5.318  0.0000E+00  0.6400E+02
     -5.300  0.0000E+00  0.6400E+02
     -5.282  0.0000E+00  0.6400E+02
     -5.264  0.0000E+00  0.6400E+02
     -5.245  0.0000E+00  0.6400E+02
     -5.227  0.0000E+00  0.6400E+02
     -5.209  0.0000E+00  0.6400E+02
     -5.191  0.0000E+00  0.6400E+02
     -5.173  0.0000E+00  0.6400E+02
     -5.154  0.0000E+00  0.6400E+02
     -5.136  0.0000E+00  0.6400E+02
     -5.118  0.0000E+00  0.6400E+02
     -5.100  0.0000E+00  0.6400E+02
     -5.082  0.0000E+00  0.6400E+02
     -5.064  0.0000E+00  0.6400E+02
     -5.045  0.0000E+00  0.6400E+02
     -5.027  0.0000E+00  0.6400E+02
     -5.009  0.0000E+00  0.6400E+02
     -4.991  0.0000E+00  0.6400E+02
     -4.973  0.0000E+00  0.6400E+02
     -4.954  0.0000E+00  0.6400E+02
     -4.936  0.0000E+00  0.6400E+02
     -4.918  0.0000E+00  0.6400E+02
     -4.900  0.0000E+00  0.6400E+02
     -4.882  0.0000E+00  0.6400E+02
     -4.864  0.0000E+00  0.6400E+02
     -4.845  0.0000E+00  0.6400E+02
     -4.827  0.0000E+00  0.6400E+02
     -4.809  0.0000E+00  0.6400E+02
     -4.791  0.0000E+00  0.6400E+02
     -4.773  0.0000E+00  0.6400E+02
     -4.754  0.0000E+00  0.6400E+02
     -4.736  0.0000E+00  0.6400E+02
     -4.718  0.0000E+00  0.6400E+02
     -4.700  0.0000E+00  0.6400E+02
     -4.682  0.0000E+00  0.6400E+02
     -4.664  0.0000E+00  0.6400E+02
     -4.645  0.0000E+00  0.6400E+02
     -4.627  0.0000E+00  0.6400E+02
     -4.609  0.0000E+00  0.6400E+02
     -4.591  0.0000E+00  0.6400E+02
     -4.573  0.0000E+00  0.6400E+02
     -4.555  0.0000E+00  0.6400E+02
     -4.536  0.0000E+00  0.6400E+02
     -4.518  0.0000E+00  0.6400E+02
     -4.500  0.0000E+00  0.6400E+02
     -4.482  0.0000E+00  0.6400E+02
     -4.464  0.0000E+00  0.6400E+02
     -4.445  0.0000E+00  0.6400E+02
     -4.427  0.0000E+00  0.6400E+02
     -4.409  0.0000E+00  0.6400E+02
     -4.391  0.0000E+00  0.6400E+02
     -4.373  0.0000E+00  0.6400E+02
     -4.355  0.0000E+00  0.6400E+02
     -4.336  0.0000E+00  0.6400E+02
     -4.318  0.0000E+00  0.6400E+02
     -4.300  0.0000E+00  0.6400E+02
     -4.282  0.0000E+00  0.6400E+02
     -4.264  0.0000E+00  0.6400E+02
     -4.245  0.0000E+00  0.6400E+02
     -4.227  0.0000E+00  0.6400E+02
     -4.209  0.0000E+00  0.6400E+02
     -4.191  0.0000E+00  0.6400E+02
     -4.173  0.0000E+00  0.6400E+02
     -4.155  0.0000E+00  0.6400E+02
     -4.136  0.0000E+00  0.6400E+02
     -4.118  0.0000E+00  0.6400E+02
     -4.100  0.0000E+00  0.6400E+02
     -4.082  0.0000E+00  0.6400E+02
     -4.064  0.0000E+00  0.6400E+02
     -4.045  0.0000E+00  0.6400E+02
     -4.027  0.0000E+00  0.6400E+02
     -4.009  0.0000E+00  0.6400E+02
     -3.991  0.0000E+00  0.6400E+02
     -3.973  0.0000E+00  0.6400E+02
     -3.955  0.0000E+00  0.6400E+02
     -3.936  0.0000E+00  0.6400E+02
     -3.918  0.0000E+00  0.6400E+02
     -3.900  0.0000E+00  0.6400E+02
     -3.882  0.0000E+00  0.6400E+02
     -3.864  0.0000E+00  0.6400E+02
     -3.845  0.0000E+00  0.6400E+02
     -3.827  0.0000E+00  0.6400E+02
     -3.809  0.0000E+00  0.6400E+02
     -3.791  0.0000E+00  0.6400E+02
     -3.773  0.0000E+00  0.6400E+02
     -3.755  0.0000E+00  0.6400E+02
     -3.736  0.0000E+00  0.6400E+02
     -3.718  0.0000E+00  0.6400E+02
     -3.700  0.0000E+00  0.6400E+02
     -3.682  0.0000E+00  0.6400E+02
     -3.664  0.0000E+00  0.6400E+02
     -3.645  0.0000E+00  0.6400E+02
     -3.627  0.0000E+00  0.6400E+02
     -3.609  0.0000E+00  0.6400E+02
     -3.591  0.0000E+00  0.6400E+02
     -3.573  0.0000E+00  0.6400E+02
     -3.555  0.0000E+00  0.6400E+02
     -3.536  0.0000E+00  0.6400E+02
     -3.518  0.0000E+00  0.6400E+02
     -3.500  0.0000E+00  0.6400E+02
     -3.482  0.0000E+00  0.6400E+02
     -3.464  0.0000E+00  0.6400E+02
     -3.445  0.0000E+00  0.6400E+02
     -3.427  0.0000E+00  0.6400E+02
     -3.409  0.0000E+00  0.6400E+02
     -3.391  0.0000E+00  0.6400E+02
     -3.373  0.0000E+00  0.6400E+02
     -3.355  0.0000E+00  0.6400E+02
     -3.336  0.0000E+00  0.6400E+02
     -3.318  0.0000E+00  0.6400E+02
     -3.300  0.0000E+00  0.6400E+02
     -3.282  0.0000E+00  0.6400E+02
     -3.264  0.0000E+00  0.6400E+02
     -3.246  0.0000E+00  0.6400E+02
     -3.227  0.0000E+00  0.6400E+02
     -3.209  0.0000E+00  0.6400E+02
     -3.191  0.0000E+00  0.6400E+02
     -3.173  0.0000E+00  0.6400E+02
     -3.155  0.0000E+00  0.6400E+02
     -3.136  0.0000E+00  0.6400E+02
     -3.118  0.0000E+00  0.6400E+02
     -3.100  0.0000E+00  0.6400E+02
     -3.082  0.0000E+00  0.6400E+02
     -3.064  0.0000E+00  0.6400E+02
     -3.046  0.0000E+00  0.6400E+02
     -3.027  0.0000E+00  0.6400E+02
     -3.009  0.0000E+00  0.6400E+02
     -2.991  0.0000E+00  0.6400E+02
     -2.973  0.0000E+00  0.6400E+02
     -2.955  0.0000E+00  0.6400E+02
     -2.936  0.0000E+00  0.6400E+02
     -2.918  0.0000E+00  0.6400E+02
     -2.900  0.0000E+00  0.6400E+02
     -2.882  0.0000E+00  0.6400E+02
     -2.864  0.0000E+00  0.6400E+02
     -2.846  0.0000E+00  0.6400E+02
     -2.827  0.0000E+00  0.6400E+02
     -2.809  0.0000E+00  0.6400E+02
     -2.791  0.0000E+00  0.6400E+02
     -2.773  0.0000E+00  0.6400E+02
     -2.755  0.0000E+00  0.6400E+02
     -2.736  0.0000E+00  0.6400E+02
     -2.718  0.0000E+00  0.6400E+02
     -2.700  0.0000E+00  0.6400E+02
     -2.682  0.0000E+00  0.6400E+02
     -2.664  0.0000E+00  0.6400E+02
     -2.646  0.0000E+00  0.6400E+02
     -2.627  0.0000E+00  0.6400E+02
     -2.609  0.0000E+00  0.6400E+02
     -2.591  0.0000E+00  0.6400E+02
     -2.573  0.0000E+00  0.6400E+02
     -2.555  0.0000E+00  0.6400E+02
     -2.536  0.0000E+00  0.6400E+02
     -2.518  0.0000E+00  0.6400E+02
     -2.500  0.0000E+00  0.6400E+02
     -2.482  0.0000E+00  0.6400E+02
     -2.464  0.0000E+00  0.6400E+02
     -2.446  0.0000E+00  0.6400E+02
     -2.427  0.0000E+00  0.6400E+02
     -2.409  0.0000E+00  0.6400E+02
     -2.391  0.0000E+00  0.6400E+02
     -2.373  0.0000E+00  0.6400E+02
     -2.355  0.0000E+00  0.6400E+02
     -2.336  0.0000E+00  0.6400E+02
     -2.318  0.0000E+00  0.6400E+02
     -2.300  0.0000E+00  0.6400E+02
     -2.282  0.0000E+00  0.6400E+02
     -2.264  0.0000E+00  0.6400E+02
     -2.246  0.0000E+00  0.6400E+02
     -2.227  0.0000E+00  0.6400E+02
     -2.209  0.0000E+00  0.6400E+02
     -2.191  0.0000E+00  0.6400E+02
     -2.173  0.0000E+00  0.6400E+02
     -2.155  0.0000E+00  0.6400E+02
     -2.137  0.0000E+00  0.6400E+02
     -2.118  0.0000E+00  0.6400E+02
     -2.100  0.0000E+00  0.6400E+02
     -2.082  0.0000E+00  0.6400E+02
     -2.064  0.0000E+00  0.6400E+02
     -2.046  0.0000E+00  0.6400E+02
     -2.027  0.0000E+00  0.6400E+02
     -2.009  0.0000E+00  0.6400E+02
     -1.991  0.0000E+00  0.6400E+02
     -1.973  0.0000E+00  0.6400E+02
     -1.955  0.0000E+00  0.6400E+02
     -1.937  0.0000E+00  0.6400E+02
     -1.918  0.0000E+00  0.6400E+02
     -1.900  0.0000E+00  0.6400E+02
     -1.882  0.0000E+00  0.6400E+02
     -1.864  0.0000E+00  0.6400E+02
     -1.846  0.0000E+00  0.6400E+02
     -1.827  0.0000E+00  0.6400E+02
     -1.809  0.0000E+00  0.6400E+02
     -1.791  0.0000E+00  0.6400E+02
     -1.773  0.0000E+00  0.6400E+02
     -1.755  0.0000E+00  0.6400E+02
     -1.737  0.0000E+00  0.6400E+02
     -1.718  0.0000E+00  0.6400E+02
     -1.700  0.0000E+00  0.6400E+02
     -1.682  0.0000E+00  0.6400E+02
     -1.664  0.0000E+00  0.6400E+02
     -1.646  0.0000E+00  0.6400E+02
     -1.627  0.0000E+00  0.6400E+02
     -1.609  0.0000E+00  0.6400E+02
     -1.591  0.0000E+00  0.6400E+02
     -1.573  0.0000E+00  0.6400E+02
     -1.555  0.9606E-03  0.6400E+02
     -1.537  0.3014E-01  0.6400E+02
     -1.518  0.1000E+00  0.6400E+02
     -1.500  0.2106E+00  0.6400E+02
     -1.482  0.3618E+00  0.6401E+02
     -1.464  0.5538E+00  0.6402E+02
     -1.446  0.7864E+00  0.6403E+02
     -1.427  0.1060E+01  0.6405E+02
     -1.409  0.1374E+01  0.6407E+02
     -1.391  0.1729E+01  0.6410E+02
     -1.373  0.2132E+01  0.6413E+02
     -1.355  0.2605E+01  0.6417E+02
     -1.337  0.3150E+01  0.6423E+02
     -1.318  0.3767E+01  0.6429E+02
     -1.300  0.4456E+01  0.6436E+02
     -1.282  0.5216E+01  0.6445E+02
     -1.264  0.6048E+01  0.6455E+02
     -1.246  0.6952E+01  0.6467E+02
     -1.227  0.7927E+01  0.6481E+02
     -1.209  0.8975E+01  0.6496E+02
     -1.191  0.1009E+02  0.6513E+02
     -1.173  0.1128E+02  0.6533E+02
     -1.155  0.1255E+02  0.6554E+02
     -1.137  0.1430E+02  0.6579E+02
     -1.118  0.1673E+02  0.6607E+02
     -1.100  0.1947E+02  0.6640E+02
     -1.082  0.2179E+02  0.6677E+02
     -1.064  0.2397E+02  0.6719E+02
     -1.046  0.2911E+02  0.6765E+02
     -1.027  0.4380E+02  0.6832E+02
     -1.009  0.5223E+02  0.6920E+02
     -0.991  0.5499E+02  0.7018E+02
     -0.973  0.6944E+02  0.7138E+02
     -0.955  0.6814E+02  0.7264E+02
     -0.937  0.6409E+02  0.7384E+02
     -0.918  0.5692E+02  0.7495E+02
     -0.900  0.4706E+02  0.7590E+02
     -0.882  0.3528E+02  0.7664E+02
     -0.864  0.2502E+02  0.7719E+02
     -0.846  0.1652E+02  0.7756E+02
     -0.828  0.9783E+01  0.7780E+02
     -0.809  0.4811E+01  0.7793E+02
     -0.791  0.3323E+02  0.7829E+02
     -0.773  0.2756E+02  0.7890E+02
     -0.755  0.7721E+01  0.7916E+02
     -0.737  0.1702E+02  0.7938E+02
     -0.718  0.2471E+02  0.7976E+02
     -0.700  0.3118E+02  0.8027E+02
     -0.682  0.3648E+02  0.8089E+02
     -0.664  0.4058E+02  0.8159E+02
     -0.646  0.4355E+02  0.8236E+02
     -0.628  0.4549E+02  0.8317E+02
     -0.609  0.6504E+02  0.8411E+02
     -0.591  0.5721E+02  0.8530E+02
     -0.573  0.4747E+02  0.8612E+02
     -0.555  0.7573E+02  0.8726E+02
     -0.537  0.8153E+02  0.8873E+02
     -0.518  0.6171E+02  0.9007E+02
     -0.500  0.5029E+02  0.9104E+02
     -0.482  0.4564E+02  0.9192E+02
     -0.464  0.4024E+02  0.9269E+02
     -0.446  0.4125E+02  0.9343E+02
     -0.428  0.4451E+02  0.9421E+02
     -0.409  0.4720E+02  0.9505E+02
     -0.391  0.5462E+02  0.9596E+02
     -0.373  0.5981E+02  0.9700E+02
     -0.355  0.6301E+02  0.9812E+02
     -0.337  0.6520E+02  0.9929E+02
     -0.318  0.6615E+02  0.1005E+03
     -0.300  0.6567E+02  0.1017E+03
     -0.282  0.4622E+02  0.1028E+03
     -0.264  0.4161E+02  0.1036E+03
     -0.246  0.3731E+02  0.1043E+03
     -0.228  0.3529E+02  0.1050E+03
     -0.209  0.2777E+02  0.1056E+03
     -0.191  0.2782E+02  0.1061E+03
     -0.173  0.2786E+02  0.1066E+03
     -0.155  0.2784E+02  0.1071E+03
     -0.137  0.2775E+02  0.1076E+03
     -0.118  0.2761E+02  0.1081E+03
     -0.100  0.2740E+02  0.1086E+03
     -0.082  0.2713E+02  0.1091E+03
     -0.064  0.2680E+02  0.1096E+03
     -0.046  0.2640E+02  0.1100E+03
     -0.028  0.2642E+02  0.1105E+03
     -0.009  0.2619E+02  0.1110E+03
      0.009  0.2598E+02  0.1115E+03
      0.027  0.2528E+02  0.1119E+03
      0.045  0.2450E+02  0.1124E+03
      0.063  0.2393E+02  0.1128E+03
      0.082  0.2476E+02  0.1133E+03
      0.100  0.2611E+02  0.1137E+03
      0.118  0.2759E+02  0.1142E+03
      0.136  0.2920E+02  0.1147E+03
      0.154  0.3069E+02  0.1153E+03
      0.172  0.3201E+02  0.1159E+03
      0.191  0.3037E+02  0.1164E+03
      0.209  0.3064E+02  0.1170E+03
      0.227  0.2846E+02  0.1175E+03
      0.245  0.2454E+02  0.1180E+03
      0.263  0.2186E+02  0.1185E+03
      0.282  0.1351E+02  0.1188E+03
      0.300  0.9672E+01  0.1190E+03
      0.318  0.8577E+01  0.1191E+03
      0.336  0.7549E+01  0.1193E+03
      0.354  0.7591E+01  0.1194E+03
      0.372  0.1204E+02  0.1196E+03
      0.391  0.1502E+02  0.1199E+03
      0.409  0.2059E+02  0.1201E+03
      0.427  0.4428E+02  0.1208E+03
      0.445  0.4682E+02  0.1216E+03
      0.463  0.4563E+02  0.1225E+03
      0.481  0.4352E+02  0.1233E+03
      0.500  0.3998E+02  0.1240E+03
      0.518  0.3527E+02  0.1247E+03
      0.536  0.3103E+02  0.1253E+03
      0.554  0.2696E+02  0.1258E+03
      0.572  0.2252E+02  0.1263E+03
      0.591  0.1808E+02  0.1267E+03
      0.609  0.1485E+02  0.1270E+03
      0.627  0.1363E+02  0.1272E+03
      0.645  0.1352E+02  0.1275E+03
      0.663  0.1432E+02  0.1277E+03
      0.681  0.1510E+02  0.1280E+03
      0.700  0.1558E+02  0.1283E+03
      0.718  0.1842E+02  0.1286E+03
      0.736  0.1879E+02  0.1289E+03
      0.754  0.1925E+02  0.1293E+03
      0.772  0.1979E+02  0.1296E+03
      0.791  0.2043E+02  0.1300E+03
      0.809  0.2033E+02  0.1304E+03
      0.827  0.1922E+02  0.1307E+03
      0.845  0.1778E+02  0.1311E+03
      0.863  0.1842E+02  0.1314E+03
      0.881  0.1900E+02  0.1317E+03
      0.900  0.1952E+02  0.1321E+03
      0.918  0.1998E+02  0.1324E+03
      0.936  0.2038E+02  0.1328E+03
      0.954  0.2072E+02  0.1332E+03
      0.972  0.2100E+02  0.1335E+03
      0.991  0.2122E+02  0.1339E+03
      1.009  0.2139E+02  0.1343E+03
      1.027  0.2149E+02  0.1347E+03
      1.045  0.2153E+02  0.1351E+03
      1.063  0.2151E+02  0.1355E+03
      1.081  0.2143E+02  0.1359E+03
      1.100  0.2129E+02  0.1363E+03
      1.118  0.2109E+02  0.1367E+03
      1.136  0.2079E+02  0.1370E+03
      1.154  0.2044E+02  0.1374E+03
      1.172  0.2034E+02  0.1378E+03
      1.191  0.2061E+02  0.1382E+03
      1.209  0.2126E+02  0.1385E+03
      1.227  0.2263E+02  0.1389E+03
      1.245  0.2449E+02  0.1394E+03
      1.263  0.2383E+02  0.1398E+03
      1.281  0.2504E+02  0.1402E+03
      1.300  0.2598E+02  0.1407E+03
      1.318  0.3065E+02  0.1412E+03
      1.336  0.3567E+02  0.1418E+03
      1.354  0.4021E+02  0.1425E+03
      1.372  0.4359E+02  0.1433E+03
      1.391  0.4635E+02  0.1441E+03
      1.409  0.4865E+02  0.1450E+03
      1.427  0.5049E+02  0.1459E+03
      1.445  0.5178E+02  0.1468E+03
      1.463  0.5200E+02  0.1477E+03
      1.481  0.1048E+03  0.1492E+03
      1.500  0.3002E+02  0.1502E+03
      1.518  0.3571E+02  0.1508E+03
      1.536  0.3981E+02  0.1515E+03
      1.554  0.4318E+02  0.1522E+03
      1.572  0.4596E+02  0.1530E+03
      1.590  0.4767E+02  0.1539E+03
      1.609  0.4827E+02  0.1547E+03
      1.627  0.4836E+02  0.1556E+03
      1.645  0.4800E+02  0.1565E+03
      1.663  0.4724E+02  0.1574E+03
      1.681  0.4609E+02  0.1582E+03
      1.700  0.4330E+02  0.1590E+03
      1.718  0.4219E+02  0.1598E+03
      1.736  0.4168E+02  0.1606E+03
      1.754  0.4095E+02  0.1613E+03
      1.772  0.4000E+02  0.1621E+03
      1.790  0.3883E+02  0.1628E+03
      1.809  0.3744E+02  0.1635E+03
      1.827  0.3583E+02  0.1641E+03
      1.845  0.3605E+02  0.1648E+03
      1.863  0.3656E+02  0.1654E+03
      1.881  0.3725E+02  0.1661E+03
      1.900  0.3811E+02  0.1668E+03
      1.918  0.3914E+02  0.1675E+03
      1.936  0.4035E+02  0.1682E+03
      1.954  0.4173E+02  0.1690E+03
      1.972  0.4328E+02  0.1697E+03
      1.990  0.4585E+02  0.1705E+03
      2.009  0.5989E+02  0.1715E+03
      2.027  0.8645E+02  0.1728E+03
      2.045  0.9118E+02  0.1745E+03
      2.063  0.7049E+02  0.1760E+03
      2.081  0.3362E+02  0.1769E+03
      2.100  0.4901E+02  0.1776E+03
      2.118  0.7583E+02  0.1788E+03
      2.136  0.8776E+02  0.1803E+03
      2.154  0.9392E+02  0.1820E+03
      2.172  0.1013E+03  0.1837E+03
      2.190  0.9946E+02  0.1856E+03
      2.209  0.8073E+02  0.1872E+03
      2.227  0.8276E+02  0.1886E+03
      2.245  0.7466E+02  0.1901E+03
      2.263  0.5353E+02  0.1913E+03
      2.281  0.7762E+02  0.1926E+03
      2.300  0.7440E+02  0.1937E+03
      2.318  0.1240E+03  0.1958E+03
      2.336  0.6501E+02  0.1973E+03
      2.354  0.1181E+03  0.1988E+03
      2.372  0.5024E+02  0.2005E+03
      2.390  0.6892E+02  0.2015E+03
      2.409  0.6375E+02  0.2028E+03
      2.427  0.5986E+02  0.2038E+03
      2.445  0.8256E+02  0.2051E+03
      2.463  0.3292E+02  0.2060E+03
      2.481  0.1291E+03  0.2069E+03
      2.500  0.8234E+02  0.2098E+03
      2.518  0.7758E+02  0.2114E+03
      2.536  0.5362E+02  0.2125E+03
      2.554  0.5569E+02  0.2135E+03
      2.572  0.7842E+02  0.2151E+03
      2.590  0.6802E+02  0.2161E+03
      2.609  0.8725E+02  0.2175E+03
      2.627  0.9515E+02  0.2192E+03
      2.645  0.9740E+02  0.2209E+03
      2.663  0.1112E+03  0.2226E+03
      2.681  0.6053E+02  0.2250E+03
      2.700  0.3629E+02  0.2261E+03
      2.718  0.1672E+02  0.2266E+03
      2.736  0.4561E+02  0.2272E+03
      2.754  0.1396E+03  0.2288E+03
      2.772  0.4027E+02  0.2309E+03
      2.790  0.3213E+02  0.2315E+03
      2.809  0.2726E+02  0.2320E+03
      2.827  0.2279E+02  0.2325E+03
      2.845  0.1873E+02  0.2329E+03
      2.863  0.6326E+02  0.2337E+03
      2.881  0.9117E+02  0.2352E+03
      2.899  0.7463E+02  0.2368E+03
      2.918  0.8891E+02  0.2380E+03
      2.936  0.7469E+02  0.2395E+03
      2.954  0.6032E+02  0.2407E+03
      2.972  0.6943E+02  0.2419E+03
      2.990  0.4575E+02  0.2430E+03
      3.009  0.2328E+02  0.2435E+03
      3.027  0.1478E+02  0.2439E+03
      3.045  0.9246E+01  0.2441E+03
      3.063  0.6483E+01  0.2442E+03
      3.081  0.6403E+01  0.2444E+03
      3.099  0.8064E+01  0.2445E+03
      3.118  0.1112E+02  0.2447E+03
      3.136  0.1564E+02  0.2449E+03
      3.154  0.2165E+02  0.2452E+03
      3.172  0.0000E+00  0.2460E+03
      3.190  0.3697E+02  0.2467E+03
      3.209  0.2260E+02  0.2472E+03
      3.227  0.4569E+02  0.2477E+03
      3.245  0.4906E+02  0.2486E+03
      3.263  0.2590E+02  0.2493E+03
      3.281  0.1815E+02  0.2497E+03
      3.299  0.2727E+02  0.2501E+03
      3.318  0.4174E+02  0.2507E+03
      3.336  0.2528E+02  0.2514E+03
      3.354  0.2579E+02  0.2519E+03
      3.372  0.2380E+02  0.2523E+03
      3.390  0.1827E+02  0.2527E+03
      3.409  0.1679E+02  0.2530E+03
      3.427  0.1613E+02  0.2533E+03
      3.445  0.1550E+02  0.2536E+03
      3.463  0.1489E+02  0.2539E+03
      3.481  0.1432E+02  0.2541E+03
      3.499  0.1377E+02  0.2544E+03
      3.518  0.1326E+02  0.2546E+03
      3.536  0.1277E+02  0.2549E+03
      3.554  0.1232E+02  0.2551E+03
      3.572  0.1266E+02  0.2553E+03
      3.590  0.1297E+02  0.2556E+03
      3.609  0.1120E+02  0.2558E+03
      3.627  0.6157E+01  0.2560E+03
      3.645  0.0000E+00  0.2560E+03
      3.663  0.0000E+00  0.2560E+03
      3.681  0.0000E+00  0.2560E+03
      3.699  0.0000E+00  0.2560E+03
      3.718  0.0000E+00  0.2560E+03
      3.736  0.0000E+00  0.2560E+03
      3.754  0.0000E+00  0.2560E+03
      3.772  0.0000E+00  0.2560E+03
      3.790  0.0000E+00  0.2560E+03
      3.809  0.0000E+00  0.2560E+03
      3.827  0.0000E+00  0.2560E+03
      3.845  0.0000E+00  0.2560E+03
      3.863  0.0000E+00  0.2560E+03
      3.881  0.0000E+00  0.2560E+03
      3.899  0.0000E+00  0.2560E+03
      3.918  0.0000E+00  0.2560E+03
      3.936  0.0000E+00  0.2560E+03
      3.954  0.0000E+00  0.2560E+03
      3.972  0.0000E+00  0.2560E+03
      3.990  0.0000E+00  0.2560E+03
      4.008  0.0000E+00  0.2560E+03
      4.027  0.0000E+00  0.2560E+03
      4.045  0.0000E+00  0.2560E+03
      4.063  0.0000E+00  0.2560E+03
      4.081  0.0000E+00  0.2560E+03
      4.099  0.0000E+00  0.2560E+03
      4.118  0.0000E+00  0.2560E+03
      4.136  0.0000E+00  0.2560E+03
      4.154  0.0000E+00  0.2560E+03
      4.172  0.0000E+00  0.2560E+03
      4.190  0.0000E+00  0.2560E+03
      4.208  0.0000E+00  0.2560E+03
      4.227  0.0000E+00  0.2560E+03
      4.245  0.0000E+00  0.2560E+03
      4.263  0.0000E+00  0.2560E+03
      4.281  0.0000E+00  0.2560E+03
      4.299  0.0000E+00  0.2560E+03
      4.318  0.0000E+00  0.2560E+03
      4.336  0.0000E+00  0.2560E+03
      4.354  0.0000E+00  0.2560E+03
      4.372  0.0000E+00  0.2560E+03
      4.390  0.0000E+00  0.2560E+03
      4.408  0.0000E+00  0.2560E+03
      4.427  0.0000E+00  0.2560E+03
      4.445  0.0000E+00  0.2560E+03
      4.463  0.0000E+00  0.2560E+03
      4.481  0.0000E+00  0.2560E+03
      4.499  0.0000E+00  0.2560E+03
      4.518  0.0000E+00  0.2560E+03
      4.536  0.0000E+00  0.2560E+03
      4.554  0.0000E+00  0.2560E+03
      4.572  0.0000E+00  0.2560E+03
      4.590  0.0000E+00  0.2560E+03
      4.608  0.0000E+00  0.2560E+03
      4.627  0.0000E+00  0.2560E+03
      4.645  0.0000E+00  0.2560E+03
      4.663  0.0000E+00  0.2560E+03
      4.681  0.0000E+00  0.2560E+03
      4.699  0.0000E+00  0.2560E+03
      4.718  0.0000E+00  0.2560E+03
      4.736  0.0000E+00  0.2560E+03
      4.754  0.0000E+00  0.2560E+03
      4.772  0.0000E+00  0.2560E+03
      4.790  0.0000E+00  0.2560E+03
      4.808  0.0000E+00  0.2560E+03
      4.827  0.0000E+00  0.2560E+03
      4.845  0.0000E+00  0.2560E+03
      4.863  0.0000E+00  0.2560E+03
      4.881  0.0000E+00  0.2560E+03
      4.899  0.0000E+00  0.2560E+03
      4.918  0.0000E+00  0.2560E+03
      4.936  0.0000E+00  0.2560E+03
      4.954  0.0000E+00  0.2560E+03
      4.972  0.0000E+00  0.2560E+03
      4.990  0.0000E+00  0.2560E+03
      5.008  0.0000E+00  0.2560E+03
      5.027  0.0000E+00  0.2560E+03
      5.045  0.0000E+00  0.2560E+03
      5.063  0.0000E+00  0.2560E+03
      5.081  0.0000E+00  0.2560E+03
      5.099  0.0000E+00  0.2560E+03
      5.118  0.0000E+00  0.2560E+03
      5.136  0.0000E+00  0.2560E+03
      5.154  0.0000E+00  0.2560E+03
      5.172  0.0000E+00  0.2560E+03
      5.190  0.0000E+00  0.2560E+03
      5.208  0.0000E+00  0.2560E+03
      5.227  0.0000E+00  0.2560E+03
      5.245  0.0000E+00  0.2560E+03
      5.263  0.0000E+00  0.2560E+03
      5.281  0.0000E+00  0.2560E+03
      5.299  0.0000E+00  0.2560E+03
      5.317  0.0000E+00  0.2560E+03
      5.336  0.0000E+00  0.2560E+03
      5.354  0.0000E+00  0.2560E+03
      5.372  0.0000E+00  0.2560E+03
      5.390  0.0000E+00  0.2560E+03
      5.408  0.0000E+00  0.2560E+03
      5.427  0.0000E+00  0.2560E+03
      5.445  0.0000E+00  0.2560E+03
      5.463  0.0000E+00  0.2560E+03
      5.481  0.0000E+00  0.2560E+03
      5.499  0.0000E+00  0.2560E+03
      5.517  0.0000E+00  0.2560E+03
      5.536  0.0000E+00  0.2560E+03
      5.554  0.0000E+00  0.2560E+03
      5.572  0.0000E+00  0.2560E+03
      5.590  0.0000E+00  0.2560E+03
      5.608  0.0000E+00  0.2560E+03
      5.627  0.0000E+00  0.2560E+03
      5.645  0.0000E+00  0.2560E+03
      5.663  0.0000E+00  0.2560E+03
      5.681  0.0000E+00  0.2560E+03
      5.699  0.0000E+00  0.2560E+03
      5.717  0.0000E+00  0.2560E+03
      5.736  0.0000E+00  0.2560E+03
      5.754  0.0000E+00  0.2560E+03
      5.772  0.0000E+00  0.2560E+03
      5.790  0.0000E+00  0.2560E+03
      5.808  0.0000E+00  0.2560E+03
      5.827  0.0000E+00  0.2560E+03
      5.845  0.0000E+00  0.2560E+03
      5.863  0.0000E+00  0.2560E+03
      5.881  0.0000E+00  0.2560E+03
      5.899  0.0000E+00  0.2560E+03
      5.917  0.0000E+00  0.2560E+03
      5.936  0.0000E+00  0.2560E+03
      5.954  0.0000E+00  0.2560E+03
      5.972  0.0000E+00  0.2560E+03
      5.990  0.0000E+00  0.2560E+03
      6.008  0.0000E+00  0.2560E+03
      6.027  0.0000E+00  0.2560E+03
      6.045  0.0000E+00  0.2560E+03
      6.063  0.0000E+00  0.2560E+03
      6.081  0.0000E+00  0.2560E+03
      6.099  0.0000E+00  0.2560E+03
      6.117  0.0000E+00  0.2560E+03
      6.136  0.0000E+00  0.2560E+03
      6.154  0.0000E+00  0.2560E+03
      6.172  0.0000E+00  0.2560E+03
      6.190  0.0000E+00  0.2560E+03
      6.208  0.0000E+00  0.2560E+03
      6.227  0.0000E+00  0.2560E+03
      6.245  0.0000E+00  0.2560E+03
      6.263  0.0000E+00  0.2560E+03
      6.281  0.0000E+00  0.2560E+03
      6.299  0.0000E+00  0.2560E+03
      6.317  0.0000E+00  0.2560E+03
      6.336  0.0000E+00  0.2560E+03
      6.354  0.0000E+00  0.2560E+03
      6.372  0.0000E+00  0.2560E+03
      6.390  0.0000E+00  0.2560E+03
      6.408  0.0000E+00  0.2560E+03
      6.426  0.0000E+00  0.2560E+03
      6.445  0.0000E+00  0.2560E+03
      6.463  0.0000E+00  0.2560E+03
      6.481  0.0000E+00  0.2560E+03
      6.499  0.0000E+00  0.2560E+03
      6.517  0.0000E+00  0.2560E+03
      6.536  0.0000E+00  0.2560E+03
      6.554  0.0000E+00  0.2560E+03
      6.572  0.0000E+00  0.2560E+03
      6.590  0.0000E+00  0.2560E+03
      6.608  0.0000E+00  0.2560E+03
      6.626  0.0000E+00  0.2560E+03
      6.645  0.0000E+00  0.2560E+03
      6.663  0.0000E+00  0.2560E+03
      6.681  0.0000E+00  0.2560E+03
      6.699  0.0000E+00  0.2560E+03
      6.717  0.0000E+00  0.2560E+03
      6.736  0.0000E+00  0.2560E+03
      6.754  0.0000E+00  0.2560E+03
      6.772  0.0000E+00  0.2560E+03
      6.790  0.0000E+00  0.2560E+03
      6.808  0.0000E+00  0.2560E+03
      6.826  0.0000E+00  0.2560E+03
      6.845  0.0000E+00  0.2560E+03
      6.863  0.0000E+00  0.2560E+03
      6.881  0.0000E+00  0.2560E+03
      6.899  0.0000E+00  0.2560E+03
      6.917  0.0000E+00  0.2560E+03
      6.936  0.0000E+00  0.2560E+03
      6.954  0.0000E+00  0.2560E+03
      6.972  0.0000E+00  0.2560E+03
      6.990  0.0000E+00  0.2560E+03
      7.008  0.0000E+00  0.2560E+03
      7.026  0.0000E+00  0.2560E+03
      7.045  0.0000E+00  0.2560E+03
      7.063  0.0000E+00  0.2560E+03
      7.081  0.0000E+00  0.2560E+03
      7.099  0.0000E+00  0.2560E+03
      7.117  0.0000E+00  0.2560E+03
      7.136  0.0000E+00  0.2560E+03
      7.154  0.0000E+00  0.2560E+03
      7.172  0.0000E+00  0.2560E+03
      7.190  0.0000E+00  0.2560E+03
      7.208  0.0000E+00  0.2560E+03
      7.226  0.0000E+00  0.2560E+03
      7.245  0.0000E+00  0.2560E+03
      7.263  0.0000E+00  0.2560E+03
      7.281  0.0000E+00  0.2560E+03
      7.299  0.0000E+00  0.2560E+03
      7.317  0.0000E+00  0.2560E+03
      7.336  0.0000E+00  0.2560E+03
      7.354  0.0000E+00  0.2560E+03
      7.372  0.0000E+00  0.2560E+03
      7.390  0.0000E+00  0.2560E+03
      7.408  0.0000E+00  0.2560E+03
      7.426  0.0000E+00  0.2560E+03
      7.445  0.0000E+00  0.2560E+03
      7.463  0.0000E+00  0.2560E+03
      7.481  0.0000E+00  0.2560E+03
      7.499  0.0000E+00  0.2560E+03
      7.517  0.0000E+00  0.2560E+03
      7.536  0.0000E+00  0.2560E+03
      7.554  0.0000E+00  0.2560E+03
      7.572  0.0000E+00  0.2560E+03
      7.590  0.0000E+00  0.2560E+03
      7.608  0.0000E+00  0.2560E+03
      7.626  0.0000E+00  0.2560E+03
      7.645  0.0000E+00  0.2560E+03
      7.663  0.0000E+00  0.2560E+03
      7.681  0.0000E+00  0.2560E+03
      7.699  0.0000E+00  0.2560E+03
      7.717  0.0000E+00  0.2560E+03
      7.735  0.0000E+00  0.2560E+03
      7.754  0.0000E+00  0.2560E+03
      7.772  0.0000E+00  0.2560E+03
      7.790  0.0000E+00  0.2560E+03
      7.808  0.0000E+00  0.2560E+03
      7.826  0.0000E+00  0.2560E+03
      7.845  0.0000E+00  0.2560E+03
      7.863  0.0000E+00  0.2560E+03
      7.881  0.0000E+00  0.2560E+03
      7.899  0.0000E+00  0.2560E+03
      7.917  0.0000E+00  0.2560E+03
      7.935  0.0000E+00  0.2560E+03
      7.954  0.0000E+00  0.2560E+03
      7.972  0.0000E+00  0.2560E+03
      7.990  0.0000E+00  0.2560E+03
      8.008  0.0000E+00  0.2560E+03
      8.026  0.0000E+00  0.2560E+03
      8.045  0.0000E+00  0.2560E+03
      8.063  0.0000E+00  0.2560E+03
      8.081  0.0000E+00  0.2560E+03
      8.099  0.0000E+00  0.2560E+03
      8.117  0.0000E+00  0.2560E+03
      8.135  0.0000E+00  0.2560E+03
      8.154  0.0000E+00  0.2560E+03
      8.172  0.0000E+00  0.2560E+03
      8.190  0.0000E+00  0.2560E+03
      8.208  0.0000E+00  0.2560E+03
      8.226  0.0000E+00  0.2560E+03
      8.245  0.0000E+00  0.2560E+03
      8.263  0.0000E+00  0.2560E+03
      8.281  0.0000E+00  0.2560E+03
      8.299  0.0000E+00  0.2560E+03
      8.317  0.0000E+00  0.2560E+03
      8.335  0.0000E+00  0.2560E+03
      8.354  0.0000E+00  0.2560E+03
      8.372  0.0000E+00  0.2560E+03
      8.390  0.0000E+00  0.2560E+03
      8.408  0.0000E+00  0.2560E+03
      8.426  0.0000E+00  0.2560E+03
      8.445  0.0000E+00  0.2560E+03
      8.463  0.0000E+00  0.2560E+03
      8.481  0.0000E+00  0.2560E+03
      8.499  0.0000E+00  0.2560E+03
      8.517  0.0000E+00  0.2560E+03
      8.535  0.0000E+00  0.2560E+03
      8.554  0.0000E+00  0.2560E+03
      8.572  0.0000E+00  0.2560E+03
      8.590  0.0000E+00  0.2560E+03
      8.608  0.0000E+00  0.2560E+03
      8.626  0.0000E+00  0.2560E+03
      8.645  0.0000E+00  0.2560E+03
      8.663  0.0000E+00  0.2560E+03
      8.681  0.0000E+00  0.2560E+03
      8.699  0.0000E+00  0.2560E+03
      8.717  0.0000E+00  0.2560E+03
      8.735  0.0000E+00  0.2560E+03
      8.754  0.0000E+00  0.2560E+03
      8.772  0.0000E+00  0.2560E+03
      8.790  0.0000E+00  0.2560E+03
      8.808  0.0000E+00  0.2560E+03
      8.826  0.0000E+00  0.2560E+03
      8.845  0.0000E+00  0.2560E+03
      8.863  0.0000E+00  0.2560E+03
      8.881  0.0000E+00  0.2560E+03
      8.899  0.0000E+00  0.2560E+03
      8.917  0.0000E+00  0.2560E+03
      8.935  0.0000E+00  0.2560E+03
      8.954  0.0000E+00  0.2560E+03
      8.972  0.0000E+00  0.2560E+03
      8.990  0.0000E+00  0.2560E+03
      9.008  0.0000E+00  0.2560E+03
      9.026  0.0000E+00  0.2560E+03
      9.044  0.0000E+00  0.2560E+03
      9.063  0.0000E+00  0.2560E+03
      9.081  0.0000E+00  0.2560E+03
      9.099  0.0000E+00  0.2560E+03
      9.117  0.0000E+00  0.2560E+03
      9.135  0.0000E+00  0.2560E+03
      9.154  0.0000E+00  0.2560E+03
      9.172  0.0000E+00  0.2560E+03
      9.190  0.0000E+00  0.2560E+03
      9.208  0.0000E+00  0.2560E+03
      9.226  0.0000E+00  0.2560E+03
      9.244  0.0000E+00  0.2560E+03
      9.263  0.0000E+00  0.2560E+03
      9.281  0.0000E+00  0.2560E+03
      9.299  0.0000E+00  0.2560E+03
      9.317  0.0000E+00  0.2560E+03
      9.335  0.0000E+00  0.2560E+03
      9.354  0.0000E+00  0.2560E+03
      9.372  0.0000E+00  0.2560E+03
      9.390  0.0000E+00  0.2560E+03
      9.408  0.0000E+00  0.2560E+03
      9.426  0.0000E+00  0.2560E+03
      9.444  0.0000E+00  0.2560E+03
      9.463  0.0000E+00  0.2560E+03
      9.481  0.0000E+00  0.2560E+03
      9.499  0.0000E+00  0.2560E+03
      9.517  0.0000E+00  0.2560E+03
      9.535  0.0000E+00  0.2560E+03
      9.554  0.0000E+00  0.2560E+03
      9.572  0.0000E+00  0.2560E+03
      9.590  0.0000E+00  0.2560E+03
      9.608  0.0000E+00  0.2560E+03
      9.626  0.0000E+00  0.2560E+03
      9.644  0.0000E+00  0.2560E+03
      9.663  0.0000E+00  0.2560E+03
      9.681  0.0000E+00  0.2560E+03
      9.699  0.0000E+00  0.2560E+03
      9.717  0.0000E+00  0.2560E+03
      9.735  0.0000E+00  0.2560E+03
      9.754  0.0000E+00  0.2560E+03
      9.772  0.0000E+00  0.2560E+03
      9.790  0.0000E+00  0.2560E+03
      9.808  0.0000E+00  0.2560E+03
      9.826  0.0000E+00  0.2560E+03
      9.844  0.0000E+00  0.2560E+03
      9.863  0.0000E+00  0.2560E+03
      9.881  0.0000E+00  0.2560E+03
      9.899  0.0000E+00  0.2560E+03
      9.917  0.0000E+00  0.2560E+03
      9.935  0.0000E+00  0.2560E+03
      9.954  0.0000E+00  0.2560E+03
      9.972  0.0000E+00  0.2560E+03
      9.990  0.0000E+00  0.2560E+03
     10.008  0.0000E+00  0.2560E+03
     10.026  0.0000E+00  0.2560E+03
     10.044  0.0000E+00  0.2560E+03
     10.063  0.0000E+00  0.2560E+03
     10.081  0.0000E+00  0.2560E+03
     10.099  0.0000E+00  0.2560E+03
     10.117  0.0000E+00  0.2560E+03
     10.135  0.0000E+00  0.2560E+03
     10.153  0.1078E-03  0.2560E+03
     10.172  0.7597E-03  0.2560E+03
     10.190  0.2002E-02  0.2560E+03
     10.208  0.3834E-02  0.2560E+03
     10.226  0.6256E-02  0.2560E+03
     10.244  0.9269E-02  0.2560E+03
     10.263  0.1287E-01  0.2560E+03
     10.281  0.1706E-01  0.2560E+03
     10.299  0.2185E-01  0.2560E+03
     10.317  0.2722E-01  0.2560E+03
     10.335  0.3318E-01  0.2560E+03
     10.353  0.3974E-01  0.2560E+03
     10.372  0.4688E-01  0.2560E+03
     10.390  0.5461E-01  0.2560E+03
     10.408  0.6294E-01  0.2560E+03
     10.426  0.7185E-01  0.2560E+03
     10.444  0.8136E-01  0.2560E+03
     10.463  0.9145E-01  0.2560E+03
     10.481  0.1021E+00  0.2560E+03
     10.499  0.1134E+00  0.2560E+03
     10.517  0.1253E+00  0.2560E+03
     10.535  0.1377E+00  0.2560E+03
     10.553  0.1508E+00  0.2560E+03
     10.572  0.1644E+00  0.2560E+03
     10.590  0.1786E+00  0.2560E+03
     10.608  0.1935E+00  0.2560E+03
     10.626  0.2089E+00  0.2560E+03
     10.644  0.2249E+00  0.2560E+03
     10.663  0.2414E+00  0.2560E+03
     10.681  0.2586E+00  0.2560E+03
     10.699  0.2764E+00  0.2561E+03
     10.717  0.2947E+00  0.2561E+03
     10.735  0.3137E+00  0.2561E+03
     10.753  0.3332E+00  0.2561E+03
     10.772  0.3533E+00  0.2561E+03
     10.790  0.3741E+00  0.2561E+03
     10.808  0.3954E+00  0.2561E+03
     10.826  0.4173E+00  0.2561E+03
     10.844  0.4398E+00  0.2561E+03
     10.863  0.4628E+00  0.2561E+03
     10.881  0.4865E+00  0.2561E+03
     10.899  0.5108E+00  0.2561E+03
     10.917  0.5356E+00  0.2561E+03
     10.935  0.5611E+00  0.2561E+03
     10.953  0.5871E+00  0.2562E+03
     10.972  0.6137E+00  0.2562E+03
     10.990  0.6409E+00  0.2562E+03
     11.008  0.6687E+00  0.2562E+03
     11.026  0.6971E+00  0.2562E+03
     11.044  0.7261E+00  0.2562E+03
     11.063  0.7556E+00  0.2562E+03
     11.081  0.7858E+00  0.2562E+03
     11.099  0.8166E+00  0.2563E+03
     11.117  0.8479E+00  0.2563E+03
     11.135  0.8798E+00  0.2563E+03
     11.153  0.9123E+00  0.2563E+03
     11.172  0.9455E+00  0.2563E+03
     11.190  0.9792E+00  0.2563E+03
     11.208  0.1013E+01  0.2564E+03
     11.226  0.1048E+01  0.2564E+03
     11.244  0.1084E+01  0.2564E+03
     11.263  0.1120E+01  0.2564E+03
     11.281  0.1157E+01  0.2564E+03
     11.299  0.1213E+01  0.2565E+03
     11.317  0.1273E+01  0.2565E+03
     11.335  0.1330E+01  0.2565E+03
     11.353  0.1385E+01  0.2565E+03
     11.372  0.1438E+01  0.2566E+03
     11.390  0.1488E+01  0.2566E+03
     11.408  0.1535E+01  0.2566E+03
     11.426  0.1580E+01  0.2566E+03
     11.444  0.1623E+01  0.2567E+03
     11.462  0.1666E+01  0.2567E+03
     11.481  0.1855E+01  0.2567E+03
     11.499  0.2037E+01  0.2568E+03
     11.517  0.2212E+01  0.2568E+03
     11.535  0.2380E+01  0.2568E+03
     11.553  0.2541E+01  0.2569E+03
     11.572  0.2695E+01  0.2569E+03
     11.590  0.2841E+01  0.2570E+03
     11.608  0.2981E+01  0.2570E+03
     11.626  0.3114E+01  0.2571E+03
     11.644  0.3240E+01  0.2572E+03
     11.662  0.3358E+01  0.2572E+03
     11.681  0.3470E+01  0.2573E+03
     11.699  0.3575E+01  0.2573E+03
     11.717  0.3672E+01  0.2574E+03
     11.735  0.3763E+01  0.2575E+03
     11.753  0.3847E+01  0.2575E+03
     11.772  0.3923E+01  0.2576E+03
     11.790  0.3993E+01  0.2577E+03
     11.808  0.4055E+01  0.2578E+03
     11.826  0.4111E+01  0.2578E+03
     11.844  0.4159E+01  0.2579E+03
     11.862  0.4201E+01  0.2580E+03
     11.881  0.4235E+01  0.2581E+03
     11.899  0.4263E+01  0.2581E+03
     11.917  0.4283E+01  0.2582E+03
     11.935  0.4297E+01  0.2583E+03
     11.953  0.4303E+01  0.2584E+03
     11.972  0.4302E+01  0.2585E+03
     11.990  0.4295E+01  0.2585E+03
     12.008  0.4280E+01  0.2586E+03
     12.026  0.4258E+01  0.2587E+03
     12.044  0.4229E+01  0.2588E+03
     12.062  0.4194E+01  0.2588E+03
     12.081  0.4151E+01  0.2589E+03
     12.099  0.3982E+01  0.2590E+03
     12.117  0.3815E+01  0.2591E+03
     12.135  0.3654E+01  0.2591E+03
     12.153  0.3498E+01  0.2592E+03
     12.172  0.3332E+01  0.2593E+03
     12.190  0.3111E+01  0.2593E+03
     12.208  0.2975E+01  0.2594E+03
     12.226  0.2850E+01  0.2594E+03
     12.244  0.2735E+01  0.2595E+03
     12.262  0.2631E+01  0.2595E+03
     12.281  0.2537E+01  0.2596E+03
     12.299  0.2454E+01  0.2596E+03
     12.317  0.2381E+01  0.2597E+03
     12.335  0.2319E+01  0.2597E+03
     12.353  0.2268E+01  0.2597E+03
     12.372  0.2226E+01  0.2598E+03
     12.390  0.2196E+01  0.2598E+03
     12.408  0.2375E+01  0.2599E+03
     12.426  0.2622E+01  0.2599E+03
     12.444  0.2829E+01  0.2600E+03
     12.462  0.2997E+01  0.2600E+03
     12.481  0.3126E+01  0.2601E+03
     12.499  0.3216E+01  0.2601E+03
     12.517  0.3266E+01  0.2602E+03
     12.535  0.3286E+01  0.2602E+03
     12.553  0.3305E+01  0.2603E+03
     12.571  0.3322E+01  0.2604E+03
     12.590  0.3338E+01  0.2604E+03
     12.608  0.3353E+01  0.2605E+03
     12.626  0.3368E+01  0.2605E+03
     12.644  0.3382E+01  0.2606E+03
     12.662  0.3399E+01  0.2607E+03
     12.681  0.3419E+01  0.2607E+03
     12.699  0.3443E+01  0.2608E+03
     12.717  0.3469E+01  0.2609E+03
     12.735  0.3499E+01  0.2609E+03
     12.753  0.3531E+01  0.2610E+03
     12.771  0.3567E+01  0.2610E+03
     12.790  0.3606E+01  0.2611E+03
     12.808  0.3648E+01  0.2612E+03
     12.826  0.3693E+01  0.2612E+03
     12.844  0.3742E+01  0.2613E+03
     12.862  0.3793E+01  0.2614E+03
     12.881  0.3849E+01  0.2615E+03
     12.899  0.3911E+01  0.2615E+03
     12.917  0.3977E+01  0.2616E+03
     12.935  0.4049E+01  0.2617E+03
     12.953  0.4126E+01  0.2617E+03
     12.971  0.4208E+01  0.2618E+03
     12.990  0.4296E+01  0.2619E+03
     13.008  0.4389E+01  0.2620E+03
     13.026  0.4486E+01  0.2621E+03
     13.044  0.4590E+01  0.2621E+03
     13.062  0.4698E+01  0.2622E+03
     13.081  0.4812E+01  0.2623E+03
     13.099  0.4931E+01  0.2624E+03
     13.117  0.5055E+01  0.2625E+03
     13.135  0.5184E+01  0.2626E+03
     13.153  0.5319E+01  0.2627E+03
     13.171  0.5458E+01  0.2628E+03
     13.190  0.5603E+01  0.2629E+03
     13.208  0.5753E+01  0.2630E+03
     13.226  0.5906E+01  0.2631E+03
     13.244  0.6064E+01  0.2632E+03
     13.262  0.6225E+01  0.2633E+03
     13.281  0.6391E+01  0.2634E+03
     13.299  0.6561E+01  0.2635E+03
     13.317  0.6735E+01  0.2637E+03
     13.335  0.6913E+01  0.2638E+03
     13.353  0.7095E+01  0.2639E+03
     13.371  0.7279E+01  0.2640E+03
     13.390  0.7468E+01  0.2642E+03
     13.408  0.7660E+01  0.2643E+03
     13.426  0.7856E+01  0.2645E+03
     13.444  0.8057E+01  0.2646E+03
     13.462  0.8261E+01  0.2647E+03
     13.481  0.8470E+01  0.2649E+03
     13.499  0.8682E+01  0.2651E+03
     13.517  0.8899E+01  0.2652E+03
     13.535  0.9120E+01  0.2654E+03
     13.553  0.9345E+01  0.2655E+03
     13.571  0.9575E+01  0.2657E+03
     13.590  0.9808E+01  0.2659E+03
     13.608  0.1005E+02  0.2661E+03
     13.626  0.1033E+02  0.2663E+03
     13.644  0.1067E+02  0.2664E+03
     13.662  0.1109E+02  0.2666E+03
     13.681  0.1159E+02  0.2669E+03
     13.699  0.1220E+02  0.2671E+03
     13.717  0.1330E+02  0.2673E+03
     13.735  0.1481E+02  0.2676E+03
     13.753  0.1705E+02  0.2678E+03
     13.771  0.1897E+02  0.2682E+03
     13.790  0.2083E+02  0.2685E+03
     13.808  0.2349E+02  0.2689E+03
     13.826  0.2556E+02  0.2694E+03
     13.844  0.2673E+02  0.2699E+03
     13.862  0.2700E+02  0.2703E+03
     13.880  0.2639E+02  0.2708E+03
     13.899  0.2677E+02  0.2713E+03
     13.917  0.2613E+02  0.2718E+03
     13.935  0.2566E+02  0.2723E+03
     13.953  0.2684E+02  0.2727E+03
     13.971  0.2841E+02  0.2732E+03
     13.990  0.2987E+02  0.2738E+03
     14.008  0.3049E+02  0.2743E+03
     14.026  0.2769E+02  0.2749E+03
     14.044  0.2214E+02  0.2753E+03
     14.062  0.1556E+02  0.2757E+03
     14.080  0.7406E+01  0.2759E+03
     14.099  0.6053E+01  0.2760E+03
     14.117  0.1179E+02  0.2761E+03
     14.135  0.1676E+02  0.2764E+03
     14.153  0.1726E+02  0.2767E+03
     14.171  0.1329E+02  0.2770E+03
     14.190  0.9756E+01  0.2772E+03
     14.208  0.9312E+01  0.2774E+03
     14.226  0.8881E+01  0.2775E+03
     14.244  0.8641E+01  0.2777E+03
     14.262  0.8441E+01  0.2778E+03
     14.280  0.8244E+01  0.2780E+03
     14.299  0.8049E+01  0.2781E+03
     14.317  0.7857E+01  0.2783E+03
     14.335  0.7800E+01  0.2784E+03
     14.353  0.7864E+01  0.2786E+03
     14.371  0.8043E+01  0.2787E+03
     14.390  0.8375E+01  0.2789E+03
     14.408  0.8691E+01  0.2790E+03
     14.426  0.8990E+01  0.2792E+03
     14.444  0.9271E+01  0.2793E+03
     14.462  0.9623E+01  0.2795E+03
     14.480  0.1003E+02  0.2797E+03
     14.499  0.1041E+02  0.2799E+03
     14.517  0.1078E+02  0.2801E+03
     14.535  0.1112E+02  0.2803E+03
     14.553  0.1144E+02  0.2805E+03
     14.571  0.1174E+02  0.2807E+03
     14.590  0.1202E+02  0.2809E+03
     14.608  0.1228E+02  0.2811E+03
     14.626  0.1252E+02  0.2813E+03
     14.644  0.1274E+02  0.2816E+03
     14.662  0.1313E+02  0.2818E+03
     14.680  0.1354E+02  0.2821E+03
     14.699  0.1392E+02  0.2823E+03
     14.717  0.1429E+02  0.2826E+03
     14.735  0.1465E+02  0.2828E+03
     14.753  0.1498E+02  0.2831E+03
     14.771  0.1530E+02  0.2834E+03
     14.790  0.1560E+02  0.2837E+03
     14.808  0.1589E+02  0.2839E+03
     14.826  0.1616E+02  0.2842E+03
     14.844  0.1641E+02  0.2845E+03
     14.862  0.1664E+02  0.2848E+03
     14.880  0.1686E+02  0.2851E+03
     14.899  0.1706E+02  0.2854E+03
     14.917  0.1724E+02  0.2857E+03
     14.935  0.1740E+02  0.2861E+03
     14.953  0.1755E+02  0.2864E+03
     14.971  0.1768E+02  0.2867E+03
     14.989  0.1779E+02  0.2870E+03
     15.008  0.1789E+02  0.2873E+03
     15.026  0.1868E+02  0.2877E+03
     15.044  0.1944E+02  0.2880E+03
     15.062  0.2015E+02  0.2884E+03
     15.080  0.2079E+02  0.2888E+03
     15.099  0.2133E+02  0.2891E+03
     15.117  0.2176E+02  0.2895E+03
     15.135  0.2205E+02  0.2899E+03
     15.153  0.2220E+02  0.2903E+03
     15.171  0.2217E+02  0.2907E+03
     15.189  0.2195E+02  0.2911E+03
     15.208  0.2060E+02  0.2915E+03
     15.226  0.1791E+02  0.2919E+03
     15.244  0.1710E+02  0.2922E+03
     15.262  0.1578E+02  0.2925E+03
     15.280  0.1431E+02  0.2928E+03
     15.299  0.1287E+02  0.2930E+03
     15.317  0.1178E+02  0.2932E+03
     15.335  0.1142E+02  0.2934E+03
     15.353  0.1137E+02  0.2937E+03
     15.371  0.1256E+02  0.2939E+03
     15.389  0.1373E+02  0.2941E+03
     15.408  0.1509E+02  0.2944E+03
     15.426  0.1665E+02  0.2947E+03
     15.444  0.1847E+02  0.2950E+03
     15.462  0.2052E+02  0.2953E+03
     15.480  0.2362E+02  0.2957E+03
     15.499  0.2666E+02  0.2962E+03
     15.517  0.2926E+02  0.2967E+03
     15.535  0.3099E+02  0.2972E+03
     15.553  0.3180E+02  0.2978E+03
     15.571  0.3171E+02  0.2984E+03
     15.589  0.3072E+02  0.2990E+03
     15.608  0.2945E+02  0.2995E+03
     15.626  0.2958E+02  0.3000E+03
     15.644  0.2798E+02  0.3006E+03
     15.662  0.2471E+02  0.3011E+03
     15.680  0.2348E+02  0.3015E+03
     15.699  0.2153E+02  0.3019E+03
     15.717  0.1876E+02  0.3023E+03
     15.735  0.1820E+02  0.3026E+03
     15.753  0.1879E+02  0.3029E+03
     15.771  0.1932E+02  0.3033E+03
     15.789  0.1974E+02  0.3036E+03
     15.808  0.2131E+02  0.3040E+03
     15.826  0.2878E+02  0.3045E+03
     15.844  0.2528E+02  0.3050E+03
     15.862  0.1180E+02  0.3053E+03
     15.880  0.1282E+02  0.3056E+03
     15.899  0.1410E+02  0.3058E+03
     15.917  0.1543E+02  0.3061E+03
     15.935  0.1677E+02  0.3064E+03
     15.953  0.1008E+02  0.3071E+03
     15.971  0.1106E+02  0.3073E+03
     15.989  0.1319E+02  0.3075E+03
     16.008  0.1473E+02  0.3078E+03
     16.026  0.1549E+02  0.3081E+03
     16.044  0.1548E+02  0.3083E+03
     16.062  0.1470E+02  0.3086E+03
     16.080  0.1315E+02  0.3089E+03
     16.099  0.1092E+02  0.3091E+03
     16.117  0.8821E+01  0.3093E+03
     16.135  0.9607E+01  0.3094E+03
     16.153  0.1046E+02  0.3096E+03
     16.171  0.1137E+02  0.3098E+03
     16.189  0.1235E+02  0.3100E+03
     16.208  0.1327E+02  0.3103E+03
     16.226  0.1374E+02  0.3105E+03
     16.244  0.1418E+02  0.3108E+03
     16.262  0.1458E+02  0.3110E+03
     16.280  0.1496E+02  0.3113E+03
     16.298  0.1532E+02  0.3116E+03
     16.317  0.1564E+02  0.3118E+03
     16.335  0.1593E+02  0.3121E+03
     16.353  0.1598E+02  0.3124E+03
     16.371  0.1559E+02  0.3127E+03
     16.389  0.1508E+02  0.3130E+03
     16.408  0.1442E+02  0.3133E+03
     16.426  0.1493E+02  0.3135E+03
     16.444  0.1584E+02  0.3138E+03
     16.462  0.1487E+02  0.3141E+03
     16.480  0.1416E+02  0.3144E+03
     16.498  0.1346E+02  0.3146E+03
     16.517  0.1263E+02  0.3148E+03
     16.535  0.1166E+02  0.3151E+03
     16.553  0.1119E+02  0.3153E+03
     16.571  0.1069E+02  0.3155E+03
     16.589  0.1009E+02  0.3157E+03
     16.608  0.9432E+01  0.3158E+03
     16.626  0.9037E+01  0.3160E+03
     16.644  0.8997E+01  0.3162E+03
     16.662  0.9269E+01  0.3163E+03
     16.680  0.9495E+01  0.3165E+03
     16.698  0.9676E+01  0.3167E+03
     16.717  0.9812E+01  0.3169E+03
     16.735  0.9902E+01  0.3170E+03
     16.753  0.9946E+01  0.3172E+03
     16.771  0.9945E+01  0.3174E+03
     16.789  0.9805E+01  0.3176E+03
     16.808  0.9146E+01  0.3177E+03
     16.826  0.8575E+01  0.3179E+03
     16.844  0.8091E+01  0.3181E+03
     16.862  0.7693E+01  0.3182E+03
     16.880  0.7383E+01  0.3183E+03
     16.898  0.7159E+01  0.3185E+03
     16.917  0.6985E+01  0.3186E+03
     16.935  0.6577E+01  0.3187E+03
     16.953  0.6205E+01  0.3188E+03
     16.971  0.5868E+01  0.3189E+03
     16.989  0.5566E+01  0.3191E+03
     17.008  0.5299E+01  0.3192E+03
     17.026  0.5066E+01  0.3192E+03
     17.044  0.4868E+01  0.3193E+03
     17.062  0.4705E+01  0.3194E+03
     17.080  0.6477E+01  0.3195E+03
     17.098  0.9341E+01  0.3197E+03
     17.117  0.1122E+02  0.3199E+03
     17.135  0.1218E+02  0.3201E+03
     17.153  0.1237E+02  0.3203E+03
     17.171  0.1178E+02  0.3205E+03
     17.189  0.1043E+02  0.3207E+03
     17.208  0.8405E+01  0.3209E+03
     17.226  0.7516E+01  0.3210E+03
     17.244  0.6626E+01  0.3212E+03
     17.262  0.5734E+01  0.3213E+03
     17.280  0.5046E+01  0.3214E+03
     17.298  0.4660E+01  0.3215E+03
     17.317  0.4281E+01  0.3215E+03
     17.335  0.3905E+01  0.3216E+03
     17.353  0.3533E+01  0.3217E+03
     17.371  0.3165E+01  0.3217E+03
     17.389  0.2800E+01  0.3218E+03
     17.407  0.2440E+01  0.3218E+03
     17.426  0.2083E+01  0.3219E+03
     17.444  0.1730E+01  0.3219E+03
     17.462  0.1381E+01  0.3219E+03
     17.480  0.1035E+01  0.3220E+03
     17.498  0.6938E+00  0.3220E+03
     17.517  0.3989E+00  0.3220E+03
     17.535  0.1851E+00  0.3220E+03
     17.553  0.5237E-01  0.3220E+03
     17.571  0.7541E-03  0.3220E+03
     17.589  0.0000E+00  0.3220E+03
     17.607  0.0000E+00  0.3220E+03
     17.626  0.0000E+00  0.3220E+03
     17.644  0.0000E+00  0.3220E+03
     17.662  0.0000E+00  0.3220E+03
     17.680  0.0000E+00  0.3220E+03
     17.698  0.0000E+00  0.3220E+03
     17.717  0.0000E+00  0.3220E+03
     17.735  0.0000E+00  0.3220E+03
     17.753  0.0000E+00  0.3220E+03
     17.771  0.0000E+00  0.3220E+03
     17.789  0.0000E+00  0.3220E+03
     17.807  0.0000E+00  0.3220E+03
     17.826  0.0000E+00  0.3220E+03
     17.844  0.0000E+00  0.3220E+03
     17.862  0.0000E+00  0.3220E+03
     17.880  0.0000E+00  0.3220E+03
     17.898  0.0000E+00  0.3220E+03
     17.917  0.0000E+00  0.3220E+03
     17.935  0.0000E+00  0.3220E+03
     17.953  0.0000E+00  0.3220E+03
     17.971  0.0000E+00  0.3220E+03
     17.989  0.0000E+00  0.3220E+03
     18.007  0.0000E+00  0.3220E+03
     18.026  0.0000E+00  0.3220E+03
     18.044  0.0000E+00  0.3220E+03
     18.062  0.0000E+00  0.3220E+03
     18.080  0.0000E+00  0.3220E+03
     18.098  0.0000E+00  0.3220E+03
     18.117  0.0000E+00  0.3220E+03
     18.135  0.0000E+00  0.3220E+03
     18.153  0.0000E+00  0.3220E+03
     18.171  0.0000E+00  0.3220E+03
     18.189  0.0000E+00  0.3220E+03
     18.207  0.0000E+00  0.3220E+03
     18.226  0.0000E+00  0.3220E+03
     18.244  0.0000E+00  0.3220E+03
     18.262  0.0000E+00  0.3220E+03
     18.280  0.0000E+00  0.3220E+03
     18.298  0.0000E+00  0.3220E+03
     18.317  0.0000E+00  0.3220E+03
     18.335  0.0000E+00  0.3220E+03
     18.353  0.0000E+00  0.3220E+03
     18.371  0.0000E+00  0.3220E+03
     18.389  0.0000E+00  0.3220E+03
     18.407  0.0000E+00  0.3220E+03
     18.426  0.0000E+00  0.3220E+03
     18.444  0.0000E+00  0.3220E+03
     18.462  0.0000E+00  0.3220E+03
     18.480  0.0000E+00  0.3220E+03
     18.498  0.0000E+00  0.3220E+03
     18.517  0.0000E+00  0.3220E+03
     18.535  0.0000E+00  0.3220E+03
     18.553  0.0000E+00  0.3220E+03
     18.571  0.0000E+00  0.3220E+03
     18.589  0.0000E+00  0.3220E+03
     18.607  0.0000E+00  0.3220E+03
     18.626  0.0000E+00  0.3220E+03
     18.644  0.0000E+00  0.3220E+03
     18.662  0.0000E+00  0.3220E+03
     18.680  0.0000E+00  0.3220E+03
     18.698  0.0000E+00  0.3220E+03
     18.716  0.0000E+00  0.3220E+03
     18.735  0.0000E+00  0.3220E+03
     18.753  0.0000E+00  0.3220E+03
     18.771  0.0000E+00  0.3220E+03
     18.789  0.0000E+00  0.3220E+03
     18.807  0.0000E+00  0.3220E+03
     18.826  0.0000E+00  0.3220E+03
     18.844  0.0000E+00  0.3220E+03
     18.862  0.0000E+00  0.3220E+03
     18.880  0.0000E+00  0.3220E+03
     18.898  0.0000E+00  0.3220E+03
     18.916  0.0000E+00  0.3220E+03
     18.935  0.0000E+00  0.3220E+03
     18.953  0.0000E+00  0.3220E+03
     18.971  0.0000E+00  0.3220E+03
     18.989  0.0000E+00  0.3220E+03
     19.007  0.0000E+00  0.3220E+03
     19.026  0.0000E+00  0.3220E+03
     19.044  0.0000E+00  0.3220E+03
     19.062  0.0000E+00  0.3220E+03
     19.080  0.0000E+00  0.3220E+03
     19.098  0.0000E+00  0.3220E+03
     19.116  0.0000E+00  0.3220E+03
     19.135  0.0000E+00  0.3220E+03
     19.153  0.0000E+00  0.3220E+03
     19.171  0.0000E+00  0.3220E+03
     19.189  0.0000E+00  0.3220E+03
     19.207  0.0000E+00  0.3220E+03
     19.226  0.0000E+00  0.3220E+03


