 Energy DOS Integrated_DOS
    -17.125  0.0000E+00  0.0000E+00
    -17.107  0.0000E+00  0.0000E+00
    -17.088  0.0000E+00  0.0000E+00
    -17.070  0.0000E+00  0.0000E+00
    -17.052  0.0000E+00  0.0000E+00
    -17.034  0.0000E+00  0.0000E+00
    -17.015  0.0000E+00  0.0000E+00
    -16.997  0.0000E+00  0.0000E+00
    -16.979  0.0000E+00  0.0000E+00
    -16.961  0.0000E+00  0.0000E+00
    -16.942  0.0000E+00  0.0000E+00
    -16.924  0.0000E+00  0.0000E+00
    -16.906  0.0000E+00  0.0000E+00
    -16.888  0.0000E+00  0.0000E+00
    -16.869  0.0000E+00  0.0000E+00
    -16.851  0.0000E+00  0.0000E+00
    -16.833  0.0000E+00  0.0000E+00
    -16.815  0.0000E+00  0.0000E+00
    -16.796  0.0000E+00  0.0000E+00
    -16.778  0.0000E+00  0.0000E+00
    -16.760  0.0000E+00  0.0000E+00
    -16.742  0.0000E+00  0.0000E+00
    -16.723  0.0000E+00  0.0000E+00
    -16.705  0.0000E+00  0.0000E+00
    -16.687  0.0000E+00  0.0000E+00
    -16.669  0.0000E+00  0.0000E+00
    -16.650  0.0000E+00  0.0000E+00
    -16.632  0.0000E+00  0.0000E+00
    -16.614  0.0000E+00  0.0000E+00
    -16.595  0.0000E+00  0.0000E+00
    -16.577  0.0000E+00  0.0000E+00
    -16.559  0.0000E+00  0.0000E+00
    -16.541  0.0000E+00  0.0000E+00
    -16.522  0.0000E+00  0.0000E+00
    -16.504  0.0000E+00  0.0000E+00
    -16.486  0.0000E+00  0.0000E+00
    -16.468  0.0000E+00  0.0000E+00
    -16.449  0.0000E+00  0.0000E+00
    -16.431  0.0000E+00  0.0000E+00
    -16.413  0.0000E+00  0.0000E+00
    -16.395  0.0000E+00  0.0000E+00
    -16.376  0.0000E+00  0.0000E+00
    -16.358  0.0000E+00  0.0000E+00
    -16.340  0.0000E+00  0.0000E+00
    -16.322  0.0000E+00  0.0000E+00
    -16.303  0.0000E+00  0.0000E+00
    -16.285  0.0000E+00  0.0000E+00
    -16.267  0.0000E+00  0.0000E+00
    -16.249  0.0000E+00  0.0000E+00
    -16.230  0.0000E+00  0.0000E+00
    -16.212  0.0000E+00  0.0000E+00
    -16.194  0.0000E+00  0.0000E+00
    -16.176  0.0000E+00  0.0000E+00
    -16.157  0.0000E+00  0.0000E+00
    -16.139  0.0000E+00  0.0000E+00
    -16.121  0.0000E+00  0.0000E+00
    -16.103  0.0000E+00  0.0000E+00
    -16.084  0.0000E+00  0.0000E+00
    -16.066  0.0000E+00  0.0000E+00
    -16.048  0.0000E+00  0.0000E+00
    -16.030  0.0000E+00  0.0000E+00
    -16.011  0.0000E+00  0.0000E+00
    -15.993  0.0000E+00  0.0000E+00
    -15.975  0.0000E+00  0.0000E+00
    -15.956  0.0000E+00  0.0000E+00
    -15.938  0.0000E+00  0.0000E+00
    -15.920  0.0000E+00  0.0000E+00
    -15.902  0.0000E+00  0.0000E+00
    -15.883  0.0000E+00  0.0000E+00
    -15.865  0.0000E+00  0.0000E+00
    -15.847  0.0000E+00  0.0000E+00
    -15.829  0.0000E+00  0.0000E+00
    -15.810  0.0000E+00  0.0000E+00
    -15.792  0.0000E+00  0.0000E+00
    -15.774  0.0000E+00  0.0000E+00
    -15.756  0.0000E+00  0.0000E+00
    -15.737  0.0000E+00  0.0000E+00
    -15.719  0.0000E+00  0.0000E+00
    -15.701  0.0000E+00  0.0000E+00
    -15.683  0.0000E+00  0.0000E+00
    -15.664  0.0000E+00  0.0000E+00
    -15.646  0.0000E+00  0.0000E+00
    -15.628  0.0000E+00  0.0000E+00
    -15.610  0.0000E+00  0.0000E+00
    -15.591  0.0000E+00  0.0000E+00
    -15.573  0.0000E+00  0.0000E+00
    -15.555  0.0000E+00  0.0000E+00
    -15.537  0.0000E+00  0.0000E+00
    -15.518  0.0000E+00  0.0000E+00
    -15.500  0.0000E+00  0.0000E+00
    -15.482  0.0000E+00  0.0000E+00
    -15.464  0.1561E-02  0.1296E-05
    -15.445  0.1084E+00  0.7499E-03
    -15.427  0.3833E+00  0.4983E-02
    -15.409  0.8260E+00  0.1577E-01
    -15.391  0.1437E+01  0.3617E-01
    -15.372  0.2215E+01  0.6925E-01
    -15.354  0.3162E+01  0.1181E+00
    -15.336  0.4276E+01  0.1857E+00
    -15.317  0.5559E+01  0.2753E+00
    -15.299  0.6972E+01  0.3896E+00
    -15.281  0.8142E+01  0.5281E+00
    -15.263  0.8974E+01  0.6849E+00
    -15.244  0.9467E+01  0.8537E+00
    -15.226  0.9622E+01  0.1029E+01
    -15.208  0.9439E+01  0.1203E+01
    -15.190  0.8917E+01  0.1371E+01
    -15.171  0.8057E+01  0.1527E+01
    -15.153  0.7582E+01  0.1664E+01
    -15.135  0.1011E+02  0.1827E+01
    -15.117  0.1183E+02  0.2029E+01
    -15.098  0.1281E+02  0.2255E+01
    -15.080  0.1305E+02  0.2492E+01
    -15.062  0.1256E+02  0.2727E+01
    -15.044  0.1133E+02  0.2946E+01
    -15.025  0.1020E+02  0.3140E+01
    -15.007  0.9997E+01  0.3324E+01
    -14.989  0.9881E+01  0.3505E+01
    -14.971  0.9745E+01  0.3684E+01
    -14.952  0.9590E+01  0.3861E+01
    -14.934  0.9414E+01  0.4034E+01
    -14.916  0.9218E+01  0.4204E+01
    -14.898  0.9083E+01  0.4371E+01
    -14.879  0.1014E+02  0.4544E+01
    -14.861  0.1274E+02  0.4751E+01
    -14.843  0.1582E+02  0.5016E+01
    -14.825  0.1668E+02  0.5313E+01
    -14.806  0.1726E+02  0.5623E+01
    -14.788  0.1757E+02  0.5942E+01
    -14.770  0.1763E+02  0.6263E+01
    -14.752  0.1774E+02  0.6586E+01
    -14.733  0.1798E+02  0.6912E+01
    -14.715  0.1820E+02  0.7242E+01
    -14.697  0.1796E+02  0.7573E+01
    -14.678  0.1722E+02  0.7895E+01
    -14.660  0.1598E+02  0.8199E+01
    -14.642  0.1424E+02  0.8476E+01
    -14.624  0.1412E+02  0.8723E+01
    -14.605  0.1787E+02  0.9013E+01
    -14.587  0.2316E+02  0.9385E+01
    -14.569  0.3008E+02  0.9869E+01
    -14.551  0.3865E+02  0.1049E+02
    -14.532  0.5901E+02  0.1162E+02
    -14.514  0.4939E+02  0.1244E+02
    -14.496  0.6397E+02  0.1349E+02
    -14.478  0.5506E+02  0.1462E+02
    -14.459  0.2497E+02  0.1535E+02
    -14.441  0.9236E+01  0.1566E+02
    -14.423  0.6422E+01  0.1580E+02
    -14.405  0.4118E+01  0.1590E+02
    -14.386  0.2324E+01  0.1596E+02
    -14.368  0.2649E+02  0.1687E+02
    -14.350  0.1382E+02  0.1723E+02
    -14.332  0.5898E+02  0.1844E+02
    -14.313  0.4991E+02  0.1914E+02
    -14.295  0.4501E+02  0.2006E+02
    -14.277  0.3481E+02  0.2078E+02
    -14.259  0.3081E+02  0.2137E+02
    -14.240  0.2959E+02  0.2192E+02
    -14.222  0.2718E+02  0.2244E+02
    -14.204  0.3400E+02  0.2297E+02
    -14.186  0.5835E+02  0.2381E+02
    -14.167  0.6476E+02  0.2494E+02
    -14.149  0.7494E+02  0.2619E+02
    -14.131  0.7625E+02  0.2759E+02
    -14.113  0.5691E+02  0.2890E+02
    -14.094  0.2653E+02  0.2946E+02
    -14.076  0.3223E+02  0.2996E+02
    -14.058  0.8314E+02  0.3093E+02
    -14.040  0.5170E+02  0.3402E+02
    -14.021  0.1897E+02  0.3439E+02
    -14.003  0.3174E+02  0.3485E+02
    -13.985  0.1318E+03  0.3613E+02
    -13.966  0.5429E+02  0.3789E+02
    -13.948  0.2673E+02  0.3835E+02
    -13.930  0.1604E+03  0.3948E+02
    -13.912  0.4046E+02  0.4128E+02
    -13.893  0.1922E+02  0.4182E+02
    -13.875  0.1138E+03  0.4427E+02
    -13.857  0.5078E+02  0.4734E+02
    -13.839  0.1868E+02  0.4792E+02
    -13.820  0.1341E+02  0.4818E+02
    -13.802  0.2653E+02  0.4854E+02
    -13.784  0.4299E+02  0.4917E+02
    -13.766  0.9592E+02  0.5031E+02
    -13.747  0.3080E+02  0.5126E+02
    -13.729  0.1522E+02  0.5166E+02
    -13.711  0.7981E+01  0.5187E+02
    -13.693  0.3060E+01  0.5197E+02
    -13.674  0.4531E+00  0.5200E+02
    -13.656  0.0000E+00  0.5200E+02
    -13.638  0.0000E+00  0.5200E+02
    -13.620  0.0000E+00  0.5200E+02
    -13.601  0.8559E+02  0.5220E+02
    -13.583  0.0000E+00  0.5400E+02
    -13.565  0.0000E+00  0.5400E+02
    -13.547  0.0000E+00  0.5400E+02
    -13.528  0.0000E+00  0.5400E+02
    -13.510  0.0000E+00  0.5400E+02
    -13.492  0.0000E+00  0.5400E+02
    -13.474  0.7071E+02  0.5546E+02
    -13.455  0.5800E+02  0.5663E+02
    -13.437  0.5131E+02  0.5762E+02
    -13.419  0.2690E+02  0.5851E+02
    -13.401  0.1604E+03  0.6028E+02
    -13.382  0.3461E+02  0.6142E+02
    -13.364  0.2804E+02  0.6196E+02
    -13.346  0.3087E+02  0.6248E+02
    -13.327  0.4717E+02  0.6323E+02
    -13.309  0.7404E+01  0.6399E+02
    -13.291  0.0000E+00  0.6400E+02
    -13.273  0.0000E+00  0.6400E+02
    -13.254  0.0000E+00  0.6400E+02
    -13.236  0.0000E+00  0.6400E+02
    -13.218  0.0000E+00  0.6400E+02
    -13.200  0.0000E+00  0.6400E+02
    -13.181  0.0000E+00  0.6400E+02
    -13.163  0.0000E+00  0.6400E+02
    -13.145  0.0000E+00  0.6400E+02
    -13.127  0.0000E+00  0.6400E+02
    -13.108  0.0000E+00  0.6400E+02
    -13.090  0.0000E+00  0.6400E+02
    -13.072  0.0000E+00  0.6400E+02
    -13.054  0.0000E+00  0.6400E+02
    -13.035  0.0000E+00  0.6400E+02
    -13.017  0.0000E+00  0.6400E+02
    -12.999  0.0000E+00  0.6400E+02
    -12.981  0.0000E+00  0.6400E+02
    -12.962  0.0000E+00  0.6400E+02
    -12.944  0.0000E+00  0.6400E+02
    -12.926  0.0000E+00  0.6400E+02
    -12.908  0.0000E+00  0.6400E+02
    -12.889  0.0000E+00  0.6400E+02
    -12.871  0.0000E+00  0.6400E+02
    -12.853  0.0000E+00  0.6400E+02
    -12.835  0.0000E+00  0.6400E+02
    -12.816  0.0000E+00  0.6400E+02
    -12.798  0.0000E+00  0.6400E+02
    -12.780  0.0000E+00  0.6400E+02
    -12.762  0.0000E+00  0.6400E+02
    -12.743  0.0000E+00  0.6400E+02
    -12.725  0.0000E+00  0.6400E+02
    -12.707  0.0000E+00  0.6400E+02
    -12.688  0.0000E+00  0.6400E+02
    -12.670  0.0000E+00  0.6400E+02
    -12.652  0.0000E+00  0.6400E+02
    -12.634  0.0000E+00  0.6400E+02
    -12.615  0.0000E+00  0.6400E+02
    -12.597  0.0000E+00  0.6400E+02
    -12.579  0.0000E+00  0.6400E+02
    -12.561  0.0000E+00  0.6400E+02
    -12.542  0.0000E+00  0.6400E+02
    -12.524  0.0000E+00  0.6400E+02
    -12.506  0.0000E+00  0.6400E+02
    -12.488  0.0000E+00  0.6400E+02
    -12.469  0.0000E+00  0.6400E+02
    -12.451  0.0000E+00  0.6400E+02
    -12.433  0.0000E+00  0.6400E+02
    -12.415  0.0000E+00  0.6400E+02
    -12.396  0.0000E+00  0.6400E+02
    -12.378  0.0000E+00  0.6400E+02
    -12.360  0.0000E+00  0.6400E+02
    -12.342  0.0000E+00  0.6400E+02
    -12.323  0.0000E+00  0.6400E+02
    -12.305  0.0000E+00  0.6400E+02
    -12.287  0.0000E+00  0.6400E+02
    -12.269  0.0000E+00  0.6400E+02
    -12.250  0.0000E+00  0.6400E+02
    -12.232  0.0000E+00  0.6400E+02
    -12.214  0.0000E+00  0.6400E+02
    -12.196  0.0000E+00  0.6400E+02
    -12.177  0.0000E+00  0.6400E+02
    -12.159  0.0000E+00  0.6400E+02
    -12.141  0.0000E+00  0.6400E+02
    -12.123  0.0000E+00  0.6400E+02
    -12.104  0.0000E+00  0.6400E+02
    -12.086  0.0000E+00  0.6400E+02
    -12.068  0.0000E+00  0.6400E+02
    -12.049  0.0000E+00  0.6400E+02
    -12.031  0.0000E+00  0.6400E+02
    -12.013  0.0000E+00  0.6400E+02
    -11.995  0.0000E+00  0.6400E+02
    -11.976  0.0000E+00  0.6400E+02
    -11.958  0.0000E+00  0.6400E+02
    -11.940  0.0000E+00  0.6400E+02
    -11.922  0.0000E+00  0.6400E+02
    -11.903  0.0000E+00  0.6400E+02
    -11.885  0.0000E+00  0.6400E+02
    -11.867  0.0000E+00  0.6400E+02
    -11.849  0.0000E+00  0.6400E+02
    -11.830  0.0000E+00  0.6400E+02
    -11.812  0.0000E+00  0.6400E+02
    -11.794  0.0000E+00  0.6400E+02
    -11.776  0.0000E+00  0.6400E+02
    -11.757  0.0000E+00  0.6400E+02
    -11.739  0.0000E+00  0.6400E+02
    -11.721  0.0000E+00  0.6400E+02
    -11.703  0.0000E+00  0.6400E+02
    -11.684  0.0000E+00  0.6400E+02
    -11.666  0.0000E+00  0.6400E+02
    -11.648  0.0000E+00  0.6400E+02
    -11.630  0.0000E+00  0.6400E+02
    -11.611  0.0000E+00  0.6400E+02
    -11.593  0.0000E+00  0.6400E+02
    -11.575  0.0000E+00  0.6400E+02
    -11.557  0.0000E+00  0.6400E+02
    -11.538  0.0000E+00  0.6400E+02
    -11.520  0.0000E+00  0.6400E+02
    -11.502  0.0000E+00  0.6400E+02
    -11.484  0.0000E+00  0.6400E+02
    -11.465  0.0000E+00  0.6400E+02
    -11.447  0.0000E+00  0.6400E+02
    -11.429  0.0000E+00  0.6400E+02
    -11.411  0.0000E+00  0.6400E+02
    -11.392  0.0000E+00  0.6400E+02
    -11.374  0.0000E+00  0.6400E+02
    -11.356  0.0000E+00  0.6400E+02
    -11.337  0.0000E+00  0.6400E+02
    -11.319  0.0000E+00  0.6400E+02
    -11.301  0.0000E+00  0.6400E+02
    -11.283  0.0000E+00  0.6400E+02
    -11.264  0.0000E+00  0.6400E+02
    -11.246  0.0000E+00  0.6400E+02
    -11.228  0.0000E+00  0.6400E+02
    -11.210  0.0000E+00  0.6400E+02
    -11.191  0.0000E+00  0.6400E+02
    -11.173  0.0000E+00  0.6400E+02
    -11.155  0.0000E+00  0.6400E+02
    -11.137  0.0000E+00  0.6400E+02
    -11.118  0.0000E+00  0.6400E+02
    -11.100  0.0000E+00  0.6400E+02
    -11.082  0.0000E+00  0.6400E+02
    -11.064  0.0000E+00  0.6400E+02
    -11.045  0.0000E+00  0.6400E+02
    -11.027  0.0000E+00  0.6400E+02
    -11.009  0.0000E+00  0.6400E+02
    -10.991  0.0000E+00  0.6400E+02
    -10.972  0.0000E+00  0.6400E+02
    -10.954  0.0000E+00  0.6400E+02
    -10.936  0.0000E+00  0.6400E+02
    -10.918  0.0000E+00  0.6400E+02
    -10.899  0.0000E+00  0.6400E+02
    -10.881  0.0000E+00  0.6400E+02
    -10.863  0.0000E+00  0.6400E+02
    -10.845  0.0000E+00  0.6400E+02
    -10.826  0.0000E+00  0.6400E+02
    -10.808  0.0000E+00  0.6400E+02
    -10.790  0.0000E+00  0.6400E+02
    -10.772  0.0000E+00  0.6400E+02
    -10.753  0.0000E+00  0.6400E+02
    -10.735  0.0000E+00  0.6400E+02
    -10.717  0.0000E+00  0.6400E+02
    -10.698  0.0000E+00  0.6400E+02
    -10.680  0.0000E+00  0.6400E+02
    -10.662  0.0000E+00  0.6400E+02
    -10.644  0.0000E+00  0.6400E+02
    -10.625  0.0000E+00  0.6400E+02
    -10.607  0.0000E+00  0.6400E+02
    -10.589  0.0000E+00  0.6400E+02
    -10.571  0.0000E+00  0.6400E+02
    -10.552  0.0000E+00  0.6400E+02
    -10.534  0.0000E+00  0.6400E+02
    -10.516  0.0000E+00  0.6400E+02
    -10.498  0.0000E+00  0.6400E+02
    -10.479  0.0000E+00  0.6400E+02
    -10.461  0.0000E+00  0.6400E+02
    -10.443  0.0000E+00  0.6400E+02
    -10.425  0.0000E+00  0.6400E+02
    -10.406  0.0000E+00  0.6400E+02
    -10.388  0.0000E+00  0.6400E+02
    -10.370  0.0000E+00  0.6400E+02
    -10.352  0.0000E+00  0.6400E+02
    -10.333  0.0000E+00  0.6400E+02
    -10.315  0.0000E+00  0.6400E+02
    -10.297  0.0000E+00  0.6400E+02
    -10.279  0.0000E+00  0.6400E+02
    -10.260  0.0000E+00  0.6400E+02
    -10.242  0.0000E+00  0.6400E+02
    -10.224  0.0000E+00  0.6400E+02
    -10.206  0.0000E+00  0.6400E+02
    -10.187  0.0000E+00  0.6400E+02
    -10.169  0.0000E+00  0.6400E+02
    -10.151  0.0000E+00  0.6400E+02
    -10.133  0.0000E+00  0.6400E+02
    -10.114  0.0000E+00  0.6400E+02
    -10.096  0.0000E+00  0.6400E+02
    -10.078  0.0000E+00  0.6400E+02
    -10.059  0.0000E+00  0.6400E+02
    -10.041  0.0000E+00  0.6400E+02
    -10.023  0.0000E+00  0.6400E+02
    -10.005  0.0000E+00  0.6400E+02
     -9.986  0.0000E+00  0.6400E+02
     -9.968  0.0000E+00  0.6400E+02
     -9.950  0.0000E+00  0.6400E+02
     -9.932  0.0000E+00  0.6400E+02
     -9.913  0.0000E+00  0.6400E+02
     -9.895  0.0000E+00  0.6400E+02
     -9.877  0.0000E+00  0.6400E+02
     -9.859  0.0000E+00  0.6400E+02
     -9.840  0.0000E+00  0.6400E+02
     -9.822  0.0000E+00  0.6400E+02
     -9.804  0.0000E+00  0.6400E+02
     -9.786  0.0000E+00  0.6400E+02
     -9.767  0.0000E+00  0.6400E+02
     -9.749  0.0000E+00  0.6400E+02
     -9.731  0.0000E+00  0.6400E+02
     -9.713  0.0000E+00  0.6400E+02
     -9.694  0.0000E+00  0.6400E+02
     -9.676  0.0000E+00  0.6400E+02
     -9.658  0.0000E+00  0.6400E+02
     -9.640  0.0000E+00  0.6400E+02
     -9.621  0.0000E+00  0.6400E+02
     -9.603  0.0000E+00  0.6400E+02
     -9.585  0.0000E+00  0.6400E+02
     -9.567  0.0000E+00  0.6400E+02
     -9.548  0.0000E+00  0.6400E+02
     -9.530  0.0000E+00  0.6400E+02
     -9.512  0.0000E+00  0.6400E+02
     -9.494  0.0000E+00  0.6400E+02
     -9.475  0.0000E+00  0.6400E+02
     -9.457  0.0000E+00  0.6400E+02
     -9.439  0.0000E+00  0.6400E+02
     -9.420  0.0000E+00  0.6400E+02
     -9.402  0.0000E+00  0.6400E+02
     -9.384  0.0000E+00  0.6400E+02
     -9.366  0.0000E+00  0.6400E+02
     -9.347  0.0000E+00  0.6400E+02
     -9.329  0.0000E+00  0.6400E+02
     -9.311  0.0000E+00  0.6400E+02
     -9.293  0.0000E+00  0.6400E+02
     -9.274  0.0000E+00  0.6400E+02
     -9.256  0.0000E+00  0.6400E+02
     -9.238  0.0000E+00  0.6400E+02
     -9.220  0.0000E+00  0.6400E+02
     -9.201  0.0000E+00  0.6400E+02
     -9.183  0.0000E+00  0.6400E+02
     -9.165  0.0000E+00  0.6400E+02
     -9.147  0.0000E+00  0.6400E+02
     -9.128  0.0000E+00  0.6400E+02
     -9.110  0.0000E+00  0.6400E+02
     -9.092  0.0000E+00  0.6400E+02
     -9.074  0.0000E+00  0.6400E+02
     -9.055  0.0000E+00  0.6400E+02
     -9.037  0.0000E+00  0.6400E+02
     -9.019  0.0000E+00  0.6400E+02
     -9.001  0.0000E+00  0.6400E+02
     -8.982  0.0000E+00  0.6400E+02
     -8.964  0.0000E+00  0.6400E+02
     -8.946  0.0000E+00  0.6400E+02
     -8.928  0.0000E+00  0.6400E+02
     -8.909  0.0000E+00  0.6400E+02
     -8.891  0.0000E+00  0.6400E+02
     -8.873  0.0000E+00  0.6400E+02
     -8.855  0.0000E+00  0.6400E+02
     -8.836  0.0000E+00  0.6400E+02
     -8.818  0.0000E+00  0.6400E+02
     -8.800  0.0000E+00  0.6400E+02
     -8.782  0.0000E+00  0.6400E+02
     -8.763  0.0000E+00  0.6400E+02
     -8.745  0.0000E+00  0.6400E+02
     -8.727  0.0000E+00  0.6400E+02
     -8.708  0.0000E+00  0.6400E+02
     -8.690  0.0000E+00  0.6400E+02
     -8.672  0.0000E+00  0.6400E+02
     -8.654  0.0000E+00  0.6400E+02
     -8.635  0.0000E+00  0.6400E+02
     -8.617  0.0000E+00  0.6400E+02
     -8.599  0.0000E+00  0.6400E+02
     -8.581  0.0000E+00  0.6400E+02
     -8.562  0.0000E+00  0.6400E+02
     -8.544  0.0000E+00  0.6400E+02
     -8.526  0.0000E+00  0.6400E+02
     -8.508  0.0000E+00  0.6400E+02
     -8.489  0.0000E+00  0.6400E+02
     -8.471  0.0000E+00  0.6400E+02
     -8.453  0.0000E+00  0.6400E+02
     -8.435  0.0000E+00  0.6400E+02
     -8.416  0.0000E+00  0.6400E+02
     -8.398  0.0000E+00  0.6400E+02
     -8.380  0.0000E+00  0.6400E+02
     -8.362  0.0000E+00  0.6400E+02
     -8.343  0.0000E+00  0.6400E+02
     -8.325  0.0000E+00  0.6400E+02
     -8.307  0.0000E+00  0.6400E+02
     -8.289  0.0000E+00  0.6400E+02
     -8.270  0.0000E+00  0.6400E+02
     -8.252  0.0000E+00  0.6400E+02
     -8.234  0.0000E+00  0.6400E+02
     -8.216  0.0000E+00  0.6400E+02
     -8.197  0.0000E+00  0.6400E+02
     -8.179  0.0000E+00  0.6400E+02
     -8.161  0.0000E+00  0.6400E+02
     -8.143  0.0000E+00  0.6400E+02
     -8.124  0.0000E+00  0.6400E+02
     -8.106  0.0000E+00  0.6400E+02
     -8.088  0.0000E+00  0.6400E+02
     -8.069  0.0000E+00  0.6400E+02
     -8.051  0.0000E+00  0.6400E+02
     -8.033  0.0000E+00  0.6400E+02
     -8.015  0.0000E+00  0.6400E+02
     -7.996  0.0000E+00  0.6400E+02
     -7.978  0.0000E+00  0.6400E+02
     -7.960  0.0000E+00  0.6400E+02
     -7.942  0.0000E+00  0.6400E+02
     -7.923  0.0000E+00  0.6400E+02
     -7.905  0.0000E+00  0.6400E+02
     -7.887  0.0000E+00  0.6400E+02
     -7.869  0.0000E+00  0.6400E+02
     -7.850  0.0000E+00  0.6400E+02
     -7.832  0.0000E+00  0.6400E+02
     -7.814  0.0000E+00  0.6400E+02
     -7.796  0.0000E+00  0.6400E+02
     -7.777  0.0000E+00  0.6400E+02
     -7.759  0.0000E+00  0.6400E+02
     -7.741  0.0000E+00  0.6400E+02
     -7.723  0.0000E+00  0.6400E+02
     -7.704  0.0000E+00  0.6400E+02
     -7.686  0.0000E+00  0.6400E+02
     -7.668  0.0000E+00  0.6400E+02
     -7.650  0.0000E+00  0.6400E+02
     -7.631  0.0000E+00  0.6400E+02
     -7.613  0.0000E+00  0.6400E+02
     -7.595  0.0000E+00  0.6400E+02
     -7.577  0.0000E+00  0.6400E+02
     -7.558  0.0000E+00  0.6400E+02
     -7.540  0.0000E+00  0.6400E+02
     -7.522  0.0000E+00  0.6400E+02
     -7.504  0.0000E+00  0.6400E+02
     -7.485  0.0000E+00  0.6400E+02
     -7.467  0.0000E+00  0.6400E+02
     -7.449  0.0000E+00  0.6400E+02
     -7.430  0.0000E+00  0.6400E+02
     -7.412  0.0000E+00  0.6400E+02
     -7.394  0.0000E+00  0.6400E+02
     -7.376  0.0000E+00  0.6400E+02
     -7.357  0.0000E+00  0.6400E+02
     -7.339  0.0000E+00  0.6400E+02
     -7.321  0.0000E+00  0.6400E+02
     -7.303  0.0000E+00  0.6400E+02
     -7.284  0.0000E+00  0.6400E+02
     -7.266  0.0000E+00  0.6400E+02
     -7.248  0.0000E+00  0.6400E+02
     -7.230  0.0000E+00  0.6400E+02
     -7.211  0.0000E+00  0.6400E+02
     -7.193  0.0000E+00  0.6400E+02
     -7.175  0.0000E+00  0.6400E+02
     -7.157  0.0000E+00  0.6400E+02
     -7.138  0.0000E+00  0.6400E+02
     -7.120  0.0000E+00  0.6400E+02
     -7.102  0.0000E+00  0.6400E+02
     -7.084  0.0000E+00  0.6400E+02
     -7.065  0.0000E+00  0.6400E+02
     -7.047  0.0000E+00  0.6400E+02
     -7.029  0.0000E+00  0.6400E+02
     -7.011  0.0000E+00  0.6400E+02
     -6.992  0.0000E+00  0.6400E+02
     -6.974  0.0000E+00  0.6400E+02
     -6.956  0.0000E+00  0.6400E+02
     -6.938  0.0000E+00  0.6400E+02
     -6.919  0.0000E+00  0.6400E+02
     -6.901  0.0000E+00  0.6400E+02
     -6.883  0.0000E+00  0.6400E+02
     -6.865  0.0000E+00  0.6400E+02
     -6.846  0.0000E+00  0.6400E+02
     -6.828  0.0000E+00  0.6400E+02
     -6.810  0.0000E+00  0.6400E+02
     -6.792  0.0000E+00  0.6400E+02
     -6.773  0.0000E+00  0.6400E+02
     -6.755  0.0000E+00  0.6400E+02
     -6.737  0.0000E+00  0.6400E+02
     -6.718  0.0000E+00  0.6400E+02
     -6.700  0.0000E+00  0.6400E+02
     -6.682  0.0000E+00  0.6400E+02
     -6.664  0.0000E+00  0.6400E+02
     -6.645  0.0000E+00  0.6400E+02
     -6.627  0.0000E+00  0.6400E+02
     -6.609  0.0000E+00  0.6400E+02
     -6.591  0.0000E+00  0.6400E+02
     -6.572  0.0000E+00  0.6400E+02
     -6.554  0.0000E+00  0.6400E+02
     -6.536  0.0000E+00  0.6400E+02
     -6.518  0.0000E+00  0.6400E+02
     -6.499  0.0000E+00  0.6400E+02
     -6.481  0.0000E+00  0.6400E+02
     -6.463  0.0000E+00  0.6400E+02
     -6.445  0.0000E+00  0.6400E+02
     -6.426  0.0000E+00  0.6400E+02
     -6.408  0.0000E+00  0.6400E+02
     -6.390  0.0000E+00  0.6400E+02
     -6.372  0.0000E+00  0.6400E+02
     -6.353  0.0000E+00  0.6400E+02
     -6.335  0.0000E+00  0.6400E+02
     -6.317  0.0000E+00  0.6400E+02
     -6.299  0.0000E+00  0.6400E+02
     -6.280  0.0000E+00  0.6400E+02
     -6.262  0.0000E+00  0.6400E+02
     -6.244  0.0000E+00  0.6400E+02
     -6.226  0.0000E+00  0.6400E+02
     -6.207  0.0000E+00  0.6400E+02
     -6.189  0.0000E+00  0.6400E+02
     -6.171  0.0000E+00  0.6400E+02
     -6.153  0.0000E+00  0.6400E+02
     -6.134  0.0000E+00  0.6400E+02
     -6.116  0.0000E+00  0.6400E+02
     -6.098  0.0000E+00  0.6400E+02
     -6.079  0.0000E+00  0.6400E+02
     -6.061  0.0000E+00  0.6400E+02
     -6.043  0.0000E+00  0.6400E+02
     -6.025  0.0000E+00  0.6400E+02
     -6.006  0.0000E+00  0.6400E+02
     -5.988  0.0000E+00  0.6400E+02
     -5.970  0.0000E+00  0.6400E+02
     -5.952  0.0000E+00  0.6400E+02
     -5.933  0.0000E+00  0.6400E+02
     -5.915  0.0000E+00  0.6400E+02
     -5.897  0.0000E+00  0.6400E+02
     -5.879  0.0000E+00  0.6400E+02
     -5.860  0.0000E+00  0.6400E+02
     -5.842  0.0000E+00  0.6400E+02
     -5.824  0.0000E+00  0.6400E+02
     -5.806  0.0000E+00  0.6400E+02
     -5.787  0.0000E+00  0.6400E+02
     -5.769  0.0000E+00  0.6400E+02
     -5.751  0.0000E+00  0.6400E+02
     -5.733  0.0000E+00  0.6400E+02
     -5.714  0.0000E+00  0.6400E+02
     -5.696  0.0000E+00  0.6400E+02
     -5.678  0.0000E+00  0.6400E+02
     -5.660  0.0000E+00  0.6400E+02
     -5.641  0.0000E+00  0.6400E+02
     -5.623  0.0000E+00  0.6400E+02
     -5.605  0.0000E+00  0.6400E+02
     -5.587  0.0000E+00  0.6400E+02
     -5.568  0.0000E+00  0.6400E+02
     -5.550  0.0000E+00  0.6400E+02
     -5.532  0.0000E+00  0.6400E+02
     -5.514  0.0000E+00  0.6400E+02
     -5.495  0.0000E+00  0.6400E+02
     -5.477  0.0000E+00  0.6400E+02
     -5.459  0.0000E+00  0.6400E+02
     -5.440  0.0000E+00  0.6400E+02
     -5.422  0.0000E+00  0.6400E+02
     -5.404  0.0000E+00  0.6400E+02
     -5.386  0.0000E+00  0.6400E+02
     -5.367  0.0000E+00  0.6400E+02
     -5.349  0.0000E+00  0.6400E+02
     -5.331  0.0000E+00  0.6400E+02
     -5.313  0.0000E+00  0.6400E+02
     -5.294  0.0000E+00  0.6400E+02
     -5.276  0.0000E+00  0.6400E+02
     -5.258  0.0000E+00  0.6400E+02
     -5.240  0.0000E+00  0.6400E+02
     -5.221  0.0000E+00  0.6400E+02
     -5.203  0.0000E+00  0.6400E+02
     -5.185  0.0000E+00  0.6400E+02
     -5.167  0.0000E+00  0.6400E+02
     -5.148  0.0000E+00  0.6400E+02
     -5.130  0.0000E+00  0.6400E+02
     -5.112  0.0000E+00  0.6400E+02
     -5.094  0.0000E+00  0.6400E+02
     -5.075  0.0000E+00  0.6400E+02
     -5.057  0.0000E+00  0.6400E+02
     -5.039  0.0000E+00  0.6400E+02
     -5.021  0.0000E+00  0.6400E+02
     -5.002  0.0000E+00  0.6400E+02
     -4.984  0.0000E+00  0.6400E+02
     -4.966  0.0000E+00  0.6400E+02
     -4.948  0.0000E+00  0.6400E+02
     -4.929  0.0000E+00  0.6400E+02
     -4.911  0.0000E+00  0.6400E+02
     -4.893  0.0000E+00  0.6400E+02
     -4.875  0.0000E+00  0.6400E+02
     -4.856  0.0000E+00  0.6400E+02
     -4.838  0.0000E+00  0.6400E+02
     -4.820  0.0000E+00  0.6400E+02
     -4.801  0.0000E+00  0.6400E+02
     -4.783  0.0000E+00  0.6400E+02
     -4.765  0.0000E+00  0.6400E+02
     -4.747  0.0000E+00  0.6400E+02
     -4.728  0.0000E+00  0.6400E+02
     -4.710  0.0000E+00  0.6400E+02
     -4.692  0.0000E+00  0.6400E+02
     -4.674  0.0000E+00  0.6400E+02
     -4.655  0.0000E+00  0.6400E+02
     -4.637  0.0000E+00  0.6400E+02
     -4.619  0.0000E+00  0.6400E+02
     -4.601  0.0000E+00  0.6400E+02
     -4.582  0.0000E+00  0.6400E+02
     -4.564  0.0000E+00  0.6400E+02
     -4.546  0.0000E+00  0.6400E+02
     -4.528  0.0000E+00  0.6400E+02
     -4.509  0.0000E+00  0.6400E+02
     -4.491  0.0000E+00  0.6400E+02
     -4.473  0.0000E+00  0.6400E+02
     -4.455  0.0000E+00  0.6400E+02
     -4.436  0.0000E+00  0.6400E+02
     -4.418  0.0000E+00  0.6400E+02
     -4.400  0.0000E+00  0.6400E+02
     -4.382  0.0000E+00  0.6400E+02
     -4.363  0.0000E+00  0.6400E+02
     -4.345  0.0000E+00  0.6400E+02
     -4.327  0.0000E+00  0.6400E+02
     -4.309  0.0000E+00  0.6400E+02
     -4.290  0.0000E+00  0.6400E+02
     -4.272  0.0000E+00  0.6400E+02
     -4.254  0.0000E+00  0.6400E+02
     -4.236  0.0000E+00  0.6400E+02
     -4.217  0.0000E+00  0.6400E+02
     -4.199  0.0000E+00  0.6400E+02
     -4.181  0.0000E+00  0.6400E+02
     -4.163  0.0000E+00  0.6400E+02
     -4.144  0.0000E+00  0.6400E+02
     -4.126  0.0000E+00  0.6400E+02
     -4.108  0.0000E+00  0.6400E+02
     -4.089  0.0000E+00  0.6400E+02
     -4.071  0.0000E+00  0.6400E+02
     -4.053  0.0000E+00  0.6400E+02
     -4.035  0.0000E+00  0.6400E+02
     -4.016  0.0000E+00  0.6400E+02
     -3.998  0.0000E+00  0.6400E+02
     -3.980  0.0000E+00  0.6400E+02
     -3.962  0.0000E+00  0.6400E+02
     -3.943  0.0000E+00  0.6400E+02
     -3.925  0.0000E+00  0.6400E+02
     -3.907  0.0000E+00  0.6400E+02
     -3.889  0.0000E+00  0.6400E+02
     -3.870  0.0000E+00  0.6400E+02
     -3.852  0.0000E+00  0.6400E+02
     -3.834  0.0000E+00  0.6400E+02
     -3.816  0.0000E+00  0.6400E+02
     -3.797  0.0000E+00  0.6400E+02
     -3.779  0.0000E+00  0.6400E+02
     -3.761  0.0000E+00  0.6400E+02
     -3.743  0.0000E+00  0.6400E+02
     -3.724  0.0000E+00  0.6400E+02
     -3.706  0.0000E+00  0.6400E+02
     -3.688  0.0000E+00  0.6400E+02
     -3.670  0.0000E+00  0.6400E+02
     -3.651  0.0000E+00  0.6400E+02
     -3.633  0.0000E+00  0.6400E+02
     -3.615  0.0000E+00  0.6400E+02
     -3.597  0.0000E+00  0.6400E+02
     -3.578  0.0000E+00  0.6400E+02
     -3.560  0.0000E+00  0.6400E+02
     -3.542  0.0000E+00  0.6400E+02
     -3.524  0.0000E+00  0.6400E+02
     -3.505  0.0000E+00  0.6400E+02
     -3.487  0.0000E+00  0.6400E+02
     -3.469  0.0000E+00  0.6400E+02
     -3.450  0.0000E+00  0.6400E+02
     -3.432  0.0000E+00  0.6400E+02
     -3.414  0.0000E+00  0.6400E+02
     -3.396  0.0000E+00  0.6400E+02
     -3.377  0.0000E+00  0.6400E+02
     -3.359  0.0000E+00  0.6400E+02
     -3.341  0.0000E+00  0.6400E+02
     -3.323  0.0000E+00  0.6400E+02
     -3.304  0.0000E+00  0.6400E+02
     -3.286  0.0000E+00  0.6400E+02
     -3.268  0.0000E+00  0.6400E+02
     -3.250  0.0000E+00  0.6400E+02
     -3.231  0.0000E+00  0.6400E+02
     -3.213  0.0000E+00  0.6400E+02
     -3.195  0.0000E+00  0.6400E+02
     -3.177  0.0000E+00  0.6400E+02
     -3.158  0.0000E+00  0.6400E+02
     -3.140  0.0000E+00  0.6400E+02
     -3.122  0.0000E+00  0.6400E+02
     -3.104  0.0000E+00  0.6400E+02
     -3.085  0.0000E+00  0.6400E+02
     -3.067  0.0000E+00  0.6400E+02
     -3.049  0.0000E+00  0.6400E+02
     -3.031  0.0000E+00  0.6400E+02
     -3.012  0.0000E+00  0.6400E+02
     -2.994  0.0000E+00  0.6400E+02
     -2.976  0.0000E+00  0.6400E+02
     -2.958  0.0000E+00  0.6400E+02
     -2.939  0.0000E+00  0.6400E+02
     -2.921  0.0000E+00  0.6400E+02
     -2.903  0.0000E+00  0.6400E+02
     -2.885  0.0000E+00  0.6400E+02
     -2.866  0.0000E+00  0.6400E+02
     -2.848  0.0000E+00  0.6400E+02
     -2.830  0.0000E+00  0.6400E+02
     -2.811  0.0000E+00  0.6400E+02
     -2.793  0.0000E+00  0.6400E+02
     -2.775  0.0000E+00  0.6400E+02
     -2.757  0.0000E+00  0.6400E+02
     -2.738  0.0000E+00  0.6400E+02
     -2.720  0.0000E+00  0.6400E+02
     -2.702  0.0000E+00  0.6400E+02
     -2.684  0.0000E+00  0.6400E+02
     -2.665  0.0000E+00  0.6400E+02
     -2.647  0.0000E+00  0.6400E+02
     -2.629  0.0000E+00  0.6400E+02
     -2.611  0.0000E+00  0.6400E+02
     -2.592  0.0000E+00  0.6400E+02
     -2.574  0.0000E+00  0.6400E+02
     -2.556  0.0000E+00  0.6400E+02
     -2.538  0.0000E+00  0.6400E+02
     -2.519  0.0000E+00  0.6400E+02
     -2.501  0.0000E+00  0.6400E+02
     -2.483  0.0000E+00  0.6400E+02
     -2.465  0.0000E+00  0.6400E+02
     -2.446  0.0000E+00  0.6400E+02
     -2.428  0.0000E+00  0.6400E+02
     -2.410  0.0000E+00  0.6400E+02
     -2.392  0.0000E+00  0.6400E+02
     -2.373  0.0000E+00  0.6400E+02
     -2.355  0.0000E+00  0.6400E+02
     -2.337  0.0000E+00  0.6400E+02
     -2.319  0.0000E+00  0.6400E+02
     -2.300  0.0000E+00  0.6400E+02
     -2.282  0.0000E+00  0.6400E+02
     -2.264  0.0000E+00  0.6400E+02
     -2.246  0.0000E+00  0.6400E+02
     -2.227  0.0000E+00  0.6400E+02
     -2.209  0.0000E+00  0.6400E+02
     -2.191  0.0000E+00  0.6400E+02
     -2.172  0.0000E+00  0.6400E+02
     -2.154  0.0000E+00  0.6400E+02
     -2.136  0.0000E+00  0.6400E+02
     -2.118  0.0000E+00  0.6400E+02
     -2.099  0.0000E+00  0.6400E+02
     -2.081  0.0000E+00  0.6400E+02
     -2.063  0.0000E+00  0.6400E+02
     -2.045  0.0000E+00  0.6400E+02
     -2.026  0.0000E+00  0.6400E+02
     -2.008  0.0000E+00  0.6400E+02
     -1.990  0.0000E+00  0.6400E+02
     -1.972  0.0000E+00  0.6400E+02
     -1.953  0.0000E+00  0.6400E+02
     -1.935  0.0000E+00  0.6400E+02
     -1.917  0.0000E+00  0.6400E+02
     -1.899  0.0000E+00  0.6400E+02
     -1.880  0.0000E+00  0.6400E+02
     -1.862  0.0000E+00  0.6400E+02
     -1.844  0.0000E+00  0.6400E+02
     -1.826  0.0000E+00  0.6400E+02
     -1.807  0.0000E+00  0.6400E+02
     -1.789  0.0000E+00  0.6400E+02
     -1.771  0.0000E+00  0.6400E+02
     -1.753  0.0000E+00  0.6400E+02
     -1.734  0.0000E+00  0.6400E+02
     -1.716  0.0000E+00  0.6400E+02
     -1.698  0.0000E+00  0.6400E+02
     -1.680  0.0000E+00  0.6400E+02
     -1.661  0.0000E+00  0.6400E+02
     -1.643  0.0000E+00  0.6400E+02
     -1.625  0.0000E+00  0.6400E+02
     -1.607  0.0000E+00  0.6400E+02
     -1.588  0.0000E+00  0.6400E+02
     -1.570  0.2373E-03  0.6400E+02
     -1.552  0.2721E-01  0.6400E+02
     -1.534  0.9892E-01  0.6400E+02
     -1.515  0.2154E+00  0.6400E+02
     -1.497  0.3765E+00  0.6401E+02
     -1.479  0.5825E+00  0.6402E+02
     -1.460  0.8331E+00  0.6403E+02
     -1.442  0.1129E+01  0.6405E+02
     -1.424  0.1469E+01  0.6407E+02
     -1.406  0.1853E+01  0.6410E+02
     -1.387  0.2283E+01  0.6414E+02
     -1.369  0.2781E+01  0.6419E+02
     -1.351  0.3360E+01  0.6424E+02
     -1.333  0.4020E+01  0.6431E+02
     -1.314  0.4762E+01  0.6439E+02
     -1.296  0.5584E+01  0.6448E+02
     -1.278  0.6488E+01  0.6459E+02
     -1.260  0.7473E+01  0.6472E+02
     -1.241  0.8540E+01  0.6487E+02
     -1.223  0.9687E+01  0.6503E+02
     -1.205  0.1092E+02  0.6522E+02
     -1.187  0.1228E+02  0.6543E+02
     -1.168  0.1401E+02  0.6567E+02
     -1.150  0.1587E+02  0.6594E+02
     -1.132  0.1849E+02  0.6626E+02
     -1.114  0.2078E+02  0.6662E+02
     -1.095  0.2272E+02  0.6702E+02
     -1.077  0.2495E+02  0.6745E+02
     -1.059  0.2679E+02  0.6792E+02
     -1.041  0.3789E+02  0.6847E+02
     -1.022  0.5221E+02  0.6931E+02
     -1.004  0.5667E+02  0.7031E+02
     -0.986  0.5796E+02  0.7136E+02
     -0.968  0.6210E+02  0.7245E+02
     -0.949  0.6794E+02  0.7364E+02
     -0.931  0.6601E+02  0.7488E+02
     -0.913  0.5401E+02  0.7598E+02
     -0.895  0.3623E+02  0.7680E+02
     -0.876  0.2400E+02  0.7735E+02
     -0.858  0.1433E+02  0.7770E+02
     -0.840  0.1424E+02  0.7790E+02
     -0.821  0.2838E+02  0.7832E+02
     -0.803  0.2511E+02  0.7883E+02
     -0.785  0.7216E+01  0.7914E+02
     -0.767  0.1188E+02  0.7931E+02
     -0.748  0.1760E+02  0.7957E+02
     -0.730  0.2561E+02  0.7997E+02
     -0.712  0.3195E+02  0.8050E+02
     -0.694  0.3690E+02  0.8113E+02
     -0.675  0.4063E+02  0.8184E+02
     -0.657  0.4314E+02  0.8260E+02
     -0.639  0.4605E+02  0.8340E+02
     -0.621  0.6723E+02  0.8458E+02
     -0.602  0.3650E+02  0.8544E+02
     -0.584  0.7028E+02  0.8622E+02
     -0.566  0.3917E+02  0.8739E+02
     -0.548  0.5326E+02  0.8818E+02
     -0.529  0.6689E+02  0.8931E+02
     -0.511  0.6022E+02  0.9050E+02
     -0.493  0.4737E+02  0.9144E+02
     -0.475  0.4126E+02  0.9226E+02
     -0.456  0.3792E+02  0.9296E+02
     -0.438  0.4042E+02  0.9367E+02
     -0.420  0.4393E+02  0.9444E+02
     -0.402  0.4732E+02  0.9527E+02
     -0.383  0.5052E+02  0.9616E+02
     -0.365  0.5608E+02  0.9714E+02
     -0.347  0.6194E+02  0.9820E+02
     -0.329  0.6334E+02  0.9935E+02
     -0.310  0.6343E+02  0.1005E+03
     -0.292  0.6285E+02  0.1017E+03
     -0.274  0.4511E+02  0.1026E+03
     -0.256  0.4367E+02  0.1034E+03
     -0.237  0.3855E+02  0.1041E+03
     -0.219  0.3238E+02  0.1048E+03
     -0.201  0.2651E+02  0.1053E+03
     -0.182  0.2678E+02  0.1058E+03
     -0.164  0.2697E+02  0.1063E+03
     -0.146  0.2710E+02  0.1068E+03
     -0.128  0.2715E+02  0.1073E+03
     -0.109  0.2713E+02  0.1078E+03
     -0.091  0.2704E+02  0.1083E+03
     -0.073  0.2688E+02  0.1087E+03
     -0.055  0.2666E+02  0.1092E+03
     -0.036  0.2635E+02  0.1097E+03
     -0.018  0.2549E+02  0.1102E+03
      0.000  0.2471E+02  0.1106E+03
      0.018  0.2426E+02  0.1111E+03
      0.037  0.2448E+02  0.1115E+03
      0.055  0.2474E+02  0.1120E+03
      0.073  0.2404E+02  0.1124E+03
      0.091  0.2357E+02  0.1129E+03
      0.110  0.2409E+02  0.1133E+03
      0.128  0.2594E+02  0.1138E+03
      0.146  0.2797E+02  0.1142E+03
      0.164  0.2991E+02  0.1148E+03
      0.183  0.3102E+02  0.1153E+03
      0.201  0.3123E+02  0.1159E+03
      0.219  0.3217E+02  0.1165E+03
      0.237  0.3190E+02  0.1171E+03
      0.256  0.2940E+02  0.1176E+03
      0.274  0.2459E+02  0.1181E+03
      0.292  0.2085E+02  0.1185E+03
      0.310  0.1478E+02  0.1189E+03
      0.329  0.9690E+01  0.1191E+03
      0.347  0.8474E+01  0.1192E+03
      0.365  0.7340E+01  0.1194E+03
      0.383  0.1736E+02  0.1196E+03
      0.402  0.2965E+02  0.1200E+03
      0.420  0.3707E+02  0.1206E+03
      0.438  0.3964E+02  0.1213E+03
      0.457  0.3955E+02  0.1221E+03
      0.475  0.3861E+02  0.1228E+03
      0.493  0.3759E+02  0.1235E+03
      0.511  0.3590E+02  0.1241E+03
      0.530  0.3336E+02  0.1248E+03
      0.548  0.2953E+02  0.1254E+03
      0.566  0.2562E+02  0.1259E+03
      0.584  0.2131E+02  0.1263E+03
      0.603  0.1733E+02  0.1266E+03
      0.621  0.1464E+02  0.1269E+03
      0.639  0.1354E+02  0.1272E+03
      0.657  0.1341E+02  0.1274E+03
      0.676  0.1412E+02  0.1277E+03
      0.694  0.1479E+02  0.1279E+03
      0.712  0.1525E+02  0.1282E+03
      0.730  0.1549E+02  0.1285E+03
      0.749  0.1552E+02  0.1288E+03
      0.767  0.1827E+02  0.1291E+03
      0.785  0.1841E+02  0.1294E+03
      0.803  0.1861E+02  0.1298E+03
      0.822  0.1888E+02  0.1301E+03
      0.840  0.1919E+02  0.1305E+03
      0.858  0.1957E+02  0.1308E+03
      0.876  0.1967E+02  0.1312E+03
      0.895  0.1957E+02  0.1315E+03
      0.913  0.1982E+02  0.1319E+03
      0.931  0.2060E+02  0.1323E+03
      0.949  0.2128E+02  0.1326E+03
      0.968  0.2187E+02  0.1330E+03
      0.986  0.2236E+02  0.1334E+03
      1.004  0.2276E+02  0.1339E+03
      1.022  0.2306E+02  0.1343E+03
      1.041  0.2327E+02  0.1347E+03
      1.059  0.2338E+02  0.1351E+03
      1.077  0.2340E+02  0.1355E+03
      1.095  0.2331E+02  0.1360E+03
      1.114  0.2313E+02  0.1364E+03
      1.132  0.2307E+02  0.1368E+03
      1.150  0.2320E+02  0.1372E+03
      1.169  0.2350E+02  0.1377E+03
      1.187  0.2398E+02  0.1381E+03
      1.205  0.2465E+02  0.1385E+03
      1.223  0.2528E+02  0.1390E+03
      1.242  0.2463E+02  0.1395E+03
      1.260  0.2450E+02  0.1399E+03
      1.278  0.2265E+02  0.1403E+03
      1.296  0.2366E+02  0.1408E+03
      1.315  0.2609E+02  0.1412E+03
      1.333  0.3096E+02  0.1417E+03
      1.351  0.3497E+02  0.1423E+03
      1.369  0.3794E+02  0.1430E+03
      1.388  0.3987E+02  0.1437E+03
      1.406  0.4081E+02  0.1445E+03
      1.424  0.4198E+02  0.1452E+03
      1.442  0.4327E+02  0.1460E+03
      1.461  0.4448E+02  0.1468E+03
      1.479  0.4561E+02  0.1476E+03
      1.497  0.5198E+02  0.1485E+03
      1.515  0.3201E+02  0.1502E+03
      1.534  0.3816E+02  0.1508E+03
      1.552  0.4276E+02  0.1515E+03
      1.570  0.4576E+02  0.1524E+03
      1.588  0.4663E+02  0.1532E+03
      1.607  0.4682E+02  0.1541E+03
      1.625  0.4634E+02  0.1549E+03
      1.643  0.4520E+02  0.1557E+03
      1.661  0.4339E+02  0.1566E+03
      1.680  0.4091E+02  0.1573E+03
      1.698  0.3922E+02  0.1581E+03
      1.716  0.4041E+02  0.1588E+03
      1.734  0.4173E+02  0.1595E+03
      1.753  0.4283E+02  0.1603E+03
      1.771  0.4387E+02  0.1611E+03
      1.789  0.4417E+02  0.1619E+03
      1.808  0.4347E+02  0.1627E+03
      1.826  0.4249E+02  0.1635E+03
      1.844  0.4125E+02  0.1643E+03
      1.862  0.4073E+02  0.1650E+03
      1.881  0.4003E+02  0.1657E+03
      1.899  0.3912E+02  0.1665E+03
      1.917  0.3859E+02  0.1672E+03
      1.935  0.3883E+02  0.1679E+03
      1.954  0.3968E+02  0.1686E+03
      1.972  0.4150E+02  0.1693E+03
      1.990  0.4390E+02  0.1701E+03
      2.008  0.5637E+02  0.1710E+03
      2.027  0.7961E+02  0.1722E+03
      2.045  0.8365E+02  0.1738E+03
      2.063  0.7036E+02  0.1752E+03
      2.081  0.4072E+02  0.1762E+03
      2.100  0.3568E+02  0.1769E+03
      2.118  0.5175E+02  0.1777E+03
      2.136  0.6665E+02  0.1788E+03
      2.154  0.7864E+02  0.1801E+03
      2.173  0.8996E+02  0.1816E+03
      2.191  0.7278E+02  0.1833E+03
      2.209  0.1039E+03  0.1849E+03
      2.227  0.8146E+02  0.1866E+03
      2.246  0.7549E+02  0.1881E+03
      2.264  0.8077E+02  0.1896E+03
      2.282  0.7366E+02  0.1910E+03
      2.300  0.8028E+02  0.1920E+03
      2.319  0.7772E+02  0.1935E+03
      2.337  0.7944E+02  0.1954E+03
      2.355  0.3962E+02  0.1967E+03
      2.373  0.3394E+02  0.1974E+03
      2.392  0.9462E+02  0.1984E+03
      2.410  0.8541E+02  0.2004E+03
      2.428  0.1260E+03  0.2025E+03
      2.447  0.5835E+02  0.2035E+03
      2.465  0.6517E+02  0.2047E+03
      2.483  0.5728E+02  0.2058E+03
      2.501  0.3056E+02  0.2066E+03
      2.520  0.7618E+02  0.2071E+03
      2.538  0.9704E+02  0.2091E+03
      2.556  0.6283E+02  0.2105E+03
      2.574  0.5773E+02  0.2116E+03
      2.593  0.8641E+02  0.2130E+03
      2.611  0.8266E+02  0.2145E+03
      2.629  0.8280E+02  0.2159E+03
      2.647  0.9809E+02  0.2181E+03
      2.666  0.8952E+02  0.2197E+03
      2.684  0.7572E+02  0.2213E+03
      2.702  0.5612E+02  0.2224E+03
      2.720  0.9808E+02  0.2236E+03
      2.739  0.7801E+02  0.2253E+03
      2.757  0.3154E+02  0.2263E+03
      2.775  0.5020E+02  0.2270E+03
      2.793  0.3929E+02  0.2279E+03
      2.812  0.4958E+02  0.2286E+03
      2.830  0.1071E+03  0.2301E+03
      2.848  0.3579E+02  0.2318E+03
      2.866  0.2899E+02  0.2323E+03
      2.885  0.2294E+02  0.2328E+03
      2.903  0.1764E+02  0.2332E+03
      2.921  0.1454E+03  0.2345E+03
      2.939  0.6714E+02  0.2356E+03
      2.958  0.6343E+02  0.2369E+03
      2.976  0.5396E+02  0.2379E+03
      2.994  0.3864E+02  0.2388E+03
      3.012  0.3836E+02  0.2394E+03
      3.031  0.9753E+02  0.2407E+03
      3.049  0.4406E+02  0.2418E+03
      3.067  0.4038E+02  0.2425E+03
      3.086  0.3299E+02  0.2432E+03
      3.104  0.2148E+02  0.2437E+03
      3.122  0.1169E+02  0.2440E+03
      3.140  0.9195E+01  0.2442E+03
      3.159  0.9187E+01  0.2444E+03
      3.177  0.1169E+02  0.2445E+03
      3.195  0.1706E+02  0.2448E+03
      3.213  0.4377E+02  0.2453E+03
      3.232  0.4639E+02  0.2462E+03
      3.250  0.1913E+02  0.2468E+03
      3.268  0.2091E+02  0.2471E+03
      3.286  0.3853E+02  0.2476E+03
      3.305  0.3480E+02  0.2483E+03
      3.323  0.2495E+02  0.2489E+03
      3.341  0.1960E+02  0.2493E+03
      3.359  0.1442E+02  0.2496E+03
      3.378  0.9407E+01  0.2498E+03
      3.396  0.4050E+02  0.2502E+03
      3.414  0.5105E+02  0.2510E+03
      3.432  0.3978E+02  0.2519E+03
      3.451  0.2573E+02  0.2525E+03
      3.469  0.2462E+02  0.2529E+03
      3.487  0.2355E+02  0.2534E+03
      3.505  0.2254E+02  0.2538E+03
      3.524  0.2157E+02  0.2542E+03
      3.542  0.2065E+02  0.2546E+03
      3.560  0.1977E+02  0.2549E+03
      3.578  0.1895E+02  0.2553E+03
      3.597  0.1817E+02  0.2556E+03
      3.615  0.1040E+02  0.2559E+03
      3.633  0.1753E+01  0.2560E+03
      3.651  0.0000E+00  0.2560E+03
      3.670  0.0000E+00  0.2560E+03
      3.688  0.0000E+00  0.2560E+03
      3.706  0.0000E+00  0.2560E+03
      3.724  0.0000E+00  0.2560E+03
      3.743  0.0000E+00  0.2560E+03
      3.761  0.0000E+00  0.2560E+03
      3.779  0.0000E+00  0.2560E+03
      3.798  0.0000E+00  0.2560E+03
      3.816  0.0000E+00  0.2560E+03
      3.834  0.0000E+00  0.2560E+03
      3.852  0.0000E+00  0.2560E+03
      3.871  0.0000E+00  0.2560E+03
      3.889  0.0000E+00  0.2560E+03
      3.907  0.0000E+00  0.2560E+03
      3.925  0.0000E+00  0.2560E+03
      3.944  0.0000E+00  0.2560E+03
      3.962  0.0000E+00  0.2560E+03
      3.980  0.0000E+00  0.2560E+03
      3.998  0.0000E+00  0.2560E+03
      4.017  0.0000E+00  0.2560E+03
      4.035  0.0000E+00  0.2560E+03
      4.053  0.0000E+00  0.2560E+03
      4.071  0.0000E+00  0.2560E+03
      4.090  0.0000E+00  0.2560E+03
      4.108  0.0000E+00  0.2560E+03
      4.126  0.0000E+00  0.2560E+03
      4.144  0.0000E+00  0.2560E+03
      4.163  0.0000E+00  0.2560E+03
      4.181  0.0000E+00  0.2560E+03
      4.199  0.0000E+00  0.2560E+03
      4.217  0.0000E+00  0.2560E+03
      4.236  0.0000E+00  0.2560E+03
      4.254  0.0000E+00  0.2560E+03
      4.272  0.0000E+00  0.2560E+03
      4.290  0.0000E+00  0.2560E+03
      4.309  0.0000E+00  0.2560E+03
      4.327  0.0000E+00  0.2560E+03
      4.345  0.0000E+00  0.2560E+03
      4.363  0.0000E+00  0.2560E+03
      4.382  0.0000E+00  0.2560E+03
      4.400  0.0000E+00  0.2560E+03
      4.418  0.0000E+00  0.2560E+03
      4.437  0.0000E+00  0.2560E+03
      4.455  0.0000E+00  0.2560E+03
      4.473  0.0000E+00  0.2560E+03
      4.491  0.0000E+00  0.2560E+03
      4.510  0.0000E+00  0.2560E+03
      4.528  0.0000E+00  0.2560E+03
      4.546  0.0000E+00  0.2560E+03
      4.564  0.0000E+00  0.2560E+03
      4.583  0.0000E+00  0.2560E+03
      4.601  0.0000E+00  0.2560E+03
      4.619  0.0000E+00  0.2560E+03
      4.637  0.0000E+00  0.2560E+03
      4.656  0.0000E+00  0.2560E+03
      4.674  0.0000E+00  0.2560E+03
      4.692  0.0000E+00  0.2560E+03
      4.710  0.0000E+00  0.2560E+03
      4.729  0.0000E+00  0.2560E+03
      4.747  0.0000E+00  0.2560E+03
      4.765  0.0000E+00  0.2560E+03
      4.783  0.0000E+00  0.2560E+03
      4.802  0.0000E+00  0.2560E+03
      4.820  0.0000E+00  0.2560E+03
      4.838  0.0000E+00  0.2560E+03
      4.856  0.0000E+00  0.2560E+03
      4.875  0.0000E+00  0.2560E+03
      4.893  0.0000E+00  0.2560E+03
      4.911  0.0000E+00  0.2560E+03
      4.929  0.0000E+00  0.2560E+03
      4.948  0.0000E+00  0.2560E+03
      4.966  0.0000E+00  0.2560E+03
      4.984  0.0000E+00  0.2560E+03
      5.002  0.0000E+00  0.2560E+03
      5.021  0.0000E+00  0.2560E+03
      5.039  0.0000E+00  0.2560E+03
      5.057  0.0000E+00  0.2560E+03
      5.076  0.0000E+00  0.2560E+03
      5.094  0.0000E+00  0.2560E+03
      5.112  0.0000E+00  0.2560E+03
      5.130  0.0000E+00  0.2560E+03
      5.149  0.0000E+00  0.2560E+03
      5.167  0.0000E+00  0.2560E+03
      5.185  0.0000E+00  0.2560E+03
      5.203  0.0000E+00  0.2560E+03
      5.222  0.0000E+00  0.2560E+03
      5.240  0.0000E+00  0.2560E+03
      5.258  0.0000E+00  0.2560E+03
      5.276  0.0000E+00  0.2560E+03
      5.295  0.0000E+00  0.2560E+03
      5.313  0.0000E+00  0.2560E+03
      5.331  0.0000E+00  0.2560E+03
      5.349  0.0000E+00  0.2560E+03
      5.368  0.0000E+00  0.2560E+03
      5.386  0.0000E+00  0.2560E+03
      5.404  0.0000E+00  0.2560E+03
      5.422  0.0000E+00  0.2560E+03
      5.441  0.0000E+00  0.2560E+03
      5.459  0.0000E+00  0.2560E+03
      5.477  0.0000E+00  0.2560E+03
      5.495  0.0000E+00  0.2560E+03
      5.514  0.0000E+00  0.2560E+03
      5.532  0.0000E+00  0.2560E+03
      5.550  0.0000E+00  0.2560E+03
      5.568  0.0000E+00  0.2560E+03
      5.587  0.0000E+00  0.2560E+03
      5.605  0.0000E+00  0.2560E+03
      5.623  0.0000E+00  0.2560E+03
      5.641  0.0000E+00  0.2560E+03
      5.660  0.0000E+00  0.2560E+03
      5.678  0.0000E+00  0.2560E+03
      5.696  0.0000E+00  0.2560E+03
      5.714  0.0000E+00  0.2560E+03
      5.733  0.0000E+00  0.2560E+03
      5.751  0.0000E+00  0.2560E+03
      5.769  0.0000E+00  0.2560E+03
      5.788  0.0000E+00  0.2560E+03
      5.806  0.0000E+00  0.2560E+03
      5.824  0.0000E+00  0.2560E+03
      5.842  0.0000E+00  0.2560E+03
      5.861  0.0000E+00  0.2560E+03
      5.879  0.0000E+00  0.2560E+03
      5.897  0.0000E+00  0.2560E+03
      5.915  0.0000E+00  0.2560E+03
      5.934  0.0000E+00  0.2560E+03
      5.952  0.0000E+00  0.2560E+03
      5.970  0.0000E+00  0.2560E+03
      5.988  0.0000E+00  0.2560E+03
      6.007  0.0000E+00  0.2560E+03
      6.025  0.0000E+00  0.2560E+03
      6.043  0.0000E+00  0.2560E+03
      6.061  0.0000E+00  0.2560E+03
      6.080  0.0000E+00  0.2560E+03
      6.098  0.0000E+00  0.2560E+03
      6.116  0.0000E+00  0.2560E+03
      6.134  0.0000E+00  0.2560E+03
      6.153  0.0000E+00  0.2560E+03
      6.171  0.0000E+00  0.2560E+03
      6.189  0.0000E+00  0.2560E+03
      6.207  0.0000E+00  0.2560E+03
      6.226  0.0000E+00  0.2560E+03
      6.244  0.0000E+00  0.2560E+03
      6.262  0.0000E+00  0.2560E+03
      6.280  0.0000E+00  0.2560E+03
      6.299  0.0000E+00  0.2560E+03
      6.317  0.0000E+00  0.2560E+03
      6.335  0.0000E+00  0.2560E+03
      6.353  0.0000E+00  0.2560E+03
      6.372  0.0000E+00  0.2560E+03
      6.390  0.0000E+00  0.2560E+03
      6.408  0.0000E+00  0.2560E+03
      6.427  0.0000E+00  0.2560E+03
      6.445  0.0000E+00  0.2560E+03
      6.463  0.0000E+00  0.2560E+03
      6.481  0.0000E+00  0.2560E+03
      6.500  0.0000E+00  0.2560E+03
      6.518  0.0000E+00  0.2560E+03
      6.536  0.0000E+00  0.2560E+03
      6.554  0.0000E+00  0.2560E+03
      6.573  0.0000E+00  0.2560E+03
      6.591  0.0000E+00  0.2560E+03
      6.609  0.0000E+00  0.2560E+03
      6.627  0.0000E+00  0.2560E+03
      6.646  0.0000E+00  0.2560E+03
      6.664  0.0000E+00  0.2560E+03
      6.682  0.0000E+00  0.2560E+03
      6.700  0.0000E+00  0.2560E+03
      6.719  0.0000E+00  0.2560E+03
      6.737  0.0000E+00  0.2560E+03
      6.755  0.0000E+00  0.2560E+03
      6.773  0.0000E+00  0.2560E+03
      6.792  0.0000E+00  0.2560E+03
      6.810  0.0000E+00  0.2560E+03
      6.828  0.0000E+00  0.2560E+03
      6.846  0.0000E+00  0.2560E+03
      6.865  0.0000E+00  0.2560E+03
      6.883  0.0000E+00  0.2560E+03
      6.901  0.0000E+00  0.2560E+03
      6.919  0.0000E+00  0.2560E+03
      6.938  0.0000E+00  0.2560E+03
      6.956  0.0000E+00  0.2560E+03
      6.974  0.0000E+00  0.2560E+03
      6.992  0.0000E+00  0.2560E+03
      7.011  0.0000E+00  0.2560E+03
      7.029  0.0000E+00  0.2560E+03
      7.047  0.0000E+00  0.2560E+03
      7.066  0.0000E+00  0.2560E+03
      7.084  0.0000E+00  0.2560E+03
      7.102  0.0000E+00  0.2560E+03
      7.120  0.0000E+00  0.2560E+03
      7.139  0.0000E+00  0.2560E+03
      7.157  0.0000E+00  0.2560E+03
      7.175  0.0000E+00  0.2560E+03
      7.193  0.0000E+00  0.2560E+03
      7.212  0.0000E+00  0.2560E+03
      7.230  0.0000E+00  0.2560E+03
      7.248  0.0000E+00  0.2560E+03
      7.266  0.0000E+00  0.2560E+03
      7.285  0.0000E+00  0.2560E+03
      7.303  0.0000E+00  0.2560E+03
      7.321  0.0000E+00  0.2560E+03
      7.339  0.0000E+00  0.2560E+03
      7.358  0.0000E+00  0.2560E+03
      7.376  0.0000E+00  0.2560E+03
      7.394  0.0000E+00  0.2560E+03
      7.412  0.0000E+00  0.2560E+03
      7.431  0.0000E+00  0.2560E+03
      7.449  0.0000E+00  0.2560E+03
      7.467  0.0000E+00  0.2560E+03
      7.485  0.0000E+00  0.2560E+03
      7.504  0.0000E+00  0.2560E+03
      7.522  0.0000E+00  0.2560E+03
      7.540  0.0000E+00  0.2560E+03
      7.558  0.0000E+00  0.2560E+03
      7.577  0.0000E+00  0.2560E+03
      7.595  0.0000E+00  0.2560E+03
      7.613  0.0000E+00  0.2560E+03
      7.631  0.0000E+00  0.2560E+03
      7.650  0.0000E+00  0.2560E+03
      7.668  0.0000E+00  0.2560E+03
      7.686  0.0000E+00  0.2560E+03
      7.705  0.0000E+00  0.2560E+03
      7.723  0.0000E+00  0.2560E+03
      7.741  0.0000E+00  0.2560E+03
      7.759  0.0000E+00  0.2560E+03
      7.778  0.0000E+00  0.2560E+03
      7.796  0.0000E+00  0.2560E+03
      7.814  0.0000E+00  0.2560E+03
      7.832  0.0000E+00  0.2560E+03
      7.851  0.0000E+00  0.2560E+03
      7.869  0.0000E+00  0.2560E+03
      7.887  0.0000E+00  0.2560E+03
      7.905  0.0000E+00  0.2560E+03
      7.924  0.0000E+00  0.2560E+03
      7.942  0.0000E+00  0.2560E+03
      7.960  0.0000E+00  0.2560E+03
      7.978  0.0000E+00  0.2560E+03
      7.997  0.0000E+00  0.2560E+03
      8.015  0.0000E+00  0.2560E+03
      8.033  0.0000E+00  0.2560E+03
      8.051  0.0000E+00  0.2560E+03
      8.070  0.0000E+00  0.2560E+03
      8.088  0.0000E+00  0.2560E+03
      8.106  0.0000E+00  0.2560E+03
      8.124  0.0000E+00  0.2560E+03
      8.143  0.0000E+00  0.2560E+03
      8.161  0.0000E+00  0.2560E+03
      8.179  0.0000E+00  0.2560E+03
      8.197  0.0000E+00  0.2560E+03
      8.216  0.0000E+00  0.2560E+03
      8.234  0.0000E+00  0.2560E+03
      8.252  0.0000E+00  0.2560E+03
      8.270  0.0000E+00  0.2560E+03
      8.289  0.0000E+00  0.2560E+03
      8.307  0.0000E+00  0.2560E+03
      8.325  0.0000E+00  0.2560E+03
      8.343  0.0000E+00  0.2560E+03
      8.362  0.0000E+00  0.2560E+03
      8.380  0.0000E+00  0.2560E+03
      8.398  0.0000E+00  0.2560E+03
      8.417  0.0000E+00  0.2560E+03
      8.435  0.0000E+00  0.2560E+03
      8.453  0.0000E+00  0.2560E+03
      8.471  0.0000E+00  0.2560E+03
      8.490  0.0000E+00  0.2560E+03
      8.508  0.0000E+00  0.2560E+03
      8.526  0.0000E+00  0.2560E+03
      8.544  0.0000E+00  0.2560E+03
      8.563  0.0000E+00  0.2560E+03
      8.581  0.0000E+00  0.2560E+03
      8.599  0.0000E+00  0.2560E+03
      8.617  0.0000E+00  0.2560E+03
      8.636  0.0000E+00  0.2560E+03
      8.654  0.0000E+00  0.2560E+03
      8.672  0.0000E+00  0.2560E+03
      8.690  0.0000E+00  0.2560E+03
      8.709  0.0000E+00  0.2560E+03
      8.727  0.0000E+00  0.2560E+03
      8.745  0.0000E+00  0.2560E+03
      8.763  0.0000E+00  0.2560E+03
      8.782  0.0000E+00  0.2560E+03
      8.800  0.0000E+00  0.2560E+03
      8.818  0.0000E+00  0.2560E+03
      8.836  0.0000E+00  0.2560E+03
      8.855  0.0000E+00  0.2560E+03
      8.873  0.0000E+00  0.2560E+03
      8.891  0.0000E+00  0.2560E+03
      8.909  0.0000E+00  0.2560E+03
      8.928  0.0000E+00  0.2560E+03
      8.946  0.0000E+00  0.2560E+03
      8.964  0.0000E+00  0.2560E+03
      8.982  0.0000E+00  0.2560E+03
      9.001  0.0000E+00  0.2560E+03
      9.019  0.0000E+00  0.2560E+03
      9.037  0.0000E+00  0.2560E+03
      9.056  0.0000E+00  0.2560E+03
      9.074  0.0000E+00  0.2560E+03
      9.092  0.0000E+00  0.2560E+03
      9.110  0.0000E+00  0.2560E+03
      9.129  0.0000E+00  0.2560E+03
      9.147  0.0000E+00  0.2560E+03
      9.165  0.0000E+00  0.2560E+03
      9.183  0.0000E+00  0.2560E+03
      9.202  0.0000E+00  0.2560E+03
      9.220  0.0000E+00  0.2560E+03
      9.238  0.0000E+00  0.2560E+03
      9.256  0.0000E+00  0.2560E+03
      9.275  0.0000E+00  0.2560E+03
      9.293  0.0000E+00  0.2560E+03
      9.311  0.0000E+00  0.2560E+03
      9.329  0.0000E+00  0.2560E+03
      9.348  0.0000E+00  0.2560E+03
      9.366  0.0000E+00  0.2560E+03
      9.384  0.0000E+00  0.2560E+03
      9.402  0.0000E+00  0.2560E+03
      9.421  0.0000E+00  0.2560E+03
      9.439  0.0000E+00  0.2560E+03
      9.457  0.0000E+00  0.2560E+03
      9.475  0.0000E+00  0.2560E+03
      9.494  0.0000E+00  0.2560E+03
      9.512  0.0000E+00  0.2560E+03
      9.530  0.0000E+00  0.2560E+03
      9.548  0.0000E+00  0.2560E+03
      9.567  0.0000E+00  0.2560E+03
      9.585  0.0000E+00  0.2560E+03
      9.603  0.0000E+00  0.2560E+03
      9.621  0.0000E+00  0.2560E+03
      9.640  0.0000E+00  0.2560E+03
      9.658  0.0000E+00  0.2560E+03
      9.676  0.0000E+00  0.2560E+03
      9.695  0.0000E+00  0.2560E+03
      9.713  0.0000E+00  0.2560E+03
      9.731  0.0000E+00  0.2560E+03
      9.749  0.0000E+00  0.2560E+03
      9.768  0.0000E+00  0.2560E+03
      9.786  0.0000E+00  0.2560E+03
      9.804  0.0000E+00  0.2560E+03
      9.822  0.0000E+00  0.2560E+03
      9.841  0.0000E+00  0.2560E+03
      9.859  0.0000E+00  0.2560E+03
      9.877  0.0000E+00  0.2560E+03
      9.895  0.0000E+00  0.2560E+03
      9.914  0.0000E+00  0.2560E+03
      9.932  0.0000E+00  0.2560E+03
      9.950  0.0000E+00  0.2560E+03
      9.968  0.0000E+00  0.2560E+03
      9.987  0.0000E+00  0.2560E+03
     10.005  0.0000E+00  0.2560E+03
     10.023  0.0000E+00  0.2560E+03
     10.041  0.0000E+00  0.2560E+03
     10.060  0.0000E+00  0.2560E+03
     10.078  0.0000E+00  0.2560E+03
     10.096  0.0000E+00  0.2560E+03
     10.114  0.0000E+00  0.2560E+03
     10.133  0.1245E-04  0.2560E+03
     10.151  0.4131E-03  0.2560E+03
     10.169  0.1378E-02  0.2560E+03
     10.187  0.2907E-02  0.2560E+03
     10.206  0.5000E-02  0.2560E+03
     10.224  0.7657E-02  0.2560E+03
     10.242  0.1088E-01  0.2560E+03
     10.260  0.1466E-01  0.2560E+03
     10.279  0.1901E-01  0.2560E+03
     10.297  0.2393E-01  0.2560E+03
     10.315  0.2941E-01  0.2560E+03
     10.334  0.3545E-01  0.2560E+03
     10.352  0.4206E-01  0.2560E+03
     10.370  0.4923E-01  0.2560E+03
     10.388  0.5696E-01  0.2560E+03
     10.407  0.6526E-01  0.2560E+03
     10.425  0.7412E-01  0.2560E+03
     10.443  0.8355E-01  0.2560E+03
     10.461  0.9354E-01  0.2560E+03
     10.480  0.1041E+00  0.2560E+03
     10.498  0.1152E+00  0.2560E+03
     10.516  0.1269E+00  0.2560E+03
     10.534  0.1392E+00  0.2560E+03
     10.553  0.1520E+00  0.2560E+03
     10.571  0.1653E+00  0.2560E+03
     10.589  0.1793E+00  0.2560E+03
     10.607  0.1938E+00  0.2560E+03
     10.626  0.2089E+00  0.2560E+03
     10.644  0.2245E+00  0.2560E+03
     10.662  0.2407E+00  0.2560E+03
     10.680  0.2575E+00  0.2560E+03
     10.699  0.2748E+00  0.2561E+03
     10.717  0.2927E+00  0.2561E+03
     10.735  0.3111E+00  0.2561E+03
     10.753  0.3301E+00  0.2561E+03
     10.772  0.3497E+00  0.2561E+03
     10.790  0.3699E+00  0.2561E+03
     10.808  0.3906E+00  0.2561E+03
     10.826  0.4119E+00  0.2561E+03
     10.845  0.4337E+00  0.2561E+03
     10.863  0.4561E+00  0.2561E+03
     10.881  0.4791E+00  0.2561E+03
     10.899  0.5026E+00  0.2561E+03
     10.918  0.5267E+00  0.2561E+03
     10.936  0.5514E+00  0.2561E+03
     10.954  0.5766E+00  0.2562E+03
     10.972  0.6024E+00  0.2562E+03
     10.991  0.6287E+00  0.2562E+03
     11.009  0.6556E+00  0.2562E+03
     11.027  0.6831E+00  0.2562E+03
     11.046  0.7112E+00  0.2562E+03
     11.064  0.7398E+00  0.2562E+03
     11.082  0.7690E+00  0.2562E+03
     11.100  0.7987E+00  0.2563E+03
     11.119  0.8290E+00  0.2563E+03
     11.137  0.8599E+00  0.2563E+03
     11.155  0.8913E+00  0.2563E+03
     11.173  0.9233E+00  0.2563E+03
     11.192  0.9558E+00  0.2563E+03
     11.210  0.9890E+00  0.2564E+03
     11.228  0.1023E+01  0.2564E+03
     11.246  0.1057E+01  0.2564E+03
     11.265  0.1092E+01  0.2564E+03
     11.283  0.1129E+01  0.2564E+03
     11.301  0.1182E+01  0.2565E+03
     11.319  0.1233E+01  0.2565E+03
     11.338  0.1283E+01  0.2565E+03
     11.356  0.1330E+01  0.2565E+03
     11.374  0.1376E+01  0.2565E+03
     11.392  0.1419E+01  0.2566E+03
     11.411  0.1461E+01  0.2566E+03
     11.429  0.1500E+01  0.2566E+03
     11.447  0.1538E+01  0.2567E+03
     11.465  0.1573E+01  0.2567E+03
     11.484  0.1676E+01  0.2567E+03
     11.502  0.1854E+01  0.2567E+03
     11.520  0.2026E+01  0.2568E+03
     11.538  0.2192E+01  0.2568E+03
     11.557  0.2351E+01  0.2569E+03
     11.575  0.2503E+01  0.2569E+03
     11.593  0.2649E+01  0.2570E+03
     11.611  0.2789E+01  0.2570E+03
     11.630  0.2923E+01  0.2571E+03
     11.648  0.3050E+01  0.2571E+03
     11.666  0.3170E+01  0.2572E+03
     11.685  0.3285E+01  0.2572E+03
     11.703  0.3392E+01  0.2573E+03
     11.721  0.3494E+01  0.2573E+03
     11.739  0.3589E+01  0.2574E+03
     11.758  0.3678E+01  0.2575E+03
     11.776  0.3760E+01  0.2575E+03
     11.794  0.3836E+01  0.2576E+03
     11.812  0.3906E+01  0.2577E+03
     11.831  0.3969E+01  0.2578E+03
     11.849  0.4026E+01  0.2578E+03
     11.867  0.4076E+01  0.2579E+03
     11.885  0.4120E+01  0.2580E+03
     11.904  0.4158E+01  0.2581E+03
     11.922  0.4189E+01  0.2581E+03
     11.940  0.4214E+01  0.2582E+03
     11.958  0.4232E+01  0.2583E+03
     11.977  0.4244E+01  0.2584E+03
     11.995  0.4250E+01  0.2584E+03
     12.013  0.4249E+01  0.2585E+03
     12.031  0.4242E+01  0.2586E+03
     12.050  0.4229E+01  0.2587E+03
     12.068  0.4209E+01  0.2588E+03
     12.086  0.4183E+01  0.2588E+03
     12.104  0.4150E+01  0.2589E+03
     12.123  0.4111E+01  0.2590E+03
     12.141  0.4060E+01  0.2591E+03
     12.159  0.3846E+01  0.2591E+03
     12.177  0.3642E+01  0.2592E+03
     12.196  0.3428E+01  0.2593E+03
     12.214  0.3131E+01  0.2593E+03
     12.232  0.2854E+01  0.2594E+03
     12.250  0.2597E+01  0.2594E+03
     12.269  0.2360E+01  0.2595E+03
     12.287  0.2241E+01  0.2595E+03
     12.305  0.2184E+01  0.2595E+03
     12.324  0.2139E+01  0.2596E+03
     12.342  0.2107E+01  0.2596E+03
     12.360  0.2086E+01  0.2597E+03
     12.378  0.2077E+01  0.2597E+03
     12.397  0.2080E+01  0.2597E+03
     12.415  0.2091E+01  0.2598E+03
     12.433  0.2099E+01  0.2598E+03
     12.451  0.2104E+01  0.2599E+03
     12.470  0.2107E+01  0.2599E+03
     12.488  0.2350E+01  0.2599E+03
     12.506  0.2603E+01  0.2600E+03
     12.524  0.2820E+01  0.2600E+03
     12.543  0.2998E+01  0.2601E+03
     12.561  0.3138E+01  0.2601E+03
     12.579  0.3245E+01  0.2602E+03
     12.597  0.3316E+01  0.2603E+03
     12.616  0.3355E+01  0.2603E+03
     12.634  0.3383E+01  0.2604E+03
     12.652  0.3409E+01  0.2604E+03
     12.670  0.3433E+01  0.2605E+03
     12.689  0.3457E+01  0.2606E+03
     12.707  0.3481E+01  0.2606E+03
     12.725  0.3506E+01  0.2607E+03
     12.743  0.3533E+01  0.2608E+03
     12.762  0.3561E+01  0.2608E+03
     12.780  0.3591E+01  0.2609E+03
     12.798  0.3623E+01  0.2610E+03
     12.816  0.3656E+01  0.2610E+03
     12.835  0.3691E+01  0.2611E+03
     12.853  0.3730E+01  0.2612E+03
     12.871  0.3772E+01  0.2612E+03
     12.889  0.3818E+01  0.2613E+03
     12.908  0.3866E+01  0.2614E+03
     12.926  0.3919E+01  0.2614E+03
     12.944  0.3975E+01  0.2615E+03
     12.963  0.4036E+01  0.2616E+03
     12.981  0.4103E+01  0.2617E+03
     12.999  0.4175E+01  0.2617E+03
     13.017  0.4253E+01  0.2618E+03
     13.036  0.4336E+01  0.2619E+03
     13.054  0.4425E+01  0.2620E+03
     13.072  0.4520E+01  0.2620E+03
     13.090  0.4619E+01  0.2621E+03
     13.109  0.4725E+01  0.2622E+03
     13.127  0.4836E+01  0.2623E+03
     13.145  0.4952E+01  0.2624E+03
     13.163  0.5074E+01  0.2625E+03
     13.182  0.5201E+01  0.2626E+03
     13.200  0.5334E+01  0.2627E+03
     13.218  0.5471E+01  0.2628E+03
     13.236  0.5613E+01  0.2629E+03
     13.255  0.5759E+01  0.2630E+03
     13.273  0.5909E+01  0.2631E+03
     13.291  0.6063E+01  0.2632E+03
     13.309  0.6222E+01  0.2633E+03
     13.328  0.6385E+01  0.2634E+03
     13.346  0.6552E+01  0.2635E+03
     13.364  0.6723E+01  0.2637E+03
     13.382  0.6897E+01  0.2638E+03
     13.401  0.7073E+01  0.2639E+03
     13.419  0.7251E+01  0.2640E+03
     13.437  0.7435E+01  0.2642E+03
     13.455  0.7623E+01  0.2643E+03
     13.474  0.7816E+01  0.2645E+03
     13.492  0.8014E+01  0.2646E+03
     13.510  0.8216E+01  0.2647E+03
     13.528  0.8423E+01  0.2649E+03
     13.547  0.8635E+01  0.2651E+03
     13.565  0.8851E+01  0.2652E+03
     13.583  0.9072E+01  0.2654E+03
     13.601  0.9298E+01  0.2655E+03
     13.620  0.9528E+01  0.2657E+03
     13.638  0.9763E+01  0.2659E+03
     13.656  0.1000E+02  0.2661E+03
     13.675  0.1026E+02  0.2663E+03
     13.693  0.1056E+02  0.2664E+03
     13.711  0.1092E+02  0.2666E+03
     13.729  0.1136E+02  0.2668E+03
     13.748  0.1229E+02  0.2671E+03
     13.766  0.1385E+02  0.2673E+03
     13.784  0.1521E+02  0.2676E+03
     13.802  0.1702E+02  0.2679E+03
     13.821  0.1897E+02  0.2682E+03
     13.839  0.2031E+02  0.2685E+03
     13.857  0.2103E+02  0.2689E+03
     13.875  0.2269E+02  0.2693E+03
     13.894  0.2331E+02  0.2697E+03
     13.912  0.2369E+02  0.2702E+03
     13.930  0.2274E+02  0.2706E+03
     13.948  0.2161E+02  0.2710E+03
     13.967  0.2245E+02  0.2714E+03
     13.985  0.2229E+02  0.2718E+03
     14.003  0.2123E+02  0.2722E+03
     14.021  0.2000E+02  0.2726E+03
     14.040  0.1838E+02  0.2729E+03
     14.058  0.1732E+02  0.2733E+03
     14.076  0.1425E+02  0.2736E+03
     14.094  0.1330E+02  0.2738E+03
     14.113  0.1358E+02  0.2740E+03
     14.131  0.1263E+02  0.2743E+03
     14.149  0.1138E+02  0.2745E+03
     14.167  0.1432E+02  0.2747E+03
     14.186  0.1538E+02  0.2750E+03
     14.204  0.1662E+02  0.2753E+03
     14.222  0.1538E+02  0.2756E+03
     14.240  0.1247E+02  0.2758E+03
     14.259  0.1040E+02  0.2761E+03
     14.277  0.8676E+01  0.2762E+03
     14.295  0.7289E+01  0.2764E+03
     14.314  0.6240E+01  0.2765E+03
     14.332  0.2206E+02  0.2766E+03
     14.350  0.2593E+02  0.2772E+03
     14.368  0.1243E+02  0.2775E+03
     14.387  0.1163E+02  0.2777E+03
     14.405  0.1096E+02  0.2779E+03
     14.423  0.1034E+02  0.2781E+03
     14.441  0.9912E+01  0.2783E+03
     14.460  0.9654E+01  0.2785E+03
     14.478  0.9434E+01  0.2787E+03
     14.496  0.9251E+01  0.2788E+03
     14.514  0.9105E+01  0.2790E+03
     14.533  0.8997E+01  0.2792E+03
     14.551  0.8926E+01  0.2793E+03
     14.569  0.8890E+01  0.2795E+03
     14.587  0.8845E+01  0.2796E+03
     14.606  0.8849E+01  0.2798E+03
     14.624  0.9003E+01  0.2800E+03
     14.642  0.9143E+01  0.2801E+03
     14.660  0.9269E+01  0.2803E+03
     14.679  0.9388E+01  0.2805E+03
     14.697  0.9740E+01  0.2806E+03
     14.715  0.1007E+02  0.2808E+03
     14.733  0.1038E+02  0.2810E+03
     14.752  0.1067E+02  0.2812E+03
     14.770  0.1111E+02  0.2814E+03
     14.788  0.1165E+02  0.2816E+03
     14.806  0.1217E+02  0.2818E+03
     14.825  0.1266E+02  0.2821E+03
     14.843  0.1313E+02  0.2823E+03
     14.861  0.1358E+02  0.2825E+03
     14.879  0.1400E+02  0.2828E+03
     14.898  0.1440E+02  0.2830E+03
     14.916  0.1477E+02  0.2833E+03
     14.934  0.1512E+02  0.2836E+03
     14.953  0.1545E+02  0.2839E+03
     14.971  0.1575E+02  0.2841E+03
     14.989  0.1603E+02  0.2844E+03
     15.007  0.1629E+02  0.2847E+03
     15.026  0.1652E+02  0.2850E+03
     15.044  0.1672E+02  0.2853E+03
     15.062  0.1691E+02  0.2856E+03
     15.080  0.1767E+02  0.2860E+03
     15.099  0.1847E+02  0.2863E+03
     15.117  0.1957E+02  0.2866E+03
     15.135  0.2075E+02  0.2870E+03
     15.153  0.2180E+02  0.2874E+03
     15.172  0.2272E+02  0.2878E+03
     15.190  0.2350E+02  0.2882E+03
     15.208  0.2410E+02  0.2887E+03
     15.226  0.2435E+02  0.2891E+03
     15.245  0.2343E+02  0.2895E+03
     15.263  0.2263E+02  0.2900E+03
     15.281  0.2175E+02  0.2904E+03
     15.299  0.2065E+02  0.2907E+03
     15.318  0.1976E+02  0.2911E+03
     15.336  0.1844E+02  0.2915E+03
     15.354  0.1737E+02  0.2918E+03
     15.372  0.1635E+02  0.2921E+03
     15.391  0.1501E+02  0.2924E+03
     15.409  0.1368E+02  0.2926E+03
     15.427  0.1241E+02  0.2929E+03
     15.445  0.1089E+02  0.2931E+03
     15.464  0.1052E+02  0.2933E+03
     15.482  0.1082E+02  0.2935E+03
     15.500  0.1205E+02  0.2937E+03
     15.518  0.1444E+02  0.2939E+03
     15.537  0.1877E+02  0.2942E+03
     15.555  0.2496E+02  0.2946E+03
     15.573  0.2575E+02  0.2951E+03
     15.591  0.2660E+02  0.2956E+03
     15.610  0.2899E+02  0.2961E+03
     15.628  0.2929E+02  0.2966E+03
     15.646  0.2439E+02  0.2971E+03
     15.665  0.1961E+02  0.2975E+03
     15.683  0.1915E+02  0.2979E+03
     15.701  0.1829E+02  0.2982E+03
     15.719  0.1703E+02  0.2985E+03
     15.738  0.1541E+02  0.2988E+03
     15.756  0.1454E+02  0.2991E+03
     15.774  0.1731E+02  0.2994E+03
     15.792  0.3906E+02  0.2997E+03
     15.811  0.8536E+01  0.3004E+03
     15.829  0.1063E+02  0.3006E+03
     15.847  0.1300E+02  0.3008E+03
     15.865  0.1564E+02  0.3011E+03
     15.884  0.2012E+02  0.3014E+03
     15.902  0.2454E+02  0.3018E+03
     15.920  0.2149E+02  0.3022E+03
     15.938  0.1096E+02  0.3026E+03
     15.957  0.9492E+01  0.3027E+03
     15.975  0.1102E+02  0.3029E+03
     15.993  0.1265E+02  0.3031E+03
     16.011  0.1440E+02  0.3034E+03
     16.030  0.1960E+02  0.3037E+03
     16.048  0.2436E+02  0.3041E+03
     16.066  0.2387E+02  0.3045E+03
     16.084  0.2322E+02  0.3050E+03
     16.103  0.2176E+02  0.3053E+03
     16.121  0.2285E+02  0.3058E+03
     16.139  0.1984E+02  0.3062E+03
     16.157  0.1260E+02  0.3065E+03
     16.176  0.9647E+01  0.3066E+03
     16.194  0.1081E+02  0.3068E+03
     16.212  0.1195E+02  0.3070E+03
     16.230  0.1306E+02  0.3073E+03
     16.249  0.1352E+02  0.3075E+03
     16.267  0.1367E+02  0.3078E+03
     16.285  0.1366E+02  0.3080E+03
     16.304  0.1402E+02  0.3083E+03
     16.322  0.1480E+02  0.3085E+03
     16.340  0.1599E+02  0.3088E+03
     16.358  0.1536E+02  0.3091E+03
     16.377  0.1417E+02  0.3094E+03
     16.395  0.1290E+02  0.3096E+03
     16.413  0.1324E+02  0.3098E+03
     16.431  0.1346E+02  0.3101E+03
     16.450  0.1349E+02  0.3103E+03
     16.468  0.1368E+02  0.3106E+03
     16.486  0.1438E+02  0.3108E+03
     16.504  0.1471E+02  0.3111E+03
     16.523  0.1466E+02  0.3114E+03
     16.541  0.1423E+02  0.3116E+03
     16.559  0.1342E+02  0.3119E+03
     16.577  0.1342E+02  0.3121E+03
     16.596  0.1383E+02  0.3124E+03
     16.614  0.1340E+02  0.3126E+03
     16.632  0.1085E+02  0.3129E+03
     16.650  0.9386E+01  0.3130E+03
     16.669  0.9717E+01  0.3132E+03
     16.687  0.9555E+01  0.3134E+03
     16.705  0.8877E+01  0.3135E+03
     16.723  0.7834E+01  0.3137E+03
     16.742  0.9516E+01  0.3139E+03
     16.760  0.1026E+02  0.3140E+03
     16.778  0.1007E+02  0.3142E+03
     16.796  0.9325E+01  0.3144E+03
     16.815  0.1008E+02  0.3146E+03
     16.833  0.1025E+02  0.3148E+03
     16.851  0.1011E+02  0.3150E+03
     16.869  0.9798E+01  0.3151E+03
     16.888  0.1102E+02  0.3153E+03
     16.906  0.1333E+02  0.3155E+03
     16.924  0.1473E+02  0.3158E+03
     16.943  0.1507E+02  0.3161E+03
     16.961  0.1388E+02  0.3163E+03
     16.979  0.1236E+02  0.3166E+03
     16.997  0.1097E+02  0.3168E+03
     17.016  0.9819E+01  0.3170E+03
     17.034  0.8889E+01  0.3172E+03
     17.052  0.8185E+01  0.3173E+03
     17.070  0.7553E+01  0.3175E+03
     17.089  0.6792E+01  0.3176E+03
     17.107  0.5833E+01  0.3177E+03
     17.125  0.5384E+01  0.3178E+03
     17.143  0.5619E+01  0.3179E+03
     17.162  0.5876E+01  0.3180E+03
     17.180  0.6155E+01  0.3181E+03
     17.198  0.6455E+01  0.3182E+03
     17.216  0.6776E+01  0.3183E+03
     17.235  0.7119E+01  0.3185E+03
     17.253  0.7483E+01  0.3186E+03
     17.271  0.7845E+01  0.3187E+03
     17.289  0.8083E+01  0.3189E+03
     17.308  0.8180E+01  0.3190E+03
     17.326  0.8136E+01  0.3192E+03
     17.344  0.7950E+01  0.3193E+03
     17.362  0.6890E+01  0.3195E+03
     17.381  0.5830E+01  0.3196E+03
     17.399  0.4859E+01  0.3197E+03
     17.417  0.3977E+01  0.3198E+03
     17.435  0.9580E+01  0.3199E+03
     17.454  0.1511E+02  0.3201E+03
     17.472  0.1775E+02  0.3204E+03
     17.490  0.1750E+02  0.3207E+03
     17.508  0.1435E+02  0.3210E+03
     17.527  0.1138E+02  0.3213E+03
     17.545  0.9475E+01  0.3215E+03
     17.563  0.7696E+01  0.3216E+03
     17.582  0.6041E+01  0.3217E+03
     17.600  0.4504E+01  0.3218E+03
     17.618  0.3156E+01  0.3219E+03
     17.636  0.2047E+01  0.3219E+03
     17.655  0.1177E+01  0.3220E+03
     17.673  0.5460E+00  0.3220E+03
     17.691  0.1545E+00  0.3220E+03
     17.709  0.2224E-02  0.3220E+03
     17.728  0.0000E+00  0.3220E+03
     17.746  0.0000E+00  0.3220E+03
     17.764  0.0000E+00  0.3220E+03
     17.782  0.0000E+00  0.3220E+03
     17.801  0.0000E+00  0.3220E+03
     17.819  0.0000E+00  0.3220E+03
     17.837  0.0000E+00  0.3220E+03
     17.855  0.0000E+00  0.3220E+03
     17.874  0.0000E+00  0.3220E+03
     17.892  0.0000E+00  0.3220E+03
     17.910  0.0000E+00  0.3220E+03
     17.928  0.0000E+00  0.3220E+03
     17.947  0.0000E+00  0.3220E+03
     17.965  0.0000E+00  0.3220E+03
     17.983  0.0000E+00  0.3220E+03
     18.001  0.0000E+00  0.3220E+03
     18.020  0.0000E+00  0.3220E+03
     18.038  0.0000E+00  0.3220E+03
     18.056  0.0000E+00  0.3220E+03
     18.074  0.0000E+00  0.3220E+03
     18.093  0.0000E+00  0.3220E+03
     18.111  0.0000E+00  0.3220E+03
     18.129  0.0000E+00  0.3220E+03
     18.147  0.0000E+00  0.3220E+03
     18.166  0.0000E+00  0.3220E+03
     18.184  0.0000E+00  0.3220E+03
     18.202  0.0000E+00  0.3220E+03
     18.220  0.0000E+00  0.3220E+03
     18.239  0.0000E+00  0.3220E+03
     18.257  0.0000E+00  0.3220E+03
     18.275  0.0000E+00  0.3220E+03
     18.294  0.0000E+00  0.3220E+03
     18.312  0.0000E+00  0.3220E+03
     18.330  0.0000E+00  0.3220E+03
     18.348  0.0000E+00  0.3220E+03
     18.367  0.0000E+00  0.3220E+03
     18.385  0.0000E+00  0.3220E+03
     18.403  0.0000E+00  0.3220E+03
     18.421  0.0000E+00  0.3220E+03
     18.440  0.0000E+00  0.3220E+03
     18.458  0.0000E+00  0.3220E+03
     18.476  0.0000E+00  0.3220E+03
     18.494  0.0000E+00  0.3220E+03
     18.513  0.0000E+00  0.3220E+03
     18.531  0.0000E+00  0.3220E+03
     18.549  0.0000E+00  0.3220E+03
     18.567  0.0000E+00  0.3220E+03
     18.586  0.0000E+00  0.3220E+03
     18.604  0.0000E+00  0.3220E+03
     18.622  0.0000E+00  0.3220E+03
     18.640  0.0000E+00  0.3220E+03
     18.659  0.0000E+00  0.3220E+03
     18.677  0.0000E+00  0.3220E+03
     18.695  0.0000E+00  0.3220E+03
     18.713  0.0000E+00  0.3220E+03
     18.732  0.0000E+00  0.3220E+03
     18.750  0.0000E+00  0.3220E+03
     18.768  0.0000E+00  0.3220E+03
     18.786  0.0000E+00  0.3220E+03
     18.805  0.0000E+00  0.3220E+03
     18.823  0.0000E+00  0.3220E+03
     18.841  0.0000E+00  0.3220E+03
     18.859  0.0000E+00  0.3220E+03
     18.878  0.0000E+00  0.3220E+03
     18.896  0.0000E+00  0.3220E+03
     18.914  0.0000E+00  0.3220E+03
     18.933  0.0000E+00  0.3220E+03
     18.951  0.0000E+00  0.3220E+03
     18.969  0.0000E+00  0.3220E+03
     18.987  0.0000E+00  0.3220E+03
     19.006  0.0000E+00  0.3220E+03
     19.024  0.0000E+00  0.3220E+03
     19.042  0.0000E+00  0.3220E+03
     19.060  0.0000E+00  0.3220E+03
     19.079  0.0000E+00  0.3220E+03
     19.097  0.0000E+00  0.3220E+03
     19.115  0.0000E+00  0.3220E+03
     19.133  0.0000E+00  0.3220E+03
     19.152  0.0000E+00  0.3220E+03
     19.170  0.0000E+00  0.3220E+03
     19.188  0.0000E+00  0.3220E+03
     19.206  0.0000E+00  0.3220E+03
     19.225  0.0000E+00  0.3220E+03
     19.243  0.0000E+00  0.3220E+03
     19.261  0.0000E+00  0.3220E+03
     19.279  0.0000E+00  0.3220E+03
     19.298  0.0000E+00  0.3220E+03
     19.316  0.0000E+00  0.3220E+03
     19.334  0.0000E+00  0.3220E+03
     19.352  0.0000E+00  0.3220E+03
     19.371  0.0000E+00  0.3220E+03


