 Energy DOS Integrated_DOS
    -17.116  0.0000E+00  0.0000E+00
    -17.098  0.0000E+00  0.0000E+00
    -17.080  0.0000E+00  0.0000E+00
    -17.062  0.0000E+00  0.0000E+00
    -17.044  0.0000E+00  0.0000E+00
    -17.025  0.0000E+00  0.0000E+00
    -17.007  0.0000E+00  0.0000E+00
    -16.989  0.0000E+00  0.0000E+00
    -16.971  0.0000E+00  0.0000E+00
    -16.953  0.0000E+00  0.0000E+00
    -16.935  0.0000E+00  0.0000E+00
    -16.917  0.0000E+00  0.0000E+00
    -16.899  0.0000E+00  0.0000E+00
    -16.881  0.0000E+00  0.0000E+00
    -16.862  0.0000E+00  0.0000E+00
    -16.844  0.0000E+00  0.0000E+00
    -16.826  0.0000E+00  0.0000E+00
    -16.808  0.0000E+00  0.0000E+00
    -16.790  0.0000E+00  0.0000E+00
    -16.772  0.0000E+00  0.0000E+00
    -16.754  0.0000E+00  0.0000E+00
    -16.736  0.0000E+00  0.0000E+00
    -16.718  0.0000E+00  0.0000E+00
    -16.699  0.0000E+00  0.0000E+00
    -16.681  0.0000E+00  0.0000E+00
    -16.663  0.0000E+00  0.0000E+00
    -16.645  0.0000E+00  0.0000E+00
    -16.627  0.0000E+00  0.0000E+00
    -16.609  0.0000E+00  0.0000E+00
    -16.591  0.0000E+00  0.0000E+00
    -16.573  0.0000E+00  0.0000E+00
    -16.555  0.0000E+00  0.0000E+00
    -16.536  0.0000E+00  0.0000E+00
    -16.518  0.0000E+00  0.0000E+00
    -16.500  0.0000E+00  0.0000E+00
    -16.482  0.0000E+00  0.0000E+00
    -16.464  0.0000E+00  0.0000E+00
    -16.446  0.0000E+00  0.0000E+00
    -16.428  0.0000E+00  0.0000E+00
    -16.410  0.0000E+00  0.0000E+00
    -16.392  0.0000E+00  0.0000E+00
    -16.374  0.0000E+00  0.0000E+00
    -16.355  0.0000E+00  0.0000E+00
    -16.337  0.0000E+00  0.0000E+00
    -16.319  0.0000E+00  0.0000E+00
    -16.301  0.0000E+00  0.0000E+00
    -16.283  0.0000E+00  0.0000E+00
    -16.265  0.0000E+00  0.0000E+00
    -16.247  0.0000E+00  0.0000E+00
    -16.229  0.0000E+00  0.0000E+00
    -16.211  0.0000E+00  0.0000E+00
    -16.192  0.0000E+00  0.0000E+00
    -16.174  0.0000E+00  0.0000E+00
    -16.156  0.0000E+00  0.0000E+00
    -16.138  0.0000E+00  0.0000E+00
    -16.120  0.0000E+00  0.0000E+00
    -16.102  0.0000E+00  0.0000E+00
    -16.084  0.0000E+00  0.0000E+00
    -16.066  0.0000E+00  0.0000E+00
    -16.048  0.0000E+00  0.0000E+00
    -16.029  0.0000E+00  0.0000E+00
    -16.011  0.0000E+00  0.0000E+00
    -15.993  0.0000E+00  0.0000E+00
    -15.975  0.0000E+00  0.0000E+00
    -15.957  0.0000E+00  0.0000E+00
    -15.939  0.0000E+00  0.0000E+00
    -15.921  0.0000E+00  0.0000E+00
    -15.903  0.0000E+00  0.0000E+00
    -15.885  0.0000E+00  0.0000E+00
    -15.866  0.0000E+00  0.0000E+00
    -15.848  0.0000E+00  0.0000E+00
    -15.830  0.0000E+00  0.0000E+00
    -15.812  0.0000E+00  0.0000E+00
    -15.794  0.0000E+00  0.0000E+00
    -15.776  0.0000E+00  0.0000E+00
    -15.758  0.0000E+00  0.0000E+00
    -15.740  0.0000E+00  0.0000E+00
    -15.722  0.0000E+00  0.0000E+00
    -15.703  0.0000E+00  0.0000E+00
    -15.685  0.0000E+00  0.0000E+00
    -15.667  0.0000E+00  0.0000E+00
    -15.649  0.0000E+00  0.0000E+00
    -15.631  0.0000E+00  0.0000E+00
    -15.613  0.0000E+00  0.0000E+00
    -15.595  0.0000E+00  0.0000E+00
    -15.577  0.0000E+00  0.0000E+00
    -15.559  0.0000E+00  0.0000E+00
    -15.540  0.0000E+00  0.0000E+00
    -15.522  0.0000E+00  0.0000E+00
    -15.504  0.0000E+00  0.0000E+00
    -15.486  0.0000E+00  0.0000E+00
    -15.468  0.1352E-02  0.1113E-05
    -15.450  0.9392E-01  0.6443E-03
    -15.432  0.3320E+00  0.4281E-02
    -15.414  0.7155E+00  0.1355E-01
    -15.396  0.1244E+01  0.3107E-01
    -15.377  0.1919E+01  0.5950E-01
    -15.359  0.2739E+01  0.1014E+00
    -15.341  0.3704E+01  0.1596E+00
    -15.323  0.4815E+01  0.2365E+00
    -15.305  0.6071E+01  0.3348E+00
    -15.287  0.7259E+01  0.4560E+00
    -15.269  0.8160E+01  0.5960E+00
    -15.251  0.8774E+01  0.7498E+00
    -15.233  0.9101E+01  0.9121E+00
    -15.214  0.9141E+01  0.1078E+01
    -15.196  0.8895E+01  0.1241E+01
    -15.178  0.8361E+01  0.1398E+01
    -15.160  0.9762E+01  0.1554E+01
    -15.142  0.1214E+02  0.1754E+01
    -15.124  0.1338E+02  0.1986E+01
    -15.106  0.1391E+02  0.2234E+01
    -15.088  0.1377E+02  0.2486E+01
    -15.070  0.1297E+02  0.2729E+01
    -15.051  0.1149E+02  0.2951E+01
    -15.033  0.1028E+02  0.3145E+01
    -15.015  0.9863E+01  0.3328E+01
    -14.997  0.9604E+01  0.3504E+01
    -14.979  0.9478E+01  0.3676E+01
    -14.961  0.9349E+01  0.3847E+01
    -14.943  0.9199E+01  0.4015E+01
    -14.925  0.9028E+01  0.4180E+01
    -14.907  0.8835E+01  0.4342E+01
    -14.889  0.1002E+02  0.4508E+01
    -14.870  0.1417E+02  0.4723E+01
    -14.852  0.1572E+02  0.4999E+01
    -14.834  0.1639E+02  0.5290E+01
    -14.816  0.1683E+02  0.5591E+01
    -14.798  0.1703E+02  0.5898E+01
    -14.780  0.1712E+02  0.6207E+01
    -14.762  0.1730E+02  0.6518E+01
    -14.744  0.1758E+02  0.6834E+01
    -14.726  0.1795E+02  0.7156E+01
    -14.707  0.1805E+02  0.7482E+01
    -14.689  0.1778E+02  0.7807E+01
    -14.671  0.1713E+02  0.8124E+01
    -14.653  0.1609E+02  0.8425E+01
    -14.635  0.1468E+02  0.8705E+01
    -14.617  0.1663E+02  0.8978E+01
    -14.599  0.2132E+02  0.9319E+01
    -14.581  0.2741E+02  0.9758E+01
    -14.563  0.3492E+02  0.1032E+02
    -14.544  0.6056E+02  0.1104E+02
    -14.526  0.4871E+02  0.1221E+02
    -14.508  0.5407E+02  0.1315E+02
    -14.490  0.5516E+02  0.1417E+02
    -14.472  0.3196E+02  0.1500E+02
    -14.454  0.2163E+02  0.1548E+02
    -14.436  0.8363E+01  0.1573E+02
    -14.418  0.5538E+01  0.1585E+02
    -14.400  0.3294E+01  0.1593E+02
    -14.381  0.2212E+02  0.1689E+02
    -14.363  0.1342E+02  0.1721E+02
    -14.345  0.1136E+03  0.1748E+02
    -14.327  0.4189E+02  0.1886E+02
    -14.309  0.4950E+02  0.1974E+02
    -14.291  0.3645E+02  0.2051E+02
    -14.273  0.3002E+02  0.2110E+02
    -14.255  0.2859E+02  0.2163E+02
    -14.237  0.2721E+02  0.2213E+02
    -14.218  0.2501E+02  0.2261E+02
    -14.200  0.3369E+02  0.2310E+02
    -14.182  0.6210E+02  0.2398E+02
    -14.164  0.6847E+02  0.2518E+02
    -14.146  0.7727E+02  0.2649E+02
    -14.128  0.6907E+02  0.2786E+02
    -14.110  0.5189E+02  0.2894E+02
    -14.092  0.3415E+02  0.2965E+02
    -14.074  0.6477E+02  0.3049E+02
    -14.055  0.1251E+03  0.3356E+02
    -14.037  0.1403E+02  0.3428E+02
    -14.019  0.2401E+02  0.3462E+02
    -14.001  0.3665E+02  0.3516E+02
    -13.983  0.1539E+03  0.3711E+02
    -13.965  0.1683E+02  0.3813E+02
    -13.947  0.5701E+02  0.3874E+02
    -13.929  0.5203E+02  0.4096E+02
    -13.911  0.2802E+02  0.4168E+02
    -13.892  0.1838E+03  0.4294E+02
    -13.874  0.1921E+03  0.4584E+02
    -13.856  0.2888E+02  0.4769E+02
    -13.838  0.1622E+02  0.4807E+02
    -13.820  0.2033E+02  0.4838E+02
    -13.802  0.3644E+02  0.4888E+02
    -13.784  0.7495E+02  0.4975E+02
    -13.766  0.3220E+02  0.5104E+02
    -13.748  0.1907E+02  0.5155E+02
    -13.729  0.1053E+02  0.5181E+02
    -13.711  0.4696E+01  0.5194E+02
    -13.693  0.1187E+01  0.5199E+02
    -13.675  0.1452E-03  0.5200E+02
    -13.657  0.0000E+00  0.5200E+02
    -13.639  0.0000E+00  0.5200E+02
    -13.621  0.1421E+03  0.5316E+02
    -13.603  0.0000E+00  0.5400E+02
    -13.585  0.0000E+00  0.5400E+02
    -13.567  0.0000E+00  0.5400E+02
    -13.548  0.0000E+00  0.5400E+02
    -13.530  0.0000E+00  0.5400E+02
    -13.512  0.1377E+03  0.5503E+02
    -13.494  0.6393E+02  0.5641E+02
    -13.476  0.5227E+02  0.5745E+02
    -13.458  0.3339E+02  0.5833E+02
    -13.440  0.9458E+02  0.5904E+02
    -13.422  0.5678E+02  0.6114E+02
    -13.404  0.2842E+02  0.6177E+02
    -13.385  0.2894E+02  0.6228E+02
    -13.367  0.4357E+02  0.6292E+02
    -13.349  0.4290E+02  0.6373E+02
    -13.331  0.0000E+00  0.6400E+02
    -13.313  0.0000E+00  0.6400E+02
    -13.295  0.0000E+00  0.6400E+02
    -13.277  0.0000E+00  0.6400E+02
    -13.259  0.0000E+00  0.6400E+02
    -13.241  0.0000E+00  0.6400E+02
    -13.222  0.0000E+00  0.6400E+02
    -13.204  0.0000E+00  0.6400E+02
    -13.186  0.0000E+00  0.6400E+02
    -13.168  0.0000E+00  0.6400E+02
    -13.150  0.0000E+00  0.6400E+02
    -13.132  0.0000E+00  0.6400E+02
    -13.114  0.0000E+00  0.6400E+02
    -13.096  0.0000E+00  0.6400E+02
    -13.078  0.0000E+00  0.6400E+02
    -13.059  0.0000E+00  0.6400E+02
    -13.041  0.0000E+00  0.6400E+02
    -13.023  0.0000E+00  0.6400E+02
    -13.005  0.0000E+00  0.6400E+02
    -12.987  0.0000E+00  0.6400E+02
    -12.969  0.0000E+00  0.6400E+02
    -12.951  0.0000E+00  0.6400E+02
    -12.933  0.0000E+00  0.6400E+02
    -12.915  0.0000E+00  0.6400E+02
    -12.896  0.0000E+00  0.6400E+02
    -12.878  0.0000E+00  0.6400E+02
    -12.860  0.0000E+00  0.6400E+02
    -12.842  0.0000E+00  0.6400E+02
    -12.824  0.0000E+00  0.6400E+02
    -12.806  0.0000E+00  0.6400E+02
    -12.788  0.0000E+00  0.6400E+02
    -12.770  0.0000E+00  0.6400E+02
    -12.752  0.0000E+00  0.6400E+02
    -12.733  0.0000E+00  0.6400E+02
    -12.715  0.0000E+00  0.6400E+02
    -12.697  0.0000E+00  0.6400E+02
    -12.679  0.0000E+00  0.6400E+02
    -12.661  0.0000E+00  0.6400E+02
    -12.643  0.0000E+00  0.6400E+02
    -12.625  0.0000E+00  0.6400E+02
    -12.607  0.0000E+00  0.6400E+02
    -12.589  0.0000E+00  0.6400E+02
    -12.570  0.0000E+00  0.6400E+02
    -12.552  0.0000E+00  0.6400E+02
    -12.534  0.0000E+00  0.6400E+02
    -12.516  0.0000E+00  0.6400E+02
    -12.498  0.0000E+00  0.6400E+02
    -12.480  0.0000E+00  0.6400E+02
    -12.462  0.0000E+00  0.6400E+02
    -12.444  0.0000E+00  0.6400E+02
    -12.426  0.0000E+00  0.6400E+02
    -12.407  0.0000E+00  0.6400E+02
    -12.389  0.0000E+00  0.6400E+02
    -12.371  0.0000E+00  0.6400E+02
    -12.353  0.0000E+00  0.6400E+02
    -12.335  0.0000E+00  0.6400E+02
    -12.317  0.0000E+00  0.6400E+02
    -12.299  0.0000E+00  0.6400E+02
    -12.281  0.0000E+00  0.6400E+02
    -12.263  0.0000E+00  0.6400E+02
    -12.245  0.0000E+00  0.6400E+02
    -12.226  0.0000E+00  0.6400E+02
    -12.208  0.0000E+00  0.6400E+02
    -12.190  0.0000E+00  0.6400E+02
    -12.172  0.0000E+00  0.6400E+02
    -12.154  0.0000E+00  0.6400E+02
    -12.136  0.0000E+00  0.6400E+02
    -12.118  0.0000E+00  0.6400E+02
    -12.100  0.0000E+00  0.6400E+02
    -12.082  0.0000E+00  0.6400E+02
    -12.063  0.0000E+00  0.6400E+02
    -12.045  0.0000E+00  0.6400E+02
    -12.027  0.0000E+00  0.6400E+02
    -12.009  0.0000E+00  0.6400E+02
    -11.991  0.0000E+00  0.6400E+02
    -11.973  0.0000E+00  0.6400E+02
    -11.955  0.0000E+00  0.6400E+02
    -11.937  0.0000E+00  0.6400E+02
    -11.919  0.0000E+00  0.6400E+02
    -11.900  0.0000E+00  0.6400E+02
    -11.882  0.0000E+00  0.6400E+02
    -11.864  0.0000E+00  0.6400E+02
    -11.846  0.0000E+00  0.6400E+02
    -11.828  0.0000E+00  0.6400E+02
    -11.810  0.0000E+00  0.6400E+02
    -11.792  0.0000E+00  0.6400E+02
    -11.774  0.0000E+00  0.6400E+02
    -11.756  0.0000E+00  0.6400E+02
    -11.737  0.0000E+00  0.6400E+02
    -11.719  0.0000E+00  0.6400E+02
    -11.701  0.0000E+00  0.6400E+02
    -11.683  0.0000E+00  0.6400E+02
    -11.665  0.0000E+00  0.6400E+02
    -11.647  0.0000E+00  0.6400E+02
    -11.629  0.0000E+00  0.6400E+02
    -11.611  0.0000E+00  0.6400E+02
    -11.593  0.0000E+00  0.6400E+02
    -11.574  0.0000E+00  0.6400E+02
    -11.556  0.0000E+00  0.6400E+02
    -11.538  0.0000E+00  0.6400E+02
    -11.520  0.0000E+00  0.6400E+02
    -11.502  0.0000E+00  0.6400E+02
    -11.484  0.0000E+00  0.6400E+02
    -11.466  0.0000E+00  0.6400E+02
    -11.448  0.0000E+00  0.6400E+02
    -11.430  0.0000E+00  0.6400E+02
    -11.411  0.0000E+00  0.6400E+02
    -11.393  0.0000E+00  0.6400E+02
    -11.375  0.0000E+00  0.6400E+02
    -11.357  0.0000E+00  0.6400E+02
    -11.339  0.0000E+00  0.6400E+02
    -11.321  0.0000E+00  0.6400E+02
    -11.303  0.0000E+00  0.6400E+02
    -11.285  0.0000E+00  0.6400E+02
    -11.267  0.0000E+00  0.6400E+02
    -11.248  0.0000E+00  0.6400E+02
    -11.230  0.0000E+00  0.6400E+02
    -11.212  0.0000E+00  0.6400E+02
    -11.194  0.0000E+00  0.6400E+02
    -11.176  0.0000E+00  0.6400E+02
    -11.158  0.0000E+00  0.6400E+02
    -11.140  0.0000E+00  0.6400E+02
    -11.122  0.0000E+00  0.6400E+02
    -11.104  0.0000E+00  0.6400E+02
    -11.085  0.0000E+00  0.6400E+02
    -11.067  0.0000E+00  0.6400E+02
    -11.049  0.0000E+00  0.6400E+02
    -11.031  0.0000E+00  0.6400E+02
    -11.013  0.0000E+00  0.6400E+02
    -10.995  0.0000E+00  0.6400E+02
    -10.977  0.0000E+00  0.6400E+02
    -10.959  0.0000E+00  0.6400E+02
    -10.941  0.0000E+00  0.6400E+02
    -10.923  0.0000E+00  0.6400E+02
    -10.904  0.0000E+00  0.6400E+02
    -10.886  0.0000E+00  0.6400E+02
    -10.868  0.0000E+00  0.6400E+02
    -10.850  0.0000E+00  0.6400E+02
    -10.832  0.0000E+00  0.6400E+02
    -10.814  0.0000E+00  0.6400E+02
    -10.796  0.0000E+00  0.6400E+02
    -10.778  0.0000E+00  0.6400E+02
    -10.760  0.0000E+00  0.6400E+02
    -10.741  0.0000E+00  0.6400E+02
    -10.723  0.0000E+00  0.6400E+02
    -10.705  0.0000E+00  0.6400E+02
    -10.687  0.0000E+00  0.6400E+02
    -10.669  0.0000E+00  0.6400E+02
    -10.651  0.0000E+00  0.6400E+02
    -10.633  0.0000E+00  0.6400E+02
    -10.615  0.0000E+00  0.6400E+02
    -10.597  0.0000E+00  0.6400E+02
    -10.578  0.0000E+00  0.6400E+02
    -10.560  0.0000E+00  0.6400E+02
    -10.542  0.0000E+00  0.6400E+02
    -10.524  0.0000E+00  0.6400E+02
    -10.506  0.0000E+00  0.6400E+02
    -10.488  0.0000E+00  0.6400E+02
    -10.470  0.0000E+00  0.6400E+02
    -10.452  0.0000E+00  0.6400E+02
    -10.434  0.0000E+00  0.6400E+02
    -10.415  0.0000E+00  0.6400E+02
    -10.397  0.0000E+00  0.6400E+02
    -10.379  0.0000E+00  0.6400E+02
    -10.361  0.0000E+00  0.6400E+02
    -10.343  0.0000E+00  0.6400E+02
    -10.325  0.0000E+00  0.6400E+02
    -10.307  0.0000E+00  0.6400E+02
    -10.289  0.0000E+00  0.6400E+02
    -10.271  0.0000E+00  0.6400E+02
    -10.252  0.0000E+00  0.6400E+02
    -10.234  0.0000E+00  0.6400E+02
    -10.216  0.0000E+00  0.6400E+02
    -10.198  0.0000E+00  0.6400E+02
    -10.180  0.0000E+00  0.6400E+02
    -10.162  0.0000E+00  0.6400E+02
    -10.144  0.0000E+00  0.6400E+02
    -10.126  0.0000E+00  0.6400E+02
    -10.108  0.0000E+00  0.6400E+02
    -10.089  0.0000E+00  0.6400E+02
    -10.071  0.0000E+00  0.6400E+02
    -10.053  0.0000E+00  0.6400E+02
    -10.035  0.0000E+00  0.6400E+02
    -10.017  0.0000E+00  0.6400E+02
     -9.999  0.0000E+00  0.6400E+02
     -9.981  0.0000E+00  0.6400E+02
     -9.963  0.0000E+00  0.6400E+02
     -9.945  0.0000E+00  0.6400E+02
     -9.926  0.0000E+00  0.6400E+02
     -9.908  0.0000E+00  0.6400E+02
     -9.890  0.0000E+00  0.6400E+02
     -9.872  0.0000E+00  0.6400E+02
     -9.854  0.0000E+00  0.6400E+02
     -9.836  0.0000E+00  0.6400E+02
     -9.818  0.0000E+00  0.6400E+02
     -9.800  0.0000E+00  0.6400E+02
     -9.782  0.0000E+00  0.6400E+02
     -9.763  0.0000E+00  0.6400E+02
     -9.745  0.0000E+00  0.6400E+02
     -9.727  0.0000E+00  0.6400E+02
     -9.709  0.0000E+00  0.6400E+02
     -9.691  0.0000E+00  0.6400E+02
     -9.673  0.0000E+00  0.6400E+02
     -9.655  0.0000E+00  0.6400E+02
     -9.637  0.0000E+00  0.6400E+02
     -9.619  0.0000E+00  0.6400E+02
     -9.601  0.0000E+00  0.6400E+02
     -9.582  0.0000E+00  0.6400E+02
     -9.564  0.0000E+00  0.6400E+02
     -9.546  0.0000E+00  0.6400E+02
     -9.528  0.0000E+00  0.6400E+02
     -9.510  0.0000E+00  0.6400E+02
     -9.492  0.0000E+00  0.6400E+02
     -9.474  0.0000E+00  0.6400E+02
     -9.456  0.0000E+00  0.6400E+02
     -9.438  0.0000E+00  0.6400E+02
     -9.419  0.0000E+00  0.6400E+02
     -9.401  0.0000E+00  0.6400E+02
     -9.383  0.0000E+00  0.6400E+02
     -9.365  0.0000E+00  0.6400E+02
     -9.347  0.0000E+00  0.6400E+02
     -9.329  0.0000E+00  0.6400E+02
     -9.311  0.0000E+00  0.6400E+02
     -9.293  0.0000E+00  0.6400E+02
     -9.275  0.0000E+00  0.6400E+02
     -9.256  0.0000E+00  0.6400E+02
     -9.238  0.0000E+00  0.6400E+02
     -9.220  0.0000E+00  0.6400E+02
     -9.202  0.0000E+00  0.6400E+02
     -9.184  0.0000E+00  0.6400E+02
     -9.166  0.0000E+00  0.6400E+02
     -9.148  0.0000E+00  0.6400E+02
     -9.130  0.0000E+00  0.6400E+02
     -9.112  0.0000E+00  0.6400E+02
     -9.093  0.0000E+00  0.6400E+02
     -9.075  0.0000E+00  0.6400E+02
     -9.057  0.0000E+00  0.6400E+02
     -9.039  0.0000E+00  0.6400E+02
     -9.021  0.0000E+00  0.6400E+02
     -9.003  0.0000E+00  0.6400E+02
     -8.985  0.0000E+00  0.6400E+02
     -8.967  0.0000E+00  0.6400E+02
     -8.949  0.0000E+00  0.6400E+02
     -8.930  0.0000E+00  0.6400E+02
     -8.912  0.0000E+00  0.6400E+02
     -8.894  0.0000E+00  0.6400E+02
     -8.876  0.0000E+00  0.6400E+02
     -8.858  0.0000E+00  0.6400E+02
     -8.840  0.0000E+00  0.6400E+02
     -8.822  0.0000E+00  0.6400E+02
     -8.804  0.0000E+00  0.6400E+02
     -8.786  0.0000E+00  0.6400E+02
     -8.767  0.0000E+00  0.6400E+02
     -8.749  0.0000E+00  0.6400E+02
     -8.731  0.0000E+00  0.6400E+02
     -8.713  0.0000E+00  0.6400E+02
     -8.695  0.0000E+00  0.6400E+02
     -8.677  0.0000E+00  0.6400E+02
     -8.659  0.0000E+00  0.6400E+02
     -8.641  0.0000E+00  0.6400E+02
     -8.623  0.0000E+00  0.6400E+02
     -8.604  0.0000E+00  0.6400E+02
     -8.586  0.0000E+00  0.6400E+02
     -8.568  0.0000E+00  0.6400E+02
     -8.550  0.0000E+00  0.6400E+02
     -8.532  0.0000E+00  0.6400E+02
     -8.514  0.0000E+00  0.6400E+02
     -8.496  0.0000E+00  0.6400E+02
     -8.478  0.0000E+00  0.6400E+02
     -8.460  0.0000E+00  0.6400E+02
     -8.441  0.0000E+00  0.6400E+02
     -8.423  0.0000E+00  0.6400E+02
     -8.405  0.0000E+00  0.6400E+02
     -8.387  0.0000E+00  0.6400E+02
     -8.369  0.0000E+00  0.6400E+02
     -8.351  0.0000E+00  0.6400E+02
     -8.333  0.0000E+00  0.6400E+02
     -8.315  0.0000E+00  0.6400E+02
     -8.297  0.0000E+00  0.6400E+02
     -8.278  0.0000E+00  0.6400E+02
     -8.260  0.0000E+00  0.6400E+02
     -8.242  0.0000E+00  0.6400E+02
     -8.224  0.0000E+00  0.6400E+02
     -8.206  0.0000E+00  0.6400E+02
     -8.188  0.0000E+00  0.6400E+02
     -8.170  0.0000E+00  0.6400E+02
     -8.152  0.0000E+00  0.6400E+02
     -8.134  0.0000E+00  0.6400E+02
     -8.116  0.0000E+00  0.6400E+02
     -8.097  0.0000E+00  0.6400E+02
     -8.079  0.0000E+00  0.6400E+02
     -8.061  0.0000E+00  0.6400E+02
     -8.043  0.0000E+00  0.6400E+02
     -8.025  0.0000E+00  0.6400E+02
     -8.007  0.0000E+00  0.6400E+02
     -7.989  0.0000E+00  0.6400E+02
     -7.971  0.0000E+00  0.6400E+02
     -7.953  0.0000E+00  0.6400E+02
     -7.934  0.0000E+00  0.6400E+02
     -7.916  0.0000E+00  0.6400E+02
     -7.898  0.0000E+00  0.6400E+02
     -7.880  0.0000E+00  0.6400E+02
     -7.862  0.0000E+00  0.6400E+02
     -7.844  0.0000E+00  0.6400E+02
     -7.826  0.0000E+00  0.6400E+02
     -7.808  0.0000E+00  0.6400E+02
     -7.790  0.0000E+00  0.6400E+02
     -7.771  0.0000E+00  0.6400E+02
     -7.753  0.0000E+00  0.6400E+02
     -7.735  0.0000E+00  0.6400E+02
     -7.717  0.0000E+00  0.6400E+02
     -7.699  0.0000E+00  0.6400E+02
     -7.681  0.0000E+00  0.6400E+02
     -7.663  0.0000E+00  0.6400E+02
     -7.645  0.0000E+00  0.6400E+02
     -7.627  0.0000E+00  0.6400E+02
     -7.608  0.0000E+00  0.6400E+02
     -7.590  0.0000E+00  0.6400E+02
     -7.572  0.0000E+00  0.6400E+02
     -7.554  0.0000E+00  0.6400E+02
     -7.536  0.0000E+00  0.6400E+02
     -7.518  0.0000E+00  0.6400E+02
     -7.500  0.0000E+00  0.6400E+02
     -7.482  0.0000E+00  0.6400E+02
     -7.464  0.0000E+00  0.6400E+02
     -7.445  0.0000E+00  0.6400E+02
     -7.427  0.0000E+00  0.6400E+02
     -7.409  0.0000E+00  0.6400E+02
     -7.391  0.0000E+00  0.6400E+02
     -7.373  0.0000E+00  0.6400E+02
     -7.355  0.0000E+00  0.6400E+02
     -7.337  0.0000E+00  0.6400E+02
     -7.319  0.0000E+00  0.6400E+02
     -7.301  0.0000E+00  0.6400E+02
     -7.282  0.0000E+00  0.6400E+02
     -7.264  0.0000E+00  0.6400E+02
     -7.246  0.0000E+00  0.6400E+02
     -7.228  0.0000E+00  0.6400E+02
     -7.210  0.0000E+00  0.6400E+02
     -7.192  0.0000E+00  0.6400E+02
     -7.174  0.0000E+00  0.6400E+02
     -7.156  0.0000E+00  0.6400E+02
     -7.138  0.0000E+00  0.6400E+02
     -7.119  0.0000E+00  0.6400E+02
     -7.101  0.0000E+00  0.6400E+02
     -7.083  0.0000E+00  0.6400E+02
     -7.065  0.0000E+00  0.6400E+02
     -7.047  0.0000E+00  0.6400E+02
     -7.029  0.0000E+00  0.6400E+02
     -7.011  0.0000E+00  0.6400E+02
     -6.993  0.0000E+00  0.6400E+02
     -6.975  0.0000E+00  0.6400E+02
     -6.956  0.0000E+00  0.6400E+02
     -6.938  0.0000E+00  0.6400E+02
     -6.920  0.0000E+00  0.6400E+02
     -6.902  0.0000E+00  0.6400E+02
     -6.884  0.0000E+00  0.6400E+02
     -6.866  0.0000E+00  0.6400E+02
     -6.848  0.0000E+00  0.6400E+02
     -6.830  0.0000E+00  0.6400E+02
     -6.812  0.0000E+00  0.6400E+02
     -6.794  0.0000E+00  0.6400E+02
     -6.775  0.0000E+00  0.6400E+02
     -6.757  0.0000E+00  0.6400E+02
     -6.739  0.0000E+00  0.6400E+02
     -6.721  0.0000E+00  0.6400E+02
     -6.703  0.0000E+00  0.6400E+02
     -6.685  0.0000E+00  0.6400E+02
     -6.667  0.0000E+00  0.6400E+02
     -6.649  0.0000E+00  0.6400E+02
     -6.631  0.0000E+00  0.6400E+02
     -6.612  0.0000E+00  0.6400E+02
     -6.594  0.0000E+00  0.6400E+02
     -6.576  0.0000E+00  0.6400E+02
     -6.558  0.0000E+00  0.6400E+02
     -6.540  0.0000E+00  0.6400E+02
     -6.522  0.0000E+00  0.6400E+02
     -6.504  0.0000E+00  0.6400E+02
     -6.486  0.0000E+00  0.6400E+02
     -6.468  0.0000E+00  0.6400E+02
     -6.449  0.0000E+00  0.6400E+02
     -6.431  0.0000E+00  0.6400E+02
     -6.413  0.0000E+00  0.6400E+02
     -6.395  0.0000E+00  0.6400E+02
     -6.377  0.0000E+00  0.6400E+02
     -6.359  0.0000E+00  0.6400E+02
     -6.341  0.0000E+00  0.6400E+02
     -6.323  0.0000E+00  0.6400E+02
     -6.305  0.0000E+00  0.6400E+02
     -6.286  0.0000E+00  0.6400E+02
     -6.268  0.0000E+00  0.6400E+02
     -6.250  0.0000E+00  0.6400E+02
     -6.232  0.0000E+00  0.6400E+02
     -6.214  0.0000E+00  0.6400E+02
     -6.196  0.0000E+00  0.6400E+02
     -6.178  0.0000E+00  0.6400E+02
     -6.160  0.0000E+00  0.6400E+02
     -6.142  0.0000E+00  0.6400E+02
     -6.123  0.0000E+00  0.6400E+02
     -6.105  0.0000E+00  0.6400E+02
     -6.087  0.0000E+00  0.6400E+02
     -6.069  0.0000E+00  0.6400E+02
     -6.051  0.0000E+00  0.6400E+02
     -6.033  0.0000E+00  0.6400E+02
     -6.015  0.0000E+00  0.6400E+02
     -5.997  0.0000E+00  0.6400E+02
     -5.979  0.0000E+00  0.6400E+02
     -5.960  0.0000E+00  0.6400E+02
     -5.942  0.0000E+00  0.6400E+02
     -5.924  0.0000E+00  0.6400E+02
     -5.906  0.0000E+00  0.6400E+02
     -5.888  0.0000E+00  0.6400E+02
     -5.870  0.0000E+00  0.6400E+02
     -5.852  0.0000E+00  0.6400E+02
     -5.834  0.0000E+00  0.6400E+02
     -5.816  0.0000E+00  0.6400E+02
     -5.797  0.0000E+00  0.6400E+02
     -5.779  0.0000E+00  0.6400E+02
     -5.761  0.0000E+00  0.6400E+02
     -5.743  0.0000E+00  0.6400E+02
     -5.725  0.0000E+00  0.6400E+02
     -5.707  0.0000E+00  0.6400E+02
     -5.689  0.0000E+00  0.6400E+02
     -5.671  0.0000E+00  0.6400E+02
     -5.653  0.0000E+00  0.6400E+02
     -5.634  0.0000E+00  0.6400E+02
     -5.616  0.0000E+00  0.6400E+02
     -5.598  0.0000E+00  0.6400E+02
     -5.580  0.0000E+00  0.6400E+02
     -5.562  0.0000E+00  0.6400E+02
     -5.544  0.0000E+00  0.6400E+02
     -5.526  0.0000E+00  0.6400E+02
     -5.508  0.0000E+00  0.6400E+02
     -5.490  0.0000E+00  0.6400E+02
     -5.472  0.0000E+00  0.6400E+02
     -5.453  0.0000E+00  0.6400E+02
     -5.435  0.0000E+00  0.6400E+02
     -5.417  0.0000E+00  0.6400E+02
     -5.399  0.0000E+00  0.6400E+02
     -5.381  0.0000E+00  0.6400E+02
     -5.363  0.0000E+00  0.6400E+02
     -5.345  0.0000E+00  0.6400E+02
     -5.327  0.0000E+00  0.6400E+02
     -5.309  0.0000E+00  0.6400E+02
     -5.290  0.0000E+00  0.6400E+02
     -5.272  0.0000E+00  0.6400E+02
     -5.254  0.0000E+00  0.6400E+02
     -5.236  0.0000E+00  0.6400E+02
     -5.218  0.0000E+00  0.6400E+02
     -5.200  0.0000E+00  0.6400E+02
     -5.182  0.0000E+00  0.6400E+02
     -5.164  0.0000E+00  0.6400E+02
     -5.146  0.0000E+00  0.6400E+02
     -5.127  0.0000E+00  0.6400E+02
     -5.109  0.0000E+00  0.6400E+02
     -5.091  0.0000E+00  0.6400E+02
     -5.073  0.0000E+00  0.6400E+02
     -5.055  0.0000E+00  0.6400E+02
     -5.037  0.0000E+00  0.6400E+02
     -5.019  0.0000E+00  0.6400E+02
     -5.001  0.0000E+00  0.6400E+02
     -4.983  0.0000E+00  0.6400E+02
     -4.964  0.0000E+00  0.6400E+02
     -4.946  0.0000E+00  0.6400E+02
     -4.928  0.0000E+00  0.6400E+02
     -4.910  0.0000E+00  0.6400E+02
     -4.892  0.0000E+00  0.6400E+02
     -4.874  0.0000E+00  0.6400E+02
     -4.856  0.0000E+00  0.6400E+02
     -4.838  0.0000E+00  0.6400E+02
     -4.820  0.0000E+00  0.6400E+02
     -4.801  0.0000E+00  0.6400E+02
     -4.783  0.0000E+00  0.6400E+02
     -4.765  0.0000E+00  0.6400E+02
     -4.747  0.0000E+00  0.6400E+02
     -4.729  0.0000E+00  0.6400E+02
     -4.711  0.0000E+00  0.6400E+02
     -4.693  0.0000E+00  0.6400E+02
     -4.675  0.0000E+00  0.6400E+02
     -4.657  0.0000E+00  0.6400E+02
     -4.638  0.0000E+00  0.6400E+02
     -4.620  0.0000E+00  0.6400E+02
     -4.602  0.0000E+00  0.6400E+02
     -4.584  0.0000E+00  0.6400E+02
     -4.566  0.0000E+00  0.6400E+02
     -4.548  0.0000E+00  0.6400E+02
     -4.530  0.0000E+00  0.6400E+02
     -4.512  0.0000E+00  0.6400E+02
     -4.494  0.0000E+00  0.6400E+02
     -4.475  0.0000E+00  0.6400E+02
     -4.457  0.0000E+00  0.6400E+02
     -4.439  0.0000E+00  0.6400E+02
     -4.421  0.0000E+00  0.6400E+02
     -4.403  0.0000E+00  0.6400E+02
     -4.385  0.0000E+00  0.6400E+02
     -4.367  0.0000E+00  0.6400E+02
     -4.349  0.0000E+00  0.6400E+02
     -4.331  0.0000E+00  0.6400E+02
     -4.312  0.0000E+00  0.6400E+02
     -4.294  0.0000E+00  0.6400E+02
     -4.276  0.0000E+00  0.6400E+02
     -4.258  0.0000E+00  0.6400E+02
     -4.240  0.0000E+00  0.6400E+02
     -4.222  0.0000E+00  0.6400E+02
     -4.204  0.0000E+00  0.6400E+02
     -4.186  0.0000E+00  0.6400E+02
     -4.168  0.0000E+00  0.6400E+02
     -4.150  0.0000E+00  0.6400E+02
     -4.131  0.0000E+00  0.6400E+02
     -4.113  0.0000E+00  0.6400E+02
     -4.095  0.0000E+00  0.6400E+02
     -4.077  0.0000E+00  0.6400E+02
     -4.059  0.0000E+00  0.6400E+02
     -4.041  0.0000E+00  0.6400E+02
     -4.023  0.0000E+00  0.6400E+02
     -4.005  0.0000E+00  0.6400E+02
     -3.987  0.0000E+00  0.6400E+02
     -3.968  0.0000E+00  0.6400E+02
     -3.950  0.0000E+00  0.6400E+02
     -3.932  0.0000E+00  0.6400E+02
     -3.914  0.0000E+00  0.6400E+02
     -3.896  0.0000E+00  0.6400E+02
     -3.878  0.0000E+00  0.6400E+02
     -3.860  0.0000E+00  0.6400E+02
     -3.842  0.0000E+00  0.6400E+02
     -3.824  0.0000E+00  0.6400E+02
     -3.805  0.0000E+00  0.6400E+02
     -3.787  0.0000E+00  0.6400E+02
     -3.769  0.0000E+00  0.6400E+02
     -3.751  0.0000E+00  0.6400E+02
     -3.733  0.0000E+00  0.6400E+02
     -3.715  0.0000E+00  0.6400E+02
     -3.697  0.0000E+00  0.6400E+02
     -3.679  0.0000E+00  0.6400E+02
     -3.661  0.0000E+00  0.6400E+02
     -3.642  0.0000E+00  0.6400E+02
     -3.624  0.0000E+00  0.6400E+02
     -3.606  0.0000E+00  0.6400E+02
     -3.588  0.0000E+00  0.6400E+02
     -3.570  0.0000E+00  0.6400E+02
     -3.552  0.0000E+00  0.6400E+02
     -3.534  0.0000E+00  0.6400E+02
     -3.516  0.0000E+00  0.6400E+02
     -3.498  0.0000E+00  0.6400E+02
     -3.479  0.0000E+00  0.6400E+02
     -3.461  0.0000E+00  0.6400E+02
     -3.443  0.0000E+00  0.6400E+02
     -3.425  0.0000E+00  0.6400E+02
     -3.407  0.0000E+00  0.6400E+02
     -3.389  0.0000E+00  0.6400E+02
     -3.371  0.0000E+00  0.6400E+02
     -3.353  0.0000E+00  0.6400E+02
     -3.335  0.0000E+00  0.6400E+02
     -3.316  0.0000E+00  0.6400E+02
     -3.298  0.0000E+00  0.6400E+02
     -3.280  0.0000E+00  0.6400E+02
     -3.262  0.0000E+00  0.6400E+02
     -3.244  0.0000E+00  0.6400E+02
     -3.226  0.0000E+00  0.6400E+02
     -3.208  0.0000E+00  0.6400E+02
     -3.190  0.0000E+00  0.6400E+02
     -3.172  0.0000E+00  0.6400E+02
     -3.153  0.0000E+00  0.6400E+02
     -3.135  0.0000E+00  0.6400E+02
     -3.117  0.0000E+00  0.6400E+02
     -3.099  0.0000E+00  0.6400E+02
     -3.081  0.0000E+00  0.6400E+02
     -3.063  0.0000E+00  0.6400E+02
     -3.045  0.0000E+00  0.6400E+02
     -3.027  0.0000E+00  0.6400E+02
     -3.009  0.0000E+00  0.6400E+02
     -2.990  0.0000E+00  0.6400E+02
     -2.972  0.0000E+00  0.6400E+02
     -2.954  0.0000E+00  0.6400E+02
     -2.936  0.0000E+00  0.6400E+02
     -2.918  0.0000E+00  0.6400E+02
     -2.900  0.0000E+00  0.6400E+02
     -2.882  0.0000E+00  0.6400E+02
     -2.864  0.0000E+00  0.6400E+02
     -2.846  0.0000E+00  0.6400E+02
     -2.828  0.0000E+00  0.6400E+02
     -2.809  0.0000E+00  0.6400E+02
     -2.791  0.0000E+00  0.6400E+02
     -2.773  0.0000E+00  0.6400E+02
     -2.755  0.0000E+00  0.6400E+02
     -2.737  0.0000E+00  0.6400E+02
     -2.719  0.0000E+00  0.6400E+02
     -2.701  0.0000E+00  0.6400E+02
     -2.683  0.0000E+00  0.6400E+02
     -2.665  0.0000E+00  0.6400E+02
     -2.646  0.0000E+00  0.6400E+02
     -2.628  0.0000E+00  0.6400E+02
     -2.610  0.0000E+00  0.6400E+02
     -2.592  0.0000E+00  0.6400E+02
     -2.574  0.0000E+00  0.6400E+02
     -2.556  0.0000E+00  0.6400E+02
     -2.538  0.0000E+00  0.6400E+02
     -2.520  0.0000E+00  0.6400E+02
     -2.502  0.0000E+00  0.6400E+02
     -2.483  0.0000E+00  0.6400E+02
     -2.465  0.0000E+00  0.6400E+02
     -2.447  0.0000E+00  0.6400E+02
     -2.429  0.0000E+00  0.6400E+02
     -2.411  0.0000E+00  0.6400E+02
     -2.393  0.0000E+00  0.6400E+02
     -2.375  0.0000E+00  0.6400E+02
     -2.357  0.0000E+00  0.6400E+02
     -2.339  0.0000E+00  0.6400E+02
     -2.320  0.0000E+00  0.6400E+02
     -2.302  0.0000E+00  0.6400E+02
     -2.284  0.0000E+00  0.6400E+02
     -2.266  0.0000E+00  0.6400E+02
     -2.248  0.0000E+00  0.6400E+02
     -2.230  0.0000E+00  0.6400E+02
     -2.212  0.0000E+00  0.6400E+02
     -2.194  0.0000E+00  0.6400E+02
     -2.176  0.0000E+00  0.6400E+02
     -2.157  0.0000E+00  0.6400E+02
     -2.139  0.0000E+00  0.6400E+02
     -2.121  0.0000E+00  0.6400E+02
     -2.103  0.0000E+00  0.6400E+02
     -2.085  0.0000E+00  0.6400E+02
     -2.067  0.0000E+00  0.6400E+02
     -2.049  0.0000E+00  0.6400E+02
     -2.031  0.0000E+00  0.6400E+02
     -2.013  0.0000E+00  0.6400E+02
     -1.994  0.0000E+00  0.6400E+02
     -1.976  0.0000E+00  0.6400E+02
     -1.958  0.0000E+00  0.6400E+02
     -1.940  0.0000E+00  0.6400E+02
     -1.922  0.0000E+00  0.6400E+02
     -1.904  0.0000E+00  0.6400E+02
     -1.886  0.0000E+00  0.6400E+02
     -1.868  0.0000E+00  0.6400E+02
     -1.850  0.0000E+00  0.6400E+02
     -1.831  0.0000E+00  0.6400E+02
     -1.813  0.0000E+00  0.6400E+02
     -1.795  0.0000E+00  0.6400E+02
     -1.777  0.0000E+00  0.6400E+02
     -1.759  0.0000E+00  0.6400E+02
     -1.741  0.0000E+00  0.6400E+02
     -1.723  0.0000E+00  0.6400E+02
     -1.705  0.0000E+00  0.6400E+02
     -1.687  0.0000E+00  0.6400E+02
     -1.668  0.0000E+00  0.6400E+02
     -1.650  0.0000E+00  0.6400E+02
     -1.632  0.0000E+00  0.6400E+02
     -1.614  0.0000E+00  0.6400E+02
     -1.596  0.0000E+00  0.6400E+02
     -1.578  0.6006E-02  0.6400E+02
     -1.560  0.4935E-01  0.6400E+02
     -1.542  0.1345E+00  0.6400E+02
     -1.524  0.2616E+00  0.6401E+02
     -1.505  0.4304E+00  0.6401E+02
     -1.487  0.6411E+00  0.6402E+02
     -1.469  0.8937E+00  0.6404E+02
     -1.451  0.1188E+01  0.6405E+02
     -1.433  0.1524E+01  0.6408E+02
     -1.415  0.1902E+01  0.6411E+02
     -1.397  0.2324E+01  0.6415E+02
     -1.379  0.2812E+01  0.6419E+02
     -1.361  0.3377E+01  0.6425E+02
     -1.343  0.4017E+01  0.6432E+02
     -1.324  0.4732E+01  0.6440E+02
     -1.306  0.5524E+01  0.6449E+02
     -1.288  0.6391E+01  0.6460E+02
     -1.270  0.7335E+01  0.6472E+02
     -1.252  0.8353E+01  0.6486E+02
     -1.234  0.9448E+01  0.6502E+02
     -1.216  0.1062E+02  0.6521E+02
     -1.198  0.1186E+02  0.6541E+02
     -1.180  0.1354E+02  0.6564E+02
     -1.161  0.1523E+02  0.6590E+02
     -1.143  0.1786E+02  0.6620E+02
     -1.125  0.2015E+02  0.6654E+02
     -1.107  0.2210E+02  0.6693E+02
     -1.089  0.2406E+02  0.6734E+02
     -1.071  0.2603E+02  0.6780E+02
     -1.053  0.4254E+02  0.6843E+02
     -1.035  0.5266E+02  0.6930E+02
     -1.017  0.5595E+02  0.7029E+02
     -0.998  0.5876E+02  0.7132E+02
     -0.980  0.6892E+02  0.7247E+02
     -0.962  0.6858E+02  0.7372E+02
     -0.944  0.6270E+02  0.7492E+02
     -0.926  0.5102E+02  0.7595E+02
     -0.908  0.3643E+02  0.7675E+02
     -0.890  0.2475E+02  0.7730E+02
     -0.872  0.1532E+02  0.7766E+02
     -0.854  0.8159E+01  0.7787E+02
     -0.835  0.1809E+02  0.7804E+02
     -0.817  0.2927E+02  0.7849E+02
     -0.799  0.2082E+02  0.7898E+02
     -0.781  0.9093E+01  0.7919E+02
     -0.763  0.1552E+02  0.7941E+02
     -0.745  0.2420E+02  0.7977E+02
     -0.727  0.3127E+02  0.8027E+02
     -0.709  0.3698E+02  0.8089E+02
     -0.691  0.4134E+02  0.8160E+02
     -0.672  0.4436E+02  0.8238E+02
     -0.654  0.4615E+02  0.8320E+02
     -0.636  0.7098E+02  0.8430E+02
     -0.618  0.3687E+02  0.8532E+02
     -0.600  0.3936E+02  0.8601E+02
     -0.582  0.6963E+02  0.8711E+02
     -0.564  0.5749E+02  0.8818E+02
     -0.546  0.6665E+02  0.8933E+02
     -0.528  0.6084E+02  0.9050E+02
     -0.509  0.4707E+02  0.9146E+02
     -0.491  0.4011E+02  0.9225E+02
     -0.473  0.3782E+02  0.9294E+02
     -0.455  0.4037E+02  0.9365E+02
     -0.437  0.4390E+02  0.9441E+02
     -0.419  0.4711E+02  0.9523E+02
     -0.401  0.5129E+02  0.9612E+02
     -0.383  0.5630E+02  0.9710E+02
     -0.365  0.6209E+02  0.9816E+02
     -0.346  0.6329E+02  0.9930E+02
     -0.328  0.6379E+02  0.1004E+03
     -0.310  0.6357E+02  0.1016E+03
     -0.292  0.4491E+02  0.1026E+03
     -0.274  0.4372E+02  0.1034E+03
     -0.256  0.3877E+02  0.1041E+03
     -0.238  0.3508E+02  0.1048E+03
     -0.220  0.2684E+02  0.1053E+03
     -0.202  0.2705E+02  0.1058E+03
     -0.183  0.2720E+02  0.1063E+03
     -0.165  0.2728E+02  0.1068E+03
     -0.147  0.2729E+02  0.1073E+03
     -0.129  0.2724E+02  0.1078E+03
     -0.111  0.2713E+02  0.1083E+03
     -0.093  0.2695E+02  0.1087E+03
     -0.075  0.2671E+02  0.1092E+03
     -0.057  0.2640E+02  0.1097E+03
     -0.039  0.2573E+02  0.1102E+03
     -0.021  0.2488E+02  0.1106E+03
     -0.002  0.2478E+02  0.1111E+03
      0.016  0.2486E+02  0.1115E+03
      0.034  0.2479E+02  0.1120E+03
      0.052  0.2409E+02  0.1124E+03
      0.070  0.2366E+02  0.1129E+03
      0.088  0.2425E+02  0.1133E+03
      0.106  0.2592E+02  0.1138E+03
      0.124  0.2771E+02  0.1142E+03
      0.142  0.2950E+02  0.1148E+03
      0.161  0.3113E+02  0.1153E+03
      0.179  0.3089E+02  0.1159E+03
      0.197  0.3129E+02  0.1164E+03
      0.215  0.3181E+02  0.1170E+03
      0.233  0.2934E+02  0.1176E+03
      0.251  0.2514E+02  0.1180E+03
      0.269  0.2212E+02  0.1185E+03
      0.287  0.1601E+02  0.1188E+03
      0.305  0.9887E+01  0.1190E+03
      0.324  0.8662E+01  0.1192E+03
      0.342  0.7520E+01  0.1194E+03
      0.360  0.9879E+01  0.1195E+03
      0.378  0.1709E+02  0.1197E+03
      0.396  0.3033E+02  0.1202E+03
      0.414  0.3838E+02  0.1208E+03
      0.432  0.4167E+02  0.1215E+03
      0.450  0.4118E+02  0.1223E+03
      0.468  0.3976E+02  0.1230E+03
      0.487  0.3823E+02  0.1237E+03
      0.505  0.3589E+02  0.1244E+03
      0.523  0.3240E+02  0.1250E+03
      0.541  0.2834E+02  0.1256E+03
      0.559  0.2455E+02  0.1261E+03
      0.577  0.1994E+02  0.1265E+03
      0.595  0.1622E+02  0.1268E+03
      0.613  0.1415E+02  0.1271E+03
      0.631  0.1337E+02  0.1273E+03
      0.650  0.1361E+02  0.1275E+03
      0.668  0.1437E+02  0.1278E+03
      0.686  0.1493E+02  0.1281E+03
      0.704  0.1526E+02  0.1283E+03
      0.722  0.1537E+02  0.1286E+03
      0.740  0.1807E+02  0.1289E+03
      0.758  0.1820E+02  0.1293E+03
      0.776  0.1838E+02  0.1296E+03
      0.794  0.1863E+02  0.1299E+03
      0.813  0.1894E+02  0.1303E+03
      0.831  0.1932E+02  0.1306E+03
      0.849  0.1937E+02  0.1310E+03
      0.867  0.1920E+02  0.1313E+03
      0.885  0.1910E+02  0.1317E+03
      0.903  0.1983E+02  0.1320E+03
      0.921  0.2049E+02  0.1324E+03
      0.939  0.2106E+02  0.1327E+03
      0.957  0.2155E+02  0.1331E+03
      0.976  0.2195E+02  0.1335E+03
      0.994  0.2228E+02  0.1339E+03
      1.012  0.2253E+02  0.1343E+03
      1.030  0.2270E+02  0.1347E+03
      1.048  0.2279E+02  0.1352E+03
      1.066  0.2279E+02  0.1356E+03
      1.084  0.2270E+02  0.1360E+03
      1.102  0.2252E+02  0.1364E+03
      1.120  0.2239E+02  0.1368E+03
      1.139  0.2244E+02  0.1372E+03
      1.157  0.2267E+02  0.1376E+03
      1.175  0.2308E+02  0.1380E+03
      1.193  0.2366E+02  0.1384E+03
      1.211  0.2443E+02  0.1389E+03
      1.229  0.2495E+02  0.1393E+03
      1.247  0.2392E+02  0.1398E+03
      1.265  0.2236E+02  0.1402E+03
      1.283  0.2277E+02  0.1406E+03
      1.301  0.2456E+02  0.1410E+03
      1.320  0.2929E+02  0.1415E+03
      1.338  0.3411E+02  0.1421E+03
      1.356  0.3776E+02  0.1427E+03
      1.374  0.4024E+02  0.1434E+03
      1.392  0.4160E+02  0.1442E+03
      1.410  0.4242E+02  0.1449E+03
      1.428  0.4337E+02  0.1457E+03
      1.446  0.4419E+02  0.1465E+03
      1.464  0.4469E+02  0.1473E+03
      1.483  0.4865E+02  0.1482E+03
      1.501  0.2956E+02  0.1500E+03
      1.519  0.3510E+02  0.1505E+03
      1.537  0.4013E+02  0.1512E+03
      1.555  0.4454E+02  0.1520E+03
      1.573  0.4582E+02  0.1528E+03
      1.591  0.4645E+02  0.1537E+03
      1.609  0.4650E+02  0.1545E+03
      1.627  0.4595E+02  0.1553E+03
      1.646  0.4483E+02  0.1562E+03
      1.664  0.4312E+02  0.1570E+03
      1.682  0.4083E+02  0.1577E+03
      1.700  0.3927E+02  0.1584E+03
      1.718  0.4103E+02  0.1592E+03
      1.736  0.4220E+02  0.1599E+03
      1.754  0.4332E+02  0.1607E+03
      1.772  0.4319E+02  0.1615E+03
      1.790  0.4254E+02  0.1623E+03
      1.809  0.4164E+02  0.1630E+03
      1.827  0.4049E+02  0.1638E+03
      1.845  0.3971E+02  0.1645E+03
      1.863  0.3912E+02  0.1652E+03
      1.881  0.3839E+02  0.1659E+03
      1.899  0.3810E+02  0.1666E+03
      1.917  0.3855E+02  0.1673E+03
      1.935  0.3927E+02  0.1680E+03
      1.953  0.4037E+02  0.1687E+03
      1.972  0.4224E+02  0.1695E+03
      1.990  0.4441E+02  0.1702E+03
      2.008  0.5507E+02  0.1711E+03
      2.026  0.8335E+02  0.1724E+03
      2.044  0.8479E+02  0.1739E+03
      2.062  0.6868E+02  0.1753E+03
      2.080  0.4086E+02  0.1763E+03
      2.098  0.3745E+02  0.1770E+03
      2.116  0.5373E+02  0.1778E+03
      2.135  0.6823E+02  0.1789E+03
      2.153  0.8037E+02  0.1803E+03
      2.171  0.9258E+02  0.1818E+03
      2.189  0.8704E+02  0.1835E+03
      2.207  0.1042E+03  0.1851E+03
      2.225  0.8093E+02  0.1868E+03
      2.243  0.8601E+02  0.1884E+03
      2.261  0.8316E+02  0.1899E+03
      2.279  0.5831E+02  0.1913E+03
      2.298  0.7390E+02  0.1922E+03
      2.316  0.6060E+02  0.1934E+03
      2.334  0.1115E+03  0.1952E+03
      2.352  0.3925E+02  0.1967E+03
      2.370  0.5144E+02  0.1974E+03
      2.388  0.9506E+02  0.1987E+03
      2.406  0.1090E+03  0.2006E+03
      2.424  0.4691E+02  0.2026E+03
      2.442  0.6684E+02  0.2037E+03
      2.461  0.6862E+02  0.2049E+03
      2.479  0.3775E+02  0.2059E+03
      2.497  0.2881E+02  0.2065E+03
      2.515  0.1532E+03  0.2075E+03
      2.533  0.6804E+02  0.2096E+03
      2.551  0.6592E+02  0.2107E+03
      2.569  0.6293E+02  0.2119E+03
      2.587  0.8512E+02  0.2132E+03
      2.605  0.6746E+02  0.2149E+03
      2.623  0.6890E+02  0.2159E+03
      2.642  0.9630E+02  0.2176E+03
      2.660  0.9056E+02  0.2193E+03
      2.678  0.9210E+02  0.2210E+03
      2.696  0.5622E+02  0.2223E+03
      2.714  0.8642E+02  0.2233E+03
      2.732  0.9773E+02  0.2253E+03
      2.750  0.2614E+02  0.2263E+03
      2.768  0.4498E+02  0.2269E+03
      2.786  0.5162E+02  0.2278E+03
      2.805  0.7240E+02  0.2288E+03
      2.823  0.1073E+03  0.2305E+03
      2.841  0.3419E+02  0.2318E+03
      2.859  0.2806E+02  0.2323E+03
      2.877  0.2256E+02  0.2328E+03
      2.895  0.1768E+02  0.2331E+03
      2.913  0.5116E+02  0.2345E+03
      2.931  0.6925E+02  0.2357E+03
      2.949  0.6511E+02  0.2369E+03
      2.968  0.5377E+02  0.2380E+03
      2.986  0.3551E+02  0.2388E+03
      3.004  0.2376E+02  0.2393E+03
      3.022  0.4887E+02  0.2410E+03
      3.040  0.5071E+02  0.2420E+03
      3.058  0.4378E+02  0.2428E+03
      3.076  0.2785E+02  0.2435E+03
      3.094  0.1436E+02  0.2438E+03
      3.112  0.1059E+02  0.2441E+03
      3.131  0.8829E+01  0.2442E+03
      3.149  0.9069E+01  0.2444E+03
      3.167  0.1144E+02  0.2446E+03
      3.185  0.1786E+02  0.2448E+03
      3.203  0.5920E+02  0.2453E+03
      3.221  0.2975E+02  0.2466E+03
      3.239  0.1508E+02  0.2469E+03
      3.257  0.1301E+02  0.2472E+03
      3.275  0.5843E+02  0.2479E+03
      3.294  0.2988E+02  0.2486E+03
      3.312  0.2357E+02  0.2491E+03
      3.330  0.1753E+02  0.2495E+03
      3.348  0.1176E+02  0.2497E+03
      3.366  0.1244E+02  0.2499E+03
      3.384  0.5119E+02  0.2505E+03
      3.402  0.4846E+02  0.2515E+03
      3.420  0.3051E+02  0.2522E+03
      3.438  0.2443E+02  0.2526E+03
      3.457  0.2370E+02  0.2531E+03
      3.475  0.2297E+02  0.2535E+03
      3.493  0.2225E+02  0.2539E+03
      3.511  0.2152E+02  0.2543E+03
      3.529  0.2080E+02  0.2547E+03
      3.547  0.2008E+02  0.2550E+03
      3.565  0.1935E+02  0.2554E+03
      3.583  0.1661E+02  0.2557E+03
      3.601  0.7013E+01  0.2560E+03
      3.620  0.0000E+00  0.2560E+03
      3.638  0.0000E+00  0.2560E+03
      3.656  0.0000E+00  0.2560E+03
      3.674  0.0000E+00  0.2560E+03
      3.692  0.0000E+00  0.2560E+03
      3.710  0.0000E+00  0.2560E+03
      3.728  0.0000E+00  0.2560E+03
      3.746  0.0000E+00  0.2560E+03
      3.764  0.0000E+00  0.2560E+03
      3.783  0.0000E+00  0.2560E+03
      3.801  0.0000E+00  0.2560E+03
      3.819  0.0000E+00  0.2560E+03
      3.837  0.0000E+00  0.2560E+03
      3.855  0.0000E+00  0.2560E+03
      3.873  0.0000E+00  0.2560E+03
      3.891  0.0000E+00  0.2560E+03
      3.909  0.0000E+00  0.2560E+03
      3.927  0.0000E+00  0.2560E+03
      3.946  0.0000E+00  0.2560E+03
      3.964  0.0000E+00  0.2560E+03
      3.982  0.0000E+00  0.2560E+03
      4.000  0.0000E+00  0.2560E+03
      4.018  0.0000E+00  0.2560E+03
      4.036  0.0000E+00  0.2560E+03
      4.054  0.0000E+00  0.2560E+03
      4.072  0.0000E+00  0.2560E+03
      4.090  0.0000E+00  0.2560E+03
      4.108  0.0000E+00  0.2560E+03
      4.127  0.0000E+00  0.2560E+03
      4.145  0.0000E+00  0.2560E+03
      4.163  0.0000E+00  0.2560E+03
      4.181  0.0000E+00  0.2560E+03
      4.199  0.0000E+00  0.2560E+03
      4.217  0.0000E+00  0.2560E+03
      4.235  0.0000E+00  0.2560E+03
      4.253  0.0000E+00  0.2560E+03
      4.271  0.0000E+00  0.2560E+03
      4.290  0.0000E+00  0.2560E+03
      4.308  0.0000E+00  0.2560E+03
      4.326  0.0000E+00  0.2560E+03
      4.344  0.0000E+00  0.2560E+03
      4.362  0.0000E+00  0.2560E+03
      4.380  0.0000E+00  0.2560E+03
      4.398  0.0000E+00  0.2560E+03
      4.416  0.0000E+00  0.2560E+03
      4.434  0.0000E+00  0.2560E+03
      4.453  0.0000E+00  0.2560E+03
      4.471  0.0000E+00  0.2560E+03
      4.489  0.0000E+00  0.2560E+03
      4.507  0.0000E+00  0.2560E+03
      4.525  0.0000E+00  0.2560E+03
      4.543  0.0000E+00  0.2560E+03
      4.561  0.0000E+00  0.2560E+03
      4.579  0.0000E+00  0.2560E+03
      4.597  0.0000E+00  0.2560E+03
      4.616  0.0000E+00  0.2560E+03
      4.634  0.0000E+00  0.2560E+03
      4.652  0.0000E+00  0.2560E+03
      4.670  0.0000E+00  0.2560E+03
      4.688  0.0000E+00  0.2560E+03
      4.706  0.0000E+00  0.2560E+03
      4.724  0.0000E+00  0.2560E+03
      4.742  0.0000E+00  0.2560E+03
      4.760  0.0000E+00  0.2560E+03
      4.779  0.0000E+00  0.2560E+03
      4.797  0.0000E+00  0.2560E+03
      4.815  0.0000E+00  0.2560E+03
      4.833  0.0000E+00  0.2560E+03
      4.851  0.0000E+00  0.2560E+03
      4.869  0.0000E+00  0.2560E+03
      4.887  0.0000E+00  0.2560E+03
      4.905  0.0000E+00  0.2560E+03
      4.923  0.0000E+00  0.2560E+03
      4.942  0.0000E+00  0.2560E+03
      4.960  0.0000E+00  0.2560E+03
      4.978  0.0000E+00  0.2560E+03
      4.996  0.0000E+00  0.2560E+03
      5.014  0.0000E+00  0.2560E+03
      5.032  0.0000E+00  0.2560E+03
      5.050  0.0000E+00  0.2560E+03
      5.068  0.0000E+00  0.2560E+03
      5.086  0.0000E+00  0.2560E+03
      5.105  0.0000E+00  0.2560E+03
      5.123  0.0000E+00  0.2560E+03
      5.141  0.0000E+00  0.2560E+03
      5.159  0.0000E+00  0.2560E+03
      5.177  0.0000E+00  0.2560E+03
      5.195  0.0000E+00  0.2560E+03
      5.213  0.0000E+00  0.2560E+03
      5.231  0.0000E+00  0.2560E+03
      5.249  0.0000E+00  0.2560E+03
      5.268  0.0000E+00  0.2560E+03
      5.286  0.0000E+00  0.2560E+03
      5.304  0.0000E+00  0.2560E+03
      5.322  0.0000E+00  0.2560E+03
      5.340  0.0000E+00  0.2560E+03
      5.358  0.0000E+00  0.2560E+03
      5.376  0.0000E+00  0.2560E+03
      5.394  0.0000E+00  0.2560E+03
      5.412  0.0000E+00  0.2560E+03
      5.430  0.0000E+00  0.2560E+03
      5.449  0.0000E+00  0.2560E+03
      5.467  0.0000E+00  0.2560E+03
      5.485  0.0000E+00  0.2560E+03
      5.503  0.0000E+00  0.2560E+03
      5.521  0.0000E+00  0.2560E+03
      5.539  0.0000E+00  0.2560E+03
      5.557  0.0000E+00  0.2560E+03
      5.575  0.0000E+00  0.2560E+03
      5.593  0.0000E+00  0.2560E+03
      5.612  0.0000E+00  0.2560E+03
      5.630  0.0000E+00  0.2560E+03
      5.648  0.0000E+00  0.2560E+03
      5.666  0.0000E+00  0.2560E+03
      5.684  0.0000E+00  0.2560E+03
      5.702  0.0000E+00  0.2560E+03
      5.720  0.0000E+00  0.2560E+03
      5.738  0.0000E+00  0.2560E+03
      5.756  0.0000E+00  0.2560E+03
      5.775  0.0000E+00  0.2560E+03
      5.793  0.0000E+00  0.2560E+03
      5.811  0.0000E+00  0.2560E+03
      5.829  0.0000E+00  0.2560E+03
      5.847  0.0000E+00  0.2560E+03
      5.865  0.0000E+00  0.2560E+03
      5.883  0.0000E+00  0.2560E+03
      5.901  0.0000E+00  0.2560E+03
      5.919  0.0000E+00  0.2560E+03
      5.938  0.0000E+00  0.2560E+03
      5.956  0.0000E+00  0.2560E+03
      5.974  0.0000E+00  0.2560E+03
      5.992  0.0000E+00  0.2560E+03
      6.010  0.0000E+00  0.2560E+03
      6.028  0.0000E+00  0.2560E+03
      6.046  0.0000E+00  0.2560E+03
      6.064  0.0000E+00  0.2560E+03
      6.082  0.0000E+00  0.2560E+03
      6.101  0.0000E+00  0.2560E+03
      6.119  0.0000E+00  0.2560E+03
      6.137  0.0000E+00  0.2560E+03
      6.155  0.0000E+00  0.2560E+03
      6.173  0.0000E+00  0.2560E+03
      6.191  0.0000E+00  0.2560E+03
      6.209  0.0000E+00  0.2560E+03
      6.227  0.0000E+00  0.2560E+03
      6.245  0.0000E+00  0.2560E+03
      6.264  0.0000E+00  0.2560E+03
      6.282  0.0000E+00  0.2560E+03
      6.300  0.0000E+00  0.2560E+03
      6.318  0.0000E+00  0.2560E+03
      6.336  0.0000E+00  0.2560E+03
      6.354  0.0000E+00  0.2560E+03
      6.372  0.0000E+00  0.2560E+03
      6.390  0.0000E+00  0.2560E+03
      6.408  0.0000E+00  0.2560E+03
      6.427  0.0000E+00  0.2560E+03
      6.445  0.0000E+00  0.2560E+03
      6.463  0.0000E+00  0.2560E+03
      6.481  0.0000E+00  0.2560E+03
      6.499  0.0000E+00  0.2560E+03
      6.517  0.0000E+00  0.2560E+03
      6.535  0.0000E+00  0.2560E+03
      6.553  0.0000E+00  0.2560E+03
      6.571  0.0000E+00  0.2560E+03
      6.590  0.0000E+00  0.2560E+03
      6.608  0.0000E+00  0.2560E+03
      6.626  0.0000E+00  0.2560E+03
      6.644  0.0000E+00  0.2560E+03
      6.662  0.0000E+00  0.2560E+03
      6.680  0.0000E+00  0.2560E+03
      6.698  0.0000E+00  0.2560E+03
      6.716  0.0000E+00  0.2560E+03
      6.734  0.0000E+00  0.2560E+03
      6.752  0.0000E+00  0.2560E+03
      6.771  0.0000E+00  0.2560E+03
      6.789  0.0000E+00  0.2560E+03
      6.807  0.0000E+00  0.2560E+03
      6.825  0.0000E+00  0.2560E+03
      6.843  0.0000E+00  0.2560E+03
      6.861  0.0000E+00  0.2560E+03
      6.879  0.0000E+00  0.2560E+03
      6.897  0.0000E+00  0.2560E+03
      6.915  0.0000E+00  0.2560E+03
      6.934  0.0000E+00  0.2560E+03
      6.952  0.0000E+00  0.2560E+03
      6.970  0.0000E+00  0.2560E+03
      6.988  0.0000E+00  0.2560E+03
      7.006  0.0000E+00  0.2560E+03
      7.024  0.0000E+00  0.2560E+03
      7.042  0.0000E+00  0.2560E+03
      7.060  0.0000E+00  0.2560E+03
      7.078  0.0000E+00  0.2560E+03
      7.097  0.0000E+00  0.2560E+03
      7.115  0.0000E+00  0.2560E+03
      7.133  0.0000E+00  0.2560E+03
      7.151  0.0000E+00  0.2560E+03
      7.169  0.0000E+00  0.2560E+03
      7.187  0.0000E+00  0.2560E+03
      7.205  0.0000E+00  0.2560E+03
      7.223  0.0000E+00  0.2560E+03
      7.241  0.0000E+00  0.2560E+03
      7.260  0.0000E+00  0.2560E+03
      7.278  0.0000E+00  0.2560E+03
      7.296  0.0000E+00  0.2560E+03
      7.314  0.0000E+00  0.2560E+03
      7.332  0.0000E+00  0.2560E+03
      7.350  0.0000E+00  0.2560E+03
      7.368  0.0000E+00  0.2560E+03
      7.386  0.0000E+00  0.2560E+03
      7.404  0.0000E+00  0.2560E+03
      7.423  0.0000E+00  0.2560E+03
      7.441  0.0000E+00  0.2560E+03
      7.459  0.0000E+00  0.2560E+03
      7.477  0.0000E+00  0.2560E+03
      7.495  0.0000E+00  0.2560E+03
      7.513  0.0000E+00  0.2560E+03
      7.531  0.0000E+00  0.2560E+03
      7.549  0.0000E+00  0.2560E+03
      7.567  0.0000E+00  0.2560E+03
      7.586  0.0000E+00  0.2560E+03
      7.604  0.0000E+00  0.2560E+03
      7.622  0.0000E+00  0.2560E+03
      7.640  0.0000E+00  0.2560E+03
      7.658  0.0000E+00  0.2560E+03
      7.676  0.0000E+00  0.2560E+03
      7.694  0.0000E+00  0.2560E+03
      7.712  0.0000E+00  0.2560E+03
      7.730  0.0000E+00  0.2560E+03
      7.749  0.0000E+00  0.2560E+03
      7.767  0.0000E+00  0.2560E+03
      7.785  0.0000E+00  0.2560E+03
      7.803  0.0000E+00  0.2560E+03
      7.821  0.0000E+00  0.2560E+03
      7.839  0.0000E+00  0.2560E+03
      7.857  0.0000E+00  0.2560E+03
      7.875  0.0000E+00  0.2560E+03
      7.893  0.0000E+00  0.2560E+03
      7.912  0.0000E+00  0.2560E+03
      7.930  0.0000E+00  0.2560E+03
      7.948  0.0000E+00  0.2560E+03
      7.966  0.0000E+00  0.2560E+03
      7.984  0.0000E+00  0.2560E+03
      8.002  0.0000E+00  0.2560E+03
      8.020  0.0000E+00  0.2560E+03
      8.038  0.0000E+00  0.2560E+03
      8.056  0.0000E+00  0.2560E+03
      8.074  0.0000E+00  0.2560E+03
      8.093  0.0000E+00  0.2560E+03
      8.111  0.0000E+00  0.2560E+03
      8.129  0.0000E+00  0.2560E+03
      8.147  0.0000E+00  0.2560E+03
      8.165  0.0000E+00  0.2560E+03
      8.183  0.0000E+00  0.2560E+03
      8.201  0.0000E+00  0.2560E+03
      8.219  0.0000E+00  0.2560E+03
      8.237  0.0000E+00  0.2560E+03
      8.256  0.0000E+00  0.2560E+03
      8.274  0.0000E+00  0.2560E+03
      8.292  0.0000E+00  0.2560E+03
      8.310  0.0000E+00  0.2560E+03
      8.328  0.0000E+00  0.2560E+03
      8.346  0.0000E+00  0.2560E+03
      8.364  0.0000E+00  0.2560E+03
      8.382  0.0000E+00  0.2560E+03
      8.400  0.0000E+00  0.2560E+03
      8.419  0.0000E+00  0.2560E+03
      8.437  0.0000E+00  0.2560E+03
      8.455  0.0000E+00  0.2560E+03
      8.473  0.0000E+00  0.2560E+03
      8.491  0.0000E+00  0.2560E+03
      8.509  0.0000E+00  0.2560E+03
      8.527  0.0000E+00  0.2560E+03
      8.545  0.0000E+00  0.2560E+03
      8.563  0.0000E+00  0.2560E+03
      8.582  0.0000E+00  0.2560E+03
      8.600  0.0000E+00  0.2560E+03
      8.618  0.0000E+00  0.2560E+03
      8.636  0.0000E+00  0.2560E+03
      8.654  0.0000E+00  0.2560E+03
      8.672  0.0000E+00  0.2560E+03
      8.690  0.0000E+00  0.2560E+03
      8.708  0.0000E+00  0.2560E+03
      8.726  0.0000E+00  0.2560E+03
      8.745  0.0000E+00  0.2560E+03
      8.763  0.0000E+00  0.2560E+03
      8.781  0.0000E+00  0.2560E+03
      8.799  0.0000E+00  0.2560E+03
      8.817  0.0000E+00  0.2560E+03
      8.835  0.0000E+00  0.2560E+03
      8.853  0.0000E+00  0.2560E+03
      8.871  0.0000E+00  0.2560E+03
      8.889  0.0000E+00  0.2560E+03
      8.908  0.0000E+00  0.2560E+03
      8.926  0.0000E+00  0.2560E+03
      8.944  0.0000E+00  0.2560E+03
      8.962  0.0000E+00  0.2560E+03
      8.980  0.0000E+00  0.2560E+03
      8.998  0.0000E+00  0.2560E+03
      9.016  0.0000E+00  0.2560E+03
      9.034  0.0000E+00  0.2560E+03
      9.052  0.0000E+00  0.2560E+03
      9.071  0.0000E+00  0.2560E+03
      9.089  0.0000E+00  0.2560E+03
      9.107  0.0000E+00  0.2560E+03
      9.125  0.0000E+00  0.2560E+03
      9.143  0.0000E+00  0.2560E+03
      9.161  0.0000E+00  0.2560E+03
      9.179  0.0000E+00  0.2560E+03
      9.197  0.0000E+00  0.2560E+03
      9.215  0.0000E+00  0.2560E+03
      9.234  0.0000E+00  0.2560E+03
      9.252  0.0000E+00  0.2560E+03
      9.270  0.0000E+00  0.2560E+03
      9.288  0.0000E+00  0.2560E+03
      9.306  0.0000E+00  0.2560E+03
      9.324  0.0000E+00  0.2560E+03
      9.342  0.0000E+00  0.2560E+03
      9.360  0.0000E+00  0.2560E+03
      9.378  0.0000E+00  0.2560E+03
      9.396  0.0000E+00  0.2560E+03
      9.415  0.0000E+00  0.2560E+03
      9.433  0.0000E+00  0.2560E+03
      9.451  0.0000E+00  0.2560E+03
      9.469  0.0000E+00  0.2560E+03
      9.487  0.0000E+00  0.2560E+03
      9.505  0.0000E+00  0.2560E+03
      9.523  0.0000E+00  0.2560E+03
      9.541  0.0000E+00  0.2560E+03
      9.559  0.0000E+00  0.2560E+03
      9.578  0.0000E+00  0.2560E+03
      9.596  0.0000E+00  0.2560E+03
      9.614  0.0000E+00  0.2560E+03
      9.632  0.0000E+00  0.2560E+03
      9.650  0.0000E+00  0.2560E+03
      9.668  0.0000E+00  0.2560E+03
      9.686  0.0000E+00  0.2560E+03
      9.704  0.0000E+00  0.2560E+03
      9.722  0.0000E+00  0.2560E+03
      9.741  0.0000E+00  0.2560E+03
      9.759  0.0000E+00  0.2560E+03
      9.777  0.0000E+00  0.2560E+03
      9.795  0.0000E+00  0.2560E+03
      9.813  0.0000E+00  0.2560E+03
      9.831  0.0000E+00  0.2560E+03
      9.849  0.0000E+00  0.2560E+03
      9.867  0.0000E+00  0.2560E+03
      9.885  0.0000E+00  0.2560E+03
      9.904  0.0000E+00  0.2560E+03
      9.922  0.3904E-04  0.2560E+03
      9.940  0.5167E-03  0.2560E+03
      9.958  0.1538E-02  0.2560E+03
      9.976  0.3102E-02  0.2560E+03
      9.994  0.5210E-02  0.2560E+03
     10.012  0.7861E-02  0.2560E+03
     10.030  0.1106E-01  0.2560E+03
     10.048  0.1479E-01  0.2560E+03
     10.067  0.1907E-01  0.2560E+03
     10.085  0.2390E-01  0.2560E+03
     10.103  0.2927E-01  0.2560E+03
     10.121  0.3518E-01  0.2560E+03
     10.139  0.4163E-01  0.2560E+03
     10.157  0.4863E-01  0.2560E+03
     10.175  0.5617E-01  0.2560E+03
     10.193  0.6425E-01  0.2560E+03
     10.211  0.7288E-01  0.2560E+03
     10.230  0.8205E-01  0.2560E+03
     10.248  0.9177E-01  0.2560E+03
     10.266  0.1020E+00  0.2560E+03
     10.284  0.1128E+00  0.2560E+03
     10.302  0.1242E+00  0.2560E+03
     10.320  0.1361E+00  0.2560E+03
     10.338  0.1485E+00  0.2560E+03
     10.356  0.1615E+00  0.2560E+03
     10.374  0.1750E+00  0.2560E+03
     10.393  0.1890E+00  0.2560E+03
     10.411  0.2036E+00  0.2560E+03
     10.429  0.2188E+00  0.2560E+03
     10.447  0.2345E+00  0.2560E+03
     10.465  0.2507E+00  0.2560E+03
     10.483  0.2675E+00  0.2561E+03
     10.501  0.2848E+00  0.2561E+03
     10.519  0.3027E+00  0.2561E+03
     10.537  0.3211E+00  0.2561E+03
     10.556  0.3400E+00  0.2561E+03
     10.574  0.3595E+00  0.2561E+03
     10.592  0.3796E+00  0.2561E+03
     10.610  0.4002E+00  0.2561E+03
     10.628  0.4213E+00  0.2561E+03
     10.646  0.4430E+00  0.2561E+03
     10.664  0.4652E+00  0.2561E+03
     10.682  0.4879E+00  0.2561E+03
     10.700  0.5112E+00  0.2561E+03
     10.719  0.5351E+00  0.2561E+03
     10.737  0.5594E+00  0.2562E+03
     10.755  0.5844E+00  0.2562E+03
     10.773  0.6098E+00  0.2562E+03
     10.791  0.6359E+00  0.2562E+03
     10.809  0.6624E+00  0.2562E+03
     10.827  0.6895E+00  0.2562E+03
     10.845  0.7172E+00  0.2562E+03
     10.863  0.7454E+00  0.2562E+03
     10.881  0.7741E+00  0.2562E+03
     10.900  0.8034E+00  0.2563E+03
     10.918  0.8332E+00  0.2563E+03
     10.936  0.8635E+00  0.2563E+03
     10.954  0.8944E+00  0.2563E+03
     10.972  0.9259E+00  0.2563E+03
     10.990  0.9579E+00  0.2563E+03
     11.008  0.9904E+00  0.2564E+03
     11.026  0.1023E+01  0.2564E+03
     11.044  0.1057E+01  0.2564E+03
     11.063  0.1091E+01  0.2564E+03
     11.081  0.1126E+01  0.2564E+03
     11.099  0.1170E+01  0.2565E+03
     11.117  0.1231E+01  0.2565E+03
     11.135  0.1290E+01  0.2565E+03
     11.153  0.1346E+01  0.2565E+03
     11.171  0.1400E+01  0.2566E+03
     11.189  0.1451E+01  0.2566E+03
     11.207  0.1499E+01  0.2566E+03
     11.226  0.1545E+01  0.2566E+03
     11.244  0.1589E+01  0.2567E+03
     11.262  0.1630E+01  0.2567E+03
     11.280  0.1669E+01  0.2567E+03
     11.298  0.1705E+01  0.2567E+03
     11.316  0.1739E+01  0.2568E+03
     11.334  0.1796E+01  0.2568E+03
     11.352  0.1970E+01  0.2568E+03
     11.370  0.2137E+01  0.2569E+03
     11.389  0.2297E+01  0.2569E+03
     11.407  0.2451E+01  0.2570E+03
     11.425  0.2598E+01  0.2570E+03
     11.443  0.2738E+01  0.2571E+03
     11.461  0.2872E+01  0.2571E+03
     11.479  0.2999E+01  0.2572E+03
     11.497  0.3119E+01  0.2572E+03
     11.515  0.3233E+01  0.2573E+03
     11.533  0.3340E+01  0.2573E+03
     11.552  0.3440E+01  0.2574E+03
     11.570  0.3533E+01  0.2575E+03
     11.588  0.3620E+01  0.2575E+03
     11.606  0.3700E+01  0.2576E+03
     11.624  0.3773E+01  0.2577E+03
     11.642  0.3840E+01  0.2577E+03
     11.660  0.3899E+01  0.2578E+03
     11.678  0.3953E+01  0.2579E+03
     11.696  0.3999E+01  0.2579E+03
     11.715  0.4039E+01  0.2580E+03
     11.733  0.4072E+01  0.2581E+03
     11.751  0.4098E+01  0.2582E+03
     11.769  0.4118E+01  0.2582E+03
     11.787  0.4130E+01  0.2583E+03
     11.805  0.4137E+01  0.2584E+03
     11.823  0.4136E+01  0.2585E+03
     11.841  0.4129E+01  0.2585E+03
     11.859  0.4115E+01  0.2586E+03
     11.878  0.4094E+01  0.2587E+03
     11.896  0.4023E+01  0.2588E+03
     11.914  0.3873E+01  0.2588E+03
     11.932  0.3728E+01  0.2589E+03
     11.950  0.3589E+01  0.2590E+03
     11.968  0.3455E+01  0.2590E+03
     11.986  0.3327E+01  0.2591E+03
     12.004  0.3204E+01  0.2592E+03
     12.022  0.3087E+01  0.2592E+03
     12.041  0.2975E+01  0.2593E+03
     12.059  0.2841E+01  0.2593E+03
     12.077  0.2734E+01  0.2594E+03
     12.095  0.2637E+01  0.2594E+03
     12.113  0.2551E+01  0.2595E+03
     12.131  0.2476E+01  0.2595E+03
     12.149  0.2410E+01  0.2596E+03
     12.167  0.2356E+01  0.2596E+03
     12.185  0.2311E+01  0.2596E+03
     12.203  0.2277E+01  0.2597E+03
     12.222  0.2252E+01  0.2597E+03
     12.240  0.2229E+01  0.2598E+03
     12.258  0.2206E+01  0.2598E+03
     12.276  0.2184E+01  0.2598E+03
     12.294  0.2162E+01  0.2599E+03
     12.312  0.2425E+01  0.2599E+03
     12.330  0.2749E+01  0.2600E+03
     12.348  0.2989E+01  0.2600E+03
     12.366  0.3147E+01  0.2601E+03
     12.385  0.3221E+01  0.2601E+03
     12.403  0.3241E+01  0.2602E+03
     12.421  0.3259E+01  0.2602E+03
     12.439  0.3276E+01  0.2603E+03
     12.457  0.3292E+01  0.2604E+03
     12.475  0.3308E+01  0.2604E+03
     12.493  0.3322E+01  0.2605E+03
     12.511  0.3335E+01  0.2605E+03
     12.529  0.3348E+01  0.2606E+03
     12.548  0.3360E+01  0.2607E+03
     12.566  0.3375E+01  0.2607E+03
     12.584  0.3392E+01  0.2608E+03
     12.602  0.3414E+01  0.2609E+03
     12.620  0.3439E+01  0.2609E+03
     12.638  0.3467E+01  0.2610E+03
     12.656  0.3499E+01  0.2610E+03
     12.674  0.3534E+01  0.2611E+03
     12.692  0.3573E+01  0.2612E+03
     12.711  0.3615E+01  0.2612E+03
     12.729  0.3660E+01  0.2613E+03
     12.747  0.3709E+01  0.2614E+03
     12.765  0.3761E+01  0.2614E+03
     12.783  0.3817E+01  0.2615E+03
     12.801  0.3879E+01  0.2616E+03
     12.819  0.3945E+01  0.2616E+03
     12.837  0.4018E+01  0.2617E+03
     12.855  0.4096E+01  0.2618E+03
     12.874  0.4179E+01  0.2619E+03
     12.892  0.4268E+01  0.2619E+03
     12.910  0.4363E+01  0.2620E+03
     12.928  0.4464E+01  0.2621E+03
     12.946  0.4570E+01  0.2622E+03
     12.964  0.4682E+01  0.2623E+03
     12.982  0.4799E+01  0.2623E+03
     13.000  0.4922E+01  0.2624E+03
     13.018  0.5051E+01  0.2625E+03
     13.037  0.5186E+01  0.2626E+03
     13.055  0.5326E+01  0.2627E+03
     13.073  0.5471E+01  0.2628E+03
     13.091  0.5622E+01  0.2629E+03
     13.109  0.5777E+01  0.2630E+03
     13.127  0.5937E+01  0.2631E+03
     13.145  0.6102E+01  0.2632E+03
     13.163  0.6271E+01  0.2633E+03
     13.181  0.6444E+01  0.2635E+03
     13.200  0.6622E+01  0.2636E+03
     13.218  0.6805E+01  0.2637E+03
     13.236  0.6992E+01  0.2638E+03
     13.254  0.7184E+01  0.2640E+03
     13.272  0.7379E+01  0.2641E+03
     13.290  0.7579E+01  0.2642E+03
     13.308  0.7783E+01  0.2644E+03
     13.326  0.7992E+01  0.2645E+03
     13.344  0.8205E+01  0.2646E+03
     13.363  0.8424E+01  0.2648E+03
     13.381  0.8647E+01  0.2650E+03
     13.399  0.8874E+01  0.2651E+03
     13.417  0.9107E+01  0.2653E+03
     13.435  0.9344E+01  0.2654E+03
     13.453  0.9586E+01  0.2656E+03
     13.471  0.9832E+01  0.2658E+03
     13.489  0.1008E+02  0.2660E+03
     13.507  0.1034E+02  0.2662E+03
     13.525  0.1064E+02  0.2663E+03
     13.544  0.1101E+02  0.2665E+03
     13.562  0.1148E+02  0.2667E+03
     13.580  0.1217E+02  0.2670E+03
     13.598  0.1355E+02  0.2672E+03
     13.616  0.1484E+02  0.2674E+03
     13.634  0.1668E+02  0.2677E+03
     13.652  0.1824E+02  0.2680E+03
     13.670  0.1949E+02  0.2684E+03
     13.688  0.2072E+02  0.2688E+03
     13.707  0.2285E+02  0.2691E+03
     13.725  0.2449E+02  0.2696E+03
     13.743  0.2518E+02  0.2700E+03
     13.761  0.2493E+02  0.2705E+03
     13.779  0.2376E+02  0.2709E+03
     13.797  0.2286E+02  0.2713E+03
     13.815  0.2252E+02  0.2718E+03
     13.833  0.2354E+02  0.2722E+03
     13.851  0.2683E+02  0.2726E+03
     13.870  0.2886E+02  0.2731E+03
     13.888  0.3050E+02  0.2737E+03
     13.906  0.2997E+02  0.2742E+03
     13.924  0.2726E+02  0.2747E+03
     13.942  0.2300E+02  0.2752E+03
     13.960  0.1769E+02  0.2756E+03
     13.978  0.1040E+02  0.2758E+03
     13.996  0.6080E+01  0.2760E+03
     14.014  0.5862E+01  0.2761E+03
     14.033  0.3451E+02  0.2765E+03
     14.051  0.1035E+02  0.2769E+03
     14.069  0.9916E+01  0.2770E+03
     14.087  0.9541E+01  0.2772E+03
     14.105  0.9313E+01  0.2774E+03
     14.123  0.9088E+01  0.2776E+03
     14.141  0.8866E+01  0.2777E+03
     14.159  0.8647E+01  0.2779E+03
     14.177  0.8431E+01  0.2780E+03
     14.196  0.8219E+01  0.2782E+03
     14.214  0.8009E+01  0.2783E+03
     14.232  0.7802E+01  0.2785E+03
     14.250  0.7782E+01  0.2786E+03
     14.268  0.8005E+01  0.2788E+03
     14.286  0.8321E+01  0.2789E+03
     14.304  0.8649E+01  0.2791E+03
     14.322  0.9027E+01  0.2792E+03
     14.340  0.9460E+01  0.2794E+03
     14.359  0.9868E+01  0.2796E+03
     14.377  0.1025E+02  0.2797E+03
     14.395  0.1062E+02  0.2799E+03
     14.413  0.1095E+02  0.2801E+03
     14.431  0.1135E+02  0.2803E+03
     14.449  0.1180E+02  0.2805E+03
     14.467  0.1222E+02  0.2808E+03
     14.485  0.1261E+02  0.2810E+03
     14.503  0.1298E+02  0.2812E+03
     14.522  0.1333E+02  0.2815E+03
     14.540  0.1366E+02  0.2817E+03
     14.558  0.1398E+02  0.2820E+03
     14.576  0.1429E+02  0.2822E+03
     14.594  0.1458E+02  0.2825E+03
     14.612  0.1486E+02  0.2827E+03
     14.630  0.1513E+02  0.2830E+03
     14.648  0.1538E+02  0.2833E+03
     14.666  0.1561E+02  0.2836E+03
     14.685  0.1584E+02  0.2838E+03
     14.703  0.1605E+02  0.2841E+03
     14.721  0.1624E+02  0.2844E+03
     14.739  0.1642E+02  0.2847E+03
     14.757  0.1659E+02  0.2850E+03
     14.775  0.1674E+02  0.2853E+03
     14.793  0.1688E+02  0.2856E+03
     14.811  0.1701E+02  0.2859E+03
     14.829  0.1712E+02  0.2862E+03
     14.847  0.1722E+02  0.2866E+03
     14.866  0.1730E+02  0.2869E+03
     14.884  0.1778E+02  0.2872E+03
     14.902  0.1849E+02  0.2875E+03
     14.920  0.1915E+02  0.2879E+03
     14.938  0.1978E+02  0.2882E+03
     14.956  0.2036E+02  0.2886E+03
     14.974  0.2090E+02  0.2889E+03
     14.992  0.2138E+02  0.2893E+03
     15.010  0.2175E+02  0.2897E+03
     15.029  0.2199E+02  0.2901E+03
     15.047  0.2211E+02  0.2905E+03
     15.065  0.2208E+02  0.2909E+03
     15.083  0.2189E+02  0.2913E+03
     15.101  0.2005E+02  0.2917E+03
     15.119  0.1937E+02  0.2921E+03
     15.137  0.1724E+02  0.2924E+03
     15.155  0.1581E+02  0.2927E+03
     15.173  0.1372E+02  0.2930E+03
     15.192  0.1244E+02  0.2932E+03
     15.210  0.1112E+02  0.2934E+03
     15.228  0.1109E+02  0.2936E+03
     15.246  0.1184E+02  0.2938E+03
     15.264  0.1308E+02  0.2940E+03
     15.282  0.1464E+02  0.2943E+03
     15.300  0.1665E+02  0.2946E+03
     15.318  0.1883E+02  0.2949E+03
     15.336  0.2131E+02  0.2953E+03
     15.355  0.2384E+02  0.2957E+03
     15.373  0.2719E+02  0.2961E+03
     15.391  0.3024E+02  0.2966E+03
     15.409  0.3285E+02  0.2972E+03
     15.427  0.3471E+02  0.2978E+03
     15.445  0.3527E+02  0.2985E+03
     15.463  0.3496E+02  0.2991E+03
     15.481  0.3384E+02  0.2997E+03
     15.499  0.3188E+02  0.3003E+03
     15.518  0.2934E+02  0.3009E+03
     15.536  0.2766E+02  0.3014E+03
     15.554  0.2527E+02  0.3019E+03
     15.572  0.2340E+02  0.3023E+03
     15.590  0.2225E+02  0.3027E+03
     15.608  0.2133E+02  0.3031E+03
     15.626  0.2205E+02  0.3035E+03
     15.644  0.2448E+02  0.3039E+03
     15.662  0.2614E+02  0.3044E+03
     15.681  0.2566E+02  0.3049E+03
     15.699  0.2305E+02  0.3053E+03
     15.717  0.1831E+02  0.3057E+03
     15.735  0.1390E+02  0.3060E+03
     15.753  0.1692E+02  0.3062E+03
     15.771  0.2561E+02  0.3066E+03
     15.789  0.2291E+02  0.3071E+03
     15.807  0.1016E+02  0.3074E+03
     15.825  0.1100E+02  0.3076E+03
     15.844  0.1189E+02  0.3078E+03
     15.862  0.1579E+02  0.3080E+03
     15.880  0.2459E+02  0.3084E+03
     15.898  0.1915E+02  0.3088E+03
     15.916  0.7545E+01  0.3090E+03
     15.934  0.8303E+01  0.3092E+03
     15.952  0.9045E+01  0.3093E+03
     15.970  0.9739E+01  0.3095E+03
     15.988  0.1041E+02  0.3097E+03
     16.007  0.1106E+02  0.3099E+03
     16.025  0.1171E+02  0.3101E+03
     16.043  0.1238E+02  0.3103E+03
     16.061  0.1307E+02  0.3105E+03
     16.079  0.1377E+02  0.3108E+03
     16.097  0.1438E+02  0.3110E+03
     16.115  0.1496E+02  0.3113E+03
     16.133  0.1551E+02  0.3116E+03
     16.151  0.1592E+02  0.3119E+03
     16.169  0.1627E+02  0.3122E+03
     16.188  0.1655E+02  0.3125E+03
     16.206  0.1677E+02  0.3128E+03
     16.224  0.1692E+02  0.3131E+03
     16.242  0.1672E+02  0.3134E+03
     16.260  0.1639E+02  0.3137E+03
     16.278  0.1595E+02  0.3140E+03
     16.296  0.1539E+02  0.3142E+03
     16.314  0.1473E+02  0.3145E+03
     16.332  0.1395E+02  0.3148E+03
     16.351  0.1306E+02  0.3150E+03
     16.369  0.1244E+02  0.3152E+03
     16.387  0.1217E+02  0.3155E+03
     16.405  0.1180E+02  0.3157E+03
     16.423  0.1133E+02  0.3159E+03
     16.441  0.1100E+02  0.3161E+03
     16.459  0.1081E+02  0.3163E+03
     16.477  0.1055E+02  0.3165E+03
     16.495  0.1020E+02  0.3167E+03
     16.514  0.9781E+01  0.3169E+03
     16.532  0.9787E+01  0.3170E+03
     16.550  0.9891E+01  0.3172E+03
     16.568  0.9959E+01  0.3174E+03
     16.586  0.9989E+01  0.3176E+03
     16.604  0.9982E+01  0.3178E+03
     16.622  0.9938E+01  0.3179E+03
     16.640  0.9857E+01  0.3181E+03
     16.658  0.9212E+01  0.3183E+03
     16.677  0.8415E+01  0.3184E+03
     16.695  0.7771E+01  0.3186E+03
     16.713  0.7281E+01  0.3187E+03
     16.731  0.6945E+01  0.3189E+03
     16.749  0.6538E+01  0.3190E+03
     16.767  0.6116E+01  0.3191E+03
     16.785  0.6380E+01  0.3192E+03
     16.803  0.7031E+01  0.3193E+03
     16.821  0.7595E+01  0.3195E+03
     16.840  0.8072E+01  0.3196E+03
     16.858  0.8463E+01  0.3198E+03
     16.876  0.8671E+01  0.3199E+03
     16.894  0.8664E+01  0.3201E+03
     16.912  0.8549E+01  0.3202E+03
     16.930  0.8327E+01  0.3204E+03
     16.948  0.7986E+01  0.3205E+03
     16.966  0.7556E+01  0.3207E+03
     16.984  0.7060E+01  0.3208E+03
     17.003  0.6499E+01  0.3209E+03
     17.021  0.5871E+01  0.3210E+03
     17.039  0.5275E+01  0.3211E+03
     17.057  0.4826E+01  0.3212E+03
     17.075  0.4427E+01  0.3213E+03
     17.093  0.4075E+01  0.3214E+03
     17.111  0.3773E+01  0.3215E+03
     17.129  0.3517E+01  0.3215E+03
     17.147  0.3275E+01  0.3216E+03
     17.166  0.3035E+01  0.3216E+03
     17.184  0.2796E+01  0.3217E+03
     17.202  0.2559E+01  0.3217E+03
     17.220  0.2324E+01  0.3218E+03
     17.238  0.2090E+01  0.3218E+03
     17.256  0.1858E+01  0.3219E+03
     17.274  0.1628E+01  0.3219E+03
     17.292  0.1399E+01  0.3219E+03
     17.310  0.1173E+01  0.3219E+03
     17.329  0.9475E+00  0.3220E+03
     17.347  0.7241E+00  0.3220E+03
     17.365  0.5025E+00  0.3220E+03
     17.383  0.2919E+00  0.3220E+03
     17.401  0.1354E+00  0.3220E+03
     17.419  0.3832E-01  0.3220E+03
     17.437  0.5518E-03  0.3220E+03
     17.455  0.0000E+00  0.3220E+03
     17.473  0.0000E+00  0.3220E+03
     17.492  0.0000E+00  0.3220E+03
     17.510  0.0000E+00  0.3220E+03
     17.528  0.0000E+00  0.3220E+03
     17.546  0.0000E+00  0.3220E+03
     17.564  0.0000E+00  0.3220E+03
     17.582  0.0000E+00  0.3220E+03
     17.600  0.0000E+00  0.3220E+03
     17.618  0.0000E+00  0.3220E+03
     17.636  0.0000E+00  0.3220E+03
     17.654  0.0000E+00  0.3220E+03
     17.673  0.0000E+00  0.3220E+03
     17.691  0.0000E+00  0.3220E+03
     17.709  0.0000E+00  0.3220E+03
     17.727  0.0000E+00  0.3220E+03
     17.745  0.0000E+00  0.3220E+03
     17.763  0.0000E+00  0.3220E+03
     17.781  0.0000E+00  0.3220E+03
     17.799  0.0000E+00  0.3220E+03
     17.817  0.0000E+00  0.3220E+03
     17.836  0.0000E+00  0.3220E+03
     17.854  0.0000E+00  0.3220E+03
     17.872  0.0000E+00  0.3220E+03
     17.890  0.0000E+00  0.3220E+03
     17.908  0.0000E+00  0.3220E+03
     17.926  0.0000E+00  0.3220E+03
     17.944  0.0000E+00  0.3220E+03
     17.962  0.0000E+00  0.3220E+03
     17.980  0.0000E+00  0.3220E+03
     17.999  0.0000E+00  0.3220E+03
     18.017  0.0000E+00  0.3220E+03
     18.035  0.0000E+00  0.3220E+03
     18.053  0.0000E+00  0.3220E+03
     18.071  0.0000E+00  0.3220E+03
     18.089  0.0000E+00  0.3220E+03
     18.107  0.0000E+00  0.3220E+03
     18.125  0.0000E+00  0.3220E+03
     18.143  0.0000E+00  0.3220E+03
     18.162  0.0000E+00  0.3220E+03
     18.180  0.0000E+00  0.3220E+03
     18.198  0.0000E+00  0.3220E+03
     18.216  0.0000E+00  0.3220E+03
     18.234  0.0000E+00  0.3220E+03
     18.252  0.0000E+00  0.3220E+03
     18.270  0.0000E+00  0.3220E+03
     18.288  0.0000E+00  0.3220E+03
     18.306  0.0000E+00  0.3220E+03
     18.325  0.0000E+00  0.3220E+03
     18.343  0.0000E+00  0.3220E+03
     18.361  0.0000E+00  0.3220E+03
     18.379  0.0000E+00  0.3220E+03
     18.397  0.0000E+00  0.3220E+03
     18.415  0.0000E+00  0.3220E+03
     18.433  0.0000E+00  0.3220E+03
     18.451  0.0000E+00  0.3220E+03
     18.469  0.0000E+00  0.3220E+03
     18.488  0.0000E+00  0.3220E+03
     18.506  0.0000E+00  0.3220E+03
     18.524  0.0000E+00  0.3220E+03
     18.542  0.0000E+00  0.3220E+03
     18.560  0.0000E+00  0.3220E+03
     18.578  0.0000E+00  0.3220E+03
     18.596  0.0000E+00  0.3220E+03
     18.614  0.0000E+00  0.3220E+03
     18.632  0.0000E+00  0.3220E+03
     18.651  0.0000E+00  0.3220E+03
     18.669  0.0000E+00  0.3220E+03
     18.687  0.0000E+00  0.3220E+03
     18.705  0.0000E+00  0.3220E+03
     18.723  0.0000E+00  0.3220E+03
     18.741  0.0000E+00  0.3220E+03
     18.759  0.0000E+00  0.3220E+03
     18.777  0.0000E+00  0.3220E+03
     18.795  0.0000E+00  0.3220E+03
     18.814  0.0000E+00  0.3220E+03
     18.832  0.0000E+00  0.3220E+03
     18.850  0.0000E+00  0.3220E+03
     18.868  0.0000E+00  0.3220E+03
     18.886  0.0000E+00  0.3220E+03
     18.904  0.0000E+00  0.3220E+03
     18.922  0.0000E+00  0.3220E+03
     18.940  0.0000E+00  0.3220E+03
     18.958  0.0000E+00  0.3220E+03
     18.976  0.0000E+00  0.3220E+03
     18.995  0.0000E+00  0.3220E+03
     19.013  0.0000E+00  0.3220E+03
     19.031  0.0000E+00  0.3220E+03
     19.049  0.0000E+00  0.3220E+03
     19.067  0.0000E+00  0.3220E+03
     19.085  0.0000E+00  0.3220E+03


