 Energy DOS Integrated_DOS
    -17.110  0.0000E+00  0.0000E+00
    -17.092  0.0000E+00  0.0000E+00
    -17.074  0.0000E+00  0.0000E+00
    -17.056  0.0000E+00  0.0000E+00
    -17.038  0.0000E+00  0.0000E+00
    -17.020  0.0000E+00  0.0000E+00
    -17.002  0.0000E+00  0.0000E+00
    -16.984  0.0000E+00  0.0000E+00
    -16.966  0.0000E+00  0.0000E+00
    -16.948  0.0000E+00  0.0000E+00
    -16.930  0.0000E+00  0.0000E+00
    -16.912  0.0000E+00  0.0000E+00
    -16.894  0.0000E+00  0.0000E+00
    -16.876  0.0000E+00  0.0000E+00
    -16.858  0.0000E+00  0.0000E+00
    -16.839  0.0000E+00  0.0000E+00
    -16.821  0.0000E+00  0.0000E+00
    -16.803  0.0000E+00  0.0000E+00
    -16.785  0.0000E+00  0.0000E+00
    -16.767  0.0000E+00  0.0000E+00
    -16.749  0.0000E+00  0.0000E+00
    -16.731  0.0000E+00  0.0000E+00
    -16.713  0.0000E+00  0.0000E+00
    -16.695  0.0000E+00  0.0000E+00
    -16.677  0.0000E+00  0.0000E+00
    -16.659  0.0000E+00  0.0000E+00
    -16.641  0.0000E+00  0.0000E+00
    -16.623  0.0000E+00  0.0000E+00
    -16.605  0.0000E+00  0.0000E+00
    -16.587  0.0000E+00  0.0000E+00
    -16.569  0.0000E+00  0.0000E+00
    -16.550  0.0000E+00  0.0000E+00
    -16.532  0.0000E+00  0.0000E+00
    -16.514  0.0000E+00  0.0000E+00
    -16.496  0.0000E+00  0.0000E+00
    -16.478  0.0000E+00  0.0000E+00
    -16.460  0.0000E+00  0.0000E+00
    -16.442  0.0000E+00  0.0000E+00
    -16.424  0.0000E+00  0.0000E+00
    -16.406  0.0000E+00  0.0000E+00
    -16.388  0.0000E+00  0.0000E+00
    -16.370  0.0000E+00  0.0000E+00
    -16.352  0.0000E+00  0.0000E+00
    -16.334  0.0000E+00  0.0000E+00
    -16.316  0.0000E+00  0.0000E+00
    -16.298  0.0000E+00  0.0000E+00
    -16.280  0.0000E+00  0.0000E+00
    -16.261  0.0000E+00  0.0000E+00
    -16.243  0.0000E+00  0.0000E+00
    -16.225  0.0000E+00  0.0000E+00
    -16.207  0.0000E+00  0.0000E+00
    -16.189  0.0000E+00  0.0000E+00
    -16.171  0.0000E+00  0.0000E+00
    -16.153  0.0000E+00  0.0000E+00
    -16.135  0.0000E+00  0.0000E+00
    -16.117  0.0000E+00  0.0000E+00
    -16.099  0.0000E+00  0.0000E+00
    -16.081  0.0000E+00  0.0000E+00
    -16.063  0.0000E+00  0.0000E+00
    -16.045  0.0000E+00  0.0000E+00
    -16.027  0.0000E+00  0.0000E+00
    -16.009  0.0000E+00  0.0000E+00
    -15.990  0.0000E+00  0.0000E+00
    -15.972  0.0000E+00  0.0000E+00
    -15.954  0.0000E+00  0.0000E+00
    -15.936  0.0000E+00  0.0000E+00
    -15.918  0.0000E+00  0.0000E+00
    -15.900  0.0000E+00  0.0000E+00
    -15.882  0.0000E+00  0.0000E+00
    -15.864  0.0000E+00  0.0000E+00
    -15.846  0.0000E+00  0.0000E+00
    -15.828  0.0000E+00  0.0000E+00
    -15.810  0.0000E+00  0.0000E+00
    -15.792  0.0000E+00  0.0000E+00
    -15.774  0.0000E+00  0.0000E+00
    -15.756  0.0000E+00  0.0000E+00
    -15.738  0.0000E+00  0.0000E+00
    -15.720  0.0000E+00  0.0000E+00
    -15.701  0.0000E+00  0.0000E+00
    -15.683  0.0000E+00  0.0000E+00
    -15.665  0.0000E+00  0.0000E+00
    -15.647  0.0000E+00  0.0000E+00
    -15.629  0.0000E+00  0.0000E+00
    -15.611  0.0000E+00  0.0000E+00
    -15.593  0.0000E+00  0.0000E+00
    -15.575  0.0000E+00  0.0000E+00
    -15.557  0.0000E+00  0.0000E+00
    -15.539  0.0000E+00  0.0000E+00
    -15.521  0.0000E+00  0.0000E+00
    -15.503  0.0000E+00  0.0000E+00
    -15.485  0.0000E+00  0.0000E+00
    -15.467  0.1001E-02  0.8219E-06
    -15.449  0.6952E-01  0.4756E-03
    -15.431  0.2457E+00  0.3161E-02
    -15.412  0.5296E+00  0.1000E-01
    -15.394  0.9211E+00  0.2294E-01
    -15.376  0.1420E+01  0.4392E-01
    -15.358  0.2027E+01  0.7490E-01
    -15.340  0.2742E+01  0.1178E+00
    -15.322  0.3564E+01  0.1746E+00
    -15.304  0.4494E+01  0.2472E+00
    -15.286  0.5524E+01  0.3376E+00
    -15.268  0.6429E+01  0.4458E+00
    -15.250  0.7137E+01  0.5686E+00
    -15.232  0.7650E+01  0.7025E+00
    -15.214  0.7965E+01  0.8438E+00
    -15.196  0.8085E+01  0.9890E+00
    -15.178  0.1106E+02  0.1159E+01
    -15.160  0.1376E+02  0.1384E+01
    -15.142  0.1554E+02  0.1650E+01
    -15.123  0.1640E+02  0.1940E+01
    -15.105  0.1634E+02  0.2237E+01
    -15.087  0.1537E+02  0.2524E+01
    -15.069  0.1376E+02  0.2789E+01
    -15.051  0.1203E+02  0.3019E+01
    -15.033  0.1135E+02  0.3230E+01
    -15.015  0.1075E+02  0.3430E+01
    -14.997  0.1023E+02  0.3619E+01
    -14.979  0.9795E+01  0.3800E+01
    -14.961  0.9437E+01  0.3974E+01
    -14.943  0.9160E+01  0.4141E+01
    -14.925  0.8963E+01  0.4305E+01
    -14.907  0.8796E+01  0.4465E+01
    -14.889  0.1512E+02  0.4721E+01
    -14.871  0.1581E+02  0.5001E+01
    -14.853  0.1630E+02  0.5291E+01
    -14.834  0.1658E+02  0.5588E+01
    -14.816  0.1668E+02  0.5889E+01
    -14.798  0.1680E+02  0.6191E+01
    -14.780  0.1697E+02  0.6496E+01
    -14.762  0.1719E+02  0.6804E+01
    -14.744  0.1745E+02  0.7117E+01
    -14.726  0.1761E+02  0.7434E+01
    -14.708  0.1741E+02  0.7751E+01
    -14.690  0.1683E+02  0.8061E+01
    -14.672  0.1586E+02  0.8357E+01
    -14.654  0.1451E+02  0.8632E+01
    -14.636  0.1459E+02  0.8893E+01
    -14.618  0.1780E+02  0.9181E+01
    -14.600  0.2246E+02  0.9543E+01
    -14.582  0.2837E+02  0.1000E+02
    -14.564  0.3582E+02  0.1058E+02
    -14.545  0.5893E+02  0.1138E+02
    -14.527  0.3900E+02  0.1240E+02
    -14.509  0.7130E+02  0.1352E+02
    -14.491  0.1285E+02  0.1428E+02
    -14.473  0.1641E+02  0.1447E+02
    -14.455  0.3240E+02  0.1494E+02
    -14.437  0.3665E+02  0.1552E+02
    -14.419  0.4541E+02  0.1650E+02
    -14.401  0.1946E+02  0.1698E+02
    -14.383  0.1216E+02  0.1726E+02
    -14.365  0.8019E+01  0.1743E+02
    -14.347  0.2053E+02  0.1861E+02
    -14.329  0.3031E+03  0.1913E+02
    -14.311  0.3674E+02  0.2024E+02
    -14.293  0.2751E+02  0.2080E+02
    -14.275  0.2619E+02  0.2128E+02
    -14.256  0.2613E+02  0.2176E+02
    -14.238  0.2538E+02  0.2222E+02
    -14.220  0.2395E+02  0.2267E+02
    -14.202  0.2184E+02  0.2308E+02
    -14.184  0.1905E+02  0.2345E+02
    -14.166  0.5390E+02  0.2393E+02
    -14.148  0.7513E+02  0.2521E+02
    -14.130  0.6293E+02  0.2634E+02
    -14.112  0.8120E+02  0.2776E+02
    -14.094  0.8307E+02  0.2925E+02
    -14.076  0.7521E+02  0.3069E+02
    -14.058  0.8755E+02  0.3248E+02
    -14.040  0.3180E+02  0.3434E+02
    -14.022  0.2686E+02  0.3476E+02
    -14.004  0.4940E+02  0.3541E+02
    -13.986  0.1004E+03  0.3655E+02
    -13.967  0.1480E+02  0.3801E+02
    -13.949  0.5913E+02  0.4018E+02
    -13.931  0.5096E+02  0.4156E+02
    -13.913  0.5766E+02  0.4221E+02
    -13.895  0.6246E+02  0.4459E+02
    -13.877  0.6026E+02  0.4590E+02
    -13.859  0.3830E+02  0.4652E+02
    -13.841  0.4155E+02  0.4793E+02
    -13.823  0.3633E+02  0.4861E+02
    -13.805  0.7874E+02  0.4953E+02
    -13.787  0.1742E+02  0.5055E+02
    -13.769  0.5822E+02  0.5129E+02
    -13.751  0.1555E+02  0.5175E+02
    -13.733  0.6175E+01  0.5194E+02
    -13.715  0.1055E+01  0.5200E+02
    -13.697  0.0000E+00  0.5200E+02
    -13.678  0.0000E+00  0.5200E+02
    -13.660  0.0000E+00  0.5200E+02
    -13.642  0.1179E+03  0.5293E+02
    -13.624  0.0000E+00  0.5400E+02
    -13.606  0.0000E+00  0.5400E+02
    -13.588  0.0000E+00  0.5400E+02
    -13.570  0.0000E+00  0.5400E+02
    -13.552  0.0000E+00  0.5400E+02
    -13.534  0.8456E+02  0.5561E+02
    -13.516  0.6319E+02  0.5694E+02
    -13.498  0.4847E+02  0.5794E+02
    -13.480  0.2482E+02  0.5844E+02
    -13.462  0.1769E+03  0.5968E+02
    -13.444  0.3302E+02  0.6137E+02
    -13.426  0.2897E+02  0.6192E+02
    -13.408  0.3282E+02  0.6246E+02
    -13.389  0.4656E+02  0.6321E+02
    -13.371  0.1835E+02  0.6397E+02
    -13.353  0.0000E+00  0.6400E+02
    -13.335  0.0000E+00  0.6400E+02
    -13.317  0.0000E+00  0.6400E+02
    -13.299  0.0000E+00  0.6400E+02
    -13.281  0.0000E+00  0.6400E+02
    -13.263  0.0000E+00  0.6400E+02
    -13.245  0.0000E+00  0.6400E+02
    -13.227  0.0000E+00  0.6400E+02
    -13.209  0.0000E+00  0.6400E+02
    -13.191  0.0000E+00  0.6400E+02
    -13.173  0.0000E+00  0.6400E+02
    -13.155  0.0000E+00  0.6400E+02
    -13.137  0.0000E+00  0.6400E+02
    -13.119  0.0000E+00  0.6400E+02
    -13.100  0.0000E+00  0.6400E+02
    -13.082  0.0000E+00  0.6400E+02
    -13.064  0.0000E+00  0.6400E+02
    -13.046  0.0000E+00  0.6400E+02
    -13.028  0.0000E+00  0.6400E+02
    -13.010  0.0000E+00  0.6400E+02
    -12.992  0.0000E+00  0.6400E+02
    -12.974  0.0000E+00  0.6400E+02
    -12.956  0.0000E+00  0.6400E+02
    -12.938  0.0000E+00  0.6400E+02
    -12.920  0.0000E+00  0.6400E+02
    -12.902  0.0000E+00  0.6400E+02
    -12.884  0.0000E+00  0.6400E+02
    -12.866  0.0000E+00  0.6400E+02
    -12.848  0.0000E+00  0.6400E+02
    -12.830  0.0000E+00  0.6400E+02
    -12.811  0.0000E+00  0.6400E+02
    -12.793  0.0000E+00  0.6400E+02
    -12.775  0.0000E+00  0.6400E+02
    -12.757  0.0000E+00  0.6400E+02
    -12.739  0.0000E+00  0.6400E+02
    -12.721  0.0000E+00  0.6400E+02
    -12.703  0.0000E+00  0.6400E+02
    -12.685  0.0000E+00  0.6400E+02
    -12.667  0.0000E+00  0.6400E+02
    -12.649  0.0000E+00  0.6400E+02
    -12.631  0.0000E+00  0.6400E+02
    -12.613  0.0000E+00  0.6400E+02
    -12.595  0.0000E+00  0.6400E+02
    -12.577  0.0000E+00  0.6400E+02
    -12.559  0.0000E+00  0.6400E+02
    -12.541  0.0000E+00  0.6400E+02
    -12.522  0.0000E+00  0.6400E+02
    -12.504  0.0000E+00  0.6400E+02
    -12.486  0.0000E+00  0.6400E+02
    -12.468  0.0000E+00  0.6400E+02
    -12.450  0.0000E+00  0.6400E+02
    -12.432  0.0000E+00  0.6400E+02
    -12.414  0.0000E+00  0.6400E+02
    -12.396  0.0000E+00  0.6400E+02
    -12.378  0.0000E+00  0.6400E+02
    -12.360  0.0000E+00  0.6400E+02
    -12.342  0.0000E+00  0.6400E+02
    -12.324  0.0000E+00  0.6400E+02
    -12.306  0.0000E+00  0.6400E+02
    -12.288  0.0000E+00  0.6400E+02
    -12.270  0.0000E+00  0.6400E+02
    -12.252  0.0000E+00  0.6400E+02
    -12.233  0.0000E+00  0.6400E+02
    -12.215  0.0000E+00  0.6400E+02
    -12.197  0.0000E+00  0.6400E+02
    -12.179  0.0000E+00  0.6400E+02
    -12.161  0.0000E+00  0.6400E+02
    -12.143  0.0000E+00  0.6400E+02
    -12.125  0.0000E+00  0.6400E+02
    -12.107  0.0000E+00  0.6400E+02
    -12.089  0.0000E+00  0.6400E+02
    -12.071  0.0000E+00  0.6400E+02
    -12.053  0.0000E+00  0.6400E+02
    -12.035  0.0000E+00  0.6400E+02
    -12.017  0.0000E+00  0.6400E+02
    -11.999  0.0000E+00  0.6400E+02
    -11.981  0.0000E+00  0.6400E+02
    -11.963  0.0000E+00  0.6400E+02
    -11.944  0.0000E+00  0.6400E+02
    -11.926  0.0000E+00  0.6400E+02
    -11.908  0.0000E+00  0.6400E+02
    -11.890  0.0000E+00  0.6400E+02
    -11.872  0.0000E+00  0.6400E+02
    -11.854  0.0000E+00  0.6400E+02
    -11.836  0.0000E+00  0.6400E+02
    -11.818  0.0000E+00  0.6400E+02
    -11.800  0.0000E+00  0.6400E+02
    -11.782  0.0000E+00  0.6400E+02
    -11.764  0.0000E+00  0.6400E+02
    -11.746  0.0000E+00  0.6400E+02
    -11.728  0.0000E+00  0.6400E+02
    -11.710  0.0000E+00  0.6400E+02
    -11.692  0.0000E+00  0.6400E+02
    -11.673  0.0000E+00  0.6400E+02
    -11.655  0.0000E+00  0.6400E+02
    -11.637  0.0000E+00  0.6400E+02
    -11.619  0.0000E+00  0.6400E+02
    -11.601  0.0000E+00  0.6400E+02
    -11.583  0.0000E+00  0.6400E+02
    -11.565  0.0000E+00  0.6400E+02
    -11.547  0.0000E+00  0.6400E+02
    -11.529  0.0000E+00  0.6400E+02
    -11.511  0.0000E+00  0.6400E+02
    -11.493  0.0000E+00  0.6400E+02
    -11.475  0.0000E+00  0.6400E+02
    -11.457  0.0000E+00  0.6400E+02
    -11.439  0.0000E+00  0.6400E+02
    -11.421  0.0000E+00  0.6400E+02
    -11.403  0.0000E+00  0.6400E+02
    -11.384  0.0000E+00  0.6400E+02
    -11.366  0.0000E+00  0.6400E+02
    -11.348  0.0000E+00  0.6400E+02
    -11.330  0.0000E+00  0.6400E+02
    -11.312  0.0000E+00  0.6400E+02
    -11.294  0.0000E+00  0.6400E+02
    -11.276  0.0000E+00  0.6400E+02
    -11.258  0.0000E+00  0.6400E+02
    -11.240  0.0000E+00  0.6400E+02
    -11.222  0.0000E+00  0.6400E+02
    -11.204  0.0000E+00  0.6400E+02
    -11.186  0.0000E+00  0.6400E+02
    -11.168  0.0000E+00  0.6400E+02
    -11.150  0.0000E+00  0.6400E+02
    -11.132  0.0000E+00  0.6400E+02
    -11.114  0.0000E+00  0.6400E+02
    -11.095  0.0000E+00  0.6400E+02
    -11.077  0.0000E+00  0.6400E+02
    -11.059  0.0000E+00  0.6400E+02
    -11.041  0.0000E+00  0.6400E+02
    -11.023  0.0000E+00  0.6400E+02
    -11.005  0.0000E+00  0.6400E+02
    -10.987  0.0000E+00  0.6400E+02
    -10.969  0.0000E+00  0.6400E+02
    -10.951  0.0000E+00  0.6400E+02
    -10.933  0.0000E+00  0.6400E+02
    -10.915  0.0000E+00  0.6400E+02
    -10.897  0.0000E+00  0.6400E+02
    -10.879  0.0000E+00  0.6400E+02
    -10.861  0.0000E+00  0.6400E+02
    -10.843  0.0000E+00  0.6400E+02
    -10.825  0.0000E+00  0.6400E+02
    -10.806  0.0000E+00  0.6400E+02
    -10.788  0.0000E+00  0.6400E+02
    -10.770  0.0000E+00  0.6400E+02
    -10.752  0.0000E+00  0.6400E+02
    -10.734  0.0000E+00  0.6400E+02
    -10.716  0.0000E+00  0.6400E+02
    -10.698  0.0000E+00  0.6400E+02
    -10.680  0.0000E+00  0.6400E+02
    -10.662  0.0000E+00  0.6400E+02
    -10.644  0.0000E+00  0.6400E+02
    -10.626  0.0000E+00  0.6400E+02
    -10.608  0.0000E+00  0.6400E+02
    -10.590  0.0000E+00  0.6400E+02
    -10.572  0.0000E+00  0.6400E+02
    -10.554  0.0000E+00  0.6400E+02
    -10.536  0.0000E+00  0.6400E+02
    -10.517  0.0000E+00  0.6400E+02
    -10.499  0.0000E+00  0.6400E+02
    -10.481  0.0000E+00  0.6400E+02
    -10.463  0.0000E+00  0.6400E+02
    -10.445  0.0000E+00  0.6400E+02
    -10.427  0.0000E+00  0.6400E+02
    -10.409  0.0000E+00  0.6400E+02
    -10.391  0.0000E+00  0.6400E+02
    -10.373  0.0000E+00  0.6400E+02
    -10.355  0.0000E+00  0.6400E+02
    -10.337  0.0000E+00  0.6400E+02
    -10.319  0.0000E+00  0.6400E+02
    -10.301  0.0000E+00  0.6400E+02
    -10.283  0.0000E+00  0.6400E+02
    -10.265  0.0000E+00  0.6400E+02
    -10.247  0.0000E+00  0.6400E+02
    -10.228  0.0000E+00  0.6400E+02
    -10.210  0.0000E+00  0.6400E+02
    -10.192  0.0000E+00  0.6400E+02
    -10.174  0.0000E+00  0.6400E+02
    -10.156  0.0000E+00  0.6400E+02
    -10.138  0.0000E+00  0.6400E+02
    -10.120  0.0000E+00  0.6400E+02
    -10.102  0.0000E+00  0.6400E+02
    -10.084  0.0000E+00  0.6400E+02
    -10.066  0.0000E+00  0.6400E+02
    -10.048  0.0000E+00  0.6400E+02
    -10.030  0.0000E+00  0.6400E+02
    -10.012  0.0000E+00  0.6400E+02
     -9.994  0.0000E+00  0.6400E+02
     -9.976  0.0000E+00  0.6400E+02
     -9.958  0.0000E+00  0.6400E+02
     -9.939  0.0000E+00  0.6400E+02
     -9.921  0.0000E+00  0.6400E+02
     -9.903  0.0000E+00  0.6400E+02
     -9.885  0.0000E+00  0.6400E+02
     -9.867  0.0000E+00  0.6400E+02
     -9.849  0.0000E+00  0.6400E+02
     -9.831  0.0000E+00  0.6400E+02
     -9.813  0.0000E+00  0.6400E+02
     -9.795  0.0000E+00  0.6400E+02
     -9.777  0.0000E+00  0.6400E+02
     -9.759  0.0000E+00  0.6400E+02
     -9.741  0.0000E+00  0.6400E+02
     -9.723  0.0000E+00  0.6400E+02
     -9.705  0.0000E+00  0.6400E+02
     -9.687  0.0000E+00  0.6400E+02
     -9.669  0.0000E+00  0.6400E+02
     -9.650  0.0000E+00  0.6400E+02
     -9.632  0.0000E+00  0.6400E+02
     -9.614  0.0000E+00  0.6400E+02
     -9.596  0.0000E+00  0.6400E+02
     -9.578  0.0000E+00  0.6400E+02
     -9.560  0.0000E+00  0.6400E+02
     -9.542  0.0000E+00  0.6400E+02
     -9.524  0.0000E+00  0.6400E+02
     -9.506  0.0000E+00  0.6400E+02
     -9.488  0.0000E+00  0.6400E+02
     -9.470  0.0000E+00  0.6400E+02
     -9.452  0.0000E+00  0.6400E+02
     -9.434  0.0000E+00  0.6400E+02
     -9.416  0.0000E+00  0.6400E+02
     -9.398  0.0000E+00  0.6400E+02
     -9.380  0.0000E+00  0.6400E+02
     -9.361  0.0000E+00  0.6400E+02
     -9.343  0.0000E+00  0.6400E+02
     -9.325  0.0000E+00  0.6400E+02
     -9.307  0.0000E+00  0.6400E+02
     -9.289  0.0000E+00  0.6400E+02
     -9.271  0.0000E+00  0.6400E+02
     -9.253  0.0000E+00  0.6400E+02
     -9.235  0.0000E+00  0.6400E+02
     -9.217  0.0000E+00  0.6400E+02
     -9.199  0.0000E+00  0.6400E+02
     -9.181  0.0000E+00  0.6400E+02
     -9.163  0.0000E+00  0.6400E+02
     -9.145  0.0000E+00  0.6400E+02
     -9.127  0.0000E+00  0.6400E+02
     -9.109  0.0000E+00  0.6400E+02
     -9.091  0.0000E+00  0.6400E+02
     -9.072  0.0000E+00  0.6400E+02
     -9.054  0.0000E+00  0.6400E+02
     -9.036  0.0000E+00  0.6400E+02
     -9.018  0.0000E+00  0.6400E+02
     -9.000  0.0000E+00  0.6400E+02
     -8.982  0.0000E+00  0.6400E+02
     -8.964  0.0000E+00  0.6400E+02
     -8.946  0.0000E+00  0.6400E+02
     -8.928  0.0000E+00  0.6400E+02
     -8.910  0.0000E+00  0.6400E+02
     -8.892  0.0000E+00  0.6400E+02
     -8.874  0.0000E+00  0.6400E+02
     -8.856  0.0000E+00  0.6400E+02
     -8.838  0.0000E+00  0.6400E+02
     -8.820  0.0000E+00  0.6400E+02
     -8.802  0.0000E+00  0.6400E+02
     -8.783  0.0000E+00  0.6400E+02
     -8.765  0.0000E+00  0.6400E+02
     -8.747  0.0000E+00  0.6400E+02
     -8.729  0.0000E+00  0.6400E+02
     -8.711  0.0000E+00  0.6400E+02
     -8.693  0.0000E+00  0.6400E+02
     -8.675  0.0000E+00  0.6400E+02
     -8.657  0.0000E+00  0.6400E+02
     -8.639  0.0000E+00  0.6400E+02
     -8.621  0.0000E+00  0.6400E+02
     -8.603  0.0000E+00  0.6400E+02
     -8.585  0.0000E+00  0.6400E+02
     -8.567  0.0000E+00  0.6400E+02
     -8.549  0.0000E+00  0.6400E+02
     -8.531  0.0000E+00  0.6400E+02
     -8.513  0.0000E+00  0.6400E+02
     -8.494  0.0000E+00  0.6400E+02
     -8.476  0.0000E+00  0.6400E+02
     -8.458  0.0000E+00  0.6400E+02
     -8.440  0.0000E+00  0.6400E+02
     -8.422  0.0000E+00  0.6400E+02
     -8.404  0.0000E+00  0.6400E+02
     -8.386  0.0000E+00  0.6400E+02
     -8.368  0.0000E+00  0.6400E+02
     -8.350  0.0000E+00  0.6400E+02
     -8.332  0.0000E+00  0.6400E+02
     -8.314  0.0000E+00  0.6400E+02
     -8.296  0.0000E+00  0.6400E+02
     -8.278  0.0000E+00  0.6400E+02
     -8.260  0.0000E+00  0.6400E+02
     -8.242  0.0000E+00  0.6400E+02
     -8.224  0.0000E+00  0.6400E+02
     -8.205  0.0000E+00  0.6400E+02
     -8.187  0.0000E+00  0.6400E+02
     -8.169  0.0000E+00  0.6400E+02
     -8.151  0.0000E+00  0.6400E+02
     -8.133  0.0000E+00  0.6400E+02
     -8.115  0.0000E+00  0.6400E+02
     -8.097  0.0000E+00  0.6400E+02
     -8.079  0.0000E+00  0.6400E+02
     -8.061  0.0000E+00  0.6400E+02
     -8.043  0.0000E+00  0.6400E+02
     -8.025  0.0000E+00  0.6400E+02
     -8.007  0.0000E+00  0.6400E+02
     -7.989  0.0000E+00  0.6400E+02
     -7.971  0.0000E+00  0.6400E+02
     -7.953  0.0000E+00  0.6400E+02
     -7.935  0.0000E+00  0.6400E+02
     -7.916  0.0000E+00  0.6400E+02
     -7.898  0.0000E+00  0.6400E+02
     -7.880  0.0000E+00  0.6400E+02
     -7.862  0.0000E+00  0.6400E+02
     -7.844  0.0000E+00  0.6400E+02
     -7.826  0.0000E+00  0.6400E+02
     -7.808  0.0000E+00  0.6400E+02
     -7.790  0.0000E+00  0.6400E+02
     -7.772  0.0000E+00  0.6400E+02
     -7.754  0.0000E+00  0.6400E+02
     -7.736  0.0000E+00  0.6400E+02
     -7.718  0.0000E+00  0.6400E+02
     -7.700  0.0000E+00  0.6400E+02
     -7.682  0.0000E+00  0.6400E+02
     -7.664  0.0000E+00  0.6400E+02
     -7.645  0.0000E+00  0.6400E+02
     -7.627  0.0000E+00  0.6400E+02
     -7.609  0.0000E+00  0.6400E+02
     -7.591  0.0000E+00  0.6400E+02
     -7.573  0.0000E+00  0.6400E+02
     -7.555  0.0000E+00  0.6400E+02
     -7.537  0.0000E+00  0.6400E+02
     -7.519  0.0000E+00  0.6400E+02
     -7.501  0.0000E+00  0.6400E+02
     -7.483  0.0000E+00  0.6400E+02
     -7.465  0.0000E+00  0.6400E+02
     -7.447  0.0000E+00  0.6400E+02
     -7.429  0.0000E+00  0.6400E+02
     -7.411  0.0000E+00  0.6400E+02
     -7.393  0.0000E+00  0.6400E+02
     -7.375  0.0000E+00  0.6400E+02
     -7.356  0.0000E+00  0.6400E+02
     -7.338  0.0000E+00  0.6400E+02
     -7.320  0.0000E+00  0.6400E+02
     -7.302  0.0000E+00  0.6400E+02
     -7.284  0.0000E+00  0.6400E+02
     -7.266  0.0000E+00  0.6400E+02
     -7.248  0.0000E+00  0.6400E+02
     -7.230  0.0000E+00  0.6400E+02
     -7.212  0.0000E+00  0.6400E+02
     -7.194  0.0000E+00  0.6400E+02
     -7.176  0.0000E+00  0.6400E+02
     -7.158  0.0000E+00  0.6400E+02
     -7.140  0.0000E+00  0.6400E+02
     -7.122  0.0000E+00  0.6400E+02
     -7.104  0.0000E+00  0.6400E+02
     -7.086  0.0000E+00  0.6400E+02
     -7.067  0.0000E+00  0.6400E+02
     -7.049  0.0000E+00  0.6400E+02
     -7.031  0.0000E+00  0.6400E+02
     -7.013  0.0000E+00  0.6400E+02
     -6.995  0.0000E+00  0.6400E+02
     -6.977  0.0000E+00  0.6400E+02
     -6.959  0.0000E+00  0.6400E+02
     -6.941  0.0000E+00  0.6400E+02
     -6.923  0.0000E+00  0.6400E+02
     -6.905  0.0000E+00  0.6400E+02
     -6.887  0.0000E+00  0.6400E+02
     -6.869  0.0000E+00  0.6400E+02
     -6.851  0.0000E+00  0.6400E+02
     -6.833  0.0000E+00  0.6400E+02
     -6.815  0.0000E+00  0.6400E+02
     -6.797  0.0000E+00  0.6400E+02
     -6.778  0.0000E+00  0.6400E+02
     -6.760  0.0000E+00  0.6400E+02
     -6.742  0.0000E+00  0.6400E+02
     -6.724  0.0000E+00  0.6400E+02
     -6.706  0.0000E+00  0.6400E+02
     -6.688  0.0000E+00  0.6400E+02
     -6.670  0.0000E+00  0.6400E+02
     -6.652  0.0000E+00  0.6400E+02
     -6.634  0.0000E+00  0.6400E+02
     -6.616  0.0000E+00  0.6400E+02
     -6.598  0.0000E+00  0.6400E+02
     -6.580  0.0000E+00  0.6400E+02
     -6.562  0.0000E+00  0.6400E+02
     -6.544  0.0000E+00  0.6400E+02
     -6.526  0.0000E+00  0.6400E+02
     -6.508  0.0000E+00  0.6400E+02
     -6.489  0.0000E+00  0.6400E+02
     -6.471  0.0000E+00  0.6400E+02
     -6.453  0.0000E+00  0.6400E+02
     -6.435  0.0000E+00  0.6400E+02
     -6.417  0.0000E+00  0.6400E+02
     -6.399  0.0000E+00  0.6400E+02
     -6.381  0.0000E+00  0.6400E+02
     -6.363  0.0000E+00  0.6400E+02
     -6.345  0.0000E+00  0.6400E+02
     -6.327  0.0000E+00  0.6400E+02
     -6.309  0.0000E+00  0.6400E+02
     -6.291  0.0000E+00  0.6400E+02
     -6.273  0.0000E+00  0.6400E+02
     -6.255  0.0000E+00  0.6400E+02
     -6.237  0.0000E+00  0.6400E+02
     -6.219  0.0000E+00  0.6400E+02
     -6.200  0.0000E+00  0.6400E+02
     -6.182  0.0000E+00  0.6400E+02
     -6.164  0.0000E+00  0.6400E+02
     -6.146  0.0000E+00  0.6400E+02
     -6.128  0.0000E+00  0.6400E+02
     -6.110  0.0000E+00  0.6400E+02
     -6.092  0.0000E+00  0.6400E+02
     -6.074  0.0000E+00  0.6400E+02
     -6.056  0.0000E+00  0.6400E+02
     -6.038  0.0000E+00  0.6400E+02
     -6.020  0.0000E+00  0.6400E+02
     -6.002  0.0000E+00  0.6400E+02
     -5.984  0.0000E+00  0.6400E+02
     -5.966  0.0000E+00  0.6400E+02
     -5.948  0.0000E+00  0.6400E+02
     -5.930  0.0000E+00  0.6400E+02
     -5.911  0.0000E+00  0.6400E+02
     -5.893  0.0000E+00  0.6400E+02
     -5.875  0.0000E+00  0.6400E+02
     -5.857  0.0000E+00  0.6400E+02
     -5.839  0.0000E+00  0.6400E+02
     -5.821  0.0000E+00  0.6400E+02
     -5.803  0.0000E+00  0.6400E+02
     -5.785  0.0000E+00  0.6400E+02
     -5.767  0.0000E+00  0.6400E+02
     -5.749  0.0000E+00  0.6400E+02
     -5.731  0.0000E+00  0.6400E+02
     -5.713  0.0000E+00  0.6400E+02
     -5.695  0.0000E+00  0.6400E+02
     -5.677  0.0000E+00  0.6400E+02
     -5.659  0.0000E+00  0.6400E+02
     -5.641  0.0000E+00  0.6400E+02
     -5.622  0.0000E+00  0.6400E+02
     -5.604  0.0000E+00  0.6400E+02
     -5.586  0.0000E+00  0.6400E+02
     -5.568  0.0000E+00  0.6400E+02
     -5.550  0.0000E+00  0.6400E+02
     -5.532  0.0000E+00  0.6400E+02
     -5.514  0.0000E+00  0.6400E+02
     -5.496  0.0000E+00  0.6400E+02
     -5.478  0.0000E+00  0.6400E+02
     -5.460  0.0000E+00  0.6400E+02
     -5.442  0.0000E+00  0.6400E+02
     -5.424  0.0000E+00  0.6400E+02
     -5.406  0.0000E+00  0.6400E+02
     -5.388  0.0000E+00  0.6400E+02
     -5.370  0.0000E+00  0.6400E+02
     -5.352  0.0000E+00  0.6400E+02
     -5.333  0.0000E+00  0.6400E+02
     -5.315  0.0000E+00  0.6400E+02
     -5.297  0.0000E+00  0.6400E+02
     -5.279  0.0000E+00  0.6400E+02
     -5.261  0.0000E+00  0.6400E+02
     -5.243  0.0000E+00  0.6400E+02
     -5.225  0.0000E+00  0.6400E+02
     -5.207  0.0000E+00  0.6400E+02
     -5.189  0.0000E+00  0.6400E+02
     -5.171  0.0000E+00  0.6400E+02
     -5.153  0.0000E+00  0.6400E+02
     -5.135  0.0000E+00  0.6400E+02
     -5.117  0.0000E+00  0.6400E+02
     -5.099  0.0000E+00  0.6400E+02
     -5.081  0.0000E+00  0.6400E+02
     -5.063  0.0000E+00  0.6400E+02
     -5.044  0.0000E+00  0.6400E+02
     -5.026  0.0000E+00  0.6400E+02
     -5.008  0.0000E+00  0.6400E+02
     -4.990  0.0000E+00  0.6400E+02
     -4.972  0.0000E+00  0.6400E+02
     -4.954  0.0000E+00  0.6400E+02
     -4.936  0.0000E+00  0.6400E+02
     -4.918  0.0000E+00  0.6400E+02
     -4.900  0.0000E+00  0.6400E+02
     -4.882  0.0000E+00  0.6400E+02
     -4.864  0.0000E+00  0.6400E+02
     -4.846  0.0000E+00  0.6400E+02
     -4.828  0.0000E+00  0.6400E+02
     -4.810  0.0000E+00  0.6400E+02
     -4.792  0.0000E+00  0.6400E+02
     -4.774  0.0000E+00  0.6400E+02
     -4.755  0.0000E+00  0.6400E+02
     -4.737  0.0000E+00  0.6400E+02
     -4.719  0.0000E+00  0.6400E+02
     -4.701  0.0000E+00  0.6400E+02
     -4.683  0.0000E+00  0.6400E+02
     -4.665  0.0000E+00  0.6400E+02
     -4.647  0.0000E+00  0.6400E+02
     -4.629  0.0000E+00  0.6400E+02
     -4.611  0.0000E+00  0.6400E+02
     -4.593  0.0000E+00  0.6400E+02
     -4.575  0.0000E+00  0.6400E+02
     -4.557  0.0000E+00  0.6400E+02
     -4.539  0.0000E+00  0.6400E+02
     -4.521  0.0000E+00  0.6400E+02
     -4.503  0.0000E+00  0.6400E+02
     -4.485  0.0000E+00  0.6400E+02
     -4.466  0.0000E+00  0.6400E+02
     -4.448  0.0000E+00  0.6400E+02
     -4.430  0.0000E+00  0.6400E+02
     -4.412  0.0000E+00  0.6400E+02
     -4.394  0.0000E+00  0.6400E+02
     -4.376  0.0000E+00  0.6400E+02
     -4.358  0.0000E+00  0.6400E+02
     -4.340  0.0000E+00  0.6400E+02
     -4.322  0.0000E+00  0.6400E+02
     -4.304  0.0000E+00  0.6400E+02
     -4.286  0.0000E+00  0.6400E+02
     -4.268  0.0000E+00  0.6400E+02
     -4.250  0.0000E+00  0.6400E+02
     -4.232  0.0000E+00  0.6400E+02
     -4.214  0.0000E+00  0.6400E+02
     -4.196  0.0000E+00  0.6400E+02
     -4.177  0.0000E+00  0.6400E+02
     -4.159  0.0000E+00  0.6400E+02
     -4.141  0.0000E+00  0.6400E+02
     -4.123  0.0000E+00  0.6400E+02
     -4.105  0.0000E+00  0.6400E+02
     -4.087  0.0000E+00  0.6400E+02
     -4.069  0.0000E+00  0.6400E+02
     -4.051  0.0000E+00  0.6400E+02
     -4.033  0.0000E+00  0.6400E+02
     -4.015  0.0000E+00  0.6400E+02
     -3.997  0.0000E+00  0.6400E+02
     -3.979  0.0000E+00  0.6400E+02
     -3.961  0.0000E+00  0.6400E+02
     -3.943  0.0000E+00  0.6400E+02
     -3.925  0.0000E+00  0.6400E+02
     -3.907  0.0000E+00  0.6400E+02
     -3.888  0.0000E+00  0.6400E+02
     -3.870  0.0000E+00  0.6400E+02
     -3.852  0.0000E+00  0.6400E+02
     -3.834  0.0000E+00  0.6400E+02
     -3.816  0.0000E+00  0.6400E+02
     -3.798  0.0000E+00  0.6400E+02
     -3.780  0.0000E+00  0.6400E+02
     -3.762  0.0000E+00  0.6400E+02
     -3.744  0.0000E+00  0.6400E+02
     -3.726  0.0000E+00  0.6400E+02
     -3.708  0.0000E+00  0.6400E+02
     -3.690  0.0000E+00  0.6400E+02
     -3.672  0.0000E+00  0.6400E+02
     -3.654  0.0000E+00  0.6400E+02
     -3.636  0.0000E+00  0.6400E+02
     -3.617  0.0000E+00  0.6400E+02
     -3.599  0.0000E+00  0.6400E+02
     -3.581  0.0000E+00  0.6400E+02
     -3.563  0.0000E+00  0.6400E+02
     -3.545  0.0000E+00  0.6400E+02
     -3.527  0.0000E+00  0.6400E+02
     -3.509  0.0000E+00  0.6400E+02
     -3.491  0.0000E+00  0.6400E+02
     -3.473  0.0000E+00  0.6400E+02
     -3.455  0.0000E+00  0.6400E+02
     -3.437  0.0000E+00  0.6400E+02
     -3.419  0.0000E+00  0.6400E+02
     -3.401  0.0000E+00  0.6400E+02
     -3.383  0.0000E+00  0.6400E+02
     -3.365  0.0000E+00  0.6400E+02
     -3.347  0.0000E+00  0.6400E+02
     -3.328  0.0000E+00  0.6400E+02
     -3.310  0.0000E+00  0.6400E+02
     -3.292  0.0000E+00  0.6400E+02
     -3.274  0.0000E+00  0.6400E+02
     -3.256  0.0000E+00  0.6400E+02
     -3.238  0.0000E+00  0.6400E+02
     -3.220  0.0000E+00  0.6400E+02
     -3.202  0.0000E+00  0.6400E+02
     -3.184  0.0000E+00  0.6400E+02
     -3.166  0.0000E+00  0.6400E+02
     -3.148  0.0000E+00  0.6400E+02
     -3.130  0.0000E+00  0.6400E+02
     -3.112  0.0000E+00  0.6400E+02
     -3.094  0.0000E+00  0.6400E+02
     -3.076  0.0000E+00  0.6400E+02
     -3.058  0.0000E+00  0.6400E+02
     -3.039  0.0000E+00  0.6400E+02
     -3.021  0.0000E+00  0.6400E+02
     -3.003  0.0000E+00  0.6400E+02
     -2.985  0.0000E+00  0.6400E+02
     -2.967  0.0000E+00  0.6400E+02
     -2.949  0.0000E+00  0.6400E+02
     -2.931  0.0000E+00  0.6400E+02
     -2.913  0.0000E+00  0.6400E+02
     -2.895  0.0000E+00  0.6400E+02
     -2.877  0.0000E+00  0.6400E+02
     -2.859  0.0000E+00  0.6400E+02
     -2.841  0.0000E+00  0.6400E+02
     -2.823  0.0000E+00  0.6400E+02
     -2.805  0.0000E+00  0.6400E+02
     -2.787  0.0000E+00  0.6400E+02
     -2.769  0.0000E+00  0.6400E+02
     -2.750  0.0000E+00  0.6400E+02
     -2.732  0.0000E+00  0.6400E+02
     -2.714  0.0000E+00  0.6400E+02
     -2.696  0.0000E+00  0.6400E+02
     -2.678  0.0000E+00  0.6400E+02
     -2.660  0.0000E+00  0.6400E+02
     -2.642  0.0000E+00  0.6400E+02
     -2.624  0.0000E+00  0.6400E+02
     -2.606  0.0000E+00  0.6400E+02
     -2.588  0.0000E+00  0.6400E+02
     -2.570  0.0000E+00  0.6400E+02
     -2.552  0.0000E+00  0.6400E+02
     -2.534  0.0000E+00  0.6400E+02
     -2.516  0.0000E+00  0.6400E+02
     -2.498  0.0000E+00  0.6400E+02
     -2.480  0.0000E+00  0.6400E+02
     -2.461  0.0000E+00  0.6400E+02
     -2.443  0.0000E+00  0.6400E+02
     -2.425  0.0000E+00  0.6400E+02
     -2.407  0.0000E+00  0.6400E+02
     -2.389  0.0000E+00  0.6400E+02
     -2.371  0.0000E+00  0.6400E+02
     -2.353  0.0000E+00  0.6400E+02
     -2.335  0.0000E+00  0.6400E+02
     -2.317  0.0000E+00  0.6400E+02
     -2.299  0.0000E+00  0.6400E+02
     -2.281  0.0000E+00  0.6400E+02
     -2.263  0.0000E+00  0.6400E+02
     -2.245  0.0000E+00  0.6400E+02
     -2.227  0.0000E+00  0.6400E+02
     -2.209  0.0000E+00  0.6400E+02
     -2.191  0.0000E+00  0.6400E+02
     -2.172  0.0000E+00  0.6400E+02
     -2.154  0.0000E+00  0.6400E+02
     -2.136  0.0000E+00  0.6400E+02
     -2.118  0.0000E+00  0.6400E+02
     -2.100  0.0000E+00  0.6400E+02
     -2.082  0.0000E+00  0.6400E+02
     -2.064  0.0000E+00  0.6400E+02
     -2.046  0.0000E+00  0.6400E+02
     -2.028  0.0000E+00  0.6400E+02
     -2.010  0.0000E+00  0.6400E+02
     -1.992  0.0000E+00  0.6400E+02
     -1.974  0.0000E+00  0.6400E+02
     -1.956  0.0000E+00  0.6400E+02
     -1.938  0.0000E+00  0.6400E+02
     -1.920  0.0000E+00  0.6400E+02
     -1.902  0.0000E+00  0.6400E+02
     -1.883  0.0000E+00  0.6400E+02
     -1.865  0.0000E+00  0.6400E+02
     -1.847  0.0000E+00  0.6400E+02
     -1.829  0.0000E+00  0.6400E+02
     -1.811  0.0000E+00  0.6400E+02
     -1.793  0.0000E+00  0.6400E+02
     -1.775  0.0000E+00  0.6400E+02
     -1.757  0.0000E+00  0.6400E+02
     -1.739  0.0000E+00  0.6400E+02
     -1.721  0.0000E+00  0.6400E+02
     -1.703  0.0000E+00  0.6400E+02
     -1.685  0.0000E+00  0.6400E+02
     -1.667  0.0000E+00  0.6400E+02
     -1.649  0.0000E+00  0.6400E+02
     -1.631  0.0000E+00  0.6400E+02
     -1.613  0.0000E+00  0.6400E+02
     -1.594  0.3275E-02  0.6400E+02
     -1.576  0.3888E-01  0.6400E+02
     -1.558  0.1137E+00  0.6400E+02
     -1.540  0.2277E+00  0.6400E+02
     -1.522  0.3809E+00  0.6401E+02
     -1.504  0.5734E+00  0.6402E+02
     -1.486  0.8050E+00  0.6403E+02
     -1.468  0.1076E+01  0.6405E+02
     -1.450  0.1386E+01  0.6407E+02
     -1.432  0.1735E+01  0.6410E+02
     -1.414  0.2124E+01  0.6413E+02
     -1.396  0.2554E+01  0.6418E+02
     -1.378  0.3053E+01  0.6423E+02
     -1.360  0.3625E+01  0.6429E+02
     -1.342  0.4271E+01  0.6436E+02
     -1.324  0.4989E+01  0.6444E+02
     -1.305  0.5781E+01  0.6454E+02
     -1.287  0.6647E+01  0.6465E+02
     -1.269  0.7585E+01  0.6478E+02
     -1.251  0.8597E+01  0.6492E+02
     -1.233  0.9682E+01  0.6509E+02
     -1.215  0.1084E+02  0.6527E+02
     -1.197  0.1207E+02  0.6548E+02
     -1.179  0.1384E+02  0.6571E+02
     -1.161  0.1570E+02  0.6598E+02
     -1.143  0.1870E+02  0.6629E+02
     -1.125  0.2126E+02  0.6665E+02
     -1.107  0.2336E+02  0.6706E+02
     -1.089  0.2859E+02  0.6752E+02
     -1.071  0.3934E+02  0.6812E+02
     -1.053  0.4778E+02  0.6892E+02
     -1.035  0.5210E+02  0.6982E+02
     -1.016  0.5794E+02  0.7078E+02
     -0.998  0.6729E+02  0.7199E+02
     -0.980  0.6471E+02  0.7318E+02
     -0.962  0.5951E+02  0.7431E+02
     -0.944  0.5233E+02  0.7532E+02
     -0.926  0.4253E+02  0.7618E+02
     -0.908  0.3109E+02  0.7684E+02
     -0.890  0.2171E+02  0.7732E+02
     -0.872  0.1404E+02  0.7764E+02
     -0.854  0.8102E+01  0.7784E+02
     -0.836  0.3883E+01  0.7794E+02
     -0.818  0.2080E+02  0.7807E+02
     -0.800  0.3536E+02  0.7863E+02
     -0.782  0.1067E+02  0.7910E+02
     -0.764  0.1651E+02  0.7930E+02
     -0.746  0.2660E+02  0.7970E+02
     -0.727  0.3475E+02  0.8025E+02
     -0.709  0.4098E+02  0.8094E+02
     -0.691  0.4532E+02  0.8172E+02
     -0.673  0.4788E+02  0.8257E+02
     -0.655  0.4865E+02  0.8344E+02
     -0.637  0.6811E+02  0.8454E+02
     -0.619  0.4781E+02  0.8565E+02
     -0.601  0.5318E+02  0.8644E+02
     -0.583  0.8388E+02  0.8773E+02
     -0.565  0.7681E+02  0.8924E+02
     -0.547  0.6147E+02  0.9046E+02
     -0.529  0.4410E+02  0.9142E+02
     -0.511  0.3764E+02  0.9213E+02
     -0.493  0.3738E+02  0.9281E+02
     -0.475  0.3908E+02  0.9349E+02
     -0.457  0.4288E+02  0.9423E+02
     -0.438  0.4654E+02  0.9504E+02
     -0.420  0.4929E+02  0.9591E+02
     -0.402  0.5637E+02  0.9688E+02
     -0.384  0.6195E+02  0.9794E+02
     -0.366  0.6382E+02  0.9908E+02
     -0.348  0.6497E+02  0.1002E+03
     -0.330  0.6417E+02  0.1014E+03
     -0.312  0.5463E+02  0.1025E+03
     -0.294  0.4204E+02  0.1033E+03
     -0.276  0.3847E+02  0.1041E+03
     -0.258  0.3633E+02  0.1047E+03
     -0.240  0.2818E+02  0.1053E+03
     -0.222  0.2792E+02  0.1058E+03
     -0.204  0.2794E+02  0.1063E+03
     -0.186  0.2790E+02  0.1068E+03
     -0.168  0.2781E+02  0.1073E+03
     -0.149  0.2766E+02  0.1078E+03
     -0.131  0.2745E+02  0.1083E+03
     -0.113  0.2718E+02  0.1088E+03
     -0.095  0.2686E+02  0.1093E+03
     -0.077  0.2647E+02  0.1098E+03
     -0.059  0.2607E+02  0.1103E+03
     -0.041  0.2576E+02  0.1107E+03
     -0.023  0.2553E+02  0.1112E+03
     -0.005  0.2535E+02  0.1116E+03
      0.013  0.2477E+02  0.1121E+03
      0.031  0.2425E+02  0.1125E+03
      0.049  0.2391E+02  0.1130E+03
      0.067  0.2443E+02  0.1134E+03
      0.085  0.2596E+02  0.1139E+03
      0.103  0.2749E+02  0.1143E+03
      0.121  0.2895E+02  0.1149E+03
      0.140  0.3035E+02  0.1154E+03
      0.158  0.3007E+02  0.1159E+03
      0.176  0.3005E+02  0.1165E+03
      0.194  0.3014E+02  0.1170E+03
      0.212  0.2741E+02  0.1176E+03
      0.230  0.2441E+02  0.1180E+03
      0.248  0.2321E+02  0.1185E+03
      0.266  0.1724E+02  0.1188E+03
      0.284  0.9931E+01  0.1191E+03
      0.302  0.8668E+01  0.1192E+03
      0.320  0.9044E+01  0.1194E+03
      0.338  0.1127E+02  0.1196E+03
      0.356  0.1293E+02  0.1198E+03
      0.374  0.1717E+02  0.1200E+03
      0.392  0.2806E+02  0.1205E+03
      0.411  0.3711E+02  0.1210E+03
      0.429  0.4178E+02  0.1218E+03
      0.447  0.4208E+02  0.1225E+03
      0.465  0.4033E+02  0.1233E+03
      0.483  0.3774E+02  0.1240E+03
      0.501  0.3504E+02  0.1246E+03
      0.519  0.3133E+02  0.1252E+03
      0.537  0.2713E+02  0.1258E+03
      0.555  0.2248E+02  0.1262E+03
      0.573  0.1867E+02  0.1266E+03
      0.591  0.1631E+02  0.1269E+03
      0.609  0.1484E+02  0.1272E+03
      0.627  0.1416E+02  0.1274E+03
      0.645  0.1429E+02  0.1277E+03
      0.663  0.1483E+02  0.1280E+03
      0.681  0.1518E+02  0.1282E+03
      0.700  0.1589E+02  0.1285E+03
      0.718  0.1790E+02  0.1288E+03
      0.736  0.1810E+02  0.1291E+03
      0.754  0.1839E+02  0.1295E+03
      0.772  0.1898E+02  0.1298E+03
      0.790  0.1984E+02  0.1302E+03
      0.808  0.1968E+02  0.1305E+03
      0.826  0.1947E+02  0.1309E+03
      0.844  0.1906E+02  0.1312E+03
      0.862  0.1911E+02  0.1316E+03
      0.880  0.1973E+02  0.1319E+03
      0.898  0.2029E+02  0.1323E+03
      0.916  0.2078E+02  0.1326E+03
      0.934  0.2120E+02  0.1330E+03
      0.952  0.2154E+02  0.1334E+03
      0.970  0.2181E+02  0.1338E+03
      0.989  0.2202E+02  0.1342E+03
      1.007  0.2215E+02  0.1346E+03
      1.025  0.2221E+02  0.1350E+03
      1.043  0.2220E+02  0.1354E+03
      1.061  0.2211E+02  0.1358E+03
      1.079  0.2195E+02  0.1362E+03
      1.097  0.2175E+02  0.1366E+03
      1.115  0.2168E+02  0.1370E+03
      1.133  0.2174E+02  0.1374E+03
      1.151  0.2195E+02  0.1378E+03
      1.169  0.2228E+02  0.1382E+03
      1.187  0.2276E+02  0.1386E+03
      1.205  0.2275E+02  0.1390E+03
      1.223  0.2111E+02  0.1394E+03
      1.241  0.2127E+02  0.1398E+03
      1.259  0.2212E+02  0.1402E+03
      1.278  0.2173E+02  0.1406E+03
      1.296  0.2361E+02  0.1410E+03
      1.314  0.2825E+02  0.1414E+03
      1.332  0.3366E+02  0.1420E+03
      1.350  0.3780E+02  0.1426E+03
      1.368  0.4067E+02  0.1433E+03
      1.386  0.4238E+02  0.1441E+03
      1.404  0.4330E+02  0.1449E+03
      1.422  0.4362E+02  0.1457E+03
      1.440  0.4369E+02  0.1464E+03
      1.458  0.4344E+02  0.1472E+03
      1.476  0.4689E+02  0.1480E+03
      1.494  0.8941E+02  0.1494E+03
      1.512  0.3290E+02  0.1504E+03
      1.530  0.3762E+02  0.1511E+03
      1.548  0.4194E+02  0.1518E+03
      1.567  0.4556E+02  0.1526E+03
      1.585  0.4641E+02  0.1534E+03
      1.603  0.4678E+02  0.1543E+03
      1.621  0.4672E+02  0.1551E+03
      1.639  0.4621E+02  0.1559E+03
      1.657  0.4518E+02  0.1568E+03
      1.675  0.4361E+02  0.1576E+03
      1.693  0.4288E+02  0.1584E+03
      1.711  0.4262E+02  0.1591E+03
      1.729  0.4294E+02  0.1599E+03
      1.747  0.4268E+02  0.1607E+03
      1.765  0.4187E+02  0.1614E+03
      1.783  0.4069E+02  0.1622E+03
      1.801  0.3919E+02  0.1629E+03
      1.819  0.3832E+02  0.1636E+03
      1.837  0.3765E+02  0.1643E+03
      1.856  0.3687E+02  0.1650E+03
      1.874  0.3693E+02  0.1656E+03
      1.892  0.3735E+02  0.1663E+03
      1.910  0.3793E+02  0.1670E+03
      1.928  0.3868E+02  0.1677E+03
      1.946  0.3959E+02  0.1684E+03
      1.964  0.4100E+02  0.1691E+03
      1.982  0.4286E+02  0.1699E+03
      2.000  0.4706E+02  0.1707E+03
      2.018  0.5921E+02  0.1716E+03
      2.036  0.9365E+02  0.1730E+03
      2.054  0.9321E+02  0.1747E+03
      2.072  0.5090E+02  0.1761E+03
      2.090  0.3001E+02  0.1767E+03
      2.108  0.5126E+02  0.1774E+03
      2.126  0.6868E+02  0.1785E+03
      2.145  0.7698E+02  0.1798E+03
      2.163  0.8492E+02  0.1813E+03
      2.181  0.1077E+03  0.1830E+03
      2.199  0.1126E+03  0.1851E+03
      2.217  0.9783E+02  0.1870E+03
      2.235  0.7939E+02  0.1885E+03
      2.253  0.7021E+02  0.1898E+03
      2.271  0.5606E+02  0.1910E+03
      2.289  0.3408E+02  0.1918E+03
      2.307  0.6469E+02  0.1928E+03
      2.325  0.3878E+02  0.1938E+03
      2.343  0.1172E+03  0.1957E+03
      2.361  0.5172E+02  0.1972E+03
      2.379  0.8590E+02  0.1983E+03
      2.397  0.1035E+03  0.2001E+03
      2.415  0.1225E+03  0.2020E+03
      2.434  0.8805E+02  0.2035E+03
      2.452  0.4418E+02  0.2050E+03
      2.470  0.3618E+02  0.2058E+03
      2.488  0.2907E+02  0.2064E+03
      2.506  0.1334E+03  0.2076E+03
      2.524  0.5629E+02  0.2095E+03
      2.542  0.7149E+02  0.2104E+03
      2.560  0.6924E+02  0.2118E+03
      2.578  0.9924E+02  0.2133E+03
      2.596  0.5200E+02  0.2147E+03
      2.614  0.4452E+02  0.2156E+03
      2.632  0.6828E+02  0.2165E+03
      2.650  0.7930E+02  0.2178E+03
      2.668  0.9241E+02  0.2193E+03
      2.686  0.1153E+03  0.2214E+03
      2.704  0.4708E+02  0.2224E+03
      2.723  0.1626E+03  0.2241E+03
      2.741  0.2927E+02  0.2262E+03
      2.759  0.4438E+02  0.2267E+03
      2.777  0.6091E+02  0.2278E+03
      2.795  0.7637E+02  0.2289E+03
      2.813  0.9452E+02  0.2305E+03
      2.831  0.3276E+02  0.2317E+03
      2.849  0.2734E+02  0.2322E+03
      2.867  0.2243E+02  0.2326E+03
      2.885  0.1802E+02  0.2330E+03
      2.903  0.7885E+02  0.2342E+03
      2.921  0.7723E+02  0.2355E+03
      2.939  0.7043E+02  0.2368E+03
      2.957  0.5621E+02  0.2380E+03
      2.975  0.3656E+02  0.2388E+03
      2.993  0.1207E+03  0.2403E+03
      3.012  0.5062E+02  0.2412E+03
      3.030  0.5234E+02  0.2422E+03
      3.048  0.4232E+02  0.2430E+03
      3.066  0.2055E+02  0.2436E+03
      3.084  0.1327E+02  0.2439E+03
      3.102  0.9917E+01  0.2441E+03
      3.120  0.8404E+01  0.2443E+03
      3.138  0.8734E+01  0.2444E+03
      3.156  0.1118E+02  0.2446E+03
      3.174  0.1854E+02  0.2449E+03
      3.192  0.3153E+02  0.2453E+03
      3.210  0.1804E+02  0.2466E+03
      3.228  0.1574E+02  0.2469E+03
      3.246  0.1351E+02  0.2472E+03
      3.264  0.7361E+02  0.2480E+03
      3.282  0.3163E+02  0.2487E+03
      3.301  0.2421E+02  0.2492E+03
      3.319  0.1717E+02  0.2496E+03
      3.337  0.1051E+02  0.2498E+03
      3.355  0.1711E+02  0.2500E+03
      3.373  0.6567E+02  0.2507E+03
      3.391  0.3625E+02  0.2517E+03
      3.409  0.2834E+02  0.2523E+03
      3.427  0.2399E+02  0.2527E+03
      3.445  0.2352E+02  0.2531E+03
      3.463  0.2302E+02  0.2536E+03
      3.481  0.2247E+02  0.2540E+03
      3.499  0.2190E+02  0.2544E+03
      3.517  0.2128E+02  0.2548E+03
      3.535  0.2063E+02  0.2551E+03
      3.553  0.1994E+02  0.2555E+03
      3.571  0.1456E+02  0.2558E+03
      3.590  0.3313E+01  0.2560E+03
      3.608  0.0000E+00  0.2560E+03
      3.626  0.0000E+00  0.2560E+03
      3.644  0.0000E+00  0.2560E+03
      3.662  0.0000E+00  0.2560E+03
      3.680  0.0000E+00  0.2560E+03
      3.698  0.0000E+00  0.2560E+03
      3.716  0.0000E+00  0.2560E+03
      3.734  0.0000E+00  0.2560E+03
      3.752  0.0000E+00  0.2560E+03
      3.770  0.0000E+00  0.2560E+03
      3.788  0.0000E+00  0.2560E+03
      3.806  0.0000E+00  0.2560E+03
      3.824  0.0000E+00  0.2560E+03
      3.842  0.0000E+00  0.2560E+03
      3.860  0.0000E+00  0.2560E+03
      3.879  0.0000E+00  0.2560E+03
      3.897  0.0000E+00  0.2560E+03
      3.915  0.0000E+00  0.2560E+03
      3.933  0.0000E+00  0.2560E+03
      3.951  0.0000E+00  0.2560E+03
      3.969  0.0000E+00  0.2560E+03
      3.987  0.0000E+00  0.2560E+03
      4.005  0.0000E+00  0.2560E+03
      4.023  0.0000E+00  0.2560E+03
      4.041  0.0000E+00  0.2560E+03
      4.059  0.0000E+00  0.2560E+03
      4.077  0.0000E+00  0.2560E+03
      4.095  0.0000E+00  0.2560E+03
      4.113  0.0000E+00  0.2560E+03
      4.131  0.0000E+00  0.2560E+03
      4.149  0.0000E+00  0.2560E+03
      4.168  0.0000E+00  0.2560E+03
      4.186  0.0000E+00  0.2560E+03
      4.204  0.0000E+00  0.2560E+03
      4.222  0.0000E+00  0.2560E+03
      4.240  0.0000E+00  0.2560E+03
      4.258  0.0000E+00  0.2560E+03
      4.276  0.0000E+00  0.2560E+03
      4.294  0.0000E+00  0.2560E+03
      4.312  0.0000E+00  0.2560E+03
      4.330  0.0000E+00  0.2560E+03
      4.348  0.0000E+00  0.2560E+03
      4.366  0.0000E+00  0.2560E+03
      4.384  0.0000E+00  0.2560E+03
      4.402  0.0000E+00  0.2560E+03
      4.420  0.0000E+00  0.2560E+03
      4.439  0.0000E+00  0.2560E+03
      4.457  0.0000E+00  0.2560E+03
      4.475  0.0000E+00  0.2560E+03
      4.493  0.0000E+00  0.2560E+03
      4.511  0.0000E+00  0.2560E+03
      4.529  0.0000E+00  0.2560E+03
      4.547  0.0000E+00  0.2560E+03
      4.565  0.0000E+00  0.2560E+03
      4.583  0.0000E+00  0.2560E+03
      4.601  0.0000E+00  0.2560E+03
      4.619  0.0000E+00  0.2560E+03
      4.637  0.0000E+00  0.2560E+03
      4.655  0.0000E+00  0.2560E+03
      4.673  0.0000E+00  0.2560E+03
      4.691  0.0000E+00  0.2560E+03
      4.709  0.0000E+00  0.2560E+03
      4.728  0.0000E+00  0.2560E+03
      4.746  0.0000E+00  0.2560E+03
      4.764  0.0000E+00  0.2560E+03
      4.782  0.0000E+00  0.2560E+03
      4.800  0.0000E+00  0.2560E+03
      4.818  0.0000E+00  0.2560E+03
      4.836  0.0000E+00  0.2560E+03
      4.854  0.0000E+00  0.2560E+03
      4.872  0.0000E+00  0.2560E+03
      4.890  0.0000E+00  0.2560E+03
      4.908  0.0000E+00  0.2560E+03
      4.926  0.0000E+00  0.2560E+03
      4.944  0.0000E+00  0.2560E+03
      4.962  0.0000E+00  0.2560E+03
      4.980  0.0000E+00  0.2560E+03
      4.998  0.0000E+00  0.2560E+03
      5.017  0.0000E+00  0.2560E+03
      5.035  0.0000E+00  0.2560E+03
      5.053  0.0000E+00  0.2560E+03
      5.071  0.0000E+00  0.2560E+03
      5.089  0.0000E+00  0.2560E+03
      5.107  0.0000E+00  0.2560E+03
      5.125  0.0000E+00  0.2560E+03
      5.143  0.0000E+00  0.2560E+03
      5.161  0.0000E+00  0.2560E+03
      5.179  0.0000E+00  0.2560E+03
      5.197  0.0000E+00  0.2560E+03
      5.215  0.0000E+00  0.2560E+03
      5.233  0.0000E+00  0.2560E+03
      5.251  0.0000E+00  0.2560E+03
      5.269  0.0000E+00  0.2560E+03
      5.287  0.0000E+00  0.2560E+03
      5.306  0.0000E+00  0.2560E+03
      5.324  0.0000E+00  0.2560E+03
      5.342  0.0000E+00  0.2560E+03
      5.360  0.0000E+00  0.2560E+03
      5.378  0.0000E+00  0.2560E+03
      5.396  0.0000E+00  0.2560E+03
      5.414  0.0000E+00  0.2560E+03
      5.432  0.0000E+00  0.2560E+03
      5.450  0.0000E+00  0.2560E+03
      5.468  0.0000E+00  0.2560E+03
      5.486  0.0000E+00  0.2560E+03
      5.504  0.0000E+00  0.2560E+03
      5.522  0.0000E+00  0.2560E+03
      5.540  0.0000E+00  0.2560E+03
      5.558  0.0000E+00  0.2560E+03
      5.576  0.0000E+00  0.2560E+03
      5.595  0.0000E+00  0.2560E+03
      5.613  0.0000E+00  0.2560E+03
      5.631  0.0000E+00  0.2560E+03
      5.649  0.0000E+00  0.2560E+03
      5.667  0.0000E+00  0.2560E+03
      5.685  0.0000E+00  0.2560E+03
      5.703  0.0000E+00  0.2560E+03
      5.721  0.0000E+00  0.2560E+03
      5.739  0.0000E+00  0.2560E+03
      5.757  0.0000E+00  0.2560E+03
      5.775  0.0000E+00  0.2560E+03
      5.793  0.0000E+00  0.2560E+03
      5.811  0.0000E+00  0.2560E+03
      5.829  0.0000E+00  0.2560E+03
      5.847  0.0000E+00  0.2560E+03
      5.865  0.0000E+00  0.2560E+03
      5.884  0.0000E+00  0.2560E+03
      5.902  0.0000E+00  0.2560E+03
      5.920  0.0000E+00  0.2560E+03
      5.938  0.0000E+00  0.2560E+03
      5.956  0.0000E+00  0.2560E+03
      5.974  0.0000E+00  0.2560E+03
      5.992  0.0000E+00  0.2560E+03
      6.010  0.0000E+00  0.2560E+03
      6.028  0.0000E+00  0.2560E+03
      6.046  0.0000E+00  0.2560E+03
      6.064  0.0000E+00  0.2560E+03
      6.082  0.0000E+00  0.2560E+03
      6.100  0.0000E+00  0.2560E+03
      6.118  0.0000E+00  0.2560E+03
      6.136  0.0000E+00  0.2560E+03
      6.154  0.0000E+00  0.2560E+03
      6.173  0.0000E+00  0.2560E+03
      6.191  0.0000E+00  0.2560E+03
      6.209  0.0000E+00  0.2560E+03
      6.227  0.0000E+00  0.2560E+03
      6.245  0.0000E+00  0.2560E+03
      6.263  0.0000E+00  0.2560E+03
      6.281  0.0000E+00  0.2560E+03
      6.299  0.0000E+00  0.2560E+03
      6.317  0.0000E+00  0.2560E+03
      6.335  0.0000E+00  0.2560E+03
      6.353  0.0000E+00  0.2560E+03
      6.371  0.0000E+00  0.2560E+03
      6.389  0.0000E+00  0.2560E+03
      6.407  0.0000E+00  0.2560E+03
      6.425  0.0000E+00  0.2560E+03
      6.443  0.0000E+00  0.2560E+03
      6.462  0.0000E+00  0.2560E+03
      6.480  0.0000E+00  0.2560E+03
      6.498  0.0000E+00  0.2560E+03
      6.516  0.0000E+00  0.2560E+03
      6.534  0.0000E+00  0.2560E+03
      6.552  0.0000E+00  0.2560E+03
      6.570  0.0000E+00  0.2560E+03
      6.588  0.0000E+00  0.2560E+03
      6.606  0.0000E+00  0.2560E+03
      6.624  0.0000E+00  0.2560E+03
      6.642  0.0000E+00  0.2560E+03
      6.660  0.0000E+00  0.2560E+03
      6.678  0.0000E+00  0.2560E+03
      6.696  0.0000E+00  0.2560E+03
      6.714  0.0000E+00  0.2560E+03
      6.732  0.0000E+00  0.2560E+03
      6.751  0.0000E+00  0.2560E+03
      6.769  0.0000E+00  0.2560E+03
      6.787  0.0000E+00  0.2560E+03
      6.805  0.0000E+00  0.2560E+03
      6.823  0.0000E+00  0.2560E+03
      6.841  0.0000E+00  0.2560E+03
      6.859  0.0000E+00  0.2560E+03
      6.877  0.0000E+00  0.2560E+03
      6.895  0.0000E+00  0.2560E+03
      6.913  0.0000E+00  0.2560E+03
      6.931  0.0000E+00  0.2560E+03
      6.949  0.0000E+00  0.2560E+03
      6.967  0.0000E+00  0.2560E+03
      6.985  0.0000E+00  0.2560E+03
      7.003  0.0000E+00  0.2560E+03
      7.021  0.0000E+00  0.2560E+03
      7.040  0.0000E+00  0.2560E+03
      7.058  0.0000E+00  0.2560E+03
      7.076  0.0000E+00  0.2560E+03
      7.094  0.0000E+00  0.2560E+03
      7.112  0.0000E+00  0.2560E+03
      7.130  0.0000E+00  0.2560E+03
      7.148  0.0000E+00  0.2560E+03
      7.166  0.0000E+00  0.2560E+03
      7.184  0.0000E+00  0.2560E+03
      7.202  0.0000E+00  0.2560E+03
      7.220  0.0000E+00  0.2560E+03
      7.238  0.0000E+00  0.2560E+03
      7.256  0.0000E+00  0.2560E+03
      7.274  0.0000E+00  0.2560E+03
      7.292  0.0000E+00  0.2560E+03
      7.310  0.0000E+00  0.2560E+03
      7.329  0.0000E+00  0.2560E+03
      7.347  0.0000E+00  0.2560E+03
      7.365  0.0000E+00  0.2560E+03
      7.383  0.0000E+00  0.2560E+03
      7.401  0.0000E+00  0.2560E+03
      7.419  0.0000E+00  0.2560E+03
      7.437  0.0000E+00  0.2560E+03
      7.455  0.0000E+00  0.2560E+03
      7.473  0.0000E+00  0.2560E+03
      7.491  0.0000E+00  0.2560E+03
      7.509  0.0000E+00  0.2560E+03
      7.527  0.0000E+00  0.2560E+03
      7.545  0.0000E+00  0.2560E+03
      7.563  0.0000E+00  0.2560E+03
      7.581  0.0000E+00  0.2560E+03
      7.599  0.0000E+00  0.2560E+03
      7.618  0.0000E+00  0.2560E+03
      7.636  0.0000E+00  0.2560E+03
      7.654  0.0000E+00  0.2560E+03
      7.672  0.0000E+00  0.2560E+03
      7.690  0.0000E+00  0.2560E+03
      7.708  0.0000E+00  0.2560E+03
      7.726  0.0000E+00  0.2560E+03
      7.744  0.0000E+00  0.2560E+03
      7.762  0.0000E+00  0.2560E+03
      7.780  0.0000E+00  0.2560E+03
      7.798  0.0000E+00  0.2560E+03
      7.816  0.0000E+00  0.2560E+03
      7.834  0.0000E+00  0.2560E+03
      7.852  0.0000E+00  0.2560E+03
      7.870  0.0000E+00  0.2560E+03
      7.888  0.0000E+00  0.2560E+03
      7.907  0.0000E+00  0.2560E+03
      7.925  0.0000E+00  0.2560E+03
      7.943  0.0000E+00  0.2560E+03
      7.961  0.0000E+00  0.2560E+03
      7.979  0.0000E+00  0.2560E+03
      7.997  0.0000E+00  0.2560E+03
      8.015  0.0000E+00  0.2560E+03
      8.033  0.0000E+00  0.2560E+03
      8.051  0.0000E+00  0.2560E+03
      8.069  0.0000E+00  0.2560E+03
      8.087  0.0000E+00  0.2560E+03
      8.105  0.0000E+00  0.2560E+03
      8.123  0.0000E+00  0.2560E+03
      8.141  0.0000E+00  0.2560E+03
      8.159  0.0000E+00  0.2560E+03
      8.177  0.0000E+00  0.2560E+03
      8.196  0.0000E+00  0.2560E+03
      8.214  0.0000E+00  0.2560E+03
      8.232  0.0000E+00  0.2560E+03
      8.250  0.0000E+00  0.2560E+03
      8.268  0.0000E+00  0.2560E+03
      8.286  0.0000E+00  0.2560E+03
      8.304  0.0000E+00  0.2560E+03
      8.322  0.0000E+00  0.2560E+03
      8.340  0.0000E+00  0.2560E+03
      8.358  0.0000E+00  0.2560E+03
      8.376  0.0000E+00  0.2560E+03
      8.394  0.0000E+00  0.2560E+03
      8.412  0.0000E+00  0.2560E+03
      8.430  0.0000E+00  0.2560E+03
      8.448  0.0000E+00  0.2560E+03
      8.467  0.0000E+00  0.2560E+03
      8.485  0.0000E+00  0.2560E+03
      8.503  0.0000E+00  0.2560E+03
      8.521  0.0000E+00  0.2560E+03
      8.539  0.0000E+00  0.2560E+03
      8.557  0.0000E+00  0.2560E+03
      8.575  0.0000E+00  0.2560E+03
      8.593  0.0000E+00  0.2560E+03
      8.611  0.0000E+00  0.2560E+03
      8.629  0.0000E+00  0.2560E+03
      8.647  0.0000E+00  0.2560E+03
      8.665  0.0000E+00  0.2560E+03
      8.683  0.0000E+00  0.2560E+03
      8.701  0.0000E+00  0.2560E+03
      8.719  0.0000E+00  0.2560E+03
      8.737  0.0000E+00  0.2560E+03
      8.756  0.0000E+00  0.2560E+03
      8.774  0.0000E+00  0.2560E+03
      8.792  0.0000E+00  0.2560E+03
      8.810  0.0000E+00  0.2560E+03
      8.828  0.0000E+00  0.2560E+03
      8.846  0.0000E+00  0.2560E+03
      8.864  0.0000E+00  0.2560E+03
      8.882  0.0000E+00  0.2560E+03
      8.900  0.0000E+00  0.2560E+03
      8.918  0.0000E+00  0.2560E+03
      8.936  0.0000E+00  0.2560E+03
      8.954  0.0000E+00  0.2560E+03
      8.972  0.0000E+00  0.2560E+03
      8.990  0.0000E+00  0.2560E+03
      9.008  0.0000E+00  0.2560E+03
      9.026  0.0000E+00  0.2560E+03
      9.045  0.0000E+00  0.2560E+03
      9.063  0.0000E+00  0.2560E+03
      9.081  0.0000E+00  0.2560E+03
      9.099  0.0000E+00  0.2560E+03
      9.117  0.0000E+00  0.2560E+03
      9.135  0.0000E+00  0.2560E+03
      9.153  0.0000E+00  0.2560E+03
      9.171  0.0000E+00  0.2560E+03
      9.189  0.0000E+00  0.2560E+03
      9.207  0.0000E+00  0.2560E+03
      9.225  0.0000E+00  0.2560E+03
      9.243  0.0000E+00  0.2560E+03
      9.261  0.0000E+00  0.2560E+03
      9.279  0.0000E+00  0.2560E+03
      9.297  0.0000E+00  0.2560E+03
      9.315  0.0000E+00  0.2560E+03
      9.334  0.0000E+00  0.2560E+03
      9.352  0.0000E+00  0.2560E+03
      9.370  0.0000E+00  0.2560E+03
      9.388  0.0000E+00  0.2560E+03
      9.406  0.0000E+00  0.2560E+03
      9.424  0.0000E+00  0.2560E+03
      9.442  0.0000E+00  0.2560E+03
      9.460  0.0000E+00  0.2560E+03
      9.478  0.0000E+00  0.2560E+03
      9.496  0.0000E+00  0.2560E+03
      9.514  0.0000E+00  0.2560E+03
      9.532  0.0000E+00  0.2560E+03
      9.550  0.0000E+00  0.2560E+03
      9.568  0.0000E+00  0.2560E+03
      9.586  0.0000E+00  0.2560E+03
      9.604  0.0000E+00  0.2560E+03
      9.623  0.0000E+00  0.2560E+03
      9.641  0.0000E+00  0.2560E+03
      9.659  0.0000E+00  0.2560E+03
      9.677  0.0000E+00  0.2560E+03
      9.695  0.0000E+00  0.2560E+03
      9.713  0.0000E+00  0.2560E+03
      9.731  0.0000E+00  0.2560E+03
      9.749  0.0000E+00  0.2560E+03
      9.767  0.2226E-03  0.2560E+03
      9.785  0.1025E-02  0.2560E+03
      9.803  0.2411E-02  0.2560E+03
      9.821  0.4382E-02  0.2560E+03
      9.839  0.6937E-02  0.2560E+03
      9.857  0.1008E-01  0.2560E+03
      9.875  0.1380E-01  0.2560E+03
      9.893  0.1811E-01  0.2560E+03
      9.912  0.2300E-01  0.2560E+03
      9.930  0.2848E-01  0.2560E+03
      9.948  0.3454E-01  0.2560E+03
      9.966  0.4118E-01  0.2560E+03
      9.984  0.4841E-01  0.2560E+03
     10.002  0.5623E-01  0.2560E+03
     10.020  0.6462E-01  0.2560E+03
     10.038  0.7361E-01  0.2560E+03
     10.056  0.8317E-01  0.2560E+03
     10.074  0.9332E-01  0.2560E+03
     10.092  0.1041E+00  0.2560E+03
     10.110  0.1154E+00  0.2560E+03
     10.128  0.1273E+00  0.2560E+03
     10.146  0.1398E+00  0.2560E+03
     10.164  0.1528E+00  0.2560E+03
     10.182  0.1665E+00  0.2560E+03
     10.201  0.1807E+00  0.2560E+03
     10.219  0.1956E+00  0.2560E+03
     10.237  0.2110E+00  0.2560E+03
     10.255  0.2270E+00  0.2560E+03
     10.273  0.2436E+00  0.2560E+03
     10.291  0.2607E+00  0.2560E+03
     10.309  0.2785E+00  0.2561E+03
     10.327  0.2968E+00  0.2561E+03
     10.345  0.3157E+00  0.2561E+03
     10.363  0.3352E+00  0.2561E+03
     10.381  0.3553E+00  0.2561E+03
     10.399  0.3760E+00  0.2561E+03
     10.417  0.3972E+00  0.2561E+03
     10.435  0.4190E+00  0.2561E+03
     10.453  0.4415E+00  0.2561E+03
     10.471  0.4645E+00  0.2561E+03
     10.490  0.4881E+00  0.2561E+03
     10.508  0.5122E+00  0.2561E+03
     10.526  0.5370E+00  0.2561E+03
     10.544  0.5623E+00  0.2561E+03
     10.562  0.5883E+00  0.2562E+03
     10.580  0.6148E+00  0.2562E+03
     10.598  0.6419E+00  0.2562E+03
     10.616  0.6696E+00  0.2562E+03
     10.634  0.6978E+00  0.2562E+03
     10.652  0.7267E+00  0.2562E+03
     10.670  0.7561E+00  0.2562E+03
     10.688  0.7861E+00  0.2562E+03
     10.706  0.8167E+00  0.2563E+03
     10.724  0.8479E+00  0.2563E+03
     10.742  0.8797E+00  0.2563E+03
     10.760  0.9120E+00  0.2563E+03
     10.779  0.9450E+00  0.2563E+03
     10.797  0.9785E+00  0.2563E+03
     10.815  0.1013E+01  0.2564E+03
     10.833  0.1047E+01  0.2564E+03
     10.851  0.1083E+01  0.2564E+03
     10.869  0.1118E+01  0.2564E+03
     10.887  0.1155E+01  0.2564E+03
     10.905  0.1192E+01  0.2565E+03
     10.923  0.1253E+01  0.2565E+03
     10.941  0.1322E+01  0.2565E+03
     10.959  0.1387E+01  0.2565E+03
     10.977  0.1450E+01  0.2566E+03
     10.995  0.1509E+01  0.2566E+03
     11.013  0.1566E+01  0.2566E+03
     11.031  0.1619E+01  0.2566E+03
     11.049  0.1670E+01  0.2567E+03
     11.068  0.1718E+01  0.2567E+03
     11.086  0.1762E+01  0.2567E+03
     11.104  0.1804E+01  0.2568E+03
     11.122  0.1843E+01  0.2568E+03
     11.140  0.1878E+01  0.2568E+03
     11.158  0.1911E+01  0.2569E+03
     11.176  0.1941E+01  0.2569E+03
     11.194  0.1968E+01  0.2569E+03
     11.212  0.1992E+01  0.2570E+03
     11.230  0.2012E+01  0.2570E+03
     11.248  0.2044E+01  0.2570E+03
     11.266  0.2207E+01  0.2571E+03
     11.284  0.2363E+01  0.2571E+03
     11.302  0.2512E+01  0.2572E+03
     11.320  0.2653E+01  0.2572E+03
     11.338  0.2787E+01  0.2573E+03
     11.357  0.2914E+01  0.2573E+03
     11.375  0.3033E+01  0.2574E+03
     11.393  0.3145E+01  0.2574E+03
     11.411  0.3250E+01  0.2575E+03
     11.429  0.3347E+01  0.2575E+03
     11.447  0.3437E+01  0.2576E+03
     11.465  0.3520E+01  0.2577E+03
     11.483  0.3596E+01  0.2577E+03
     11.501  0.3664E+01  0.2578E+03
     11.519  0.3725E+01  0.2579E+03
     11.537  0.3779E+01  0.2579E+03
     11.555  0.3825E+01  0.2580E+03
     11.573  0.3864E+01  0.2581E+03
     11.591  0.3896E+01  0.2581E+03
     11.609  0.3920E+01  0.2582E+03
     11.627  0.3937E+01  0.2583E+03
     11.646  0.3947E+01  0.2583E+03
     11.664  0.3893E+01  0.2584E+03
     11.682  0.3748E+01  0.2585E+03
     11.700  0.3612E+01  0.2586E+03
     11.718  0.3484E+01  0.2586E+03
     11.736  0.3364E+01  0.2587E+03
     11.754  0.3253E+01  0.2587E+03
     11.772  0.3151E+01  0.2588E+03
     11.790  0.3057E+01  0.2589E+03
     11.808  0.2971E+01  0.2589E+03
     11.826  0.2894E+01  0.2590E+03
     11.844  0.2825E+01  0.2590E+03
     11.862  0.2765E+01  0.2591E+03
     11.880  0.2714E+01  0.2591E+03
     11.898  0.2670E+01  0.2592E+03
     11.916  0.2635E+01  0.2592E+03
     11.935  0.2609E+01  0.2593E+03
     11.953  0.2590E+01  0.2593E+03
     11.971  0.2543E+01  0.2593E+03
     11.989  0.2510E+01  0.2594E+03
     12.007  0.2477E+01  0.2594E+03
     12.025  0.2446E+01  0.2595E+03
     12.043  0.2416E+01  0.2595E+03
     12.061  0.2388E+01  0.2596E+03
     12.079  0.2360E+01  0.2596E+03
     12.097  0.2333E+01  0.2597E+03
     12.115  0.2308E+01  0.2597E+03
     12.133  0.2284E+01  0.2597E+03
     12.151  0.2260E+01  0.2598E+03
     12.169  0.2238E+01  0.2598E+03
     12.187  0.2217E+01  0.2599E+03
     12.205  0.2198E+01  0.2599E+03
     12.224  0.2179E+01  0.2599E+03
     12.242  0.2161E+01  0.2600E+03
     12.260  0.2145E+01  0.2600E+03
     12.278  0.3274E+01  0.2601E+03
     12.296  0.3300E+01  0.2601E+03
     12.314  0.3325E+01  0.2602E+03
     12.332  0.3349E+01  0.2603E+03
     12.350  0.3371E+01  0.2603E+03
     12.368  0.3393E+01  0.2604E+03
     12.386  0.3413E+01  0.2604E+03
     12.404  0.3432E+01  0.2605E+03
     12.422  0.3450E+01  0.2606E+03
     12.440  0.3466E+01  0.2606E+03
     12.458  0.3482E+01  0.2607E+03
     12.476  0.3496E+01  0.2608E+03
     12.495  0.3509E+01  0.2608E+03
     12.513  0.3522E+01  0.2609E+03
     12.531  0.3540E+01  0.2609E+03
     12.549  0.3561E+01  0.2610E+03
     12.567  0.3587E+01  0.2611E+03
     12.585  0.3617E+01  0.2611E+03
     12.603  0.3650E+01  0.2612E+03
     12.621  0.3688E+01  0.2613E+03
     12.639  0.3730E+01  0.2613E+03
     12.657  0.3775E+01  0.2614E+03
     12.675  0.3825E+01  0.2615E+03
     12.693  0.3879E+01  0.2615E+03
     12.711  0.3937E+01  0.2616E+03
     12.729  0.3999E+01  0.2617E+03
     12.747  0.4065E+01  0.2618E+03
     12.765  0.4135E+01  0.2618E+03
     12.784  0.4211E+01  0.2619E+03
     12.802  0.4293E+01  0.2620E+03
     12.820  0.4382E+01  0.2621E+03
     12.838  0.4479E+01  0.2621E+03
     12.856  0.4582E+01  0.2622E+03
     12.874  0.4691E+01  0.2623E+03
     12.892  0.4808E+01  0.2624E+03
     12.910  0.4932E+01  0.2625E+03
     12.928  0.5062E+01  0.2626E+03
     12.946  0.5199E+01  0.2627E+03
     12.964  0.5343E+01  0.2628E+03
     12.982  0.5494E+01  0.2629E+03
     13.000  0.5652E+01  0.2630E+03
     13.018  0.5817E+01  0.2631E+03
     13.036  0.5988E+01  0.2632E+03
     13.054  0.6165E+01  0.2633E+03
     13.073  0.6347E+01  0.2634E+03
     13.091  0.6536E+01  0.2635E+03
     13.109  0.6730E+01  0.2636E+03
     13.127  0.6930E+01  0.2637E+03
     13.145  0.7137E+01  0.2639E+03
     13.163  0.7349E+01  0.2640E+03
     13.181  0.7566E+01  0.2641E+03
     13.199  0.7787E+01  0.2643E+03
     13.217  0.8012E+01  0.2644E+03
     13.235  0.8243E+01  0.2646E+03
     13.253  0.8479E+01  0.2647E+03
     13.271  0.8719E+01  0.2649E+03
     13.289  0.8965E+01  0.2650E+03
     13.307  0.9215E+01  0.2652E+03
     13.325  0.9470E+01  0.2654E+03
     13.343  0.9730E+01  0.2655E+03
     13.362  0.9995E+01  0.2657E+03
     13.380  0.1027E+02  0.2659E+03
     13.398  0.1054E+02  0.2661E+03
     13.416  0.1082E+02  0.2663E+03
     13.434  0.1136E+02  0.2665E+03
     13.452  0.1219E+02  0.2667E+03
     13.470  0.1302E+02  0.2669E+03
     13.488  0.1386E+02  0.2672E+03
     13.506  0.1494E+02  0.2674E+03
     13.524  0.1634E+02  0.2677E+03
     13.542  0.1741E+02  0.2680E+03
     13.560  0.1817E+02  0.2683E+03
     13.578  0.1860E+02  0.2687E+03
     13.596  0.1875E+02  0.2690E+03
     13.614  0.1867E+02  0.2693E+03
     13.632  0.1920E+02  0.2697E+03
     13.651  0.2094E+02  0.2700E+03
     13.669  0.2170E+02  0.2704E+03
     13.687  0.2156E+02  0.2708E+03
     13.705  0.2145E+02  0.2712E+03
     13.723  0.2039E+02  0.2716E+03
     13.741  0.2062E+02  0.2720E+03
     13.759  0.2263E+02  0.2723E+03
     13.777  0.2452E+02  0.2728E+03
     13.795  0.2419E+02  0.2732E+03
     13.813  0.2443E+02  0.2737E+03
     13.831  0.2536E+02  0.2741E+03
     13.849  0.2501E+02  0.2746E+03
     13.867  0.2324E+02  0.2750E+03
     13.885  0.2005E+02  0.2754E+03
     13.903  0.1543E+02  0.2757E+03
     13.921  0.9391E+01  0.2759E+03
     13.940  0.5954E+01  0.2761E+03
     13.958  0.2415E+02  0.2763E+03
     13.976  0.2198E+02  0.2768E+03
     13.994  0.9977E+01  0.2770E+03
     14.012  0.9735E+01  0.2772E+03
     14.030  0.9497E+01  0.2774E+03
     14.048  0.9262E+01  0.2776E+03
     14.066  0.9030E+01  0.2777E+03
     14.084  0.8802E+01  0.2779E+03
     14.102  0.8576E+01  0.2780E+03
     14.120  0.8354E+01  0.2782E+03
     14.138  0.8135E+01  0.2783E+03
     14.156  0.7920E+01  0.2785E+03
     14.174  0.7707E+01  0.2786E+03
     14.192  0.7498E+01  0.2788E+03
     14.210  0.7292E+01  0.2789E+03
     14.229  0.7154E+01  0.2790E+03
     14.247  0.7505E+01  0.2792E+03
     14.265  0.7980E+01  0.2793E+03
     14.283  0.8488E+01  0.2794E+03
     14.301  0.9057E+01  0.2796E+03
     14.319  0.9586E+01  0.2798E+03
     14.337  0.1007E+02  0.2800E+03
     14.355  0.1067E+02  0.2801E+03
     14.373  0.1124E+02  0.2803E+03
     14.391  0.1176E+02  0.2805E+03
     14.409  0.1225E+02  0.2808E+03
     14.427  0.1269E+02  0.2810E+03
     14.445  0.1311E+02  0.2812E+03
     14.463  0.1351E+02  0.2815E+03
     14.481  0.1389E+02  0.2817E+03
     14.499  0.1426E+02  0.2820E+03
     14.518  0.1462E+02  0.2822E+03
     14.536  0.1495E+02  0.2825E+03
     14.554  0.1528E+02  0.2828E+03
     14.572  0.1558E+02  0.2830E+03
     14.590  0.1587E+02  0.2833E+03
     14.608  0.1614E+02  0.2836E+03
     14.626  0.1640E+02  0.2839E+03
     14.644  0.1663E+02  0.2842E+03
     14.662  0.1686E+02  0.2845E+03
     14.680  0.1706E+02  0.2848E+03
     14.698  0.1725E+02  0.2851E+03
     14.716  0.1743E+02  0.2854E+03
     14.734  0.1758E+02  0.2858E+03
     14.752  0.1773E+02  0.2861E+03
     14.770  0.1785E+02  0.2864E+03
     14.788  0.1796E+02  0.2867E+03
     14.807  0.1805E+02  0.2870E+03
     14.825  0.1854E+02  0.2874E+03
     14.843  0.1931E+02  0.2877E+03
     14.861  0.2003E+02  0.2881E+03
     14.879  0.2070E+02  0.2884E+03
     14.897  0.2133E+02  0.2888E+03
     14.915  0.2189E+02  0.2892E+03
     14.933  0.2232E+02  0.2896E+03
     14.951  0.2261E+02  0.2900E+03
     14.969  0.2274E+02  0.2904E+03
     14.987  0.2265E+02  0.2908E+03
     15.005  0.2223E+02  0.2912E+03
     15.023  0.2141E+02  0.2916E+03
     15.041  0.1990E+02  0.2920E+03
     15.059  0.1826E+02  0.2924E+03
     15.077  0.1592E+02  0.2927E+03
     15.096  0.1387E+02  0.2929E+03
     15.114  0.1226E+02  0.2932E+03
     15.132  0.1159E+02  0.2934E+03
     15.150  0.1165E+02  0.2936E+03
     15.168  0.1250E+02  0.2938E+03
     15.186  0.1405E+02  0.2940E+03
     15.204  0.1629E+02  0.2943E+03
     15.222  0.1901E+02  0.2946E+03
     15.240  0.2187E+02  0.2950E+03
     15.258  0.2450E+02  0.2954E+03
     15.276  0.2635E+02  0.2959E+03
     15.294  0.2833E+02  0.2964E+03
     15.312  0.3037E+02  0.2969E+03
     15.330  0.3225E+02  0.2975E+03
     15.348  0.3362E+02  0.2981E+03
     15.366  0.3414E+02  0.2987E+03
     15.385  0.3411E+02  0.2993E+03
     15.403  0.3364E+02  0.2999E+03
     15.421  0.3272E+02  0.3005E+03
     15.439  0.3090E+02  0.3011E+03
     15.457  0.3010E+02  0.3016E+03
     15.475  0.2848E+02  0.3022E+03
     15.493  0.2715E+02  0.3027E+03
     15.511  0.2583E+02  0.3031E+03
     15.529  0.2357E+02  0.3036E+03
     15.547  0.2035E+02  0.3040E+03
     15.565  0.1790E+02  0.3043E+03
     15.583  0.1829E+02  0.3047E+03
     15.601  0.1880E+02  0.3050E+03
     15.619  0.1912E+02  0.3053E+03
     15.637  0.1925E+02  0.3057E+03
     15.655  0.1921E+02  0.3060E+03
     15.674  0.2467E+02  0.3064E+03
     15.692  0.2551E+02  0.3069E+03
     15.710  0.2054E+02  0.3073E+03
     15.728  0.1124E+02  0.3076E+03
     15.746  0.1215E+02  0.3078E+03
     15.764  0.1310E+02  0.3080E+03
     15.782  0.4447E+02  0.3087E+03
     15.800  0.6815E+01  0.3089E+03
     15.818  0.7503E+01  0.3090E+03
     15.836  0.8221E+01  0.3091E+03
     15.854  0.8889E+01  0.3093E+03
     15.872  0.9547E+01  0.3095E+03
     15.890  0.1020E+02  0.3096E+03
     15.908  0.1084E+02  0.3098E+03
     15.926  0.1148E+02  0.3100E+03
     15.944  0.1213E+02  0.3102E+03
     15.963  0.1278E+02  0.3105E+03
     15.981  0.1344E+02  0.3107E+03
     15.999  0.1405E+02  0.3110E+03
     16.017  0.1461E+02  0.3112E+03
     16.035  0.1506E+02  0.3115E+03
     16.053  0.1544E+02  0.3118E+03
     16.071  0.1576E+02  0.3120E+03
     16.089  0.1602E+02  0.3123E+03
     16.107  0.1623E+02  0.3126E+03
     16.125  0.1638E+02  0.3129E+03
     16.143  0.1629E+02  0.3132E+03
     16.161  0.1609E+02  0.3135E+03
     16.179  0.1581E+02  0.3138E+03
     16.197  0.1543E+02  0.3141E+03
     16.215  0.1497E+02  0.3143E+03
     16.233  0.1471E+02  0.3146E+03
     16.252  0.1446E+02  0.3149E+03
     16.270  0.1411E+02  0.3151E+03
     16.288  0.1366E+02  0.3154E+03
     16.306  0.1309E+02  0.3156E+03
     16.324  0.1268E+02  0.3159E+03
     16.342  0.1230E+02  0.3161E+03
     16.360  0.1183E+02  0.3163E+03
     16.378  0.1127E+02  0.3165E+03
     16.396  0.1102E+02  0.3167E+03
     16.414  0.1073E+02  0.3169E+03
     16.432  0.1037E+02  0.3171E+03
     16.450  0.1020E+02  0.3173E+03
     16.468  0.1027E+02  0.3175E+03
     16.486  0.1031E+02  0.3177E+03
     16.504  0.1031E+02  0.3178E+03
     16.523  0.1027E+02  0.3180E+03
     16.541  0.1065E+02  0.3182E+03
     16.559  0.1102E+02  0.3184E+03
     16.577  0.1102E+02  0.3186E+03
     16.595  0.9868E+01  0.3188E+03
     16.613  0.9423E+01  0.3190E+03
     16.631  0.9567E+01  0.3191E+03
     16.649  0.9723E+01  0.3193E+03
     16.667  0.9814E+01  0.3195E+03
     16.685  0.9558E+01  0.3197E+03
     16.703  0.9049E+01  0.3198E+03
     16.721  0.8579E+01  0.3200E+03
     16.739  0.8150E+01  0.3202E+03
     16.757  0.7760E+01  0.3203E+03
     16.775  0.7397E+01  0.3204E+03
     16.793  0.6842E+01  0.3206E+03
     16.812  0.6391E+01  0.3207E+03
     16.830  0.5979E+01  0.3208E+03
     16.848  0.5579E+01  0.3209E+03
     16.866  0.5192E+01  0.3210E+03
     16.884  0.4819E+01  0.3211E+03
     16.902  0.4458E+01  0.3212E+03
     16.920  0.4107E+01  0.3212E+03
     16.938  0.3780E+01  0.3213E+03
     16.956  0.3499E+01  0.3214E+03
     16.974  0.3264E+01  0.3214E+03
     16.992  0.3073E+01  0.3215E+03
     17.010  0.2894E+01  0.3216E+03
     17.028  0.2717E+01  0.3216E+03
     17.046  0.2540E+01  0.3217E+03
     17.064  0.2365E+01  0.3217E+03
     17.082  0.2190E+01  0.3217E+03
     17.101  0.2017E+01  0.3218E+03
     17.119  0.1845E+01  0.3218E+03
     17.137  0.1675E+01  0.3218E+03
     17.155  0.1505E+01  0.3219E+03
     17.173  0.1337E+01  0.3219E+03
     17.191  0.1170E+01  0.3219E+03
     17.209  0.1004E+01  0.3219E+03
     17.227  0.8394E+00  0.3220E+03
     17.245  0.6758E+00  0.3220E+03
     17.263  0.5135E+00  0.3220E+03
     17.281  0.3523E+00  0.3220E+03
     17.299  0.2033E+00  0.3220E+03
     17.317  0.9435E-01  0.3220E+03
     17.335  0.2669E-01  0.3220E+03
     17.353  0.3844E-03  0.3220E+03
     17.371  0.0000E+00  0.3220E+03
     17.390  0.0000E+00  0.3220E+03
     17.408  0.0000E+00  0.3220E+03
     17.426  0.0000E+00  0.3220E+03
     17.444  0.0000E+00  0.3220E+03
     17.462  0.0000E+00  0.3220E+03
     17.480  0.0000E+00  0.3220E+03
     17.498  0.0000E+00  0.3220E+03
     17.516  0.0000E+00  0.3220E+03
     17.534  0.0000E+00  0.3220E+03
     17.552  0.0000E+00  0.3220E+03
     17.570  0.0000E+00  0.3220E+03
     17.588  0.0000E+00  0.3220E+03
     17.606  0.0000E+00  0.3220E+03
     17.624  0.0000E+00  0.3220E+03
     17.642  0.0000E+00  0.3220E+03
     17.660  0.0000E+00  0.3220E+03
     17.679  0.0000E+00  0.3220E+03
     17.697  0.0000E+00  0.3220E+03
     17.715  0.0000E+00  0.3220E+03
     17.733  0.0000E+00  0.3220E+03
     17.751  0.0000E+00  0.3220E+03
     17.769  0.0000E+00  0.3220E+03
     17.787  0.0000E+00  0.3220E+03
     17.805  0.0000E+00  0.3220E+03
     17.823  0.0000E+00  0.3220E+03
     17.841  0.0000E+00  0.3220E+03
     17.859  0.0000E+00  0.3220E+03
     17.877  0.0000E+00  0.3220E+03
     17.895  0.0000E+00  0.3220E+03
     17.913  0.0000E+00  0.3220E+03
     17.931  0.0000E+00  0.3220E+03
     17.949  0.0000E+00  0.3220E+03
     17.968  0.0000E+00  0.3220E+03
     17.986  0.0000E+00  0.3220E+03
     18.004  0.0000E+00  0.3220E+03
     18.022  0.0000E+00  0.3220E+03
     18.040  0.0000E+00  0.3220E+03
     18.058  0.0000E+00  0.3220E+03
     18.076  0.0000E+00  0.3220E+03
     18.094  0.0000E+00  0.3220E+03
     18.112  0.0000E+00  0.3220E+03
     18.130  0.0000E+00  0.3220E+03
     18.148  0.0000E+00  0.3220E+03
     18.166  0.0000E+00  0.3220E+03
     18.184  0.0000E+00  0.3220E+03
     18.202  0.0000E+00  0.3220E+03
     18.220  0.0000E+00  0.3220E+03
     18.238  0.0000E+00  0.3220E+03
     18.257  0.0000E+00  0.3220E+03
     18.275  0.0000E+00  0.3220E+03
     18.293  0.0000E+00  0.3220E+03
     18.311  0.0000E+00  0.3220E+03
     18.329  0.0000E+00  0.3220E+03
     18.347  0.0000E+00  0.3220E+03
     18.365  0.0000E+00  0.3220E+03
     18.383  0.0000E+00  0.3220E+03
     18.401  0.0000E+00  0.3220E+03
     18.419  0.0000E+00  0.3220E+03
     18.437  0.0000E+00  0.3220E+03
     18.455  0.0000E+00  0.3220E+03
     18.473  0.0000E+00  0.3220E+03
     18.491  0.0000E+00  0.3220E+03
     18.509  0.0000E+00  0.3220E+03
     18.527  0.0000E+00  0.3220E+03
     18.546  0.0000E+00  0.3220E+03
     18.564  0.0000E+00  0.3220E+03
     18.582  0.0000E+00  0.3220E+03
     18.600  0.0000E+00  0.3220E+03
     18.618  0.0000E+00  0.3220E+03
     18.636  0.0000E+00  0.3220E+03
     18.654  0.0000E+00  0.3220E+03
     18.672  0.0000E+00  0.3220E+03
     18.690  0.0000E+00  0.3220E+03
     18.708  0.0000E+00  0.3220E+03
     18.726  0.0000E+00  0.3220E+03
     18.744  0.0000E+00  0.3220E+03
     18.762  0.0000E+00  0.3220E+03
     18.780  0.0000E+00  0.3220E+03
     18.798  0.0000E+00  0.3220E+03
     18.816  0.0000E+00  0.3220E+03
     18.835  0.0000E+00  0.3220E+03
     18.853  0.0000E+00  0.3220E+03
     18.871  0.0000E+00  0.3220E+03
     18.889  0.0000E+00  0.3220E+03
     18.907  0.0000E+00  0.3220E+03
     18.925  0.0000E+00  0.3220E+03
     18.943  0.0000E+00  0.3220E+03
     18.961  0.0000E+00  0.3220E+03
     18.979  0.0000E+00  0.3220E+03
     18.997  0.0000E+00  0.3220E+03



