 Energy DOS Integrated_DOS
    -17.133  0.0000E+00  0.0000E+00
    -17.115  0.0000E+00  0.0000E+00
    -17.097  0.0000E+00  0.0000E+00
    -17.079  0.0000E+00  0.0000E+00
    -17.061  0.0000E+00  0.0000E+00
    -17.043  0.0000E+00  0.0000E+00
    -17.024  0.0000E+00  0.0000E+00
    -17.006  0.0000E+00  0.0000E+00
    -16.988  0.0000E+00  0.0000E+00
    -16.970  0.0000E+00  0.0000E+00
    -16.952  0.0000E+00  0.0000E+00
    -16.934  0.0000E+00  0.0000E+00
    -16.915  0.0000E+00  0.0000E+00
    -16.897  0.0000E+00  0.0000E+00
    -16.879  0.0000E+00  0.0000E+00
    -16.861  0.0000E+00  0.0000E+00
    -16.843  0.0000E+00  0.0000E+00
    -16.825  0.0000E+00  0.0000E+00
    -16.806  0.0000E+00  0.0000E+00
    -16.788  0.0000E+00  0.0000E+00
    -16.770  0.0000E+00  0.0000E+00
    -16.752  0.0000E+00  0.0000E+00
    -16.734  0.0000E+00  0.0000E+00
    -16.716  0.0000E+00  0.0000E+00
    -16.697  0.0000E+00  0.0000E+00
    -16.679  0.0000E+00  0.0000E+00
    -16.661  0.0000E+00  0.0000E+00
    -16.643  0.0000E+00  0.0000E+00
    -16.625  0.0000E+00  0.0000E+00
    -16.607  0.0000E+00  0.0000E+00
    -16.588  0.0000E+00  0.0000E+00
    -16.570  0.0000E+00  0.0000E+00
    -16.552  0.0000E+00  0.0000E+00
    -16.534  0.0000E+00  0.0000E+00
    -16.516  0.0000E+00  0.0000E+00
    -16.498  0.0000E+00  0.0000E+00
    -16.479  0.0000E+00  0.0000E+00
    -16.461  0.0000E+00  0.0000E+00
    -16.443  0.0000E+00  0.0000E+00
    -16.425  0.0000E+00  0.0000E+00
    -16.407  0.0000E+00  0.0000E+00
    -16.388  0.0000E+00  0.0000E+00
    -16.370  0.0000E+00  0.0000E+00
    -16.352  0.0000E+00  0.0000E+00
    -16.334  0.0000E+00  0.0000E+00
    -16.316  0.0000E+00  0.0000E+00
    -16.298  0.0000E+00  0.0000E+00
    -16.279  0.0000E+00  0.0000E+00
    -16.261  0.0000E+00  0.0000E+00
    -16.243  0.0000E+00  0.0000E+00
    -16.225  0.0000E+00  0.0000E+00
    -16.207  0.0000E+00  0.0000E+00
    -16.189  0.0000E+00  0.0000E+00
    -16.170  0.0000E+00  0.0000E+00
    -16.152  0.0000E+00  0.0000E+00
    -16.134  0.0000E+00  0.0000E+00
    -16.116  0.0000E+00  0.0000E+00
    -16.098  0.0000E+00  0.0000E+00
    -16.080  0.0000E+00  0.0000E+00
    -16.061  0.0000E+00  0.0000E+00
    -16.043  0.0000E+00  0.0000E+00
    -16.025  0.0000E+00  0.0000E+00
    -16.007  0.0000E+00  0.0000E+00
    -15.989  0.0000E+00  0.0000E+00
    -15.971  0.0000E+00  0.0000E+00
    -15.952  0.0000E+00  0.0000E+00
    -15.934  0.0000E+00  0.0000E+00
    -15.916  0.0000E+00  0.0000E+00
    -15.898  0.0000E+00  0.0000E+00
    -15.880  0.0000E+00  0.0000E+00
    -15.862  0.0000E+00  0.0000E+00
    -15.843  0.0000E+00  0.0000E+00
    -15.825  0.0000E+00  0.0000E+00
    -15.807  0.0000E+00  0.0000E+00
    -15.789  0.0000E+00  0.0000E+00
    -15.771  0.0000E+00  0.0000E+00
    -15.753  0.0000E+00  0.0000E+00
    -15.734  0.0000E+00  0.0000E+00
    -15.716  0.0000E+00  0.0000E+00
    -15.698  0.0000E+00  0.0000E+00
    -15.680  0.0000E+00  0.0000E+00
    -15.662  0.0000E+00  0.0000E+00
    -15.643  0.0000E+00  0.0000E+00
    -15.625  0.0000E+00  0.0000E+00
    -15.607  0.0000E+00  0.0000E+00
    -15.589  0.0000E+00  0.0000E+00
    -15.571  0.0000E+00  0.0000E+00
    -15.553  0.0000E+00  0.0000E+00
    -15.534  0.0000E+00  0.0000E+00
    -15.516  0.0000E+00  0.0000E+00
    -15.498  0.0000E+00  0.0000E+00
    -15.480  0.8033E-03  0.6635E-06
    -15.462  0.5578E-01  0.3839E-03
    -15.444  0.1972E+00  0.2551E-02
    -15.425  0.4249E+00  0.8072E-02
    -15.407  0.7391E+00  0.1852E-01
    -15.389  0.1140E+01  0.3546E-01
    -15.371  0.1627E+01  0.6046E-01
    -15.353  0.2200E+01  0.9509E-01
    -15.335  0.2860E+01  0.1409E+00
    -15.316  0.3606E+01  0.1995E+00
    -15.298  0.4439E+01  0.2725E+00
    -15.280  0.5311E+01  0.3612E+00
    -15.262  0.6033E+01  0.4645E+00
    -15.244  0.6605E+01  0.5796E+00
    -15.226  0.7028E+01  0.7036E+00
    -15.207  0.9952E+01  0.8563E+00
    -15.189  0.1251E+02  0.1061E+01
    -15.171  0.1438E+02  0.1307E+01
    -15.153  0.1557E+02  0.1580E+01
    -15.135  0.1606E+02  0.1868E+01
    -15.117  0.1586E+02  0.2159E+01
    -15.098  0.1497E+02  0.2441E+01
    -15.080  0.1339E+02  0.2699E+01
    -15.062  0.1208E+02  0.2928E+01
    -15.044  0.1127E+02  0.3140E+01
    -15.026  0.1054E+02  0.3338E+01
    -15.008  0.9884E+01  0.3523E+01
    -14.989  0.9308E+01  0.3698E+01
    -14.971  0.8808E+01  0.3862E+01
    -14.953  0.9133E+01  0.4020E+01
    -14.935  0.1100E+02  0.4204E+01
    -14.917  0.1237E+02  0.4417E+01
    -14.899  0.1324E+02  0.4650E+01
    -14.880  0.1368E+02  0.4895E+01
    -14.862  0.1402E+02  0.5147E+01
    -14.844  0.1441E+02  0.5405E+01
    -14.826  0.1484E+02  0.5671E+01
    -14.808  0.1532E+02  0.5945E+01
    -14.789  0.1585E+02  0.6228E+01
    -14.771  0.1642E+02  0.6521E+01
    -14.753  0.1704E+02  0.6825E+01
    -14.735  0.1770E+02  0.7140E+01
    -14.717  0.1841E+02  0.7469E+01
    -14.699  0.1906E+02  0.7809E+01
    -14.680  0.1964E+02  0.8161E+01
    -14.662  0.2019E+02  0.8523E+01
    -14.644  0.2071E+02  0.8894E+01
    -14.626  0.2131E+02  0.9275E+01
    -14.608  0.2225E+02  0.9671E+01
    -14.590  0.2392E+02  0.1009E+02
    -14.571  0.2840E+02  0.1056E+02
    -14.553  0.3495E+02  0.1113E+02
    -14.535  0.6350E+02  0.1210E+02
    -14.517  0.6437E+02  0.1327E+02
    -14.499  0.5688E+02  0.1439E+02
    -14.481  0.3666E+02  0.1526E+02
    -14.462  0.2785E+02  0.1580E+02
    -14.444  0.2424E+02  0.1628E+02
    -14.426  0.1686E+02  0.1666E+02
    -14.408  0.1271E+02  0.1693E+02
    -14.390  0.3688E+02  0.1726E+02
    -14.372  0.3977E+02  0.1806E+02
    -14.353  0.3083E+02  0.1866E+02
    -14.335  0.2750E+02  0.1919E+02
    -14.317  0.2526E+02  0.1967E+02
    -14.299  0.2409E+02  0.2012E+02
    -14.281  0.2324E+02  0.2055E+02
    -14.263  0.1012E+03  0.2099E+02
    -14.244  0.3672E+02  0.2223E+02
    -14.226  0.2521E+02  0.2279E+02
    -14.208  0.1811E+02  0.2317E+02
    -14.190  0.1582E+02  0.2347E+02
    -14.172  0.3103E+02  0.2386E+02
    -14.154  0.5999E+02  0.2470E+02
    -14.135  0.8373E+02  0.2601E+02
    -14.117  0.1023E+03  0.2771E+02
    -14.099  0.1149E+03  0.2970E+02
    -14.081  0.1011E+03  0.3179E+02
    -14.063  0.8038E+02  0.3327E+02
    -14.045  0.8760E+02  0.3482E+02
    -14.026  0.8414E+02  0.3639E+02
    -14.008  0.1954E+03  0.3807E+02
    -13.990  0.1226E+03  0.4088E+02
    -13.972  0.1031E+03  0.4296E+02
    -13.954  0.7127E+02  0.4457E+02
    -13.935  0.4898E+02  0.4552E+02
    -13.917  0.5676E+02  0.4649E+02
    -13.899  0.6157E+02  0.4757E+02
    -13.881  0.9839E+02  0.4946E+02
    -13.863  0.5129E+02  0.5078E+02
    -13.845  0.6621E+02  0.5175E+02
    -13.826  0.1781E+03  0.5397E+02
    -13.808  0.8719E+02  0.5702E+02
    -13.790  0.1848E+02  0.5789E+02
    -13.772  0.4581E+01  0.5801E+02
    -13.754  0.6595E+02  0.5861E+02
    -13.736  0.4157E+02  0.6056E+02
    -13.717  0.3639E+02  0.6169E+02
    -13.699  0.3505E+02  0.6232E+02
    -13.681  0.4537E+02  0.6309E+02
    -13.663  0.3209E+02  0.6383E+02
    -13.645  0.0000E+00  0.6400E+02
    -13.627  0.0000E+00  0.6400E+02
    -13.608  0.0000E+00  0.6400E+02
    -13.590  0.0000E+00  0.6400E+02
    -13.572  0.0000E+00  0.6400E+02
    -13.554  0.0000E+00  0.6400E+02
    -13.536  0.0000E+00  0.6400E+02
    -13.518  0.0000E+00  0.6400E+02
    -13.499  0.0000E+00  0.6400E+02
    -13.481  0.0000E+00  0.6400E+02
    -13.463  0.0000E+00  0.6400E+02
    -13.445  0.0000E+00  0.6400E+02
    -13.427  0.0000E+00  0.6400E+02
    -13.409  0.0000E+00  0.6400E+02
    -13.390  0.0000E+00  0.6400E+02
    -13.372  0.0000E+00  0.6400E+02
    -13.354  0.0000E+00  0.6400E+02
    -13.336  0.0000E+00  0.6400E+02
    -13.318  0.0000E+00  0.6400E+02
    -13.300  0.0000E+00  0.6400E+02
    -13.281  0.0000E+00  0.6400E+02
    -13.263  0.0000E+00  0.6400E+02
    -13.245  0.0000E+00  0.6400E+02
    -13.227  0.0000E+00  0.6400E+02
    -13.209  0.0000E+00  0.6400E+02
    -13.190  0.0000E+00  0.6400E+02
    -13.172  0.0000E+00  0.6400E+02
    -13.154  0.0000E+00  0.6400E+02
    -13.136  0.0000E+00  0.6400E+02
    -13.118  0.0000E+00  0.6400E+02
    -13.100  0.0000E+00  0.6400E+02
    -13.081  0.0000E+00  0.6400E+02
    -13.063  0.0000E+00  0.6400E+02
    -13.045  0.0000E+00  0.6400E+02
    -13.027  0.0000E+00  0.6400E+02
    -13.009  0.0000E+00  0.6400E+02
    -12.991  0.0000E+00  0.6400E+02
    -12.972  0.0000E+00  0.6400E+02
    -12.954  0.0000E+00  0.6400E+02
    -12.936  0.0000E+00  0.6400E+02
    -12.918  0.0000E+00  0.6400E+02
    -12.900  0.0000E+00  0.6400E+02
    -12.882  0.0000E+00  0.6400E+02
    -12.863  0.0000E+00  0.6400E+02
    -12.845  0.0000E+00  0.6400E+02
    -12.827  0.0000E+00  0.6400E+02
    -12.809  0.0000E+00  0.6400E+02
    -12.791  0.0000E+00  0.6400E+02
    -12.773  0.0000E+00  0.6400E+02
    -12.754  0.0000E+00  0.6400E+02
    -12.736  0.0000E+00  0.6400E+02
    -12.718  0.0000E+00  0.6400E+02
    -12.700  0.0000E+00  0.6400E+02
    -12.682  0.0000E+00  0.6400E+02
    -12.664  0.0000E+00  0.6400E+02
    -12.645  0.0000E+00  0.6400E+02
    -12.627  0.0000E+00  0.6400E+02
    -12.609  0.0000E+00  0.6400E+02
    -12.591  0.0000E+00  0.6400E+02
    -12.573  0.0000E+00  0.6400E+02
    -12.555  0.0000E+00  0.6400E+02
    -12.536  0.0000E+00  0.6400E+02
    -12.518  0.0000E+00  0.6400E+02
    -12.500  0.0000E+00  0.6400E+02
    -12.482  0.0000E+00  0.6400E+02
    -12.464  0.0000E+00  0.6400E+02
    -12.446  0.0000E+00  0.6400E+02
    -12.427  0.0000E+00  0.6400E+02
    -12.409  0.0000E+00  0.6400E+02
    -12.391  0.0000E+00  0.6400E+02
    -12.373  0.0000E+00  0.6400E+02
    -12.355  0.0000E+00  0.6400E+02
    -12.336  0.0000E+00  0.6400E+02
    -12.318  0.0000E+00  0.6400E+02
    -12.300  0.0000E+00  0.6400E+02
    -12.282  0.0000E+00  0.6400E+02
    -12.264  0.0000E+00  0.6400E+02
    -12.246  0.0000E+00  0.6400E+02
    -12.227  0.0000E+00  0.6400E+02
    -12.209  0.0000E+00  0.6400E+02
    -12.191  0.0000E+00  0.6400E+02
    -12.173  0.0000E+00  0.6400E+02
    -12.155  0.0000E+00  0.6400E+02
    -12.137  0.0000E+00  0.6400E+02
    -12.118  0.0000E+00  0.6400E+02
    -12.100  0.0000E+00  0.6400E+02
    -12.082  0.0000E+00  0.6400E+02
    -12.064  0.0000E+00  0.6400E+02
    -12.046  0.0000E+00  0.6400E+02
    -12.028  0.0000E+00  0.6400E+02
    -12.009  0.0000E+00  0.6400E+02
    -11.991  0.0000E+00  0.6400E+02
    -11.973  0.0000E+00  0.6400E+02
    -11.955  0.0000E+00  0.6400E+02
    -11.937  0.0000E+00  0.6400E+02
    -11.919  0.0000E+00  0.6400E+02
    -11.900  0.0000E+00  0.6400E+02
    -11.882  0.0000E+00  0.6400E+02
    -11.864  0.0000E+00  0.6400E+02
    -11.846  0.0000E+00  0.6400E+02
    -11.828  0.0000E+00  0.6400E+02
    -11.810  0.0000E+00  0.6400E+02
    -11.791  0.0000E+00  0.6400E+02
    -11.773  0.0000E+00  0.6400E+02
    -11.755  0.0000E+00  0.6400E+02
    -11.737  0.0000E+00  0.6400E+02
    -11.719  0.0000E+00  0.6400E+02
    -11.701  0.0000E+00  0.6400E+02
    -11.682  0.0000E+00  0.6400E+02
    -11.664  0.0000E+00  0.6400E+02
    -11.646  0.0000E+00  0.6400E+02
    -11.628  0.0000E+00  0.6400E+02
    -11.610  0.0000E+00  0.6400E+02
    -11.591  0.0000E+00  0.6400E+02
    -11.573  0.0000E+00  0.6400E+02
    -11.555  0.0000E+00  0.6400E+02
    -11.537  0.0000E+00  0.6400E+02
    -11.519  0.0000E+00  0.6400E+02
    -11.501  0.0000E+00  0.6400E+02
    -11.482  0.0000E+00  0.6400E+02
    -11.464  0.0000E+00  0.6400E+02
    -11.446  0.0000E+00  0.6400E+02
    -11.428  0.0000E+00  0.6400E+02
    -11.410  0.0000E+00  0.6400E+02
    -11.392  0.0000E+00  0.6400E+02
    -11.373  0.0000E+00  0.6400E+02
    -11.355  0.0000E+00  0.6400E+02
    -11.337  0.0000E+00  0.6400E+02
    -11.319  0.0000E+00  0.6400E+02
    -11.301  0.0000E+00  0.6400E+02
    -11.283  0.0000E+00  0.6400E+02
    -11.264  0.0000E+00  0.6400E+02
    -11.246  0.0000E+00  0.6400E+02
    -11.228  0.0000E+00  0.6400E+02
    -11.210  0.0000E+00  0.6400E+02
    -11.192  0.0000E+00  0.6400E+02
    -11.174  0.0000E+00  0.6400E+02
    -11.155  0.0000E+00  0.6400E+02
    -11.137  0.0000E+00  0.6400E+02
    -11.119  0.0000E+00  0.6400E+02
    -11.101  0.0000E+00  0.6400E+02
    -11.083  0.0000E+00  0.6400E+02
    -11.065  0.0000E+00  0.6400E+02
    -11.046  0.0000E+00  0.6400E+02
    -11.028  0.0000E+00  0.6400E+02
    -11.010  0.0000E+00  0.6400E+02
    -10.992  0.0000E+00  0.6400E+02
    -10.974  0.0000E+00  0.6400E+02
    -10.956  0.0000E+00  0.6400E+02
    -10.937  0.0000E+00  0.6400E+02
    -10.919  0.0000E+00  0.6400E+02
    -10.901  0.0000E+00  0.6400E+02
    -10.883  0.0000E+00  0.6400E+02
    -10.865  0.0000E+00  0.6400E+02
    -10.847  0.0000E+00  0.6400E+02
    -10.828  0.0000E+00  0.6400E+02
    -10.810  0.0000E+00  0.6400E+02
    -10.792  0.0000E+00  0.6400E+02
    -10.774  0.0000E+00  0.6400E+02
    -10.756  0.0000E+00  0.6400E+02
    -10.737  0.0000E+00  0.6400E+02
    -10.719  0.0000E+00  0.6400E+02
    -10.701  0.0000E+00  0.6400E+02
    -10.683  0.0000E+00  0.6400E+02
    -10.665  0.0000E+00  0.6400E+02
    -10.647  0.0000E+00  0.6400E+02
    -10.628  0.0000E+00  0.6400E+02
    -10.610  0.0000E+00  0.6400E+02
    -10.592  0.0000E+00  0.6400E+02
    -10.574  0.0000E+00  0.6400E+02
    -10.556  0.0000E+00  0.6400E+02
    -10.538  0.0000E+00  0.6400E+02
    -10.519  0.0000E+00  0.6400E+02
    -10.501  0.0000E+00  0.6400E+02
    -10.483  0.0000E+00  0.6400E+02
    -10.465  0.0000E+00  0.6400E+02
    -10.447  0.0000E+00  0.6400E+02
    -10.429  0.0000E+00  0.6400E+02
    -10.410  0.0000E+00  0.6400E+02
    -10.392  0.0000E+00  0.6400E+02
    -10.374  0.0000E+00  0.6400E+02
    -10.356  0.0000E+00  0.6400E+02
    -10.338  0.0000E+00  0.6400E+02
    -10.320  0.0000E+00  0.6400E+02
    -10.301  0.0000E+00  0.6400E+02
    -10.283  0.0000E+00  0.6400E+02
    -10.265  0.0000E+00  0.6400E+02
    -10.247  0.0000E+00  0.6400E+02
    -10.229  0.0000E+00  0.6400E+02
    -10.211  0.0000E+00  0.6400E+02
    -10.192  0.0000E+00  0.6400E+02
    -10.174  0.0000E+00  0.6400E+02
    -10.156  0.0000E+00  0.6400E+02
    -10.138  0.0000E+00  0.6400E+02
    -10.120  0.0000E+00  0.6400E+02
    -10.102  0.0000E+00  0.6400E+02
    -10.083  0.0000E+00  0.6400E+02
    -10.065  0.0000E+00  0.6400E+02
    -10.047  0.0000E+00  0.6400E+02
    -10.029  0.0000E+00  0.6400E+02
    -10.011  0.0000E+00  0.6400E+02
     -9.992  0.0000E+00  0.6400E+02
     -9.974  0.0000E+00  0.6400E+02
     -9.956  0.0000E+00  0.6400E+02
     -9.938  0.0000E+00  0.6400E+02
     -9.920  0.0000E+00  0.6400E+02
     -9.902  0.0000E+00  0.6400E+02
     -9.883  0.0000E+00  0.6400E+02
     -9.865  0.0000E+00  0.6400E+02
     -9.847  0.0000E+00  0.6400E+02
     -9.829  0.0000E+00  0.6400E+02
     -9.811  0.0000E+00  0.6400E+02
     -9.793  0.0000E+00  0.6400E+02
     -9.774  0.0000E+00  0.6400E+02
     -9.756  0.0000E+00  0.6400E+02
     -9.738  0.0000E+00  0.6400E+02
     -9.720  0.0000E+00  0.6400E+02
     -9.702  0.0000E+00  0.6400E+02
     -9.684  0.0000E+00  0.6400E+02
     -9.665  0.0000E+00  0.6400E+02
     -9.647  0.0000E+00  0.6400E+02
     -9.629  0.0000E+00  0.6400E+02
     -9.611  0.0000E+00  0.6400E+02
     -9.593  0.0000E+00  0.6400E+02
     -9.575  0.0000E+00  0.6400E+02
     -9.556  0.0000E+00  0.6400E+02
     -9.538  0.0000E+00  0.6400E+02
     -9.520  0.0000E+00  0.6400E+02
     -9.502  0.0000E+00  0.6400E+02
     -9.484  0.0000E+00  0.6400E+02
     -9.466  0.0000E+00  0.6400E+02
     -9.447  0.0000E+00  0.6400E+02
     -9.429  0.0000E+00  0.6400E+02
     -9.411  0.0000E+00  0.6400E+02
     -9.393  0.0000E+00  0.6400E+02
     -9.375  0.0000E+00  0.6400E+02
     -9.357  0.0000E+00  0.6400E+02
     -9.338  0.0000E+00  0.6400E+02
     -9.320  0.0000E+00  0.6400E+02
     -9.302  0.0000E+00  0.6400E+02
     -9.284  0.0000E+00  0.6400E+02
     -9.266  0.0000E+00  0.6400E+02
     -9.248  0.0000E+00  0.6400E+02
     -9.229  0.0000E+00  0.6400E+02
     -9.211  0.0000E+00  0.6400E+02
     -9.193  0.0000E+00  0.6400E+02
     -9.175  0.0000E+00  0.6400E+02
     -9.157  0.0000E+00  0.6400E+02
     -9.138  0.0000E+00  0.6400E+02
     -9.120  0.0000E+00  0.6400E+02
     -9.102  0.0000E+00  0.6400E+02
     -9.084  0.0000E+00  0.6400E+02
     -9.066  0.0000E+00  0.6400E+02
     -9.048  0.0000E+00  0.6400E+02
     -9.029  0.0000E+00  0.6400E+02
     -9.011  0.0000E+00  0.6400E+02
     -8.993  0.0000E+00  0.6400E+02
     -8.975  0.0000E+00  0.6400E+02
     -8.957  0.0000E+00  0.6400E+02
     -8.939  0.0000E+00  0.6400E+02
     -8.920  0.0000E+00  0.6400E+02
     -8.902  0.0000E+00  0.6400E+02
     -8.884  0.0000E+00  0.6400E+02
     -8.866  0.0000E+00  0.6400E+02
     -8.848  0.0000E+00  0.6400E+02
     -8.830  0.0000E+00  0.6400E+02
     -8.811  0.0000E+00  0.6400E+02
     -8.793  0.0000E+00  0.6400E+02
     -8.775  0.0000E+00  0.6400E+02
     -8.757  0.0000E+00  0.6400E+02
     -8.739  0.0000E+00  0.6400E+02
     -8.721  0.0000E+00  0.6400E+02
     -8.702  0.0000E+00  0.6400E+02
     -8.684  0.0000E+00  0.6400E+02
     -8.666  0.0000E+00  0.6400E+02
     -8.648  0.0000E+00  0.6400E+02
     -8.630  0.0000E+00  0.6400E+02
     -8.612  0.0000E+00  0.6400E+02
     -8.593  0.0000E+00  0.6400E+02
     -8.575  0.0000E+00  0.6400E+02
     -8.557  0.0000E+00  0.6400E+02
     -8.539  0.0000E+00  0.6400E+02
     -8.521  0.0000E+00  0.6400E+02
     -8.503  0.0000E+00  0.6400E+02
     -8.484  0.0000E+00  0.6400E+02
     -8.466  0.0000E+00  0.6400E+02
     -8.448  0.0000E+00  0.6400E+02
     -8.430  0.0000E+00  0.6400E+02
     -8.412  0.0000E+00  0.6400E+02
     -8.394  0.0000E+00  0.6400E+02
     -8.375  0.0000E+00  0.6400E+02
     -8.357  0.0000E+00  0.6400E+02
     -8.339  0.0000E+00  0.6400E+02
     -8.321  0.0000E+00  0.6400E+02
     -8.303  0.0000E+00  0.6400E+02
     -8.284  0.0000E+00  0.6400E+02
     -8.266  0.0000E+00  0.6400E+02
     -8.248  0.0000E+00  0.6400E+02
     -8.230  0.0000E+00  0.6400E+02
     -8.212  0.0000E+00  0.6400E+02
     -8.194  0.0000E+00  0.6400E+02
     -8.175  0.0000E+00  0.6400E+02
     -8.157  0.0000E+00  0.6400E+02
     -8.139  0.0000E+00  0.6400E+02
     -8.121  0.0000E+00  0.6400E+02
     -8.103  0.0000E+00  0.6400E+02
     -8.085  0.0000E+00  0.6400E+02
     -8.066  0.0000E+00  0.6400E+02
     -8.048  0.0000E+00  0.6400E+02
     -8.030  0.0000E+00  0.6400E+02
     -8.012  0.0000E+00  0.6400E+02
     -7.994  0.0000E+00  0.6400E+02
     -7.976  0.0000E+00  0.6400E+02
     -7.957  0.0000E+00  0.6400E+02
     -7.939  0.0000E+00  0.6400E+02
     -7.921  0.0000E+00  0.6400E+02
     -7.903  0.0000E+00  0.6400E+02
     -7.885  0.0000E+00  0.6400E+02
     -7.867  0.0000E+00  0.6400E+02
     -7.848  0.0000E+00  0.6400E+02
     -7.830  0.0000E+00  0.6400E+02
     -7.812  0.0000E+00  0.6400E+02
     -7.794  0.0000E+00  0.6400E+02
     -7.776  0.0000E+00  0.6400E+02
     -7.758  0.0000E+00  0.6400E+02
     -7.739  0.0000E+00  0.6400E+02
     -7.721  0.0000E+00  0.6400E+02
     -7.703  0.0000E+00  0.6400E+02
     -7.685  0.0000E+00  0.6400E+02
     -7.667  0.0000E+00  0.6400E+02
     -7.649  0.0000E+00  0.6400E+02
     -7.630  0.0000E+00  0.6400E+02
     -7.612  0.0000E+00  0.6400E+02
     -7.594  0.0000E+00  0.6400E+02
     -7.576  0.0000E+00  0.6400E+02
     -7.558  0.0000E+00  0.6400E+02
     -7.539  0.0000E+00  0.6400E+02
     -7.521  0.0000E+00  0.6400E+02
     -7.503  0.0000E+00  0.6400E+02
     -7.485  0.0000E+00  0.6400E+02
     -7.467  0.0000E+00  0.6400E+02
     -7.449  0.0000E+00  0.6400E+02
     -7.430  0.0000E+00  0.6400E+02
     -7.412  0.0000E+00  0.6400E+02
     -7.394  0.0000E+00  0.6400E+02
     -7.376  0.0000E+00  0.6400E+02
     -7.358  0.0000E+00  0.6400E+02
     -7.340  0.0000E+00  0.6400E+02
     -7.321  0.0000E+00  0.6400E+02
     -7.303  0.0000E+00  0.6400E+02
     -7.285  0.0000E+00  0.6400E+02
     -7.267  0.0000E+00  0.6400E+02
     -7.249  0.0000E+00  0.6400E+02
     -7.231  0.0000E+00  0.6400E+02
     -7.212  0.0000E+00  0.6400E+02
     -7.194  0.0000E+00  0.6400E+02
     -7.176  0.0000E+00  0.6400E+02
     -7.158  0.0000E+00  0.6400E+02
     -7.140  0.0000E+00  0.6400E+02
     -7.122  0.0000E+00  0.6400E+02
     -7.103  0.0000E+00  0.6400E+02
     -7.085  0.0000E+00  0.6400E+02
     -7.067  0.0000E+00  0.6400E+02
     -7.049  0.0000E+00  0.6400E+02
     -7.031  0.0000E+00  0.6400E+02
     -7.013  0.0000E+00  0.6400E+02
     -6.994  0.0000E+00  0.6400E+02
     -6.976  0.0000E+00  0.6400E+02
     -6.958  0.0000E+00  0.6400E+02
     -6.940  0.0000E+00  0.6400E+02
     -6.922  0.0000E+00  0.6400E+02
     -6.904  0.0000E+00  0.6400E+02
     -6.885  0.0000E+00  0.6400E+02
     -6.867  0.0000E+00  0.6400E+02
     -6.849  0.0000E+00  0.6400E+02
     -6.831  0.0000E+00  0.6400E+02
     -6.813  0.0000E+00  0.6400E+02
     -6.795  0.0000E+00  0.6400E+02
     -6.776  0.0000E+00  0.6400E+02
     -6.758  0.0000E+00  0.6400E+02
     -6.740  0.0000E+00  0.6400E+02
     -6.722  0.0000E+00  0.6400E+02
     -6.704  0.0000E+00  0.6400E+02
     -6.685  0.0000E+00  0.6400E+02
     -6.667  0.0000E+00  0.6400E+02
     -6.649  0.0000E+00  0.6400E+02
     -6.631  0.0000E+00  0.6400E+02
     -6.613  0.0000E+00  0.6400E+02
     -6.595  0.0000E+00  0.6400E+02
     -6.576  0.0000E+00  0.6400E+02
     -6.558  0.0000E+00  0.6400E+02
     -6.540  0.0000E+00  0.6400E+02
     -6.522  0.0000E+00  0.6400E+02
     -6.504  0.0000E+00  0.6400E+02
     -6.486  0.0000E+00  0.6400E+02
     -6.467  0.0000E+00  0.6400E+02
     -6.449  0.0000E+00  0.6400E+02
     -6.431  0.0000E+00  0.6400E+02
     -6.413  0.0000E+00  0.6400E+02
     -6.395  0.0000E+00  0.6400E+02
     -6.377  0.0000E+00  0.6400E+02
     -6.358  0.0000E+00  0.6400E+02
     -6.340  0.0000E+00  0.6400E+02
     -6.322  0.0000E+00  0.6400E+02
     -6.304  0.0000E+00  0.6400E+02
     -6.286  0.0000E+00  0.6400E+02
     -6.268  0.0000E+00  0.6400E+02
     -6.249  0.0000E+00  0.6400E+02
     -6.231  0.0000E+00  0.6400E+02
     -6.213  0.0000E+00  0.6400E+02
     -6.195  0.0000E+00  0.6400E+02
     -6.177  0.0000E+00  0.6400E+02
     -6.159  0.0000E+00  0.6400E+02
     -6.140  0.0000E+00  0.6400E+02
     -6.122  0.0000E+00  0.6400E+02
     -6.104  0.0000E+00  0.6400E+02
     -6.086  0.0000E+00  0.6400E+02
     -6.068  0.0000E+00  0.6400E+02
     -6.050  0.0000E+00  0.6400E+02
     -6.031  0.0000E+00  0.6400E+02
     -6.013  0.0000E+00  0.6400E+02
     -5.995  0.0000E+00  0.6400E+02
     -5.977  0.0000E+00  0.6400E+02
     -5.959  0.0000E+00  0.6400E+02
     -5.940  0.0000E+00  0.6400E+02
     -5.922  0.0000E+00  0.6400E+02
     -5.904  0.0000E+00  0.6400E+02
     -5.886  0.0000E+00  0.6400E+02
     -5.868  0.0000E+00  0.6400E+02
     -5.850  0.0000E+00  0.6400E+02
     -5.831  0.0000E+00  0.6400E+02
     -5.813  0.0000E+00  0.6400E+02
     -5.795  0.0000E+00  0.6400E+02
     -5.777  0.0000E+00  0.6400E+02
     -5.759  0.0000E+00  0.6400E+02
     -5.741  0.0000E+00  0.6400E+02
     -5.722  0.0000E+00  0.6400E+02
     -5.704  0.0000E+00  0.6400E+02
     -5.686  0.0000E+00  0.6400E+02
     -5.668  0.0000E+00  0.6400E+02
     -5.650  0.0000E+00  0.6400E+02
     -5.632  0.0000E+00  0.6400E+02
     -5.613  0.0000E+00  0.6400E+02
     -5.595  0.0000E+00  0.6400E+02
     -5.577  0.0000E+00  0.6400E+02
     -5.559  0.0000E+00  0.6400E+02
     -5.541  0.0000E+00  0.6400E+02
     -5.523  0.0000E+00  0.6400E+02
     -5.504  0.0000E+00  0.6400E+02
     -5.486  0.0000E+00  0.6400E+02
     -5.468  0.0000E+00  0.6400E+02
     -5.450  0.0000E+00  0.6400E+02
     -5.432  0.0000E+00  0.6400E+02
     -5.414  0.0000E+00  0.6400E+02
     -5.395  0.0000E+00  0.6400E+02
     -5.377  0.0000E+00  0.6400E+02
     -5.359  0.0000E+00  0.6400E+02
     -5.341  0.0000E+00  0.6400E+02
     -5.323  0.0000E+00  0.6400E+02
     -5.305  0.0000E+00  0.6400E+02
     -5.286  0.0000E+00  0.6400E+02
     -5.268  0.0000E+00  0.6400E+02
     -5.250  0.0000E+00  0.6400E+02
     -5.232  0.0000E+00  0.6400E+02
     -5.214  0.0000E+00  0.6400E+02
     -5.196  0.0000E+00  0.6400E+02
     -5.177  0.0000E+00  0.6400E+02
     -5.159  0.0000E+00  0.6400E+02
     -5.141  0.0000E+00  0.6400E+02
     -5.123  0.0000E+00  0.6400E+02
     -5.105  0.0000E+00  0.6400E+02
     -5.086  0.0000E+00  0.6400E+02
     -5.068  0.0000E+00  0.6400E+02
     -5.050  0.0000E+00  0.6400E+02
     -5.032  0.0000E+00  0.6400E+02
     -5.014  0.0000E+00  0.6400E+02
     -4.996  0.0000E+00  0.6400E+02
     -4.977  0.0000E+00  0.6400E+02
     -4.959  0.0000E+00  0.6400E+02
     -4.941  0.0000E+00  0.6400E+02
     -4.923  0.0000E+00  0.6400E+02
     -4.905  0.0000E+00  0.6400E+02
     -4.887  0.0000E+00  0.6400E+02
     -4.868  0.0000E+00  0.6400E+02
     -4.850  0.0000E+00  0.6400E+02
     -4.832  0.0000E+00  0.6400E+02
     -4.814  0.0000E+00  0.6400E+02
     -4.796  0.0000E+00  0.6400E+02
     -4.778  0.0000E+00  0.6400E+02
     -4.759  0.0000E+00  0.6400E+02
     -4.741  0.0000E+00  0.6400E+02
     -4.723  0.0000E+00  0.6400E+02
     -4.705  0.0000E+00  0.6400E+02
     -4.687  0.0000E+00  0.6400E+02
     -4.669  0.0000E+00  0.6400E+02
     -4.650  0.0000E+00  0.6400E+02
     -4.632  0.0000E+00  0.6400E+02
     -4.614  0.0000E+00  0.6400E+02
     -4.596  0.0000E+00  0.6400E+02
     -4.578  0.0000E+00  0.6400E+02
     -4.560  0.0000E+00  0.6400E+02
     -4.541  0.0000E+00  0.6400E+02
     -4.523  0.0000E+00  0.6400E+02
     -4.505  0.0000E+00  0.6400E+02
     -4.487  0.0000E+00  0.6400E+02
     -4.469  0.0000E+00  0.6400E+02
     -4.451  0.0000E+00  0.6400E+02
     -4.432  0.0000E+00  0.6400E+02
     -4.414  0.0000E+00  0.6400E+02
     -4.396  0.0000E+00  0.6400E+02
     -4.378  0.0000E+00  0.6400E+02
     -4.360  0.0000E+00  0.6400E+02
     -4.342  0.0000E+00  0.6400E+02
     -4.323  0.0000E+00  0.6400E+02
     -4.305  0.0000E+00  0.6400E+02
     -4.287  0.0000E+00  0.6400E+02
     -4.269  0.0000E+00  0.6400E+02
     -4.251  0.0000E+00  0.6400E+02
     -4.232  0.0000E+00  0.6400E+02
     -4.214  0.0000E+00  0.6400E+02
     -4.196  0.0000E+00  0.6400E+02
     -4.178  0.0000E+00  0.6400E+02
     -4.160  0.0000E+00  0.6400E+02
     -4.142  0.0000E+00  0.6400E+02
     -4.123  0.0000E+00  0.6400E+02
     -4.105  0.0000E+00  0.6400E+02
     -4.087  0.0000E+00  0.6400E+02
     -4.069  0.0000E+00  0.6400E+02
     -4.051  0.0000E+00  0.6400E+02
     -4.033  0.0000E+00  0.6400E+02
     -4.014  0.0000E+00  0.6400E+02
     -3.996  0.0000E+00  0.6400E+02
     -3.978  0.0000E+00  0.6400E+02
     -3.960  0.0000E+00  0.6400E+02
     -3.942  0.0000E+00  0.6400E+02
     -3.924  0.0000E+00  0.6400E+02
     -3.905  0.0000E+00  0.6400E+02
     -3.887  0.0000E+00  0.6400E+02
     -3.869  0.0000E+00  0.6400E+02
     -3.851  0.0000E+00  0.6400E+02
     -3.833  0.0000E+00  0.6400E+02
     -3.815  0.0000E+00  0.6400E+02
     -3.796  0.0000E+00  0.6400E+02
     -3.778  0.0000E+00  0.6400E+02
     -3.760  0.0000E+00  0.6400E+02
     -3.742  0.0000E+00  0.6400E+02
     -3.724  0.0000E+00  0.6400E+02
     -3.706  0.0000E+00  0.6400E+02
     -3.687  0.0000E+00  0.6400E+02
     -3.669  0.0000E+00  0.6400E+02
     -3.651  0.0000E+00  0.6400E+02
     -3.633  0.0000E+00  0.6400E+02
     -3.615  0.0000E+00  0.6400E+02
     -3.597  0.0000E+00  0.6400E+02
     -3.578  0.0000E+00  0.6400E+02
     -3.560  0.0000E+00  0.6400E+02
     -3.542  0.0000E+00  0.6400E+02
     -3.524  0.0000E+00  0.6400E+02
     -3.506  0.0000E+00  0.6400E+02
     -3.487  0.0000E+00  0.6400E+02
     -3.469  0.0000E+00  0.6400E+02
     -3.451  0.0000E+00  0.6400E+02
     -3.433  0.0000E+00  0.6400E+02
     -3.415  0.0000E+00  0.6400E+02
     -3.397  0.0000E+00  0.6400E+02
     -3.378  0.0000E+00  0.6400E+02
     -3.360  0.0000E+00  0.6400E+02
     -3.342  0.0000E+00  0.6400E+02
     -3.324  0.0000E+00  0.6400E+02
     -3.306  0.0000E+00  0.6400E+02
     -3.288  0.0000E+00  0.6400E+02
     -3.269  0.0000E+00  0.6400E+02
     -3.251  0.0000E+00  0.6400E+02
     -3.233  0.0000E+00  0.6400E+02
     -3.215  0.0000E+00  0.6400E+02
     -3.197  0.0000E+00  0.6400E+02
     -3.179  0.0000E+00  0.6400E+02
     -3.160  0.0000E+00  0.6400E+02
     -3.142  0.0000E+00  0.6400E+02
     -3.124  0.0000E+00  0.6400E+02
     -3.106  0.0000E+00  0.6400E+02
     -3.088  0.0000E+00  0.6400E+02
     -3.070  0.0000E+00  0.6400E+02
     -3.051  0.0000E+00  0.6400E+02
     -3.033  0.0000E+00  0.6400E+02
     -3.015  0.0000E+00  0.6400E+02
     -2.997  0.0000E+00  0.6400E+02
     -2.979  0.0000E+00  0.6400E+02
     -2.961  0.0000E+00  0.6400E+02
     -2.942  0.0000E+00  0.6400E+02
     -2.924  0.0000E+00  0.6400E+02
     -2.906  0.0000E+00  0.6400E+02
     -2.888  0.0000E+00  0.6400E+02
     -2.870  0.0000E+00  0.6400E+02
     -2.852  0.0000E+00  0.6400E+02
     -2.833  0.0000E+00  0.6400E+02
     -2.815  0.0000E+00  0.6400E+02
     -2.797  0.0000E+00  0.6400E+02
     -2.779  0.0000E+00  0.6400E+02
     -2.761  0.0000E+00  0.6400E+02
     -2.743  0.0000E+00  0.6400E+02
     -2.724  0.0000E+00  0.6400E+02
     -2.706  0.0000E+00  0.6400E+02
     -2.688  0.0000E+00  0.6400E+02
     -2.670  0.0000E+00  0.6400E+02
     -2.652  0.0000E+00  0.6400E+02
     -2.633  0.0000E+00  0.6400E+02
     -2.615  0.0000E+00  0.6400E+02
     -2.597  0.0000E+00  0.6400E+02
     -2.579  0.0000E+00  0.6400E+02
     -2.561  0.0000E+00  0.6400E+02
     -2.543  0.0000E+00  0.6400E+02
     -2.524  0.0000E+00  0.6400E+02
     -2.506  0.0000E+00  0.6400E+02
     -2.488  0.0000E+00  0.6400E+02
     -2.470  0.0000E+00  0.6400E+02
     -2.452  0.0000E+00  0.6400E+02
     -2.434  0.0000E+00  0.6400E+02
     -2.415  0.0000E+00  0.6400E+02
     -2.397  0.0000E+00  0.6400E+02
     -2.379  0.0000E+00  0.6400E+02
     -2.361  0.0000E+00  0.6400E+02
     -2.343  0.0000E+00  0.6400E+02
     -2.325  0.0000E+00  0.6400E+02
     -2.306  0.0000E+00  0.6400E+02
     -2.288  0.0000E+00  0.6400E+02
     -2.270  0.0000E+00  0.6400E+02
     -2.252  0.0000E+00  0.6400E+02
     -2.234  0.0000E+00  0.6400E+02
     -2.216  0.0000E+00  0.6400E+02
     -2.197  0.0000E+00  0.6400E+02
     -2.179  0.0000E+00  0.6400E+02
     -2.161  0.0000E+00  0.6400E+02
     -2.143  0.0000E+00  0.6400E+02
     -2.125  0.0000E+00  0.6400E+02
     -2.107  0.0000E+00  0.6400E+02
     -2.088  0.0000E+00  0.6400E+02
     -2.070  0.0000E+00  0.6400E+02
     -2.052  0.0000E+00  0.6400E+02
     -2.034  0.0000E+00  0.6400E+02
     -2.016  0.0000E+00  0.6400E+02
     -1.998  0.0000E+00  0.6400E+02
     -1.979  0.0000E+00  0.6400E+02
     -1.961  0.0000E+00  0.6400E+02
     -1.943  0.0000E+00  0.6400E+02
     -1.925  0.0000E+00  0.6400E+02
     -1.907  0.0000E+00  0.6400E+02
     -1.888  0.0000E+00  0.6400E+02
     -1.870  0.0000E+00  0.6400E+02
     -1.852  0.0000E+00  0.6400E+02
     -1.834  0.0000E+00  0.6400E+02
     -1.816  0.0000E+00  0.6400E+02
     -1.798  0.0000E+00  0.6400E+02
     -1.779  0.0000E+00  0.6400E+02
     -1.761  0.0000E+00  0.6400E+02
     -1.743  0.0000E+00  0.6400E+02
     -1.725  0.0000E+00  0.6400E+02
     -1.707  0.0000E+00  0.6400E+02
     -1.689  0.0000E+00  0.6400E+02
     -1.670  0.0000E+00  0.6400E+02
     -1.652  0.0000E+00  0.6400E+02
     -1.634  0.0000E+00  0.6400E+02
     -1.616  0.0000E+00  0.6400E+02
     -1.598  0.0000E+00  0.6400E+02
     -1.580  0.0000E+00  0.6400E+02
     -1.561  0.0000E+00  0.6400E+02
     -1.543  0.8578E-02  0.6400E+02
     -1.525  0.5322E-01  0.6400E+02
     -1.507  0.1360E+00  0.6400E+02
     -1.489  0.2570E+00  0.6401E+02
     -1.471  0.4161E+00  0.6401E+02
     -1.452  0.6133E+00  0.6402E+02
     -1.434  0.8487E+00  0.6403E+02
     -1.416  0.1122E+01  0.6405E+02
     -1.398  0.1434E+01  0.6408E+02
     -1.380  0.1784E+01  0.6410E+02
     -1.362  0.2184E+01  0.6414E+02
     -1.343  0.2652E+01  0.6418E+02
     -1.325  0.3187E+01  0.6424E+02
     -1.307  0.3791E+01  0.6430E+02
     -1.289  0.4463E+01  0.6438E+02
     -1.271  0.5202E+01  0.6446E+02
     -1.253  0.6010E+01  0.6456E+02
     -1.234  0.6885E+01  0.6468E+02
     -1.216  0.7829E+01  0.6482E+02
     -1.198  0.8840E+01  0.6497E+02
     -1.180  0.9919E+01  0.6514E+02
     -1.162  0.1107E+02  0.6533E+02
     -1.144  0.1228E+02  0.6554E+02
     -1.125  0.1357E+02  0.6577E+02
     -1.107  0.1628E+02  0.6604E+02
     -1.089  0.1965E+02  0.6637E+02
     -1.071  0.2243E+02  0.6675E+02
     -1.053  0.2651E+02  0.6718E+02
     -1.034  0.3891E+02  0.6777E+02
     -1.016  0.5447E+02  0.6860E+02
     -0.998  0.6577E+02  0.6971E+02
     -0.980  0.6657E+02  0.7092E+02
     -0.962  0.6465E+02  0.7212E+02
     -0.944  0.6094E+02  0.7326E+02
     -0.925  0.5574E+02  0.7432E+02
     -0.907  0.4912E+02  0.7528E+02
     -0.889  0.4103E+02  0.7610E+02
     -0.871  0.3118E+02  0.7676E+02
     -0.853  0.2240E+02  0.7724E+02
     -0.835  0.1508E+02  0.7758E+02
     -0.816  0.9219E+01  0.7780E+02
     -0.798  0.4807E+01  0.7792E+02
     -0.780  0.3282E+02  0.7863E+02
     -0.762  0.1486E+02  0.7905E+02
     -0.744  0.6760E+01  0.7923E+02
     -0.726  0.1375E+02  0.7940E+02
     -0.707  0.2332E+02  0.7974E+02
     -0.689  0.3121E+02  0.8023E+02
     -0.671  0.3742E+02  0.8086E+02
     -0.653  0.4203E+02  0.8159E+02
     -0.635  0.4513E+02  0.8238E+02
     -0.617  0.4673E+02  0.8322E+02
     -0.598  0.4704E+02  0.8407E+02
     -0.580  0.8490E+02  0.8526E+02
     -0.562  0.8825E+02  0.8691E+02
     -0.544  0.7790E+02  0.8837E+02
     -0.526  0.6560E+02  0.8969E+02
     -0.508  0.6034E+02  0.9084E+02
     -0.489  0.5077E+02  0.9186E+02
     -0.471  0.4302E+02  0.9269E+02
     -0.453  0.4395E+02  0.9347E+02
     -0.435  0.4756E+02  0.9430E+02
     -0.417  0.5271E+02  0.9521E+02
     -0.399  0.5806E+02  0.9622E+02
     -0.380  0.6212E+02  0.9731E+02
     -0.362  0.6453E+02  0.9847E+02
     -0.344  0.6606E+02  0.9965E+02
     -0.326  0.6671E+02  0.1009E+03
     -0.308  0.6654E+02  0.1021E+03
     -0.290  0.5350E+02  0.1031E+03
     -0.271  0.4154E+02  0.1040E+03
     -0.253  0.3788E+02  0.1047E+03
     -0.235  0.3511E+02  0.1054E+03
     -0.217  0.2910E+02  0.1060E+03
     -0.199  0.2841E+02  0.1065E+03
     -0.180  0.2827E+02  0.1070E+03
     -0.162  0.2807E+02  0.1075E+03
     -0.144  0.2782E+02  0.1080E+03
     -0.126  0.2750E+02  0.1085E+03
     -0.108  0.2713E+02  0.1090E+03
     -0.090  0.2698E+02  0.1095E+03
     -0.071  0.2714E+02  0.1100E+03
     -0.053  0.2721E+02  0.1105E+03
     -0.035  0.2718E+02  0.1110E+03
     -0.017  0.2627E+02  0.1115E+03
      0.001  0.2536E+02  0.1119E+03
      0.019  0.2459E+02  0.1124E+03
      0.038  0.2453E+02  0.1128E+03
      0.056  0.2551E+02  0.1133E+03
      0.074  0.2654E+02  0.1138E+03
      0.092  0.2762E+02  0.1143E+03
      0.110  0.2874E+02  0.1148E+03
      0.128  0.2989E+02  0.1153E+03
      0.147  0.3096E+02  0.1159E+03
      0.165  0.3168E+02  0.1164E+03
      0.183  0.3030E+02  0.1170E+03
      0.201  0.2735E+02  0.1175E+03
      0.219  0.2546E+02  0.1180E+03
      0.237  0.2428E+02  0.1184E+03
      0.256  0.1056E+02  0.1187E+03
      0.274  0.9515E+01  0.1189E+03
      0.292  0.8521E+01  0.1191E+03
      0.310  0.7583E+01  0.1192E+03
      0.328  0.7895E+01  0.1194E+03
      0.346  0.1169E+02  0.1195E+03
      0.365  0.1439E+02  0.1198E+03
      0.383  0.2094E+02  0.1201E+03
      0.401  0.3009E+02  0.1205E+03
      0.419  0.3321E+02  0.1211E+03
      0.437  0.4542E+02  0.1219E+03
      0.455  0.4410E+02  0.1227E+03
      0.474  0.4165E+02  0.1235E+03
      0.492  0.3795E+02  0.1242E+03
      0.510  0.3410E+02  0.1248E+03
      0.528  0.3006E+02  0.1254E+03
      0.546  0.2584E+02  0.1259E+03
      0.565  0.2100E+02  0.1264E+03
      0.583  0.1725E+02  0.1267E+03
      0.601  0.1539E+02  0.1270E+03
      0.619  0.1474E+02  0.1273E+03
      0.637  0.1508E+02  0.1275E+03
      0.655  0.1593E+02  0.1278E+03
      0.674  0.1876E+02  0.1281E+03
      0.692  0.1949E+02  0.1285E+03
      0.710  0.2015E+02  0.1288E+03
      0.728  0.2122E+02  0.1292E+03
      0.746  0.2195E+02  0.1296E+03
      0.764  0.2173E+02  0.1300E+03
      0.783  0.2120E+02  0.1304E+03
      0.801  0.1733E+02  0.1307E+03
      0.819  0.1791E+02  0.1310E+03
      0.837  0.1844E+02  0.1314E+03
      0.855  0.1892E+02  0.1317E+03
      0.873  0.1934E+02  0.1321E+03
      0.892  0.1972E+02  0.1324E+03
      0.910  0.2005E+02  0.1328E+03
      0.928  0.2032E+02  0.1331E+03
      0.946  0.2055E+02  0.1335E+03
      0.964  0.2072E+02  0.1339E+03
      0.982  0.2084E+02  0.1343E+03
      1.001  0.2091E+02  0.1347E+03
      1.019  0.2093E+02  0.1350E+03
      1.037  0.2090E+02  0.1354E+03
      1.055  0.2082E+02  0.1358E+03
      1.073  0.2069E+02  0.1362E+03
      1.091  0.2050E+02  0.1365E+03
      1.110  0.2027E+02  0.1369E+03
      1.128  0.1997E+02  0.1373E+03
      1.146  0.1958E+02  0.1376E+03
      1.164  0.1910E+02  0.1380E+03
      1.182  0.1889E+02  0.1383E+03
      1.200  0.1950E+02  0.1387E+03
      1.219  0.2103E+02  0.1390E+03
      1.237  0.2109E+02  0.1394E+03
      1.255  0.2144E+02  0.1398E+03
      1.273  0.2223E+02  0.1402E+03
      1.291  0.2480E+02  0.1406E+03
      1.309  0.2974E+02  0.1411E+03
      1.328  0.3479E+02  0.1417E+03
      1.346  0.4034E+02  0.1424E+03
      1.364  0.4593E+02  0.1432E+03
      1.382  0.5085E+02  0.1440E+03
      1.400  0.5510E+02  0.1450E+03
      1.419  0.5837E+02  0.1460E+03
      1.437  0.6557E+02  0.1472E+03
      1.455  0.7374E+02  0.1485E+03
      1.473  0.5756E+02  0.1497E+03
      1.491  0.3337E+02  0.1505E+03
      1.509  0.3821E+02  0.1511E+03
      1.528  0.4215E+02  0.1519E+03
      1.546  0.4550E+02  0.1527E+03
      1.564  0.4831E+02  0.1535E+03
      1.582  0.5071E+02  0.1544E+03
      1.600  0.5203E+02  0.1553E+03
      1.618  0.5188E+02  0.1563E+03
      1.637  0.5117E+02  0.1572E+03
      1.655  0.4990E+02  0.1581E+03
      1.673  0.4737E+02  0.1590E+03
      1.691  0.4345E+02  0.1599E+03
      1.709  0.4076E+02  0.1606E+03
      1.727  0.3832E+02  0.1613E+03
      1.746  0.3698E+02  0.1620E+03
      1.764  0.3659E+02  0.1627E+03
      1.782  0.3611E+02  0.1634E+03
      1.800  0.3565E+02  0.1640E+03
      1.818  0.3620E+02  0.1647E+03
      1.836  0.3679E+02  0.1653E+03
      1.855  0.3742E+02  0.1660E+03
      1.873  0.3808E+02  0.1667E+03
      1.891  0.3878E+02  0.1674E+03
      1.909  0.3951E+02  0.1681E+03
      1.927  0.4028E+02  0.1688E+03
      1.945  0.4295E+02  0.1696E+03
      1.964  0.4532E+02  0.1704E+03
      1.982  0.4941E+02  0.1712E+03
      2.000  0.5987E+02  0.1722E+03
      2.018  0.6426E+02  0.1734E+03
      2.036  0.7395E+02  0.1746E+03
      2.054  0.6943E+02  0.1759E+03
      2.073  0.6055E+02  0.1771E+03
      2.091  0.5545E+02  0.1781E+03
      2.109  0.9153E+02  0.1796E+03
      2.127  0.1116E+03  0.1813E+03
      2.145  0.1254E+03  0.1835E+03
      2.164  0.1111E+03  0.1857E+03
      2.182  0.9644E+02  0.1876E+03
      2.200  0.7442E+02  0.1891E+03
      2.218  0.6233E+02  0.1903E+03
      2.236  0.6105E+02  0.1915E+03
      2.254  0.7214E+02  0.1927E+03
      2.273  0.7710E+02  0.1940E+03
      2.291  0.1456E+03  0.1959E+03
      2.309  0.1334E+03  0.1987E+03
      2.327  0.4740E+02  0.2001E+03
      2.345  0.4357E+02  0.2009E+03
      2.363  0.4081E+02  0.2017E+03
      2.382  0.3912E+02  0.2024E+03
      2.400  0.7357E+02  0.2034E+03
      2.418  0.1908E+03  0.2055E+03
      2.436  0.9244E+02  0.2079E+03
      2.454  0.8693E+02  0.2096E+03
      2.472  0.5265E+02  0.2113E+03
      2.491  0.4779E+02  0.2122E+03
      2.509  0.5213E+02  0.2131E+03
      2.527  0.7147E+02  0.2143E+03
      2.545  0.4343E+02  0.2154E+03
      2.563  0.5500E+02  0.2162E+03
      2.581  0.6908E+02  0.2174E+03
      2.600  0.7884E+02  0.2187E+03
      2.618  0.9474E+02  0.2203E+03
      2.636  0.1162E+03  0.2222E+03
      2.654  0.1421E+03  0.2245E+03
      2.672  0.8500E+02  0.2266E+03
      2.690  0.6570E+02  0.2278E+03
      2.709  0.3280E+02  0.2293E+03
      2.727  0.3747E+02  0.2300E+03
      2.745  0.3902E+02  0.2307E+03
      2.763  0.3674E+02  0.2314E+03
      2.781  0.3798E+02  0.2320E+03
      2.799  0.5021E+02  0.2328E+03
      2.818  0.1256E+03  0.2342E+03
      2.836  0.1019E+03  0.2363E+03
      2.854  0.6903E+02  0.2378E+03
      2.872  0.5749E+02  0.2390E+03
      2.890  0.5503E+02  0.2399E+03
      2.908  0.2272E+03  0.2417E+03
      2.927  0.3837E+02  0.2425E+03
      2.945  0.2820E+02  0.2431E+03
      2.963  0.2009E+02  0.2435E+03
      2.981  0.1403E+02  0.2438E+03
      2.999  0.9996E+01  0.2441E+03
      3.018  0.7904E+01  0.2442E+03
      3.036  0.7671E+01  0.2444E+03
      3.054  0.1231E+02  0.2445E+03
      3.072  0.2567E+02  0.2449E+03
      3.090  0.2405E+02  0.2453E+03
      3.108  0.1610E+02  0.2457E+03
      3.127  0.7900E+01  0.2459E+03
      3.145  0.5751E+02  0.2465E+03
      3.163  0.3874E+02  0.2474E+03
      3.181  0.5623E+02  0.2482E+03
      3.199  0.5501E+02  0.2492E+03
      3.217  0.2335E+02  0.2500E+03
      3.236  0.6147E+02  0.2507E+03
      3.254  0.1022E+02  0.2513E+03
      3.272  0.1035E+02  0.2515E+03
      3.290  0.3436E+02  0.2519E+03
      3.308  0.1735E+02  0.2524E+03
      3.326  0.1513E+02  0.2527E+03
      3.345  0.1306E+02  0.2530E+03
      3.363  0.1115E+02  0.2532E+03
      3.381  0.9385E+01  0.2534E+03
      3.399  0.7780E+01  0.2536E+03
      3.417  0.6415E+01  0.2537E+03
      3.435  0.7891E+01  0.2538E+03
      3.454  0.9339E+01  0.2540E+03
      3.472  0.1074E+02  0.2541E+03
      3.490  0.1199E+02  0.2544E+03
      3.508  0.1305E+02  0.2546E+03
      3.526  0.1400E+02  0.2548E+03
      3.544  0.1567E+02  0.2551E+03
      3.563  0.1717E+02  0.2554E+03
      3.581  0.1595E+02  0.2557E+03
      3.599  0.8384E+01  0.2559E+03
      3.617  0.5235E+00  0.2560E+03
      3.635  0.0000E+00  0.2560E+03
      3.653  0.0000E+00  0.2560E+03
      3.672  0.0000E+00  0.2560E+03
      3.690  0.0000E+00  0.2560E+03
      3.708  0.0000E+00  0.2560E+03
      3.726  0.0000E+00  0.2560E+03
      3.744  0.0000E+00  0.2560E+03
      3.762  0.0000E+00  0.2560E+03
      3.781  0.0000E+00  0.2560E+03
      3.799  0.0000E+00  0.2560E+03
      3.817  0.0000E+00  0.2560E+03
      3.835  0.0000E+00  0.2560E+03
      3.853  0.0000E+00  0.2560E+03
      3.872  0.0000E+00  0.2560E+03
      3.890  0.0000E+00  0.2560E+03
      3.908  0.0000E+00  0.2560E+03
      3.926  0.0000E+00  0.2560E+03
      3.944  0.0000E+00  0.2560E+03
      3.962  0.0000E+00  0.2560E+03
      3.981  0.0000E+00  0.2560E+03
      3.999  0.0000E+00  0.2560E+03
      4.017  0.0000E+00  0.2560E+03
      4.035  0.0000E+00  0.2560E+03
      4.053  0.0000E+00  0.2560E+03
      4.071  0.0000E+00  0.2560E+03
      4.090  0.0000E+00  0.2560E+03
      4.108  0.0000E+00  0.2560E+03
      4.126  0.0000E+00  0.2560E+03
      4.144  0.0000E+00  0.2560E+03
      4.162  0.0000E+00  0.2560E+03
      4.180  0.0000E+00  0.2560E+03
      4.199  0.0000E+00  0.2560E+03
      4.217  0.0000E+00  0.2560E+03
      4.235  0.0000E+00  0.2560E+03
      4.253  0.0000E+00  0.2560E+03
      4.271  0.0000E+00  0.2560E+03
      4.289  0.0000E+00  0.2560E+03
      4.308  0.0000E+00  0.2560E+03
      4.326  0.0000E+00  0.2560E+03
      4.344  0.0000E+00  0.2560E+03
      4.362  0.0000E+00  0.2560E+03
      4.380  0.0000E+00  0.2560E+03
      4.398  0.0000E+00  0.2560E+03
      4.417  0.0000E+00  0.2560E+03
      4.435  0.0000E+00  0.2560E+03
      4.453  0.0000E+00  0.2560E+03
      4.471  0.0000E+00  0.2560E+03
      4.489  0.0000E+00  0.2560E+03
      4.507  0.0000E+00  0.2560E+03
      4.526  0.0000E+00  0.2560E+03
      4.544  0.0000E+00  0.2560E+03
      4.562  0.0000E+00  0.2560E+03
      4.580  0.0000E+00  0.2560E+03
      4.598  0.0000E+00  0.2560E+03
      4.617  0.0000E+00  0.2560E+03
      4.635  0.0000E+00  0.2560E+03
      4.653  0.0000E+00  0.2560E+03
      4.671  0.0000E+00  0.2560E+03
      4.689  0.0000E+00  0.2560E+03
      4.707  0.0000E+00  0.2560E+03
      4.726  0.0000E+00  0.2560E+03
      4.744  0.0000E+00  0.2560E+03
      4.762  0.0000E+00  0.2560E+03
      4.780  0.0000E+00  0.2560E+03
      4.798  0.0000E+00  0.2560E+03
      4.816  0.0000E+00  0.2560E+03
      4.835  0.0000E+00  0.2560E+03
      4.853  0.0000E+00  0.2560E+03
      4.871  0.0000E+00  0.2560E+03
      4.889  0.0000E+00  0.2560E+03
      4.907  0.0000E+00  0.2560E+03
      4.925  0.0000E+00  0.2560E+03
      4.944  0.0000E+00  0.2560E+03
      4.962  0.0000E+00  0.2560E+03
      4.980  0.0000E+00  0.2560E+03
      4.998  0.0000E+00  0.2560E+03
      5.016  0.0000E+00  0.2560E+03
      5.034  0.0000E+00  0.2560E+03
      5.053  0.0000E+00  0.2560E+03
      5.071  0.0000E+00  0.2560E+03
      5.089  0.0000E+00  0.2560E+03
      5.107  0.0000E+00  0.2560E+03
      5.125  0.0000E+00  0.2560E+03
      5.143  0.0000E+00  0.2560E+03
      5.162  0.0000E+00  0.2560E+03
      5.180  0.0000E+00  0.2560E+03
      5.198  0.0000E+00  0.2560E+03
      5.216  0.0000E+00  0.2560E+03
      5.234  0.0000E+00  0.2560E+03
      5.252  0.0000E+00  0.2560E+03
      5.271  0.0000E+00  0.2560E+03
      5.289  0.0000E+00  0.2560E+03
      5.307  0.0000E+00  0.2560E+03
      5.325  0.0000E+00  0.2560E+03
      5.343  0.0000E+00  0.2560E+03
      5.361  0.0000E+00  0.2560E+03
      5.380  0.0000E+00  0.2560E+03
      5.398  0.0000E+00  0.2560E+03
      5.416  0.0000E+00  0.2560E+03
      5.434  0.0000E+00  0.2560E+03
      5.452  0.0000E+00  0.2560E+03
      5.471  0.0000E+00  0.2560E+03
      5.489  0.0000E+00  0.2560E+03
      5.507  0.0000E+00  0.2560E+03
      5.525  0.0000E+00  0.2560E+03
      5.543  0.0000E+00  0.2560E+03
      5.561  0.0000E+00  0.2560E+03
      5.580  0.0000E+00  0.2560E+03
      5.598  0.0000E+00  0.2560E+03
      5.616  0.0000E+00  0.2560E+03
      5.634  0.0000E+00  0.2560E+03
      5.652  0.0000E+00  0.2560E+03
      5.670  0.0000E+00  0.2560E+03
      5.689  0.0000E+00  0.2560E+03
      5.707  0.0000E+00  0.2560E+03
      5.725  0.0000E+00  0.2560E+03
      5.743  0.0000E+00  0.2560E+03
      5.761  0.0000E+00  0.2560E+03
      5.779  0.0000E+00  0.2560E+03
      5.798  0.0000E+00  0.2560E+03
      5.816  0.0000E+00  0.2560E+03
      5.834  0.0000E+00  0.2560E+03
      5.852  0.0000E+00  0.2560E+03
      5.870  0.0000E+00  0.2560E+03
      5.888  0.0000E+00  0.2560E+03
      5.907  0.0000E+00  0.2560E+03
      5.925  0.0000E+00  0.2560E+03
      5.943  0.0000E+00  0.2560E+03
      5.961  0.0000E+00  0.2560E+03
      5.979  0.0000E+00  0.2560E+03
      5.997  0.0000E+00  0.2560E+03
      6.016  0.0000E+00  0.2560E+03
      6.034  0.0000E+00  0.2560E+03
      6.052  0.0000E+00  0.2560E+03
      6.070  0.0000E+00  0.2560E+03
      6.088  0.0000E+00  0.2560E+03
      6.106  0.0000E+00  0.2560E+03
      6.125  0.0000E+00  0.2560E+03
      6.143  0.0000E+00  0.2560E+03
      6.161  0.0000E+00  0.2560E+03
      6.179  0.0000E+00  0.2560E+03
      6.197  0.0000E+00  0.2560E+03
      6.216  0.0000E+00  0.2560E+03
      6.234  0.0000E+00  0.2560E+03
      6.252  0.0000E+00  0.2560E+03
      6.270  0.0000E+00  0.2560E+03
      6.288  0.0000E+00  0.2560E+03
      6.306  0.0000E+00  0.2560E+03
      6.325  0.0000E+00  0.2560E+03
      6.343  0.0000E+00  0.2560E+03
      6.361  0.0000E+00  0.2560E+03
      6.379  0.0000E+00  0.2560E+03
      6.397  0.0000E+00  0.2560E+03
      6.415  0.0000E+00  0.2560E+03
      6.434  0.0000E+00  0.2560E+03
      6.452  0.0000E+00  0.2560E+03
      6.470  0.0000E+00  0.2560E+03
      6.488  0.0000E+00  0.2560E+03
      6.506  0.0000E+00  0.2560E+03
      6.524  0.0000E+00  0.2560E+03
      6.543  0.0000E+00  0.2560E+03
      6.561  0.0000E+00  0.2560E+03
      6.579  0.0000E+00  0.2560E+03
      6.597  0.0000E+00  0.2560E+03
      6.615  0.0000E+00  0.2560E+03
      6.633  0.0000E+00  0.2560E+03
      6.652  0.0000E+00  0.2560E+03
      6.670  0.0000E+00  0.2560E+03
      6.688  0.0000E+00  0.2560E+03
      6.706  0.0000E+00  0.2560E+03
      6.724  0.0000E+00  0.2560E+03
      6.742  0.0000E+00  0.2560E+03
      6.761  0.0000E+00  0.2560E+03
      6.779  0.0000E+00  0.2560E+03
      6.797  0.0000E+00  0.2560E+03
      6.815  0.0000E+00  0.2560E+03
      6.833  0.0000E+00  0.2560E+03
      6.851  0.0000E+00  0.2560E+03
      6.870  0.0000E+00  0.2560E+03
      6.888  0.0000E+00  0.2560E+03
      6.906  0.0000E+00  0.2560E+03
      6.924  0.0000E+00  0.2560E+03
      6.942  0.0000E+00  0.2560E+03
      6.960  0.0000E+00  0.2560E+03
      6.979  0.0000E+00  0.2560E+03
      6.997  0.0000E+00  0.2560E+03
      7.015  0.0000E+00  0.2560E+03
      7.033  0.0000E+00  0.2560E+03
      7.051  0.0000E+00  0.2560E+03
      7.070  0.0000E+00  0.2560E+03
      7.088  0.0000E+00  0.2560E+03
      7.106  0.0000E+00  0.2560E+03
      7.124  0.0000E+00  0.2560E+03
      7.142  0.0000E+00  0.2560E+03
      7.160  0.0000E+00  0.2560E+03
      7.179  0.0000E+00  0.2560E+03
      7.197  0.0000E+00  0.2560E+03
      7.215  0.0000E+00  0.2560E+03
      7.233  0.0000E+00  0.2560E+03
      7.251  0.0000E+00  0.2560E+03
      7.269  0.0000E+00  0.2560E+03
      7.288  0.0000E+00  0.2560E+03
      7.306  0.0000E+00  0.2560E+03
      7.324  0.0000E+00  0.2560E+03
      7.342  0.0000E+00  0.2560E+03
      7.360  0.0000E+00  0.2560E+03
      7.378  0.0000E+00  0.2560E+03
      7.397  0.0000E+00  0.2560E+03
      7.415  0.0000E+00  0.2560E+03
      7.433  0.0000E+00  0.2560E+03
      7.451  0.0000E+00  0.2560E+03
      7.469  0.0000E+00  0.2560E+03
      7.487  0.0000E+00  0.2560E+03
      7.506  0.0000E+00  0.2560E+03
      7.524  0.0000E+00  0.2560E+03
      7.542  0.0000E+00  0.2560E+03
      7.560  0.0000E+00  0.2560E+03
      7.578  0.0000E+00  0.2560E+03
      7.596  0.0000E+00  0.2560E+03
      7.615  0.0000E+00  0.2560E+03
      7.633  0.0000E+00  0.2560E+03
      7.651  0.0000E+00  0.2560E+03
      7.669  0.0000E+00  0.2560E+03
      7.687  0.0000E+00  0.2560E+03
      7.705  0.0000E+00  0.2560E+03
      7.724  0.0000E+00  0.2560E+03
      7.742  0.0000E+00  0.2560E+03
      7.760  0.0000E+00  0.2560E+03
      7.778  0.0000E+00  0.2560E+03
      7.796  0.0000E+00  0.2560E+03
      7.815  0.0000E+00  0.2560E+03
      7.833  0.0000E+00  0.2560E+03
      7.851  0.0000E+00  0.2560E+03
      7.869  0.0000E+00  0.2560E+03
      7.887  0.0000E+00  0.2560E+03
      7.905  0.0000E+00  0.2560E+03
      7.924  0.0000E+00  0.2560E+03
      7.942  0.0000E+00  0.2560E+03
      7.960  0.0000E+00  0.2560E+03
      7.978  0.0000E+00  0.2560E+03
      7.996  0.0000E+00  0.2560E+03
      8.014  0.0000E+00  0.2560E+03
      8.033  0.0000E+00  0.2560E+03
      8.051  0.0000E+00  0.2560E+03
      8.069  0.0000E+00  0.2560E+03
      8.087  0.0000E+00  0.2560E+03
      8.105  0.0000E+00  0.2560E+03
      8.123  0.0000E+00  0.2560E+03
      8.142  0.0000E+00  0.2560E+03
      8.160  0.0000E+00  0.2560E+03
      8.178  0.0000E+00  0.2560E+03
      8.196  0.0000E+00  0.2560E+03
      8.214  0.0000E+00  0.2560E+03
      8.232  0.0000E+00  0.2560E+03
      8.251  0.0000E+00  0.2560E+03
      8.269  0.0000E+00  0.2560E+03
      8.287  0.0000E+00  0.2560E+03
      8.305  0.0000E+00  0.2560E+03
      8.323  0.0000E+00  0.2560E+03
      8.341  0.0000E+00  0.2560E+03
      8.360  0.0000E+00  0.2560E+03
      8.378  0.0000E+00  0.2560E+03
      8.396  0.0000E+00  0.2560E+03
      8.414  0.0000E+00  0.2560E+03
      8.432  0.0000E+00  0.2560E+03
      8.450  0.0000E+00  0.2560E+03
      8.469  0.0000E+00  0.2560E+03
      8.487  0.0000E+00  0.2560E+03
      8.505  0.0000E+00  0.2560E+03
      8.523  0.0000E+00  0.2560E+03
      8.541  0.0000E+00  0.2560E+03
      8.559  0.0000E+00  0.2560E+03
      8.578  0.0000E+00  0.2560E+03
      8.596  0.0000E+00  0.2560E+03
      8.614  0.0000E+00  0.2560E+03
      8.632  0.0000E+00  0.2560E+03
      8.650  0.0000E+00  0.2560E+03
      8.669  0.0000E+00  0.2560E+03
      8.687  0.0000E+00  0.2560E+03
      8.705  0.0000E+00  0.2560E+03
      8.723  0.0000E+00  0.2560E+03
      8.741  0.0000E+00  0.2560E+03
      8.759  0.0000E+00  0.2560E+03
      8.778  0.0000E+00  0.2560E+03
      8.796  0.0000E+00  0.2560E+03
      8.814  0.0000E+00  0.2560E+03
      8.832  0.0000E+00  0.2560E+03
      8.850  0.0000E+00  0.2560E+03
      8.868  0.0000E+00  0.2560E+03
      8.887  0.0000E+00  0.2560E+03
      8.905  0.0000E+00  0.2560E+03
      8.923  0.0000E+00  0.2560E+03
      8.941  0.0000E+00  0.2560E+03
      8.959  0.0000E+00  0.2560E+03
      8.977  0.0000E+00  0.2560E+03
      8.996  0.0000E+00  0.2560E+03
      9.014  0.0000E+00  0.2560E+03
      9.032  0.0000E+00  0.2560E+03
      9.050  0.0000E+00  0.2560E+03
      9.068  0.0000E+00  0.2560E+03
      9.086  0.0000E+00  0.2560E+03
      9.105  0.0000E+00  0.2560E+03
      9.123  0.0000E+00  0.2560E+03
      9.141  0.0000E+00  0.2560E+03
      9.159  0.0000E+00  0.2560E+03
      9.177  0.0000E+00  0.2560E+03
      9.195  0.0000E+00  0.2560E+03
      9.214  0.0000E+00  0.2560E+03
      9.232  0.0000E+00  0.2560E+03
      9.250  0.0000E+00  0.2560E+03
      9.268  0.0000E+00  0.2560E+03
      9.286  0.0000E+00  0.2560E+03
      9.304  0.0000E+00  0.2560E+03
      9.323  0.0000E+00  0.2560E+03
      9.341  0.0000E+00  0.2560E+03
      9.359  0.0000E+00  0.2560E+03
      9.377  0.0000E+00  0.2560E+03
      9.395  0.0000E+00  0.2560E+03
      9.413  0.0000E+00  0.2560E+03
      9.432  0.0000E+00  0.2560E+03
      9.450  0.0000E+00  0.2560E+03
      9.468  0.0000E+00  0.2560E+03
      9.486  0.0000E+00  0.2560E+03
      9.504  0.0000E+00  0.2560E+03
      9.523  0.0000E+00  0.2560E+03
      9.541  0.0000E+00  0.2560E+03
      9.559  0.0000E+00  0.2560E+03
      9.577  0.0000E+00  0.2560E+03
      9.595  0.0000E+00  0.2560E+03
      9.613  0.0000E+00  0.2560E+03
      9.632  0.0000E+00  0.2560E+03
      9.650  0.0000E+00  0.2560E+03
      9.668  0.0000E+00  0.2560E+03
      9.686  0.0000E+00  0.2560E+03
      9.704  0.0000E+00  0.2560E+03
      9.722  0.0000E+00  0.2560E+03
      9.741  0.0000E+00  0.2560E+03
      9.759  0.0000E+00  0.2560E+03
      9.777  0.0000E+00  0.2560E+03
      9.795  0.0000E+00  0.2560E+03
      9.813  0.0000E+00  0.2560E+03
      9.831  0.0000E+00  0.2560E+03
      9.850  0.0000E+00  0.2560E+03
      9.868  0.0000E+00  0.2560E+03
      9.886  0.0000E+00  0.2560E+03
      9.904  0.0000E+00  0.2560E+03
      9.922  0.0000E+00  0.2560E+03
      9.940  0.0000E+00  0.2560E+03
      9.959  0.0000E+00  0.2560E+03
      9.977  0.0000E+00  0.2560E+03
      9.995  0.0000E+00  0.2560E+03
     10.013  0.0000E+00  0.2560E+03
     10.031  0.0000E+00  0.2560E+03
     10.049  0.0000E+00  0.2560E+03
     10.068  0.0000E+00  0.2560E+03
     10.086  0.0000E+00  0.2560E+03
     10.104  0.0000E+00  0.2560E+03
     10.122  0.0000E+00  0.2560E+03
     10.140  0.0000E+00  0.2560E+03
     10.158  0.4006E-05  0.2560E+03
     10.177  0.3598E-03  0.2560E+03
     10.195  0.1292E-02  0.2560E+03
     10.213  0.2799E-02  0.2560E+03
     10.231  0.4882E-02  0.2560E+03
     10.249  0.7542E-02  0.2560E+03
     10.268  0.1078E-01  0.2560E+03
     10.286  0.1459E-01  0.2560E+03
     10.304  0.1897E-01  0.2560E+03
     10.322  0.2394E-01  0.2560E+03
     10.340  0.2948E-01  0.2560E+03
     10.358  0.3559E-01  0.2560E+03
     10.377  0.4228E-01  0.2560E+03
     10.395  0.4955E-01  0.2560E+03
     10.413  0.5739E-01  0.2560E+03
     10.431  0.6580E-01  0.2560E+03
     10.449  0.7480E-01  0.2560E+03
     10.467  0.8437E-01  0.2560E+03
     10.486  0.9451E-01  0.2560E+03
     10.504  0.1052E+00  0.2560E+03
     10.522  0.1165E+00  0.2560E+03
     10.540  0.1284E+00  0.2560E+03
     10.558  0.1409E+00  0.2560E+03
     10.576  0.1539E+00  0.2560E+03
     10.595  0.1675E+00  0.2560E+03
     10.613  0.1817E+00  0.2560E+03
     10.631  0.1964E+00  0.2560E+03
     10.649  0.2117E+00  0.2560E+03
     10.667  0.2276E+00  0.2560E+03
     10.685  0.2441E+00  0.2560E+03
     10.704  0.2612E+00  0.2560E+03
     10.722  0.2788E+00  0.2561E+03
     10.740  0.2970E+00  0.2561E+03
     10.758  0.3158E+00  0.2561E+03
     10.776  0.3351E+00  0.2561E+03
     10.794  0.3551E+00  0.2561E+03
     10.813  0.3756E+00  0.2561E+03
     10.831  0.3967E+00  0.2561E+03
     10.849  0.4183E+00  0.2561E+03
     10.867  0.4406E+00  0.2561E+03
     10.885  0.4634E+00  0.2561E+03
     10.903  0.4868E+00  0.2561E+03
     10.922  0.5107E+00  0.2561E+03
     10.940  0.5353E+00  0.2561E+03
     10.958  0.5604E+00  0.2561E+03
     10.976  0.5861E+00  0.2562E+03
     10.994  0.6124E+00  0.2562E+03
     11.012  0.6392E+00  0.2562E+03
     11.031  0.6666E+00  0.2562E+03
     11.049  0.6946E+00  0.2562E+03
     11.067  0.7232E+00  0.2562E+03
     11.085  0.7523E+00  0.2562E+03
     11.103  0.7821E+00  0.2562E+03
     11.122  0.8124E+00  0.2563E+03
     11.140  0.8432E+00  0.2563E+03
     11.158  0.8747E+00  0.2563E+03
     11.176  0.9067E+00  0.2563E+03
     11.194  0.9393E+00  0.2563E+03
     11.212  0.9725E+00  0.2563E+03
     11.231  0.1006E+01  0.2564E+03
     11.249  0.1041E+01  0.2564E+03
     11.267  0.1075E+01  0.2564E+03
     11.285  0.1111E+01  0.2564E+03
     11.303  0.1147E+01  0.2564E+03
     11.321  0.1205E+01  0.2565E+03
     11.340  0.1263E+01  0.2565E+03
     11.358  0.1319E+01  0.2565E+03
     11.376  0.1372E+01  0.2565E+03
     11.394  0.1423E+01  0.2566E+03
     11.412  0.1471E+01  0.2566E+03
     11.430  0.1517E+01  0.2566E+03
     11.449  0.1561E+01  0.2566E+03
     11.467  0.1696E+01  0.2567E+03
     11.485  0.1880E+01  0.2567E+03
     11.503  0.2058E+01  0.2567E+03
     11.521  0.2228E+01  0.2568E+03
     11.539  0.2392E+01  0.2568E+03
     11.558  0.2549E+01  0.2569E+03
     11.576  0.2699E+01  0.2569E+03
     11.594  0.2843E+01  0.2570E+03
     11.612  0.2979E+01  0.2570E+03
     11.630  0.3109E+01  0.2571E+03
     11.648  0.3231E+01  0.2571E+03
     11.667  0.3347E+01  0.2572E+03
     11.685  0.3456E+01  0.2572E+03
     11.703  0.3559E+01  0.2573E+03
     11.721  0.3654E+01  0.2574E+03
     11.739  0.3743E+01  0.2574E+03
     11.757  0.3824E+01  0.2575E+03
     11.776  0.3899E+01  0.2576E+03
     11.794  0.3967E+01  0.2577E+03
     11.812  0.4028E+01  0.2577E+03
     11.830  0.4083E+01  0.2578E+03
     11.848  0.4130E+01  0.2579E+03
     11.867  0.4171E+01  0.2579E+03
     11.885  0.4205E+01  0.2580E+03
     11.903  0.4232E+01  0.2581E+03
     11.921  0.4252E+01  0.2582E+03
     11.939  0.4265E+01  0.2583E+03
     11.957  0.4271E+01  0.2583E+03
     11.976  0.4271E+01  0.2584E+03
     11.994  0.4264E+01  0.2585E+03
     12.012  0.4250E+01  0.2586E+03
     12.030  0.4229E+01  0.2586E+03
     12.048  0.4201E+01  0.2587E+03
     12.066  0.4166E+01  0.2588E+03
     12.085  0.4125E+01  0.2589E+03
     12.103  0.4076E+01  0.2589E+03
     12.121  0.3961E+01  0.2590E+03
     12.139  0.3801E+01  0.2591E+03
     12.157  0.3645E+01  0.2592E+03
     12.175  0.3450E+01  0.2592E+03
     12.194  0.3296E+01  0.2593E+03
     12.212  0.3157E+01  0.2593E+03
     12.230  0.3026E+01  0.2594E+03
     12.248  0.2904E+01  0.2595E+03
     12.266  0.2790E+01  0.2595E+03
     12.284  0.2685E+01  0.2596E+03
     12.303  0.2588E+01  0.2596E+03
     12.321  0.2500E+01  0.2596E+03
     12.339  0.2420E+01  0.2597E+03
     12.357  0.2349E+01  0.2597E+03
     12.375  0.2420E+01  0.2598E+03
     12.393  0.2578E+01  0.2598E+03
     12.412  0.2722E+01  0.2599E+03
     12.430  0.2851E+01  0.2599E+03
     12.448  0.2965E+01  0.2600E+03
     12.466  0.3063E+01  0.2600E+03
     12.484  0.3141E+01  0.2601E+03
     12.502  0.3195E+01  0.2601E+03
     12.521  0.3227E+01  0.2602E+03
     12.539  0.3243E+01  0.2603E+03
     12.557  0.3257E+01  0.2603E+03
     12.575  0.3271E+01  0.2604E+03
     12.593  0.3284E+01  0.2604E+03
     12.611  0.3296E+01  0.2605E+03
     12.630  0.3309E+01  0.2606E+03
     12.648  0.3325E+01  0.2606E+03
     12.666  0.3344E+01  0.2607E+03
     12.684  0.3365E+01  0.2607E+03
     12.702  0.3390E+01  0.2608E+03
     12.721  0.3417E+01  0.2609E+03
     12.739  0.3447E+01  0.2609E+03
     12.757  0.3480E+01  0.2610E+03
     12.775  0.3516E+01  0.2611E+03
     12.793  0.3555E+01  0.2611E+03
     12.811  0.3597E+01  0.2612E+03
     12.830  0.3641E+01  0.2612E+03
     12.848  0.3691E+01  0.2613E+03
     12.866  0.3745E+01  0.2614E+03
     12.884  0.3803E+01  0.2615E+03
     12.902  0.3867E+01  0.2615E+03
     12.920  0.3936E+01  0.2616E+03
     12.939  0.4009E+01  0.2617E+03
     12.957  0.4087E+01  0.2617E+03
     12.975  0.4170E+01  0.2618E+03
     12.993  0.4258E+01  0.2619E+03
     13.011  0.4351E+01  0.2620E+03
     13.029  0.4448E+01  0.2620E+03
     13.048  0.4551E+01  0.2621E+03
     13.066  0.4658E+01  0.2622E+03
     13.084  0.4770E+01  0.2623E+03
     13.102  0.4887E+01  0.2624E+03
     13.120  0.5009E+01  0.2625E+03
     13.138  0.5135E+01  0.2626E+03
     13.157  0.5267E+01  0.2627E+03
     13.175  0.5403E+01  0.2628E+03
     13.193  0.5544E+01  0.2629E+03
     13.211  0.5690E+01  0.2630E+03
     13.229  0.5840E+01  0.2631E+03
     13.247  0.5994E+01  0.2632E+03
     13.266  0.6151E+01  0.2633E+03
     13.284  0.6312E+01  0.2634E+03
     13.302  0.6477E+01  0.2635E+03
     13.320  0.6646E+01  0.2636E+03
     13.338  0.6819E+01  0.2638E+03
     13.356  0.6995E+01  0.2639E+03
     13.375  0.7175E+01  0.2640E+03
     13.393  0.7357E+01  0.2641E+03
     13.411  0.7544E+01  0.2643E+03
     13.429  0.7734E+01  0.2644E+03
     13.447  0.7927E+01  0.2646E+03
     13.465  0.8125E+01  0.2647E+03
     13.484  0.8327E+01  0.2649E+03
     13.502  0.8532E+01  0.2650E+03
     13.520  0.8741E+01  0.2652E+03
     13.538  0.8954E+01  0.2653E+03
     13.556  0.9171E+01  0.2655E+03
     13.575  0.9391E+01  0.2657E+03
     13.593  0.9616E+01  0.2658E+03
     13.611  0.9855E+01  0.2660E+03
     13.629  0.1014E+02  0.2662E+03
     13.647  0.1048E+02  0.2664E+03
     13.665  0.1090E+02  0.2666E+03
     13.684  0.1140E+02  0.2668E+03
     13.702  0.1197E+02  0.2670E+03
     13.720  0.1263E+02  0.2672E+03
     13.738  0.1343E+02  0.2674E+03
     13.756  0.1530E+02  0.2677E+03
     13.774  0.1773E+02  0.2680E+03
     13.793  0.2092E+02  0.2684E+03
     13.811  0.2391E+02  0.2688E+03
     13.829  0.2620E+02  0.2692E+03
     13.847  0.2778E+02  0.2697E+03
     13.865  0.2901E+02  0.2702E+03
     13.883  0.3081E+02  0.2708E+03
     13.902  0.3125E+02  0.2713E+03
     13.920  0.3373E+02  0.2719E+03
     13.938  0.3760E+02  0.2726E+03
     13.956  0.3789E+02  0.2733E+03
     13.974  0.3563E+02  0.2739E+03
     13.992  0.3203E+02  0.2746E+03
     14.011  0.2619E+02  0.2751E+03
     14.029  0.1818E+02  0.2755E+03
     14.047  0.1097E+02  0.2757E+03
     14.065  0.1317E+02  0.2760E+03
     14.083  0.1626E+02  0.2762E+03
     14.101  0.1601E+02  0.2765E+03
     14.120  0.1242E+02  0.2768E+03
     14.138  0.9291E+01  0.2770E+03
     14.156  0.8935E+01  0.2771E+03
     14.174  0.8642E+01  0.2773E+03
     14.192  0.8470E+01  0.2775E+03
     14.210  0.8299E+01  0.2776E+03
     14.229  0.8129E+01  0.2778E+03
     14.247  0.7960E+01  0.2779E+03
     14.265  0.7794E+01  0.2780E+03
     14.283  0.7628E+01  0.2782E+03
     14.301  0.7682E+01  0.2783E+03
     14.320  0.7868E+01  0.2785E+03
     14.338  0.8167E+01  0.2786E+03
     14.356  0.8461E+01  0.2788E+03
     14.374  0.8837E+01  0.2789E+03
     14.392  0.9234E+01  0.2791E+03
     14.410  0.9614E+01  0.2793E+03
     14.429  0.9977E+01  0.2794E+03
     14.447  0.1032E+02  0.2796E+03
     14.465  0.1065E+02  0.2798E+03
     14.483  0.1097E+02  0.2800E+03
     14.501  0.1126E+02  0.2802E+03
     14.519  0.1166E+02  0.2804E+03
     14.538  0.1208E+02  0.2806E+03
     14.556  0.1249E+02  0.2809E+03
     14.574  0.1287E+02  0.2811E+03
     14.592  0.1323E+02  0.2813E+03
     14.610  0.1357E+02  0.2816E+03
     14.628  0.1389E+02  0.2818E+03
     14.647  0.1419E+02  0.2821E+03
     14.665  0.1448E+02  0.2823E+03
     14.683  0.1475E+02  0.2826E+03
     14.701  0.1501E+02  0.2829E+03
     14.719  0.1525E+02  0.2831E+03
     14.737  0.1548E+02  0.2834E+03
     14.756  0.1569E+02  0.2837E+03
     14.774  0.1589E+02  0.2840E+03
     14.792  0.1608E+02  0.2843E+03
     14.810  0.1625E+02  0.2846E+03
     14.828  0.1641E+02  0.2849E+03
     14.846  0.1655E+02  0.2852E+03
     14.865  0.1668E+02  0.2855E+03
     14.883  0.1679E+02  0.2858E+03
     14.901  0.1689E+02  0.2861E+03
     14.919  0.1698E+02  0.2864E+03
     14.937  0.1705E+02  0.2867E+03
     14.955  0.1711E+02  0.2870E+03
     14.974  0.1715E+02  0.2873E+03
     14.992  0.1718E+02  0.2876E+03
     15.010  0.1719E+02  0.2879E+03
     15.028  0.1719E+02  0.2883E+03
     15.046  0.1796E+02  0.2886E+03
     15.064  0.1891E+02  0.2889E+03
     15.083  0.1973E+02  0.2893E+03
     15.101  0.2043E+02  0.2896E+03
     15.119  0.2096E+02  0.2900E+03
     15.137  0.2133E+02  0.2904E+03
     15.155  0.2151E+02  0.2908E+03
     15.174  0.2150E+02  0.2912E+03
     15.192  0.2129E+02  0.2916E+03
     15.210  0.1969E+02  0.2919E+03
     15.228  0.1728E+02  0.2923E+03
     15.246  0.1624E+02  0.2926E+03
     15.264  0.1452E+02  0.2928E+03
     15.283  0.1344E+02  0.2931E+03
     15.301  0.1246E+02  0.2933E+03
     15.319  0.1246E+02  0.2936E+03
     15.337  0.1275E+02  0.2938E+03
     15.355  0.1342E+02  0.2940E+03
     15.373  0.1444E+02  0.2943E+03
     15.392  0.1578E+02  0.2946E+03
     15.410  0.1716E+02  0.2949E+03
     15.428  0.1913E+02  0.2952E+03
     15.446  0.2155E+02  0.2956E+03
     15.464  0.2450E+02  0.2960E+03
     15.482  0.2745E+02  0.2964E+03
     15.501  0.3004E+02  0.2970E+03
     15.519  0.3181E+02  0.2975E+03
     15.537  0.3267E+02  0.2981E+03
     15.555  0.3242E+02  0.2987E+03
     15.573  0.3093E+02  0.2993E+03
     15.591  0.2879E+02  0.2998E+03
     15.610  0.2896E+02  0.3003E+03
     15.628  0.2844E+02  0.3009E+03
     15.646  0.2702E+02  0.3014E+03
     15.664  0.2469E+02  0.3018E+03
     15.682  0.2395E+02  0.3023E+03
     15.700  0.2280E+02  0.3027E+03
     15.719  0.2108E+02  0.3031E+03
     15.737  0.2080E+02  0.3035E+03
     15.755  0.2082E+02  0.3039E+03
     15.773  0.2223E+02  0.3043E+03
     15.791  0.2208E+02  0.3047E+03
     15.809  0.2158E+02  0.3051E+03
     15.828  0.2092E+02  0.3055E+03
     15.846  0.1900E+02  0.3058E+03
     15.864  0.1581E+02  0.3061E+03
     15.882  0.1546E+02  0.3064E+03
     15.900  0.2789E+02  0.3068E+03
     15.919  0.2638E+02  0.3073E+03
     15.937  0.1114E+02  0.3076E+03
     15.955  0.1325E+02  0.3078E+03
     15.973  0.1728E+02  0.3081E+03
     15.991  0.1851E+02  0.3085E+03
     16.009  0.1696E+02  0.3088E+03
     16.028  0.1262E+02  0.3091E+03
     16.046  0.8453E+01  0.3092E+03
     16.064  0.9160E+01  0.3094E+03
     16.082  0.9860E+01  0.3096E+03
     16.100  0.1056E+02  0.3098E+03
     16.118  0.1126E+02  0.3100E+03
     16.137  0.1197E+02  0.3102E+03
     16.155  0.1268E+02  0.3104E+03
     16.173  0.1337E+02  0.3106E+03
     16.191  0.1390E+02  0.3109E+03
     16.209  0.1439E+02  0.3111E+03
     16.227  0.1485E+02  0.3114E+03
     16.246  0.1525E+02  0.3117E+03
     16.264  0.1559E+02  0.3119E+03
     16.282  0.1596E+02  0.3122E+03
     16.300  0.1637E+02  0.3125E+03
     16.318  0.1680E+02  0.3128E+03
     16.336  0.1720E+02  0.3131E+03
     16.355  0.1689E+02  0.3134E+03
     16.373  0.1645E+02  0.3138E+03
     16.391  0.1590E+02  0.3140E+03
     16.409  0.1523E+02  0.3143E+03
     16.427  0.1443E+02  0.3146E+03
     16.445  0.1351E+02  0.3149E+03
     16.464  0.1253E+02  0.3151E+03
     16.482  0.1215E+02  0.3153E+03
     16.500  0.1167E+02  0.3155E+03
     16.518  0.1108E+02  0.3157E+03
     16.536  0.1063E+02  0.3159E+03
     16.554  0.1033E+02  0.3161E+03
     16.573  0.9949E+01  0.3163E+03
     16.591  0.9484E+01  0.3165E+03
     16.609  0.9340E+01  0.3167E+03
     16.627  0.9467E+01  0.3168E+03
     16.645  0.9559E+01  0.3170E+03
     16.663  0.9616E+01  0.3172E+03
     16.682  0.9639E+01  0.3173E+03
     16.700  0.9627E+01  0.3175E+03
     16.718  0.9580E+01  0.3177E+03
     16.736  0.9498E+01  0.3179E+03
     16.754  0.9249E+01  0.3180E+03
     16.773  0.8717E+01  0.3182E+03
     16.791  0.8225E+01  0.3184E+03
     16.809  0.7771E+01  0.3185E+03
     16.827  0.7358E+01  0.3186E+03
     16.845  0.6908E+01  0.3188E+03
     16.863  0.6385E+01  0.3189E+03
     16.882  0.5939E+01  0.3190E+03
     16.900  0.5692E+01  0.3191E+03
     16.918  0.6555E+01  0.3192E+03
     16.936  0.7322E+01  0.3193E+03
     16.954  0.7976E+01  0.3195E+03
     16.972  0.8516E+01  0.3196E+03
     16.991  0.8943E+01  0.3198E+03
     17.009  0.9257E+01  0.3200E+03
     17.027  0.9227E+01  0.3201E+03
     17.045  0.9060E+01  0.3203E+03
     17.063  0.8760E+01  0.3205E+03
     17.081  0.8325E+01  0.3206E+03
     17.100  0.7760E+01  0.3208E+03
     17.118  0.7108E+01  0.3209E+03
     17.136  0.6381E+01  0.3210E+03
     17.154  0.5698E+01  0.3211E+03
     17.172  0.5169E+01  0.3212E+03
     17.190  0.4694E+01  0.3213E+03
     17.209  0.4271E+01  0.3214E+03
     17.227  0.3902E+01  0.3215E+03
     17.245  0.3587E+01  0.3215E+03
     17.263  0.3319E+01  0.3216E+03
     17.281  0.3061E+01  0.3217E+03
     17.299  0.2805E+01  0.3217E+03
     17.318  0.2550E+01  0.3218E+03
     17.336  0.2298E+01  0.3218E+03
     17.354  0.2047E+01  0.3218E+03
     17.372  0.1798E+01  0.3219E+03
     17.390  0.1551E+01  0.3219E+03
     17.408  0.1305E+01  0.3219E+03
     17.427  0.1062E+01  0.3220E+03
     17.445  0.8199E+00  0.3220E+03
     17.463  0.5800E+00  0.3220E+03
     17.481  0.3441E+00  0.3220E+03
     17.499  0.1597E+00  0.3220E+03
     17.517  0.4517E-01  0.3220E+03
     17.536  0.6505E-03  0.3220E+03
     17.554  0.0000E+00  0.3220E+03
     17.572  0.0000E+00  0.3220E+03
     17.590  0.0000E+00  0.3220E+03
     17.608  0.0000E+00  0.3220E+03
     17.627  0.0000E+00  0.3220E+03
     17.645  0.0000E+00  0.3220E+03
     17.663  0.0000E+00  0.3220E+03
     17.681  0.0000E+00  0.3220E+03
     17.699  0.0000E+00  0.3220E+03
     17.717  0.0000E+00  0.3220E+03
     17.736  0.0000E+00  0.3220E+03
     17.754  0.0000E+00  0.3220E+03
     17.772  0.0000E+00  0.3220E+03
     17.790  0.0000E+00  0.3220E+03
     17.808  0.0000E+00  0.3220E+03
     17.826  0.0000E+00  0.3220E+03
     17.845  0.0000E+00  0.3220E+03
     17.863  0.0000E+00  0.3220E+03
     17.881  0.0000E+00  0.3220E+03
     17.899  0.0000E+00  0.3220E+03
     17.917  0.0000E+00  0.3220E+03
     17.935  0.0000E+00  0.3220E+03
     17.954  0.0000E+00  0.3220E+03
     17.972  0.0000E+00  0.3220E+03
     17.990  0.0000E+00  0.3220E+03
     18.008  0.0000E+00  0.3220E+03
     18.026  0.0000E+00  0.3220E+03
     18.044  0.0000E+00  0.3220E+03
     18.063  0.0000E+00  0.3220E+03
     18.081  0.0000E+00  0.3220E+03
     18.099  0.0000E+00  0.3220E+03
     18.117  0.0000E+00  0.3220E+03
     18.135  0.0000E+00  0.3220E+03
     18.153  0.0000E+00  0.3220E+03
     18.172  0.0000E+00  0.3220E+03
     18.190  0.0000E+00  0.3220E+03
     18.208  0.0000E+00  0.3220E+03
     18.226  0.0000E+00  0.3220E+03
     18.244  0.0000E+00  0.3220E+03
     18.262  0.0000E+00  0.3220E+03
     18.281  0.0000E+00  0.3220E+03
     18.299  0.0000E+00  0.3220E+03
     18.317  0.0000E+00  0.3220E+03
     18.335  0.0000E+00  0.3220E+03
     18.353  0.0000E+00  0.3220E+03
     18.372  0.0000E+00  0.3220E+03
     18.390  0.0000E+00  0.3220E+03
     18.408  0.0000E+00  0.3220E+03
     18.426  0.0000E+00  0.3220E+03
     18.444  0.0000E+00  0.3220E+03
     18.462  0.0000E+00  0.3220E+03
     18.481  0.0000E+00  0.3220E+03
     18.499  0.0000E+00  0.3220E+03
     18.517  0.0000E+00  0.3220E+03
     18.535  0.0000E+00  0.3220E+03
     18.553  0.0000E+00  0.3220E+03
     18.571  0.0000E+00  0.3220E+03
     18.590  0.0000E+00  0.3220E+03
     18.608  0.0000E+00  0.3220E+03
     18.626  0.0000E+00  0.3220E+03
     18.644  0.0000E+00  0.3220E+03
     18.662  0.0000E+00  0.3220E+03
     18.680  0.0000E+00  0.3220E+03
     18.699  0.0000E+00  0.3220E+03
     18.717  0.0000E+00  0.3220E+03
     18.735  0.0000E+00  0.3220E+03
     18.753  0.0000E+00  0.3220E+03
     18.771  0.0000E+00  0.3220E+03
     18.789  0.0000E+00  0.3220E+03
     18.808  0.0000E+00  0.3220E+03
     18.826  0.0000E+00  0.3220E+03
     18.844  0.0000E+00  0.3220E+03
     18.862  0.0000E+00  0.3220E+03
     18.880  0.0000E+00  0.3220E+03
     18.898  0.0000E+00  0.3220E+03
     18.917  0.0000E+00  0.3220E+03
     18.935  0.0000E+00  0.3220E+03
     18.953  0.0000E+00  0.3220E+03
     18.971  0.0000E+00  0.3220E+03
     18.989  0.0000E+00  0.3220E+03
     19.007  0.0000E+00  0.3220E+03
     19.026  0.0000E+00  0.3220E+03
     19.044  0.0000E+00  0.3220E+03
     19.062  0.0000E+00  0.3220E+03
     19.080  0.0000E+00  0.3220E+03
     19.098  0.0000E+00  0.3220E+03
     19.116  0.0000E+00  0.3220E+03
     19.135  0.0000E+00  0.3220E+03
     19.153  0.0000E+00  0.3220E+03
     19.171  0.0000E+00  0.3220E+03
     19.189  0.0000E+00  0.3220E+03


