 X Y Z
  0.7434317149571973  0.4977450598608389  0.4919805369849521
  0.0025018069993874  0.0000879556980553  0.0001657514170674
  0.4982449381026264  0.9999900186777384  1.0001800669159180
  0.0047365804099041  0.5000657498325077 -0.0006216380854499
  0.4956685945002581  0.4999749150050727 -0.0005931629902772
  0.0046740572892508 -0.0001200240210757  0.5000976314814053
  0.4957450612158458 -0.0001460013234518  0.5001129590242989
  0.0341101582725666  0.5002550373561927  0.5008864765045229
  0.4613660030829309  0.5000215451200518  0.5010287282539841
  1.0000064289883985  0.2503307092380105  0.2503295983688315
  0.5001474051496304  0.2502460257345990  0.2503063859793038
  0.0001352403115702  0.7499598953058064  0.2501651596848645
  0.5002515646596769  0.7498220775667827  0.2502156975359474
  0.0000736891267151  0.2501649455369672  0.7500846451610866
  0.5000525808918174  0.2500814648923739  0.7501252990907280
  0.0001698217016863  0.7500592956027528  0.7501807532965417
  0.5001870614710764  0.7499183597027175  0.7501550427819977
  0.2502176078917331 -0.0000081340986250  0.2479280281330382
  0.7503241034363114  0.9997077029948910  0.2459300203082520
  0.2493660484704968  0.5000221869029629  0.2456652270034354
  0.7507873256171396  0.5006765563195182  0.2112638005775444
  0.2502008843855967 -0.0000382534441587  0.7521983636777615
  0.7503044856112835  0.9997301539231838  0.7548210103538859
  0.2493511972127032  0.4999989334713892  0.7546995744968842
  0.7506220641061080  0.5005345302299846  0.7840249171781893
  0.2501642835784819  0.2478153202274188  1.0001443387999629
  0.7502473716088346  0.2457704065072928  0.9992729760312601
  0.2502615314749037  0.7521432422149578  1.0001137255581465
  0.7503388482768026  0.7546451364828390  0.9992911635052529
  0.2492960512570722  0.2454939162497170  0.5000934296812144
  0.7506144450818595  0.2129341767568881  0.5013356566016861
  0.2493507415597162  0.7543723328837100  0.5000708168597149
  0.7508261187295060  0.7854797844817420  0.5012167225663992
  0.2505134051439540 -0.0000289219817775  0.0000660588175992
  0.7504723687166582  0.0002774951367151  0.0004735203886957
  0.2502528784274259  0.4998805928547711  1.0001216539813520
  0.7502194682599582  0.4999001122001893 -0.0017269870566001
  0.2502477708553021  0.9998516629253154  0.5000084975939948
  0.7503610720732151  0.9995538500035100  0.4998355152049820
  0.2484231367102736  0.4999438502413081  0.4999246603992146
  0.2501145998088166  0.2530747645009968  0.2532427922364727
  0.7499444062740427  0.2644951904818079  0.2643070313868492
  0.2502541442513275  0.7468993995958971  0.2532831995774065
  0.7501074107775184  0.7368928309879218  0.2629397610973235
  0.2501119040669252  0.2530155985724979  0.7469473447633072
  0.7499520931196537  0.2622316490965729  0.7378067692363328
  0.2502526501522034  0.7468918732466642  0.7468449814568484
  0.7501039351653356  0.7387606582668189  0.7387682034773186
  0.9969850940888568  0.0001757134575173  0.2532282877523353
  0.5037072538151107  1.0000382064282827  0.2534590361682664
  0.9875242955179986  0.5002334527514944  0.2621939846913606
  0.5130304558290171  0.5000752992074163  0.2632869782577222
  0.9971592538108506  0.0001220271185796  0.7469728418147240
  0.5034985198427376  0.9999873490596036  0.7467530484066142
  0.9884550948333219  0.5001808554576255  0.7387064224964179
  0.5119717945424099  0.5000071508669097  0.7377112557464639
  0.9969551043742997  0.2530893158811487  0.0002709640351419
  0.5035749908867084  0.2530887707022973  1.0002841146732944
  0.9972537033564121  0.7470369165640680  0.0002236548430269
  0.5035020976072822  0.7468141666775504  1.0002291978176718
  0.9876652265065379  0.2622303865898505  0.5002817000273053
  0.5126198878912185  0.2630072693211255  0.5002614093919477
  0.9878477005091244  0.7380216519001812  0.5002222299013058
  0.5131424673564354  0.7365158399974411  0.5002021686768957

