 X Y Z
  0.7294554817606272  0.5209075583878059  0.4994674362906184
  0.0014712790708634  0.0003845585587783  0.9997318095725466
  0.4990906097826349  0.9982433404630989  0.0003272689885636
  0.0075304098220333  0.5002145051868311  0.9986479757588265
  0.4937474303029371  0.4993216430084522  0.0012888305544625
  0.0080843509265334  0.0077835257159271  0.4999509484258274
  0.4953392022146996  0.9946744885504144  0.5001780317731708
  0.0148148825794034  0.5110720137846341  0.4970890030802294
  0.4658487401405655  0.4740434189377415  0.5047354784372818
  0.9992001044043878  0.2514806703349248  0.2493074293712450
  0.5006156463750789  0.2497941614553196  0.2518431270171715
  0.0013042334850219  0.7500309847682567  0.2501095727458105
  0.5042471075573886  0.7465732304727357  0.2507607767318764
  0.9984318371722800  0.2507868991949445  0.7506638411007773
  0.4998026664736858  0.2485635865565154  0.7500668855964540
  1.0002483674111566  0.7493478295268418  0.7481895385703710
  0.5034250334692922  0.7458527343520198  0.7493108332222691
  0.2510482669920676 -0.0005285919577570  0.2490808745979034
  0.7502019429668213  0.0025095912770741  0.2429841852749036
  0.2501669909586921  0.4999400962338133  0.2433936519043015
  0.7589671011375534  0.4978672904712633  0.2254650920508867
  0.2504525241872200  0.9988987011109975  0.7509509724767385
  0.7499948974151901  0.9999885123889242  0.7566420242935428
  0.2475058837107808  0.4997606596812992  0.7570763171443414
  0.7516250834269450  0.4913792623517256  0.7739340591305226
  0.2494789327310256  0.2483828473822458  0.0002975221857496
  0.7496598426458220  0.2424700740313342  0.0011126618738577
  0.2517173655027845  0.7508021888365154  0.9997561756969797
  0.7506041176277635  0.7562331943987940  0.9987634829416362
  0.2422933199265031  0.2419590206684716  0.5000565662261325
  0.7389190910794207  0.2354429260252054  0.5029275523852149
  0.2555184926257626  0.7547459072534488  0.4998432073549667
  0.7759402722343446  0.7844214950674485  0.4959552761505361
  0.2502715737155771 -0.0004658256483172  1.0000274797707227
  0.7502014188666448 -0.0000813220439714  0.9999029186029136
  0.2500866869591470  0.4996141488389950  0.0001184620590682
  0.7501760853116274  0.4997109346640141  0.9997474553316055
  0.2506581090887136  0.9994775183310566  0.5000177856582655
  0.7507107997245697  0.0063613603356160  0.5000721756840133
  0.2439559184993176  0.4994326992606203  0.4999396128546966
  0.2484043788613954  0.2483720364206229  0.2494912851383777
  0.7512887886820954  0.2419114097391365  0.2405928739839300
  0.2527426929412588  0.7509591128561105  0.2491725587330993
  0.7507397009193794  0.7633926796153485  0.2379861408594135
  0.2476304920675133  0.2480149281840121  0.7508927870572746
  0.7510510737448187  0.2380648143675549  0.7629879578480004
  0.2519071306534965  0.7505052093845419  0.7504524125766732
  0.7504281764905415  0.7592557938626717  0.7578674838800601
  0.0018033190196961  0.0022833832722854  0.2491577678561552
  0.4994597809139266  0.9982376535629719  0.2496122669137110
  0.0121901788419642  0.4988277834720679  0.2367406872193989
  0.4910355418773220  0.4995024997719896  0.2423388710397461
  0.0015082348019110  0.0014962813069600  0.7505488540019304
  0.4990052791136669  0.9973373789946135  0.7508620476554798
  0.0080444642150080  0.4986309004426763  0.7591448150906586
  0.4864581642920644  0.4991328993981938  0.7622636860611803
  0.0008200009497053  0.2489636772486857  0.9999720580651146
  0.4981769194290351  0.2474174381301449  0.0008692794599713
  0.0024653150399129  0.7515964163152289  0.9991096360387529
  0.4996400649926375  0.7502743454013981  0.0000365868673740
  0.9990893595483563  0.2510377471770613  0.5000315139685690
  0.4784935140958330  0.2295400040038795  0.5003568035638223
  0.0206639128460975  0.7716758696876396  0.4997751326468185
  0.5041414153794603  0.7461718991701771  0.5000021945874936

  