 X Y Z
  0.7400447134176116  0.5103020525811194  0.5100851386432883
  0.0010742487539885  0.0000404568448973  0.0000760438239641
  0.4992755784486613  0.9991143400032435  0.9991985034084787
  0.0076822456351387  0.5001843968339434  0.0046068536728273
  0.4933846307786542  0.4999295846895981  0.9964765957949043
  0.0077099568882616  0.0047335568249027  0.5001372720084218
  0.4934649777424091  0.9964493630540484  0.4999885348105602
  0.0178120819646418  0.5074747761862884  0.5074163839066637
  0.4725440886321041  0.4843147693662858  0.4844867565558817
  0.9985847850922185  0.2513920884335464  0.2513142737569135
  0.5002274458279270  0.2513830570125247  0.2513778029183107
  0.9985869756817247  0.7497217242613042  0.2513932435045628
  0.5033341126376156  0.7466354631590556  0.2511969006247944
  0.9985581125203123  0.2514130991034375  0.7496925055821989
  0.5031961184030315  0.2511314841678677  0.7467367784051369
  0.9988220928297419  0.7467776662014307  0.7467195544423318
  0.5031321624823779  0.7468562897660341  0.7469409478022901
  0.2499886168068223  0.0000041179998992  0.2490913282435094
  0.7498646791987575  0.0047400115922926  0.2422198935246553
  0.2452596722423749  0.5001195481700486  0.2422107207046880
  0.7425951255414196  0.5073220864355770  0.2320946714524855
  0.2508883065577159  0.9991195531208216  0.7508105421111273
  0.7500513867178830  0.9965276073141544  0.7565071604855067
  0.2534653285249214  0.4999417996728228  0.7564840161006204
  0.7653533659132468  0.4845001399191592  0.7773513621682638
  0.2499519745130825  0.2489584845335730  0.0000606622758112
  0.7497940423556796  0.2422716303750191  0.0046438806067808
  0.2508830833024589  0.7507503503049791  0.9991843417227009
  0.7500482953429836  0.7565740013351059  0.9965040194587473
  0.2452408066776678  0.2422616681129995  0.5001241343507845
  0.7424736874984591  0.2322799098905391  0.5074041772936968
  0.2535575052103911  0.7564985269986894  0.4999766514593595
  0.7655605129126830  0.7775144005455690  0.4844550084691948
  0.2503759918821413  1.0000114384651659  1.0005617487028178
  0.7499201348057524  1.0001486655555947  0.0000072765414988
  0.2497457664695648  0.4998866340131682  0.9999776909660359
  0.7504205883355400  0.4996131902018474  0.0027371635142946
  0.2497694673124262  1.0001226886793539  0.4998013453990182
  0.7505797944110778  0.0029216435332330  0.4997626357539036
  0.2474516554860891  0.4995136236823590  0.4997719359389140
  0.2476751127118862  0.2486327494974908  0.2485638129767355
  0.7518130651576754  0.2430183465499349  0.2428928734762989
  0.2498527030890885  0.7515520658151867  0.2479726069095516
  0.7508586751818187  0.7711428581145086  0.2296873650413438
  0.2497045721474443  0.2475962199997038  0.7517669306493064
  0.7507193332530351  0.2297268513120462  0.7710770471592832
  0.2518970115458506  0.7515710649535001  0.7514176578414624
  0.7487988062801886  0.7577336517514400  0.7577524415126823
  0.0014211872017883  0.0022749208835244  0.2484796663159727
  0.4984105345105542  1.0000704268976033  0.2480495949583153
  0.0069425310687477  0.4981478590808129  0.2428592338192533
  0.4788825095281872  0.4991904879051421  0.2296258997324105
  0.0023980985154072  0.0001749905718483  0.7518861561515393
  0.4984819136262857  0.9981300756184663  0.7513531249193719
  0.0202689684132820  0.4993532872243850  0.7710135166665205
  0.4922611063157485  0.5011408147093609  0.7577532710587169
  0.0014901301509304  0.2484168463386777  0.0022412491077845
  0.4981428455976572  0.2478251955355602  0.0001352351904549
  0.0022952867829078  0.7519861562317564  0.0001333143900092
  0.4984999320443313  0.7513902186729787  0.9981591132373004
  0.0069076698469207  0.2431037794186112  0.4978908030300610
  0.4788290847017604  0.2297046043120544  0.4992063285849180
  0.0202497042058580  0.7711015149811735  0.4992043532940098
  0.4925251023671192  0.7575591246827521  0.5012919470707676

