 X Y Z
  0.7502528897307738  0.4997707390351038  0.5000147412706838
  0.0006749556886036  0.9998489041186039  1.0000887379356413
  0.4992686627582316  0.0003026348578288 -0.0000663870724607
  0.0077362236556744  0.5001059028907868  0.0013708209196872
  0.4922615149914161  0.4999994205774353  0.9986096965372644
  0.0074160115491257  0.9972042352949309  0.4999488042361219
  0.4925174941377395  0.0025619074978080  0.5000552368448157
  0.0210961818070376  0.4922603950659842  0.5058670389711204
  0.4792742298524373  0.5078346276599696  0.4941374507659363
  0.9969252881372191  0.2526593663283411  0.2531157756853215
  0.5034924432278698  0.2534761136466804  0.2525605118239745
  0.9966906056351933  0.7466572853660848  0.2528540036376213
  0.5028115760747620  0.7467503730939196  0.2530187772364869
  0.9971291820617149  0.2533566720715191  0.7468382416194647
  0.5032684397266711  0.2533106966931766  0.7471393379700531
  0.9964692102192272  0.7465262046314393  0.7474694382366854
  0.5030406887971939  0.7474431700967232  0.7470015573562079
  0.2498744080684222 -0.0001474708477396  0.2493164596740476
  0.7500864962155055  0.9984537203568876  0.2424002481975092
  0.2480023125583489  0.5000342636575965  0.2423656413979504
  0.7457115934127410  0.4941638696336221  0.2288110735891673
  0.2500431087379480  1.0001571851734135  0.7506822870935794
  0.7498878801798735  0.0015609203293380  0.7576283562078522
  0.2521019211593831  0.5000036535861658  0.7575968247646258
  0.7540202391150231  0.5060305875780872  0.7712254177711741
  0.2502152717589078  0.2493476020410338 -0.0001923807876987
  0.7499573873794388  0.2423597196850709  0.9979770405864191
  0.2497376751810564  0.7507576809801819  1.0001692280907342
  0.7500508639676703  0.7578173325110410  0.0020504413396578
  0.2527620303216109  0.2424868053742351  0.5000464424716449
  0.7575800931354130  0.2288979204504287  0.4952667234345042
  0.2472906702337712  0.7573808392282678  0.4999359643034634
  0.7421887769054371  0.7707076340965586  0.5047253129765235
  0.2499558024324785  1.0000416418680194  0.0000011237023541
  0.7499879805357853  0.0000977331652199  1.0000173351971189
  0.2500272897016089  0.5000689151906630  0.9999778412765135
  0.7499754231750476  0.5000472588632300 -0.0000042767715343
  0.2499975268249222 -0.0000969728057590  0.4999993591765979
  0.7499532446277524  0.9998546325818130  0.4999996339786946
  0.2501560557885880  0.4999297355282707  0.4999908092719862
  0.2501476397464626  0.2475914260933891  0.2478137313907726
  0.7499863812818385  0.2298378960870900  0.2297016586019114
  0.2489937905661136  0.7523361530818441  0.2478992433913088
  0.7511419558339300  0.7651921946269578  0.2356187424222342
  0.2510139636599211  0.2476747067728062  0.7520707013060509
  0.7487802558011288  0.2348430774306580  0.7643777048124786
  0.2499052076026116  0.7524417942468433  0.7521777489398993
  0.7499534592554382  0.7701938121471551  0.7703547108473942
  0.0023773164357539  0.9991516611539061  0.2478465953681643
  0.4976483233834402  0.0002427819703532  0.2478954590222639
  0.0147469737799751  0.5009552968326554  0.2349889148537097
  0.4793986326929948  0.4998291030029931  0.2302226873718169
  0.0022865217521802  0.9997601016733864  0.7521312664204668
  0.4975733162850957  0.0008181673119823  0.7521496663294918
  0.0207211006591983  0.5002728456185505  0.7697269688885563
  0.4853698776411469  0.4991082596244774  0.7650304168336762
  0.0024017974649514  0.2476884149009894 -0.0002477599172775
  0.4976981574304196  0.2477471395822510 -0.0006531699019122
  0.0022496055012652  0.7523287672779213  1.0006487685331251
  0.4975889289157726  0.7524838585574268  1.0002487182112776
  0.0208895392042743  0.2290402725751201  0.5000540896635457
  0.4875184065848229  0.2372989371526928  0.5009198040070491
  0.0125623269625367  0.7624579387496343  0.4991055186918411
  0.4791568720910577  0.7706815363769209  0.4999071229946635

