 Energy DOS Integrated_DOS
    -19.401  0.0000E+00  0.0000E+00
    -19.382  0.0000E+00  0.0000E+00
    -19.362  0.0000E+00  0.0000E+00
    -19.342  0.0000E+00  0.0000E+00
    -19.323  0.0000E+00  0.0000E+00
    -19.303  0.0000E+00  0.0000E+00
    -19.283  0.0000E+00  0.0000E+00
    -19.264  0.0000E+00  0.0000E+00
    -19.244  0.0000E+00  0.0000E+00
    -19.224  0.0000E+00  0.0000E+00
    -19.205  0.0000E+00  0.0000E+00
    -19.185  0.0000E+00  0.0000E+00
    -19.165  0.0000E+00  0.0000E+00
    -19.146  0.0000E+00  0.0000E+00
    -19.126  0.0000E+00  0.0000E+00
    -19.106  0.0000E+00  0.0000E+00
    -19.087  0.0000E+00  0.0000E+00
    -19.067  0.0000E+00  0.0000E+00
    -19.047  0.0000E+00  0.0000E+00
    -19.028  0.0000E+00  0.0000E+00
    -19.008  0.0000E+00  0.0000E+00
    -18.988  0.0000E+00  0.0000E+00
    -18.969  0.0000E+00  0.0000E+00
    -18.949  0.0000E+00  0.0000E+00
    -18.929  0.0000E+00  0.0000E+00
    -18.910  0.0000E+00  0.0000E+00
    -18.890  0.0000E+00  0.0000E+00
    -18.870  0.0000E+00  0.0000E+00
    -18.851  0.0000E+00  0.0000E+00
    -18.831  0.0000E+00  0.0000E+00
    -18.811  0.0000E+00  0.0000E+00
    -18.792  0.0000E+00  0.0000E+00
    -18.772  0.0000E+00  0.0000E+00
    -18.752  0.0000E+00  0.0000E+00
    -18.733  0.0000E+00  0.0000E+00
    -18.713  0.0000E+00  0.0000E+00
    -18.693  0.0000E+00  0.0000E+00
    -18.674  0.0000E+00  0.0000E+00
    -18.654  0.0000E+00  0.0000E+00
    -18.635  0.0000E+00  0.0000E+00
    -18.615  0.0000E+00  0.0000E+00
    -18.595  0.0000E+00  0.0000E+00
    -18.576  0.0000E+00  0.0000E+00
    -18.556  0.0000E+00  0.0000E+00
    -18.536  0.0000E+00  0.0000E+00
    -18.517  0.0000E+00  0.0000E+00
    -18.497  0.0000E+00  0.0000E+00
    -18.477  0.0000E+00  0.0000E+00
    -18.458  0.0000E+00  0.0000E+00
    -18.438  0.0000E+00  0.0000E+00
    -18.418  0.0000E+00  0.0000E+00
    -18.399  0.0000E+00  0.0000E+00
    -18.379  0.0000E+00  0.0000E+00
    -18.359  0.0000E+00  0.0000E+00
    -18.340  0.0000E+00  0.0000E+00
    -18.320  0.0000E+00  0.0000E+00
    -18.300  0.0000E+00  0.0000E+00
    -18.281  0.0000E+00  0.0000E+00
    -18.261  0.0000E+00  0.0000E+00
    -18.241  0.0000E+00  0.0000E+00
    -18.222  0.0000E+00  0.0000E+00
    -18.202  0.0000E+00  0.0000E+00
    -18.182  0.0000E+00  0.0000E+00
    -18.163  0.0000E+00  0.0000E+00
    -18.143  0.0000E+00  0.0000E+00
    -18.123  0.0000E+00  0.0000E+00
    -18.104  0.0000E+00  0.0000E+00
    -18.084  0.0000E+00  0.0000E+00
    -18.064  0.0000E+00  0.0000E+00
    -18.045  0.0000E+00  0.0000E+00
    -18.025  0.0000E+00  0.0000E+00
    -18.005  0.0000E+00  0.0000E+00
    -17.986  0.0000E+00  0.0000E+00
    -17.966  0.0000E+00  0.0000E+00
    -17.946  0.0000E+00  0.0000E+00
    -17.927  0.0000E+00  0.0000E+00
    -17.907  0.0000E+00  0.0000E+00
    -17.887  0.0000E+00  0.0000E+00
    -17.868  0.0000E+00  0.0000E+00
    -17.848  0.0000E+00  0.0000E+00
    -17.828  0.0000E+00  0.0000E+00
    -17.809  0.0000E+00  0.0000E+00
    -17.789  0.0000E+00  0.0000E+00
    -17.769  0.0000E+00  0.0000E+00
    -17.750  0.0000E+00  0.0000E+00
    -17.730  0.0000E+00  0.0000E+00
    -17.711  0.0000E+00  0.0000E+00
    -17.691  0.0000E+00  0.0000E+00
    -17.671  0.0000E+00  0.0000E+00
    -17.652  0.0000E+00  0.0000E+00
    -17.632  0.0000E+00  0.0000E+00
    -17.612  0.3048E+03  0.2777E+00
    -17.593  0.0000E+00  0.2000E+01
    -17.573  0.0000E+00  0.2000E+01
    -17.553  0.0000E+00  0.2000E+01
    -17.534  0.0000E+00  0.2000E+01
    -17.514  0.0000E+00  0.2000E+01
    -17.494  0.0000E+00  0.2000E+01
    -17.475  0.0000E+00  0.2000E+01
    -17.455  0.0000E+00  0.2000E+01
    -17.435  0.0000E+00  0.2000E+01
    -17.416  0.0000E+00  0.2000E+01
    -17.396  0.0000E+00  0.2000E+01
    -17.376  0.0000E+00  0.2000E+01
    -17.357  0.0000E+00  0.2000E+01
    -17.337  0.0000E+00  0.2000E+01
    -17.317  0.0000E+00  0.2000E+01
    -17.298  0.0000E+00  0.2000E+01
    -17.278  0.0000E+00  0.2000E+01
    -17.258  0.0000E+00  0.2000E+01
    -17.239  0.0000E+00  0.2000E+01
    -17.219  0.0000E+00  0.2000E+01
    -17.199  0.0000E+00  0.2000E+01
    -17.180  0.0000E+00  0.2000E+01
    -17.160  0.0000E+00  0.2000E+01
    -17.140  0.0000E+00  0.2000E+01
    -17.121  0.0000E+00  0.2000E+01
    -17.101  0.0000E+00  0.2000E+01
    -17.081  0.0000E+00  0.2000E+01
    -17.062  0.0000E+00  0.2000E+01
    -17.042  0.0000E+00  0.2000E+01
    -17.022  0.0000E+00  0.2000E+01
    -17.003  0.0000E+00  0.2000E+01
    -16.983  0.0000E+00  0.2000E+01
    -16.963  0.0000E+00  0.2000E+01
    -16.944  0.0000E+00  0.2000E+01
    -16.924  0.0000E+00  0.2000E+01
    -16.904  0.0000E+00  0.2000E+01
    -16.885  0.0000E+00  0.2000E+01
    -16.865  0.0000E+00  0.2000E+01
    -16.846  0.0000E+00  0.2000E+01
    -16.826  0.0000E+00  0.2000E+01
    -16.806  0.0000E+00  0.2000E+01
    -16.787  0.0000E+00  0.2000E+01
    -16.767  0.0000E+00  0.2000E+01
    -16.747  0.0000E+00  0.2000E+01
    -16.728  0.0000E+00  0.2000E+01
    -16.708  0.0000E+00  0.2000E+01
    -16.688  0.0000E+00  0.2000E+01
    -16.669  0.0000E+00  0.2000E+01
    -16.649  0.0000E+00  0.2000E+01
    -16.629  0.0000E+00  0.2000E+01
    -16.610  0.0000E+00  0.2000E+01
    -16.590  0.0000E+00  0.2000E+01
    -16.570  0.0000E+00  0.2000E+01
    -16.551  0.0000E+00  0.2000E+01
    -16.531  0.0000E+00  0.2000E+01
    -16.511  0.0000E+00  0.2000E+01
    -16.492  0.0000E+00  0.2000E+01
    -16.472  0.0000E+00  0.2000E+01
    -16.452  0.0000E+00  0.2000E+01
    -16.433  0.0000E+00  0.2000E+01
    -16.413  0.0000E+00  0.2000E+01
    -16.393  0.0000E+00  0.2000E+01
    -16.374  0.0000E+00  0.2000E+01
    -16.354  0.0000E+00  0.2000E+01
    -16.334  0.0000E+00  0.2000E+01
    -16.315  0.0000E+00  0.2000E+01
    -16.295  0.0000E+00  0.2000E+01
    -16.275  0.0000E+00  0.2000E+01
    -16.256  0.0000E+00  0.2000E+01
    -16.236  0.0000E+00  0.2000E+01
    -16.216  0.0000E+00  0.2000E+01
    -16.197  0.0000E+00  0.2000E+01
    -16.177  0.0000E+00  0.2000E+01
    -16.157  0.0000E+00  0.2000E+01
    -16.138  0.0000E+00  0.2000E+01
    -16.118  0.0000E+00  0.2000E+01
    -16.098  0.0000E+00  0.2000E+01
    -16.079  0.0000E+00  0.2000E+01
    -16.059  0.0000E+00  0.2000E+01
    -16.039  0.0000E+00  0.2000E+01
    -16.020  0.0000E+00  0.2000E+01
    -16.000  0.0000E+00  0.2000E+01
    -15.980  0.0000E+00  0.2000E+01
    -15.961  0.0000E+00  0.2000E+01
    -15.941  0.0000E+00  0.2000E+01
    -15.922  0.0000E+00  0.2000E+01
    -15.902  0.0000E+00  0.2000E+01
    -15.882  0.0000E+00  0.2000E+01
    -15.863  0.0000E+00  0.2000E+01
    -15.843  0.0000E+00  0.2000E+01
    -15.823  0.0000E+00  0.2000E+01
    -15.804  0.0000E+00  0.2000E+01
    -15.784  0.0000E+00  0.2000E+01
    -15.764  0.0000E+00  0.2000E+01
    -15.745  0.0000E+00  0.2000E+01
    -15.725  0.0000E+00  0.2000E+01
    -15.705  0.0000E+00  0.2000E+01
    -15.686  0.0000E+00  0.2000E+01
    -15.666  0.0000E+00  0.2000E+01
    -15.646  0.0000E+00  0.2000E+01
    -15.627  0.0000E+00  0.2000E+01
    -15.607  0.0000E+00  0.2000E+01
    -15.587  0.0000E+00  0.2000E+01
    -15.568  0.0000E+00  0.2000E+01
    -15.548  0.0000E+00  0.2000E+01
    -15.528  0.0000E+00  0.2000E+01
    -15.509  0.0000E+00  0.2000E+01
    -15.489  0.0000E+00  0.2000E+01
    -15.469  0.0000E+00  0.2000E+01
    -15.450  0.0000E+00  0.2000E+01
    -15.430  0.0000E+00  0.2000E+01
    -15.410  0.0000E+00  0.2000E+01
    -15.391  0.0000E+00  0.2000E+01
    -15.371  0.0000E+00  0.2000E+01
    -15.351  0.0000E+00  0.2000E+01
    -15.332  0.0000E+00  0.2000E+01
    -15.312  0.0000E+00  0.2000E+01
    -15.292  0.0000E+00  0.2000E+01
    -15.273  0.0000E+00  0.2000E+01
    -15.253  0.0000E+00  0.2000E+01
    -15.233  0.0000E+00  0.2000E+01
    -15.214  0.0000E+00  0.2000E+01
    -15.194  0.0000E+00  0.2000E+01
    -15.174  0.0000E+00  0.2000E+01
    -15.155  0.0000E+00  0.2000E+01
    -15.135  0.1184E+01  0.2001E+01
    -15.115  0.1222E+02  0.2147E+01
    -15.096  0.1857E+02  0.2453E+01
    -15.076  0.2298E+02  0.2865E+01
    -15.056  0.2506E+02  0.3344E+01
    -15.037  0.1664E+02  0.3755E+01
    -15.017  0.6413E+01  0.3985E+01
    -14.998  0.2986E+01  0.4049E+01
    -14.978  0.5285E+01  0.4130E+01
    -14.958  0.7618E+01  0.4257E+01
    -14.939  0.9987E+01  0.4430E+01
    -14.919  0.1239E+02  0.4650E+01
    -14.899  0.1483E+02  0.4917E+01
    -14.880  0.1730E+02  0.5233E+01
    -14.860  0.2672E+02  0.5948E+01
    -14.840  0.6765E+02  0.6502E+01
    -14.821  0.2669E+02  0.7231E+01
    -14.801  0.1754E+02  0.7661E+01
    -14.781  0.1152E+02  0.7941E+01
    -14.762  0.8867E+01  0.8136E+01
    -14.742  0.9567E+01  0.8312E+01
    -14.722  0.1254E+02  0.8528E+01
    -14.703  0.1569E+02  0.8806E+01
    -14.683  0.1876E+02  0.9144E+01
    -14.663  0.2177E+02  0.9543E+01
    -14.644  0.1344E+02  0.9907E+01
    -14.624  0.6114E+01  0.1006E+02
    -14.604  0.1353E+02  0.1025E+02
    -14.585  0.2271E+02  0.1060E+02
    -14.565  0.2190E+02  0.1106E+02
    -14.545  0.2363E+02  0.1151E+02
    -14.526  0.2174E+02  0.1196E+02
    -14.506  0.1603E+02  0.1233E+02
    -14.486  0.1592E+02  0.1263E+02
    -14.467  0.1830E+02  0.1297E+02
    -14.447  0.1918E+02  0.1334E+02
    -14.427  0.1829E+02  0.1371E+02
    -14.408  0.1564E+02  0.1405E+02
    -14.388  0.1122E+02  0.1432E+02
    -14.368  0.8872E+01  0.1450E+02
    -14.349  0.1581E+02  0.1473E+02
    -14.329  0.2856E+02  0.1516E+02
    -14.309  0.8246E+02  0.1604E+02
    -14.290  0.4239E+02  0.1713E+02
    -14.270  0.3874E+02  0.1789E+02
    -14.250  0.4987E+02  0.1878E+02
    -14.231  0.4580E+02  0.1981E+02
    -14.211  0.3792E+02  0.2063E+02
    -14.191  0.3339E+02  0.2133E+02
    -14.172  0.2888E+02  0.2193E+02
    -14.152  0.3854E+02  0.2258E+02
    -14.133  0.5439E+02  0.2349E+02
    -14.113  0.5146E+02  0.2456E+02
    -14.093  0.3038E+02  0.2526E+02
    -14.074  0.3586E+02  0.2590E+02
    -14.054  0.5767E+02  0.2678E+02
    -14.034  0.6429E+02  0.2805E+02
    -14.015  0.3053E+02  0.2896E+02
    -13.995  0.2009E+02  0.2941E+02
    -13.975  0.2064E+02  0.2981E+02
    -13.956  0.2226E+02  0.3023E+02
    -13.936  0.2238E+02  0.3068E+02
    -13.916  0.3272E+02  0.3118E+02
    -13.897  0.5205E+02  0.3203E+02
    -13.877  0.7016E+02  0.3318E+02
    -13.857  0.9144E+02  0.3483E+02
    -13.838  0.1003E+03  0.3674E+02
    -13.818  0.9432E+02  0.3868E+02
    -13.798  0.8407E+02  0.4042E+02
    -13.779  0.7163E+02  0.4196E+02
    -13.759  0.5742E+02  0.4314E+02
    -13.739  0.1003E+03  0.4470E+02
    -13.720  0.1104E+03  0.4683E+02
    -13.700  0.1134E+03  0.4891E+02
    -13.680  0.1365E+03  0.5160E+02
    -13.661  0.1171E+03  0.5418E+02
    -13.641  0.9761E+02  0.5629E+02
    -13.621  0.8005E+02  0.5801E+02
    -13.602  0.6625E+02  0.5996E+02
    -13.582  0.5283E+02  0.6109E+02
    -13.562  0.5996E+02  0.6229E+02
    -13.543  0.4427E+02  0.6316E+02
    -13.523  0.1583E+02  0.6396E+02
    -13.503  0.0000E+00  0.6400E+02
    -13.484  0.0000E+00  0.6400E+02
    -13.464  0.0000E+00  0.6400E+02
    -13.444  0.0000E+00  0.6400E+02
    -13.425  0.0000E+00  0.6400E+02
    -13.405  0.0000E+00  0.6400E+02
    -13.385  0.0000E+00  0.6400E+02
    -13.366  0.0000E+00  0.6400E+02
    -13.346  0.0000E+00  0.6400E+02
    -13.326  0.0000E+00  0.6400E+02
    -13.307  0.0000E+00  0.6600E+02
    -13.287  0.0000E+00  0.6600E+02
    -13.267  0.0000E+00  0.6600E+02
    -13.248  0.0000E+00  0.6600E+02
    -13.228  0.0000E+00  0.6600E+02
    -13.209  0.0000E+00  0.6600E+02
    -13.189  0.0000E+00  0.6600E+02
    -13.169  0.0000E+00  0.6600E+02
    -13.150  0.0000E+00  0.6600E+02
    -13.130  0.0000E+00  0.6600E+02
    -13.110  0.0000E+00  0.6600E+02
    -13.091  0.0000E+00  0.6600E+02
    -13.071  0.0000E+00  0.6600E+02
    -13.051  0.0000E+00  0.6600E+02
    -13.032  0.0000E+00  0.6600E+02
    -13.012  0.0000E+00  0.6600E+02
    -12.992  0.0000E+00  0.6600E+02
    -12.973  0.0000E+00  0.6600E+02
    -12.953  0.0000E+00  0.6600E+02
    -12.933  0.0000E+00  0.6600E+02
    -12.914  0.0000E+00  0.6600E+02
    -12.894  0.0000E+00  0.6600E+02
    -12.874  0.0000E+00  0.6600E+02
    -12.855  0.0000E+00  0.6600E+02
    -12.835  0.0000E+00  0.6600E+02
    -12.815  0.0000E+00  0.6600E+02
    -12.796  0.0000E+00  0.6600E+02
    -12.776  0.0000E+00  0.6600E+02
    -12.756  0.0000E+00  0.6600E+02
    -12.737  0.0000E+00  0.6600E+02
    -12.717  0.0000E+00  0.6600E+02
    -12.697  0.0000E+00  0.6600E+02
    -12.678  0.0000E+00  0.6600E+02
    -12.658  0.0000E+00  0.6600E+02
    -12.638  0.0000E+00  0.6600E+02
    -12.619  0.0000E+00  0.6600E+02
    -12.599  0.0000E+00  0.6600E+02
    -12.579  0.0000E+00  0.6600E+02
    -12.560  0.0000E+00  0.6600E+02
    -12.540  0.0000E+00  0.6600E+02
    -12.520  0.0000E+00  0.6600E+02
    -12.501  0.0000E+00  0.6600E+02
    -12.481  0.0000E+00  0.6600E+02
    -12.461  0.0000E+00  0.6600E+02
    -12.442  0.0000E+00  0.6600E+02
    -12.422  0.0000E+00  0.6600E+02
    -12.402  0.0000E+00  0.6600E+02
    -12.383  0.0000E+00  0.6600E+02
    -12.363  0.0000E+00  0.6600E+02
    -12.343  0.0000E+00  0.6600E+02
    -12.324  0.0000E+00  0.6600E+02
    -12.304  0.0000E+00  0.6600E+02
    -12.285  0.0000E+00  0.6600E+02
    -12.265  0.0000E+00  0.6600E+02
    -12.245  0.0000E+00  0.6600E+02
    -12.226  0.0000E+00  0.6600E+02
    -12.206  0.0000E+00  0.6600E+02
    -12.186  0.0000E+00  0.6600E+02
    -12.167  0.0000E+00  0.6600E+02
    -12.147  0.0000E+00  0.6600E+02
    -12.127  0.0000E+00  0.6600E+02
    -12.108  0.0000E+00  0.6600E+02
    -12.088  0.0000E+00  0.6600E+02
    -12.068  0.0000E+00  0.6600E+02
    -12.049  0.0000E+00  0.6600E+02
    -12.029  0.0000E+00  0.6600E+02
    -12.009  0.0000E+00  0.6600E+02
    -11.990  0.0000E+00  0.6600E+02
    -11.970  0.0000E+00  0.6600E+02
    -11.950  0.0000E+00  0.6600E+02
    -11.931  0.0000E+00  0.6600E+02
    -11.911  0.0000E+00  0.6600E+02
    -11.891  0.0000E+00  0.6600E+02
    -11.872  0.0000E+00  0.6600E+02
    -11.852  0.0000E+00  0.6600E+02
    -11.832  0.0000E+00  0.6600E+02
    -11.813  0.0000E+00  0.6600E+02
    -11.793  0.0000E+00  0.6600E+02
    -11.773  0.0000E+00  0.6600E+02
    -11.754  0.0000E+00  0.6600E+02
    -11.734  0.0000E+00  0.6600E+02
    -11.714  0.0000E+00  0.6600E+02
    -11.695  0.0000E+00  0.6600E+02
    -11.675  0.0000E+00  0.6600E+02
    -11.655  0.0000E+00  0.6600E+02
    -11.636  0.0000E+00  0.6600E+02
    -11.616  0.0000E+00  0.6600E+02
    -11.596  0.0000E+00  0.6600E+02
    -11.577  0.0000E+00  0.6600E+02
    -11.557  0.0000E+00  0.6600E+02
    -11.537  0.0000E+00  0.6600E+02
    -11.518  0.0000E+00  0.6600E+02
    -11.498  0.0000E+00  0.6600E+02
    -11.478  0.0000E+00  0.6600E+02
    -11.459  0.0000E+00  0.6600E+02
    -11.439  0.0000E+00  0.6600E+02
    -11.420  0.0000E+00  0.6600E+02
    -11.400  0.0000E+00  0.6600E+02
    -11.380  0.0000E+00  0.6600E+02
    -11.361  0.0000E+00  0.6600E+02
    -11.341  0.0000E+00  0.6600E+02
    -11.321  0.0000E+00  0.6600E+02
    -11.302  0.0000E+00  0.6600E+02
    -11.282  0.0000E+00  0.6600E+02
    -11.262  0.0000E+00  0.6600E+02
    -11.243  0.0000E+00  0.6600E+02
    -11.223  0.0000E+00  0.6600E+02
    -11.203  0.0000E+00  0.6600E+02
    -11.184  0.0000E+00  0.6600E+02
    -11.164  0.0000E+00  0.6600E+02
    -11.144  0.0000E+00  0.6600E+02
    -11.125  0.0000E+00  0.6600E+02
    -11.105  0.0000E+00  0.6600E+02
    -11.085  0.0000E+00  0.6600E+02
    -11.066  0.0000E+00  0.6600E+02
    -11.046  0.0000E+00  0.6600E+02
    -11.026  0.0000E+00  0.6600E+02
    -11.007  0.0000E+00  0.6600E+02
    -10.987  0.0000E+00  0.6600E+02
    -10.967  0.0000E+00  0.6600E+02
    -10.948  0.0000E+00  0.6600E+02
    -10.928  0.0000E+00  0.6600E+02
    -10.908  0.0000E+00  0.6600E+02
    -10.889  0.0000E+00  0.6600E+02
    -10.869  0.0000E+00  0.6600E+02
    -10.849  0.0000E+00  0.6600E+02
    -10.830  0.0000E+00  0.6600E+02
    -10.810  0.0000E+00  0.6600E+02
    -10.790  0.0000E+00  0.6600E+02
    -10.771  0.0000E+00  0.6600E+02
    -10.751  0.0000E+00  0.6600E+02
    -10.731  0.0000E+00  0.6600E+02
    -10.712  0.0000E+00  0.6600E+02
    -10.692  0.0000E+00  0.6600E+02
    -10.672  0.0000E+00  0.6600E+02
    -10.653  0.0000E+00  0.6600E+02
    -10.633  0.0000E+00  0.6600E+02
    -10.613  0.0000E+00  0.6600E+02
    -10.594  0.0000E+00  0.6600E+02
    -10.574  0.0000E+00  0.6600E+02
    -10.554  0.0000E+00  0.6600E+02
    -10.535  0.0000E+00  0.6600E+02
    -10.515  0.0000E+00  0.6600E+02
    -10.496  0.0000E+00  0.6600E+02
    -10.476  0.0000E+00  0.6600E+02
    -10.456  0.0000E+00  0.6600E+02
    -10.437  0.0000E+00  0.6600E+02
    -10.417  0.0000E+00  0.6600E+02
    -10.397  0.0000E+00  0.6600E+02
    -10.378  0.0000E+00  0.6600E+02
    -10.358  0.0000E+00  0.6600E+02
    -10.338  0.0000E+00  0.6600E+02
    -10.319  0.0000E+00  0.6600E+02
    -10.299  0.0000E+00  0.6600E+02
    -10.279  0.0000E+00  0.6600E+02
    -10.260  0.0000E+00  0.6600E+02
    -10.240  0.0000E+00  0.6600E+02
    -10.220  0.0000E+00  0.6600E+02
    -10.201  0.0000E+00  0.6600E+02
    -10.181  0.0000E+00  0.6600E+02
    -10.161  0.0000E+00  0.6600E+02
    -10.142  0.0000E+00  0.6600E+02
    -10.122  0.0000E+00  0.6600E+02
    -10.102  0.0000E+00  0.6600E+02
    -10.083  0.0000E+00  0.6600E+02
    -10.063  0.0000E+00  0.6600E+02
    -10.043  0.0000E+00  0.6600E+02
    -10.024  0.0000E+00  0.6600E+02
    -10.004  0.0000E+00  0.6600E+02
     -9.984  0.0000E+00  0.6600E+02
     -9.965  0.0000E+00  0.6600E+02
     -9.945  0.0000E+00  0.6600E+02
     -9.925  0.0000E+00  0.6600E+02
     -9.906  0.0000E+00  0.6600E+02
     -9.886  0.0000E+00  0.6600E+02
     -9.866  0.0000E+00  0.6600E+02
     -9.847  0.0000E+00  0.6600E+02
     -9.827  0.0000E+00  0.6600E+02
     -9.807  0.0000E+00  0.6600E+02
     -9.788  0.0000E+00  0.6600E+02
     -9.768  0.0000E+00  0.6600E+02
     -9.748  0.0000E+00  0.6600E+02
     -9.729  0.0000E+00  0.6600E+02
     -9.709  0.0000E+00  0.6600E+02
     -9.689  0.0000E+00  0.6600E+02
     -9.670  0.0000E+00  0.6600E+02
     -9.650  0.0000E+00  0.6600E+02
     -9.630  0.0000E+00  0.6600E+02
     -9.611  0.0000E+00  0.6600E+02
     -9.591  0.0000E+00  0.6600E+02
     -9.572  0.0000E+00  0.6600E+02
     -9.552  0.0000E+00  0.6600E+02
     -9.532  0.0000E+00  0.6600E+02
     -9.513  0.0000E+00  0.6600E+02
     -9.493  0.0000E+00  0.6600E+02
     -9.473  0.0000E+00  0.6600E+02
     -9.454  0.0000E+00  0.6600E+02
     -9.434  0.0000E+00  0.6600E+02
     -9.414  0.0000E+00  0.6600E+02
     -9.395  0.0000E+00  0.6600E+02
     -9.375  0.0000E+00  0.6600E+02
     -9.355  0.0000E+00  0.6600E+02
     -9.336  0.0000E+00  0.6600E+02
     -9.316  0.0000E+00  0.6600E+02
     -9.296  0.0000E+00  0.6600E+02
     -9.277  0.0000E+00  0.6600E+02
     -9.257  0.0000E+00  0.6600E+02
     -9.237  0.0000E+00  0.6600E+02
     -9.218  0.0000E+00  0.6600E+02
     -9.198  0.0000E+00  0.6600E+02
     -9.178  0.0000E+00  0.6600E+02
     -9.159  0.0000E+00  0.6600E+02
     -9.139  0.0000E+00  0.6600E+02
     -9.119  0.0000E+00  0.6600E+02
     -9.100  0.0000E+00  0.6600E+02
     -9.080  0.0000E+00  0.6600E+02
     -9.060  0.0000E+00  0.6600E+02
     -9.041  0.0000E+00  0.6600E+02
     -9.021  0.0000E+00  0.6600E+02
     -9.001  0.0000E+00  0.6600E+02
     -8.982  0.0000E+00  0.6600E+02
     -8.962  0.0000E+00  0.6600E+02
     -8.942  0.0000E+00  0.6600E+02
     -8.923  0.0000E+00  0.6600E+02
     -8.903  0.0000E+00  0.6600E+02
     -8.883  0.0000E+00  0.6600E+02
     -8.864  0.0000E+00  0.6600E+02
     -8.844  0.0000E+00  0.6600E+02
     -8.824  0.0000E+00  0.6600E+02
     -8.805  0.0000E+00  0.6600E+02
     -8.785  0.0000E+00  0.6600E+02
     -8.765  0.0000E+00  0.6600E+02
     -8.746  0.0000E+00  0.6600E+02
     -8.726  0.0000E+00  0.6600E+02
     -8.707  0.0000E+00  0.6600E+02
     -8.687  0.0000E+00  0.6600E+02
     -8.667  0.0000E+00  0.6600E+02
     -8.648  0.0000E+00  0.6600E+02
     -8.628  0.0000E+00  0.6600E+02
     -8.608  0.0000E+00  0.6600E+02
     -8.589  0.0000E+00  0.6600E+02
     -8.569  0.0000E+00  0.6600E+02
     -8.549  0.0000E+00  0.6600E+02
     -8.530  0.0000E+00  0.6600E+02
     -8.510  0.0000E+00  0.6600E+02
     -8.490  0.0000E+00  0.6600E+02
     -8.471  0.0000E+00  0.6600E+02
     -8.451  0.0000E+00  0.6600E+02
     -8.431  0.0000E+00  0.6600E+02
     -8.412  0.0000E+00  0.6600E+02
     -8.392  0.0000E+00  0.6600E+02
     -8.372  0.0000E+00  0.6600E+02
     -8.353  0.0000E+00  0.6600E+02
     -8.333  0.0000E+00  0.6600E+02
     -8.313  0.0000E+00  0.6600E+02
     -8.294  0.0000E+00  0.6600E+02
     -8.274  0.0000E+00  0.6600E+02
     -8.254  0.0000E+00  0.6600E+02
     -8.235  0.0000E+00  0.6600E+02
     -8.215  0.0000E+00  0.6600E+02
     -8.195  0.0000E+00  0.6600E+02
     -8.176  0.0000E+00  0.6600E+02
     -8.156  0.0000E+00  0.6600E+02
     -8.136  0.0000E+00  0.6600E+02
     -8.117  0.0000E+00  0.6600E+02
     -8.097  0.0000E+00  0.6600E+02
     -8.077  0.0000E+00  0.6600E+02
     -8.058  0.0000E+00  0.6600E+02
     -8.038  0.0000E+00  0.6600E+02
     -8.018  0.0000E+00  0.6600E+02
     -7.999  0.0000E+00  0.6600E+02
     -7.979  0.0000E+00  0.6600E+02
     -7.959  0.0000E+00  0.6600E+02
     -7.940  0.0000E+00  0.6600E+02
     -7.920  0.0000E+00  0.6600E+02
     -7.900  0.0000E+00  0.6600E+02
     -7.881  0.0000E+00  0.6600E+02
     -7.861  0.0000E+00  0.6600E+02
     -7.841  0.0000E+00  0.6600E+02
     -7.822  0.0000E+00  0.6600E+02
     -7.802  0.0000E+00  0.6600E+02
     -7.783  0.0000E+00  0.6600E+02
     -7.763  0.0000E+00  0.6600E+02
     -7.743  0.0000E+00  0.6600E+02
     -7.724  0.0000E+00  0.6600E+02
     -7.704  0.0000E+00  0.6600E+02
     -7.684  0.0000E+00  0.6600E+02
     -7.665  0.0000E+00  0.6600E+02
     -7.645  0.0000E+00  0.6600E+02
     -7.625  0.0000E+00  0.6600E+02
     -7.606  0.0000E+00  0.6600E+02
     -7.586  0.0000E+00  0.6600E+02
     -7.566  0.0000E+00  0.6600E+02
     -7.547  0.0000E+00  0.6600E+02
     -7.527  0.0000E+00  0.6600E+02
     -7.507  0.0000E+00  0.6600E+02
     -7.488  0.0000E+00  0.6600E+02
     -7.468  0.0000E+00  0.6600E+02
     -7.448  0.0000E+00  0.6600E+02
     -7.429  0.0000E+00  0.6600E+02
     -7.409  0.0000E+00  0.6600E+02
     -7.389  0.0000E+00  0.6600E+02
     -7.370  0.0000E+00  0.6600E+02
     -7.350  0.0000E+00  0.6600E+02
     -7.330  0.0000E+00  0.6600E+02
     -7.311  0.0000E+00  0.6600E+02
     -7.291  0.0000E+00  0.6600E+02
     -7.271  0.0000E+00  0.6600E+02
     -7.252  0.0000E+00  0.6600E+02
     -7.232  0.0000E+00  0.6600E+02
     -7.212  0.0000E+00  0.6600E+02
     -7.193  0.0000E+00  0.6600E+02
     -7.173  0.0000E+00  0.6600E+02
     -7.153  0.0000E+00  0.6600E+02
     -7.134  0.0000E+00  0.6600E+02
     -7.114  0.0000E+00  0.6600E+02
     -7.094  0.0000E+00  0.6600E+02
     -7.075  0.0000E+00  0.6600E+02
     -7.055  0.0000E+00  0.6600E+02
     -7.035  0.0000E+00  0.6600E+02
     -7.016  0.0000E+00  0.6600E+02
     -6.996  0.0000E+00  0.6600E+02
     -6.976  0.0000E+00  0.6600E+02
     -6.957  0.0000E+00  0.6600E+02
     -6.937  0.0000E+00  0.6600E+02
     -6.917  0.0000E+00  0.6600E+02
     -6.898  0.0000E+00  0.6600E+02
     -6.878  0.0000E+00  0.6600E+02
     -6.859  0.0000E+00  0.6600E+02
     -6.839  0.0000E+00  0.6600E+02
     -6.819  0.0000E+00  0.6600E+02
     -6.800  0.0000E+00  0.6600E+02
     -6.780  0.0000E+00  0.6600E+02
     -6.760  0.0000E+00  0.6600E+02
     -6.741  0.0000E+00  0.6600E+02
     -6.721  0.0000E+00  0.6600E+02
     -6.701  0.0000E+00  0.6600E+02
     -6.682  0.0000E+00  0.6600E+02
     -6.662  0.0000E+00  0.6600E+02
     -6.642  0.0000E+00  0.6600E+02
     -6.623  0.0000E+00  0.6600E+02
     -6.603  0.0000E+00  0.6600E+02
     -6.583  0.0000E+00  0.6600E+02
     -6.564  0.0000E+00  0.6600E+02
     -6.544  0.0000E+00  0.6600E+02
     -6.524  0.0000E+00  0.6600E+02
     -6.505  0.0000E+00  0.6600E+02
     -6.485  0.0000E+00  0.6600E+02
     -6.465  0.0000E+00  0.6600E+02
     -6.446  0.0000E+00  0.6600E+02
     -6.426  0.0000E+00  0.6600E+02
     -6.406  0.0000E+00  0.6600E+02
     -6.387  0.0000E+00  0.6600E+02
     -6.367  0.0000E+00  0.6600E+02
     -6.347  0.0000E+00  0.6600E+02
     -6.328  0.0000E+00  0.6600E+02
     -6.308  0.0000E+00  0.6600E+02
     -6.288  0.0000E+00  0.6600E+02
     -6.269  0.0000E+00  0.6600E+02
     -6.249  0.0000E+00  0.6600E+02
     -6.229  0.0000E+00  0.6600E+02
     -6.210  0.0000E+00  0.6600E+02
     -6.190  0.0000E+00  0.6600E+02
     -6.170  0.0000E+00  0.6600E+02
     -6.151  0.0000E+00  0.6600E+02
     -6.131  0.0000E+00  0.6600E+02
     -6.111  0.0000E+00  0.6600E+02
     -6.092  0.0000E+00  0.6600E+02
     -6.072  0.0000E+00  0.6600E+02
     -6.052  0.0000E+00  0.6600E+02
     -6.033  0.0000E+00  0.6600E+02
     -6.013  0.0000E+00  0.6600E+02
     -5.994  0.0000E+00  0.6600E+02
     -5.974  0.0000E+00  0.6600E+02
     -5.954  0.0000E+00  0.6600E+02
     -5.935  0.0000E+00  0.6600E+02
     -5.915  0.0000E+00  0.6600E+02
     -5.895  0.0000E+00  0.6600E+02
     -5.876  0.0000E+00  0.6600E+02
     -5.856  0.0000E+00  0.6600E+02
     -5.836  0.0000E+00  0.6600E+02
     -5.817  0.0000E+00  0.6600E+02
     -5.797  0.0000E+00  0.6600E+02
     -5.777  0.0000E+00  0.6600E+02
     -5.758  0.0000E+00  0.6600E+02
     -5.738  0.0000E+00  0.6600E+02
     -5.718  0.0000E+00  0.6600E+02
     -5.699  0.0000E+00  0.6600E+02
     -5.679  0.0000E+00  0.6600E+02
     -5.659  0.0000E+00  0.6600E+02
     -5.640  0.0000E+00  0.6600E+02
     -5.620  0.0000E+00  0.6600E+02
     -5.600  0.0000E+00  0.6600E+02
     -5.581  0.0000E+00  0.6600E+02
     -5.561  0.0000E+00  0.6600E+02
     -5.541  0.0000E+00  0.6600E+02
     -5.522  0.0000E+00  0.6600E+02
     -5.502  0.0000E+00  0.6600E+02
     -5.482  0.0000E+00  0.6600E+02
     -5.463  0.0000E+00  0.6600E+02
     -5.443  0.0000E+00  0.6600E+02
     -5.423  0.0000E+00  0.6600E+02
     -5.404  0.0000E+00  0.6600E+02
     -5.384  0.0000E+00  0.6600E+02
     -5.364  0.0000E+00  0.6600E+02
     -5.345  0.0000E+00  0.6600E+02
     -5.325  0.0000E+00  0.6600E+02
     -5.305  0.0000E+00  0.6600E+02
     -5.286  0.0000E+00  0.6600E+02
     -5.266  0.0000E+00  0.6600E+02
     -5.246  0.0000E+00  0.6600E+02
     -5.227  0.0000E+00  0.6600E+02
     -5.207  0.0000E+00  0.6600E+02
     -5.187  0.0000E+00  0.6600E+02
     -5.168  0.0000E+00  0.6600E+02
     -5.148  0.0000E+00  0.6600E+02
     -5.128  0.0000E+00  0.6600E+02
     -5.109  0.0000E+00  0.6600E+02
     -5.089  0.0000E+00  0.6600E+02
     -5.070  0.0000E+00  0.6600E+02
     -5.050  0.0000E+00  0.6600E+02
     -5.030  0.0000E+00  0.6600E+02
     -5.011  0.0000E+00  0.6600E+02
     -4.991  0.0000E+00  0.6600E+02
     -4.971  0.0000E+00  0.6600E+02
     -4.952  0.0000E+00  0.6600E+02
     -4.932  0.0000E+00  0.6600E+02
     -4.912  0.0000E+00  0.6600E+02
     -4.893  0.0000E+00  0.6600E+02
     -4.873  0.0000E+00  0.6600E+02
     -4.853  0.0000E+00  0.6600E+02
     -4.834  0.0000E+00  0.6600E+02
     -4.814  0.0000E+00  0.6600E+02
     -4.794  0.0000E+00  0.6600E+02
     -4.775  0.0000E+00  0.6600E+02
     -4.755  0.0000E+00  0.6600E+02
     -4.735  0.0000E+00  0.6600E+02
     -4.716  0.0000E+00  0.6600E+02
     -4.696  0.0000E+00  0.6600E+02
     -4.676  0.0000E+00  0.6600E+02
     -4.657  0.0000E+00  0.6600E+02
     -4.637  0.0000E+00  0.6600E+02
     -4.617  0.0000E+00  0.6600E+02
     -4.598  0.0000E+00  0.6600E+02
     -4.578  0.0000E+00  0.6600E+02
     -4.558  0.0000E+00  0.6600E+02
     -4.539  0.0000E+00  0.6600E+02
     -4.519  0.0000E+00  0.6600E+02
     -4.499  0.0000E+00  0.6600E+02
     -4.480  0.0000E+00  0.6600E+02
     -4.460  0.0000E+00  0.6600E+02
     -4.440  0.0000E+00  0.6600E+02
     -4.421  0.0000E+00  0.6600E+02
     -4.401  0.0000E+00  0.6600E+02
     -4.381  0.0000E+00  0.6600E+02
     -4.362  0.0000E+00  0.6600E+02
     -4.342  0.0000E+00  0.6600E+02
     -4.322  0.0000E+00  0.6600E+02
     -4.303  0.0000E+00  0.6600E+02
     -4.283  0.0000E+00  0.6600E+02
     -4.263  0.0000E+00  0.6600E+02
     -4.244  0.0000E+00  0.6600E+02
     -4.224  0.0000E+00  0.6600E+02
     -4.204  0.0000E+00  0.6600E+02
     -4.185  0.0000E+00  0.6600E+02
     -4.165  0.0000E+00  0.6600E+02
     -4.146  0.0000E+00  0.6600E+02
     -4.126  0.0000E+00  0.6600E+02
     -4.106  0.0000E+00  0.6600E+02
     -4.087  0.0000E+00  0.6600E+02
     -4.067  0.0000E+00  0.6600E+02
     -4.047  0.0000E+00  0.6600E+02
     -4.028  0.0000E+00  0.6600E+02
     -4.008  0.0000E+00  0.6600E+02
     -3.988  0.0000E+00  0.6600E+02
     -3.969  0.0000E+00  0.6600E+02
     -3.949  0.0000E+00  0.6600E+02
     -3.929  0.0000E+00  0.6600E+02
     -3.910  0.0000E+00  0.6600E+02
     -3.890  0.0000E+00  0.6600E+02
     -3.870  0.0000E+00  0.6600E+02
     -3.851  0.0000E+00  0.6600E+02
     -3.831  0.0000E+00  0.6600E+02
     -3.811  0.0000E+00  0.6600E+02
     -3.792  0.0000E+00  0.6600E+02
     -3.772  0.0000E+00  0.6600E+02
     -3.752  0.0000E+00  0.6600E+02
     -3.733  0.0000E+00  0.6600E+02
     -3.713  0.0000E+00  0.6600E+02
     -3.693  0.0000E+00  0.6600E+02
     -3.674  0.0000E+00  0.6600E+02
     -3.654  0.0000E+00  0.6600E+02
     -3.634  0.0000E+00  0.6600E+02
     -3.615  0.0000E+00  0.6600E+02
     -3.595  0.0000E+00  0.6600E+02
     -3.575  0.0000E+00  0.6600E+02
     -3.556  0.0000E+00  0.6600E+02
     -3.536  0.0000E+00  0.6600E+02
     -3.516  0.0000E+00  0.6600E+02
     -3.497  0.0000E+00  0.6600E+02
     -3.477  0.0000E+00  0.6600E+02
     -3.457  0.0000E+00  0.6600E+02
     -3.438  0.0000E+00  0.6600E+02
     -3.418  0.0000E+00  0.6600E+02
     -3.398  0.0000E+00  0.6600E+02
     -3.379  0.0000E+00  0.6600E+02
     -3.359  0.0000E+00  0.6600E+02
     -3.339  0.0000E+00  0.6600E+02
     -3.320  0.0000E+00  0.6600E+02
     -3.300  0.0000E+00  0.6600E+02
     -3.281  0.0000E+00  0.6600E+02
     -3.261  0.0000E+00  0.6600E+02
     -3.241  0.0000E+00  0.6600E+02
     -3.222  0.0000E+00  0.6600E+02
     -3.202  0.0000E+00  0.6600E+02
     -3.182  0.0000E+00  0.6600E+02
     -3.163  0.0000E+00  0.6600E+02
     -3.143  0.0000E+00  0.6600E+02
     -3.123  0.0000E+00  0.6600E+02
     -3.104  0.0000E+00  0.6600E+02
     -3.084  0.0000E+00  0.6600E+02
     -3.064  0.0000E+00  0.6600E+02
     -3.045  0.0000E+00  0.6600E+02
     -3.025  0.0000E+00  0.6600E+02
     -3.005  0.0000E+00  0.6600E+02
     -2.986  0.0000E+00  0.6600E+02
     -2.966  0.0000E+00  0.6600E+02
     -2.946  0.0000E+00  0.6600E+02
     -2.927  0.0000E+00  0.6600E+02
     -2.907  0.0000E+00  0.6600E+02
     -2.887  0.0000E+00  0.6600E+02
     -2.868  0.0000E+00  0.6600E+02
     -2.848  0.0000E+00  0.6600E+02
     -2.828  0.0000E+00  0.6600E+02
     -2.809  0.0000E+00  0.6600E+02
     -2.789  0.0000E+00  0.6600E+02
     -2.769  0.0000E+00  0.6600E+02
     -2.750  0.0000E+00  0.6600E+02
     -2.730  0.0000E+00  0.6600E+02
     -2.710  0.0000E+00  0.6600E+02
     -2.691  0.0000E+00  0.6600E+02
     -2.671  0.0000E+00  0.6600E+02
     -2.651  0.0000E+00  0.6600E+02
     -2.632  0.0000E+00  0.6600E+02
     -2.612  0.0000E+00  0.6600E+02
     -2.592  0.0000E+00  0.6600E+02
     -2.573  0.0000E+00  0.6600E+02
     -2.553  0.0000E+00  0.6600E+02
     -2.533  0.0000E+00  0.6600E+02
     -2.514  0.0000E+00  0.6600E+02
     -2.494  0.0000E+00  0.6600E+02
     -2.474  0.0000E+00  0.6600E+02
     -2.455  0.0000E+00  0.6600E+02
     -2.435  0.0000E+00  0.6600E+02
     -2.415  0.0000E+00  0.6600E+02
     -2.396  0.0000E+00  0.6600E+02
     -2.376  0.0000E+00  0.6600E+02
     -2.357  0.0000E+00  0.6600E+02
     -2.337  0.0000E+00  0.6600E+02
     -2.317  0.0000E+00  0.6600E+02
     -2.298  0.0000E+00  0.6600E+02
     -2.278  0.0000E+00  0.6600E+02
     -2.258  0.0000E+00  0.6600E+02
     -2.239  0.0000E+00  0.6600E+02
     -2.219  0.0000E+00  0.6600E+02
     -2.199  0.0000E+00  0.6600E+02
     -2.180  0.0000E+00  0.6600E+02
     -2.160  0.0000E+00  0.6600E+02
     -2.140  0.0000E+00  0.6600E+02
     -2.121  0.0000E+00  0.6600E+02
     -2.101  0.0000E+00  0.6600E+02
     -2.081  0.0000E+00  0.6600E+02
     -2.062  0.0000E+00  0.6600E+02
     -2.042  0.0000E+00  0.6600E+02
     -2.022  0.0000E+00  0.6600E+02
     -2.003  0.7219E+02  0.6611E+02
     -1.983  0.5648E+02  0.6759E+02
     -1.963  0.4557E+02  0.6859E+02
     -1.944  0.6539E+02  0.6955E+02
     -1.924  0.0000E+00  0.7000E+02
     -1.904  0.0000E+00  0.7000E+02
     -1.885  0.0000E+00  0.7000E+02
     -1.865  0.0000E+00  0.7000E+02
     -1.845  0.0000E+00  0.7000E+02
     -1.826  0.0000E+00  0.7000E+02
     -1.806  0.0000E+00  0.7000E+02
     -1.786  0.0000E+00  0.7000E+02
     -1.767  0.0000E+00  0.7000E+02
     -1.747  0.0000E+00  0.7000E+02
     -1.727  0.1676E+01  0.7000E+02
     -1.708  0.2120E+02  0.7026E+02
     -1.688  0.2268E+02  0.7070E+02
     -1.668  0.2257E+02  0.7115E+02
     -1.649  0.2247E+02  0.7159E+02
     -1.629  0.8889E+01  0.7194E+02
     -1.609  0.7159E-01  0.7200E+02
     -1.590  0.0000E+00  0.7200E+02
     -1.570  0.0000E+00  0.7200E+02
     -1.550  0.0000E+00  0.7200E+02
     -1.531  0.0000E+00  0.7200E+02
     -1.511  0.0000E+00  0.7200E+02
     -1.491  0.0000E+00  0.7200E+02
     -1.472  0.0000E+00  0.7200E+02
     -1.452  0.0000E+00  0.7200E+02
     -1.433  0.8387E-04  0.7200E+02
     -1.413  0.1408E-01  0.7200E+02
     -1.393  0.5207E-01  0.7200E+02
     -1.374  0.1141E+00  0.7200E+02
     -1.354  0.2012E+00  0.7201E+02
     -1.334  0.3352E+00  0.7201E+02
     -1.315  0.5244E+00  0.7202E+02
     -1.295  0.7689E+00  0.7203E+02
     -1.275  0.1068E+01  0.7205E+02
     -1.256  0.1423E+01  0.7207E+02
     -1.236  0.1833E+01  0.7211E+02
     -1.216  0.2298E+01  0.7215E+02
     -1.197  0.2819E+01  0.7220E+02
     -1.177  0.3394E+01  0.7226E+02
     -1.157  0.4025E+01  0.7233E+02
     -1.138  0.4711E+01  0.7242E+02
     -1.118  0.5486E+01  0.7252E+02
     -1.098  0.6385E+01  0.7263E+02
     -1.079  0.7472E+01  0.7277E+02
     -1.059  0.8763E+01  0.7293E+02
     -1.039  0.1026E+02  0.7311E+02
     -1.020  0.1217E+02  0.7333E+02
     -1.000  0.1402E+02  0.7359E+02
     -0.980  0.1566E+02  0.7388E+02
     -0.961  0.1710E+02  0.7421E+02
     -0.941  0.1837E+02  0.7455E+02
     -0.921  0.1987E+02  0.7493E+02
     -0.902  0.2198E+02  0.7534E+02
     -0.882  0.2296E+02  0.7578E+02
     -0.862  0.2343E+02  0.7624E+02
     -0.843  0.2364E+02  0.7670E+02
     -0.823  0.2611E+02  0.7719E+02
     -0.803  0.2923E+02  0.7773E+02
     -0.784  0.3412E+02  0.7835E+02
     -0.764  0.3801E+02  0.7906E+02
     -0.744  0.4067E+02  0.7984E+02
     -0.725  0.4137E+02  0.8065E+02
     -0.705  0.4020E+02  0.8145E+02
     -0.685  0.3842E+02  0.8223E+02
     -0.666  0.3617E+02  0.8296E+02
     -0.646  0.3234E+02  0.8364E+02
     -0.626  0.2990E+02  0.8424E+02
     -0.607  0.2844E+02  0.8482E+02
     -0.587  0.2795E+02  0.8537E+02
     -0.568  0.3431E+02  0.8597E+02
     -0.548  0.3395E+02  0.8666E+02
     -0.528  0.1945E+02  0.8719E+02
     -0.509  0.8278E+01  0.8744E+02
     -0.489  0.9093E+01  0.8760E+02
     -0.469  0.1982E+02  0.8787E+02
     -0.450  0.3402E+02  0.8840E+02
     -0.430  0.4450E+02  0.8918E+02
     -0.410  0.4861E+02  0.9011E+02
     -0.391  0.4653E+02  0.9105E+02
     -0.371  0.4545E+02  0.9193E+02
     -0.351  0.4860E+02  0.9286E+02
     -0.332  0.5256E+02  0.9437E+02
     -0.312  0.5795E+02  0.9545E+02
     -0.292  0.6369E+02  0.9665E+02
     -0.273  0.6882E+02  0.9795E+02
     -0.253  0.7219E+02  0.9934E+02
     -0.233  0.7338E+02  0.1008E+03
     -0.214  0.6965E+02  0.1022E+03
     -0.194  0.6857E+02  0.1035E+03
     -0.174  0.7098E+02  0.1049E+03
     -0.155  0.7258E+02  0.1063E+03
     -0.135  0.6642E+02  0.1077E+03
     -0.115  0.5306E+02  0.1089E+03
     -0.096  0.4182E+02  0.1098E+03
     -0.076  0.3374E+02  0.1105E+03
     -0.056  0.2865E+02  0.1111E+03
     -0.037  0.2800E+02  0.1117E+03
     -0.017  0.2675E+02  0.1122E+03
      0.003  0.2384E+02  0.1127E+03
      0.022  0.2295E+02  0.1132E+03
      0.042  0.2314E+02  0.1136E+03
      0.062  0.2326E+02  0.1141E+03
      0.081  0.2330E+02  0.1146E+03
      0.101  0.2325E+02  0.1150E+03
      0.121  0.2309E+02  0.1155E+03
      0.140  0.2275E+02  0.1159E+03
      0.160  0.2226E+02  0.1164E+03
      0.180  0.2169E+02  0.1168E+03
      0.199  0.2108E+02  0.1172E+03
      0.219  0.2042E+02  0.1176E+03
      0.239  0.1973E+02  0.1180E+03
      0.258  0.1888E+02  0.1184E+03
      0.278  0.1737E+02  0.1188E+03
      0.298  0.1531E+02  0.1191E+03
      0.317  0.1088E+02  0.1193E+03
      0.337  0.6602E+01  0.1195E+03
      0.356  0.8470E+01  0.1196E+03
      0.376  0.4983E+02  0.1201E+03
      0.396  0.2114E+02  0.1209E+03
      0.415  0.3601E+02  0.1215E+03
      0.435  0.5048E+02  0.1223E+03
      0.455  0.6325E+02  0.1234E+03
      0.474  0.3349E+02  0.1243E+03
      0.494  0.2963E+02  0.1249E+03
      0.514  0.2818E+02  0.1255E+03
      0.533  0.2770E+02  0.1260E+03
      0.553  0.2729E+02  0.1265E+03
      0.573  0.2626E+02  0.1271E+03
      0.592  0.2459E+02  0.1276E+03
      0.612  0.2268E+02  0.1280E+03
      0.632  0.2138E+02  0.1285E+03
      0.651  0.2068E+02  0.1289E+03
      0.671  0.2209E+02  0.1293E+03
      0.691  0.2549E+02  0.1298E+03
      0.710  0.2924E+02  0.1303E+03
      0.730  0.3278E+02  0.1309E+03
      0.750  0.3413E+02  0.1316E+03
      0.769  0.3281E+02  0.1322E+03
      0.789  0.3118E+02  0.1329E+03
      0.809  0.2850E+02  0.1334E+03
      0.828  0.2408E+02  0.1340E+03
      0.848  0.2052E+02  0.1344E+03
      0.868  0.1919E+02  0.1348E+03
      0.887  0.1736E+02  0.1351E+03
      0.907  0.1566E+02  0.1355E+03
      0.927  0.1427E+02  0.1358E+03
      0.946  0.1366E+02  0.1360E+03
      0.966  0.1457E+02  0.1363E+03
      0.986  0.1514E+02  0.1366E+03
      1.005  0.1560E+02  0.1369E+03
      1.025  0.1593E+02  0.1372E+03
      1.045  0.1616E+02  0.1375E+03
      1.064  0.1626E+02  0.1378E+03
      1.084  0.1617E+02  0.1382E+03
      1.104  0.1868E+02  0.1385E+03
      1.123  0.2051E+02  0.1389E+03
      1.143  0.2067E+02  0.1393E+03
      1.163  0.2072E+02  0.1397E+03
      1.182  0.2067E+02  0.1401E+03
      1.202  0.2124E+02  0.1405E+03
      1.222  0.2351E+02  0.1410E+03
      1.241  0.2578E+02  0.1414E+03
      1.261  0.2713E+02  0.1420E+03
      1.280  0.2766E+02  0.1425E+03
      1.300  0.3122E+02  0.1431E+03
      1.320  0.3525E+02  0.1437E+03
      1.339  0.3762E+02  0.1444E+03
      1.359  0.3830E+02  0.1452E+03
      1.379  0.3746E+02  0.1459E+03
      1.398  0.3653E+02  0.1467E+03
      1.418  0.3606E+02  0.1474E+03
      1.438  0.3565E+02  0.1481E+03
      1.457  0.3657E+02  0.1488E+03
      1.477  0.3797E+02  0.1495E+03
      1.497  0.4005E+02  0.1503E+03
      1.516  0.4338E+02  0.1511E+03
      1.536  0.4565E+02  0.1520E+03
      1.556  0.4473E+02  0.1529E+03
      1.575  0.4787E+02  0.1538E+03
      1.595  0.4561E+02  0.1547E+03
      1.615  0.4531E+02  0.1556E+03
      1.634  0.4396E+02  0.1565E+03
      1.654  0.4250E+02  0.1573E+03
      1.674  0.4131E+02  0.1582E+03
      1.693  0.4215E+02  0.1590E+03
      1.713  0.4249E+02  0.1598E+03
      1.733  0.4220E+02  0.1606E+03
      1.752  0.4190E+02  0.1615E+03
      1.772  0.4264E+02  0.1623E+03
      1.792  0.4453E+02  0.1632E+03
      1.811  0.4696E+02  0.1641E+03
      1.831  0.4869E+02  0.1650E+03
      1.851  0.5000E+02  0.1660E+03
      1.870  0.5002E+02  0.1670E+03
      1.890  0.4859E+02  0.1679E+03
      1.910  0.4596E+02  0.1689E+03
      1.929  0.4336E+02  0.1697E+03
      1.949  0.4184E+02  0.1706E+03
      1.969  0.4069E+02  0.1714E+03
      1.988  0.3917E+02  0.1722E+03
      2.008  0.3771E+02  0.1729E+03
      2.028  0.3682E+02  0.1737E+03
      2.047  0.3605E+02  0.1744E+03
      2.067  0.3517E+02  0.1751E+03
      2.087  0.3561E+02  0.1758E+03
      2.106  0.3640E+02  0.1765E+03
      2.126  0.3688E+02  0.1772E+03
      2.145  0.3656E+02  0.1779E+03
      2.165  0.3793E+02  0.1786E+03
      2.185  0.3984E+02  0.1794E+03
      2.204  0.4090E+02  0.1802E+03
      2.224  0.4360E+02  0.1810E+03
      2.244  0.4802E+02  0.1819E+03
      2.263  0.5667E+02  0.1829E+03
      2.283  0.8319E+02  0.1842E+03
      2.303  0.8134E+02  0.1860E+03
      2.322  0.6521E+02  0.1873E+03
      2.342  0.9314E+02  0.1892E+03
      2.362  0.1148E+03  0.1915E+03
      2.381  0.1098E+03  0.1936E+03
      2.401  0.1111E+03  0.1958E+03
      2.421  0.1089E+03  0.1979E+03
      2.440  0.1011E+03  0.2000E+03
      2.460  0.9576E+02  0.2019E+03
      2.480  0.1026E+03  0.2039E+03
      2.499  0.9181E+02  0.2058E+03
      2.519  0.8505E+02  0.2075E+03
      2.539  0.8173E+02  0.2092E+03
      2.558  0.7900E+02  0.2108E+03
      2.578  0.6918E+02  0.2122E+03
      2.598  0.5791E+02  0.2135E+03
      2.617  0.5139E+02  0.2146E+03
      2.637  0.4493E+02  0.2155E+03
      2.657  0.4345E+02  0.2164E+03
      2.676  0.4738E+02  0.2172E+03
      2.696  0.5040E+02  0.2182E+03
      2.716  0.5321E+02  0.2192E+03
      2.735  0.5575E+02  0.2203E+03
      2.755  0.5776E+02  0.2214E+03
      2.775  0.6126E+02  0.2226E+03
      2.794  0.6664E+02  0.2238E+03
      2.814  0.7825E+02  0.2253E+03
      2.834  0.8887E+02  0.2269E+03
      2.853  0.9913E+02  0.2288E+03
      2.873  0.1022E+03  0.2307E+03
      2.893  0.1261E+03  0.2330E+03
      2.912  0.1463E+03  0.2357E+03
      2.932  0.1197E+03  0.2384E+03
      2.952  0.6482E+02  0.2406E+03
      2.971  0.6598E+02  0.2422E+03
      2.991  0.5371E+02  0.2434E+03
      3.011  0.4989E+02  0.2444E+03
      3.030  0.5213E+02  0.2454E+03
      3.050  0.4574E+02  0.2464E+03
      3.069  0.4779E+02  0.2473E+03
      3.089  0.3837E+02  0.2481E+03
      3.109  0.2920E+02  0.2488E+03
      3.128  0.2168E+02  0.2493E+03
      3.148  0.1820E+02  0.2497E+03
      3.168  0.1727E+02  0.2500E+03
      3.187  0.1658E+02  0.2504E+03
      3.207  0.1689E+02  0.2507E+03
      3.227  0.1882E+02  0.2510E+03
      3.246  0.2278E+02  0.2514E+03
      3.266  0.2695E+02  0.2519E+03
      3.286  0.3107E+02  0.2525E+03
      3.305  0.2623E+02  0.2531E+03
      3.325  0.1850E+02  0.2535E+03
      3.345  0.2308E+02  0.2539E+03
      3.364  0.3173E+02  0.2544E+03
      3.384  0.4076E+02  0.2551E+03
      3.404  0.2986E+02  0.2559E+03
      3.423  0.3417E+02  0.2566E+03
      3.443  0.2690E+02  0.2572E+03
      3.463  0.1720E+02  0.2576E+03
      3.482  0.8494E+01  0.2579E+03
      3.502  0.3225E+01  0.2580E+03
      3.522  0.7014E+00  0.2580E+03
      3.541  0.0000E+00  0.2580E+03
      3.561  0.0000E+00  0.2580E+03
      3.581  0.0000E+00  0.2580E+03
      3.600  0.0000E+00  0.2580E+03
      3.620  0.0000E+00  0.2580E+03
      3.640  0.0000E+00  0.2580E+03
      3.659  0.0000E+00  0.2580E+03
      3.679  0.0000E+00  0.2580E+03
      3.699  0.0000E+00  0.2580E+03
      3.718  0.0000E+00  0.2580E+03
      3.738  0.0000E+00  0.2580E+03
      3.758  0.0000E+00  0.2580E+03
      3.777  0.0000E+00  0.2580E+03
      3.797  0.0000E+00  0.2580E+03
      3.817  0.0000E+00  0.2580E+03
      3.836  0.0000E+00  0.2580E+03
      3.856  0.0000E+00  0.2580E+03
      3.876  0.0000E+00  0.2580E+03
      3.895  0.0000E+00  0.2580E+03
      3.915  0.0000E+00  0.2580E+03
      3.935  0.0000E+00  0.2580E+03
      3.954  0.0000E+00  0.2580E+03
      3.974  0.0000E+00  0.2580E+03
      3.993  0.0000E+00  0.2580E+03
      4.013  0.0000E+00  0.2580E+03
      4.033  0.0000E+00  0.2580E+03
      4.052  0.0000E+00  0.2580E+03
      4.072  0.0000E+00  0.2580E+03
      4.092  0.0000E+00  0.2580E+03
      4.111  0.0000E+00  0.2580E+03
      4.131  0.0000E+00  0.2580E+03
      4.151  0.2514E+01  0.2580E+03
      4.170  0.1440E+02  0.2582E+03
      4.190  0.1443E+02  0.2585E+03
      4.210  0.1445E+02  0.2587E+03
      4.229  0.1447E+02  0.2590E+03
      4.249  0.1449E+02  0.2593E+03
      4.269  0.1451E+02  0.2596E+03
      4.288  0.1432E+02  0.2599E+03
      4.308  0.0000E+00  0.2600E+03
      4.328  0.0000E+00  0.2600E+03
      4.347  0.0000E+00  0.2600E+03
      4.367  0.0000E+00  0.2600E+03
      4.387  0.0000E+00  0.2600E+03
      4.406  0.0000E+00  0.2600E+03
      4.426  0.0000E+00  0.2600E+03
      4.446  0.0000E+00  0.2600E+03
      4.465  0.0000E+00  0.2600E+03
      4.485  0.0000E+00  0.2600E+03
      4.505  0.0000E+00  0.2600E+03
      4.524  0.0000E+00  0.2600E+03
      4.544  0.0000E+00  0.2600E+03
      4.564  0.0000E+00  0.2600E+03
      4.583  0.0000E+00  0.2600E+03
      4.603  0.0000E+00  0.2600E+03
      4.623  0.0000E+00  0.2600E+03
      4.642  0.0000E+00  0.2600E+03
      4.662  0.0000E+00  0.2600E+03
      4.682  0.0000E+00  0.2600E+03
      4.701  0.0000E+00  0.2600E+03
      4.721  0.0000E+00  0.2600E+03
      4.741  0.0000E+00  0.2600E+03
      4.760  0.0000E+00  0.2600E+03
      4.780  0.0000E+00  0.2600E+03
      4.800  0.0000E+00  0.2600E+03
      4.819  0.0000E+00  0.2600E+03
      4.839  0.0000E+00  0.2600E+03
      4.858  0.0000E+00  0.2600E+03
      4.878  0.0000E+00  0.2600E+03
      4.898  0.0000E+00  0.2600E+03
      4.917  0.0000E+00  0.2600E+03
      4.937  0.0000E+00  0.2600E+03
      4.957  0.0000E+00  0.2600E+03
      4.976  0.0000E+00  0.2600E+03
      4.996  0.0000E+00  0.2600E+03
      5.016  0.0000E+00  0.2600E+03
      5.035  0.0000E+00  0.2600E+03
      5.055  0.0000E+00  0.2600E+03
      5.075  0.0000E+00  0.2600E+03
      5.094  0.0000E+00  0.2600E+03
      5.114  0.0000E+00  0.2600E+03
      5.134  0.0000E+00  0.2600E+03
      5.153  0.0000E+00  0.2600E+03
      5.173  0.0000E+00  0.2600E+03
      5.193  0.0000E+00  0.2600E+03
      5.212  0.0000E+00  0.2600E+03
      5.232  0.0000E+00  0.2600E+03
      5.252  0.0000E+00  0.2600E+03
      5.271  0.0000E+00  0.2600E+03
      5.291  0.0000E+00  0.2600E+03
      5.311  0.0000E+00  0.2600E+03
      5.330  0.0000E+00  0.2600E+03
      5.350  0.0000E+00  0.2600E+03
      5.370  0.0000E+00  0.2600E+03
      5.389  0.0000E+00  0.2600E+03
      5.409  0.0000E+00  0.2600E+03
      5.429  0.0000E+00  0.2600E+03
      5.448  0.0000E+00  0.2600E+03
      5.468  0.0000E+00  0.2600E+03
      5.488  0.0000E+00  0.2600E+03
      5.507  0.0000E+00  0.2600E+03
      5.527  0.0000E+00  0.2600E+03
      5.547  0.0000E+00  0.2600E+03
      5.566  0.0000E+00  0.2600E+03
      5.586  0.0000E+00  0.2600E+03
      5.606  0.0000E+00  0.2600E+03
      5.625  0.0000E+00  0.2600E+03
      5.645  0.0000E+00  0.2600E+03
      5.665  0.0000E+00  0.2600E+03
      5.684  0.0000E+00  0.2600E+03
      5.704  0.0000E+00  0.2600E+03
      5.724  0.0000E+00  0.2600E+03
      5.743  0.0000E+00  0.2600E+03
      5.763  0.0000E+00  0.2600E+03
      5.782  0.0000E+00  0.2600E+03
      5.802  0.0000E+00  0.2600E+03
      5.822  0.0000E+00  0.2600E+03
      5.841  0.0000E+00  0.2600E+03
      5.861  0.0000E+00  0.2600E+03
      5.881  0.0000E+00  0.2600E+03
      5.900  0.0000E+00  0.2600E+03
      5.920  0.0000E+00  0.2600E+03
      5.940  0.0000E+00  0.2600E+03
      5.959  0.0000E+00  0.2600E+03
      5.979  0.0000E+00  0.2600E+03
      5.999  0.0000E+00  0.2600E+03
      6.018  0.0000E+00  0.2600E+03
      6.038  0.0000E+00  0.2600E+03
      6.058  0.0000E+00  0.2600E+03
      6.077  0.0000E+00  0.2600E+03
      6.097  0.8498E+02  0.2611E+03
      6.117  0.6240E+02  0.2626E+03
      6.136  0.3018E+01  0.2640E+03
      6.156  0.0000E+00  0.2640E+03
      6.176  0.0000E+00  0.2640E+03
      6.195  0.0000E+00  0.2640E+03
      6.215  0.0000E+00  0.2640E+03
      6.235  0.0000E+00  0.2640E+03
      6.254  0.0000E+00  0.2640E+03
      6.274  0.0000E+00  0.2640E+03
      6.294  0.0000E+00  0.2640E+03
      6.313  0.0000E+00  0.2640E+03
      6.333  0.0000E+00  0.2640E+03
      6.353  0.0000E+00  0.2640E+03
      6.372  0.0000E+00  0.2640E+03
      6.392  0.0000E+00  0.2640E+03
      6.412  0.0000E+00  0.2640E+03
      6.431  0.0000E+00  0.2640E+03
      6.451  0.0000E+00  0.2640E+03
      6.471  0.0000E+00  0.2640E+03
      6.490  0.0000E+00  0.2640E+03
      6.510  0.0000E+00  0.2640E+03
      6.530  0.0000E+00  0.2640E+03
      6.549  0.0000E+00  0.2640E+03
      6.569  0.0000E+00  0.2640E+03
      6.589  0.0000E+00  0.2640E+03
      6.608  0.0000E+00  0.2640E+03
      6.628  0.0000E+00  0.2640E+03
      6.648  0.0000E+00  0.2640E+03
      6.667  0.0000E+00  0.2640E+03
      6.687  0.0000E+00  0.2640E+03
      6.706  0.0000E+00  0.2640E+03
      6.726  0.0000E+00  0.2640E+03
      6.746  0.0000E+00  0.2640E+03
      6.765  0.0000E+00  0.2640E+03
      6.785  0.0000E+00  0.2640E+03
      6.805  0.0000E+00  0.2640E+03
      6.824  0.0000E+00  0.2640E+03
      6.844  0.0000E+00  0.2640E+03
      6.864  0.0000E+00  0.2640E+03
      6.883  0.0000E+00  0.2640E+03
      6.903  0.0000E+00  0.2640E+03
      6.923  0.0000E+00  0.2640E+03
      6.942  0.0000E+00  0.2640E+03
      6.962  0.0000E+00  0.2640E+03
      6.982  0.0000E+00  0.2640E+03
      7.001  0.0000E+00  0.2640E+03
      7.021  0.0000E+00  0.2640E+03
      7.041  0.0000E+00  0.2640E+03
      7.060  0.0000E+00  0.2640E+03
      7.080  0.0000E+00  0.2640E+03
      7.100  0.0000E+00  0.2640E+03
      7.119  0.0000E+00  0.2640E+03
      7.139  0.0000E+00  0.2640E+03
      7.159  0.0000E+00  0.2640E+03
      7.178  0.0000E+00  0.2640E+03
      7.198  0.0000E+00  0.2640E+03
      7.218  0.0000E+00  0.2640E+03
      7.237  0.0000E+00  0.2640E+03
      7.257  0.0000E+00  0.2640E+03
      7.277  0.0000E+00  0.2640E+03
      7.296  0.0000E+00  0.2640E+03
      7.316  0.0000E+00  0.2640E+03
      7.336  0.0000E+00  0.2640E+03
      7.355  0.0000E+00  0.2640E+03
      7.375  0.0000E+00  0.2640E+03
      7.395  0.0000E+00  0.2640E+03
      7.414  0.0000E+00  0.2640E+03
      7.434  0.0000E+00  0.2640E+03
      7.454  0.0000E+00  0.2640E+03
      7.473  0.0000E+00  0.2640E+03
      7.493  0.0000E+00  0.2640E+03
      7.513  0.0000E+00  0.2640E+03
      7.532  0.0000E+00  0.2640E+03
      7.552  0.0000E+00  0.2640E+03
      7.571  0.0000E+00  0.2640E+03
      7.591  0.0000E+00  0.2640E+03
      7.611  0.0000E+00  0.2640E+03
      7.630  0.0000E+00  0.2640E+03
      7.650  0.0000E+00  0.2640E+03
      7.670  0.0000E+00  0.2640E+03
      7.689  0.0000E+00  0.2640E+03
      7.709  0.0000E+00  0.2640E+03
      7.729  0.0000E+00  0.2640E+03
      7.748  0.0000E+00  0.2640E+03
      7.768  0.0000E+00  0.2640E+03
      7.788  0.0000E+00  0.2640E+03
      7.807  0.0000E+00  0.2640E+03
      7.827  0.0000E+00  0.2640E+03
      7.847  0.0000E+00  0.2640E+03
      7.866  0.0000E+00  0.2640E+03
      7.886  0.0000E+00  0.2640E+03
      7.906  0.0000E+00  0.2640E+03
      7.925  0.0000E+00  0.2640E+03
      7.945  0.0000E+00  0.2640E+03
      7.965  0.0000E+00  0.2640E+03
      7.984  0.0000E+00  0.2640E+03
      8.004  0.0000E+00  0.2640E+03
      8.024  0.0000E+00  0.2640E+03
      8.043  0.0000E+00  0.2640E+03
      8.063  0.0000E+00  0.2640E+03
      8.083  0.0000E+00  0.2640E+03
      8.102  0.0000E+00  0.2640E+03
      8.122  0.0000E+00  0.2640E+03
      8.142  0.0000E+00  0.2640E+03
      8.161  0.0000E+00  0.2640E+03
      8.181  0.0000E+00  0.2640E+03
      8.201  0.0000E+00  0.2640E+03
      8.220  0.0000E+00  0.2640E+03
      8.240  0.0000E+00  0.2640E+03
      8.260  0.0000E+00  0.2640E+03
      8.279  0.0000E+00  0.2640E+03
      8.299  0.0000E+00  0.2640E+03
      8.319  0.0000E+00  0.2640E+03
      8.338  0.0000E+00  0.2640E+03
      8.358  0.0000E+00  0.2640E+03
      8.378  0.0000E+00  0.2640E+03
      8.397  0.0000E+00  0.2640E+03
      8.417  0.0000E+00  0.2640E+03
      8.437  0.0000E+00  0.2640E+03
      8.456  0.0000E+00  0.2640E+03
      8.476  0.0000E+00  0.2640E+03
      8.495  0.0000E+00  0.2640E+03
      8.515  0.0000E+00  0.2640E+03
      8.535  0.0000E+00  0.2640E+03
      8.554  0.0000E+00  0.2640E+03
      8.574  0.0000E+00  0.2640E+03
      8.594  0.0000E+00  0.2640E+03
      8.613  0.0000E+00  0.2640E+03
      8.633  0.0000E+00  0.2640E+03
      8.653  0.0000E+00  0.2640E+03
      8.672  0.0000E+00  0.2640E+03
      8.692  0.0000E+00  0.2640E+03
      8.712  0.0000E+00  0.2640E+03
      8.731  0.0000E+00  0.2640E+03
      8.751  0.0000E+00  0.2640E+03
      8.771  0.0000E+00  0.2640E+03
      8.790  0.0000E+00  0.2640E+03
      8.810  0.0000E+00  0.2640E+03
      8.830  0.0000E+00  0.2640E+03
      8.849  0.0000E+00  0.2640E+03
      8.869  0.0000E+00  0.2640E+03
      8.889  0.0000E+00  0.2640E+03
      8.908  0.0000E+00  0.2640E+03
      8.928  0.0000E+00  0.2640E+03
      8.948  0.0000E+00  0.2640E+03
      8.967  0.0000E+00  0.2640E+03
      8.987  0.0000E+00  0.2640E+03
      9.007  0.0000E+00  0.2640E+03
      9.026  0.0000E+00  0.2640E+03
      9.046  0.0000E+00  0.2640E+03
      9.066  0.0000E+00  0.2640E+03
      9.085  0.0000E+00  0.2640E+03
      9.105  0.0000E+00  0.2640E+03
      9.125  0.0000E+00  0.2640E+03
      9.144  0.0000E+00  0.2640E+03
      9.164  0.0000E+00  0.2640E+03
      9.184  0.0000E+00  0.2640E+03
      9.203  0.0000E+00  0.2640E+03
      9.223  0.0000E+00  0.2640E+03
      9.243  0.0000E+00  0.2640E+03
      9.262  0.0000E+00  0.2640E+03
      9.282  0.0000E+00  0.2640E+03
      9.302  0.0000E+00  0.2640E+03
      9.321  0.0000E+00  0.2640E+03
      9.341  0.0000E+00  0.2640E+03
      9.361  0.0000E+00  0.2640E+03
      9.380  0.0000E+00  0.2640E+03
      9.400  0.0000E+00  0.2640E+03
      9.419  0.0000E+00  0.2640E+03
      9.439  0.0000E+00  0.2640E+03
      9.459  0.0000E+00  0.2640E+03
      9.478  0.0000E+00  0.2640E+03
      9.498  0.0000E+00  0.2640E+03
      9.518  0.0000E+00  0.2640E+03
      9.537  0.0000E+00  0.2640E+03
      9.557  0.0000E+00  0.2640E+03
      9.577  0.0000E+00  0.2640E+03
      9.596  0.0000E+00  0.2640E+03
      9.616  0.0000E+00  0.2640E+03
      9.636  0.0000E+00  0.2640E+03
      9.655  0.0000E+00  0.2640E+03
      9.675  0.0000E+00  0.2640E+03
      9.695  0.0000E+00  0.2640E+03
      9.714  0.0000E+00  0.2640E+03
      9.734  0.0000E+00  0.2640E+03
      9.754  0.0000E+00  0.2640E+03
      9.773  0.0000E+00  0.2640E+03
      9.793  0.0000E+00  0.2640E+03
      9.813  0.0000E+00  0.2640E+03
      9.832  0.0000E+00  0.2640E+03
      9.852  0.0000E+00  0.2640E+03
      9.872  0.0000E+00  0.2640E+03
      9.891  0.0000E+00  0.2640E+03
      9.911  0.0000E+00  0.2640E+03
      9.931  0.0000E+00  0.2640E+03
      9.950  0.0000E+00  0.2640E+03
      9.970  0.0000E+00  0.2640E+03
      9.990  0.0000E+00  0.2640E+03
     10.009  0.0000E+00  0.2640E+03
     10.029  0.0000E+00  0.2640E+03
     10.049  0.0000E+00  0.2640E+03
     10.068  0.0000E+00  0.2640E+03
     10.088  0.0000E+00  0.2640E+03
     10.108  0.0000E+00  0.2640E+03
     10.127  0.0000E+00  0.2640E+03
     10.147  0.0000E+00  0.2640E+03
     10.167  0.0000E+00  0.2640E+03
     10.186  0.0000E+00  0.2640E+03
     10.206  0.0000E+00  0.2640E+03
     10.226  0.0000E+00  0.2640E+03
     10.245  0.0000E+00  0.2640E+03
     10.265  0.0000E+00  0.2640E+03
     10.284  0.0000E+00  0.2640E+03
     10.304  0.0000E+00  0.2640E+03
     10.324  0.0000E+00  0.2640E+03
     10.343  0.3259E-03  0.2640E+03
     10.363  0.1376E-02  0.2640E+03
     10.383  0.3150E-02  0.2640E+03
     10.402  0.5649E-02  0.2640E+03
     10.422  0.8873E-02  0.2640E+03
     10.442  0.1282E-01  0.2640E+03
     10.461  0.1749E-01  0.2640E+03
     10.481  0.2289E-01  0.2640E+03
     10.501  0.2902E-01  0.2640E+03
     10.520  0.3586E-01  0.2640E+03
     10.540  0.4344E-01  0.2640E+03
     10.560  0.5173E-01  0.2640E+03
     10.579  0.6075E-01  0.2640E+03
     10.599  0.7050E-01  0.2640E+03
     10.619  0.8097E-01  0.2640E+03
     10.638  0.9217E-01  0.2640E+03
     10.658  0.1041E+00  0.2640E+03
     10.678  0.1167E+00  0.2640E+03
     10.697  0.1301E+00  0.2640E+03
     10.717  0.1442E+00  0.2640E+03
     10.737  0.1590E+00  0.2640E+03
     10.756  0.1746E+00  0.2640E+03
     10.776  0.1908E+00  0.2640E+03
     10.796  0.2078E+00  0.2640E+03
     10.815  0.2255E+00  0.2640E+03
     10.835  0.2440E+00  0.2640E+03
     10.855  0.2632E+00  0.2640E+03
     10.874  0.2830E+00  0.2641E+03
     10.894  0.3037E+00  0.2641E+03
     10.914  0.3250E+00  0.2641E+03
     10.933  0.3471E+00  0.2641E+03
     10.953  0.3699E+00  0.2641E+03
     10.973  0.3934E+00  0.2641E+03
     10.992  0.4176E+00  0.2641E+03
     11.012  0.4426E+00  0.2641E+03
     11.032  0.4683E+00  0.2641E+03
     11.051  0.4947E+00  0.2641E+03
     11.071  0.5218E+00  0.2641E+03
     11.091  0.5497E+00  0.2641E+03
     11.110  0.5783E+00  0.2642E+03
     11.130  0.6076E+00  0.2642E+03
     11.150  0.6376E+00  0.2642E+03
     11.169  0.6684E+00  0.2642E+03
     11.189  0.6999E+00  0.2642E+03
     11.208  0.7321E+00  0.2642E+03
     11.228  0.7650E+00  0.2642E+03
     11.248  0.7987E+00  0.2642E+03
     11.267  0.8331E+00  0.2643E+03
     11.287  0.8682E+00  0.2643E+03
     11.307  0.9040E+00  0.2643E+03
     11.326  0.9406E+00  0.2643E+03
     11.346  0.9779E+00  0.2643E+03
     11.366  0.1016E+01  0.2644E+03
     11.385  0.1055E+01  0.2644E+03
     11.405  0.1094E+01  0.2644E+03
     11.425  0.1134E+01  0.2644E+03
     11.444  0.1181E+01  0.2644E+03
     11.464  0.1237E+01  0.2645E+03
     11.484  0.1297E+01  0.2645E+03
     11.503  0.1362E+01  0.2645E+03
     11.523  0.1427E+01  0.2645E+03
     11.543  0.1489E+01  0.2646E+03
     11.562  0.1547E+01  0.2646E+03
     11.582  0.1608E+01  0.2646E+03
     11.602  0.1687E+01  0.2647E+03
     11.621  0.1788E+01  0.2647E+03
     11.641  0.1909E+01  0.2647E+03
     11.661  0.2059E+01  0.2648E+03
     11.680  0.2268E+01  0.2648E+03
     11.700  0.2469E+01  0.2649E+03
     11.720  0.2660E+01  0.2649E+03
     11.739  0.2840E+01  0.2650E+03
     11.759  0.3012E+01  0.2650E+03
     11.779  0.3173E+01  0.2651E+03
     11.798  0.3325E+01  0.2651E+03
     11.818  0.3466E+01  0.2652E+03
     11.838  0.3598E+01  0.2653E+03
     11.857  0.3721E+01  0.2654E+03
     11.877  0.3833E+01  0.2654E+03
     11.897  0.3936E+01  0.2655E+03
     11.916  0.4029E+01  0.2656E+03
     11.936  0.4112E+01  0.2657E+03
     11.956  0.4185E+01  0.2657E+03
     11.975  0.4249E+01  0.2658E+03
     11.995  0.4303E+01  0.2659E+03
     12.015  0.4347E+01  0.2660E+03
     12.034  0.4381E+01  0.2661E+03
     12.054  0.4405E+01  0.2662E+03
     12.074  0.4420E+01  0.2663E+03
     12.093  0.4425E+01  0.2663E+03
     12.113  0.4420E+01  0.2664E+03
     12.132  0.4405E+01  0.2665E+03
     12.152  0.4381E+01  0.2666E+03
     12.172  0.4346E+01  0.2667E+03
     12.191  0.4302E+01  0.2668E+03
     12.211  0.4233E+01  0.2669E+03
     12.231  0.4093E+01  0.2669E+03
     12.250  0.3910E+01  0.2670E+03
     12.270  0.3701E+01  0.2671E+03
     12.290  0.3492E+01  0.2672E+03
     12.309  0.3198E+01  0.2672E+03
     12.329  0.2922E+01  0.2673E+03
     12.349  0.2677E+01  0.2673E+03
     12.368  0.2465E+01  0.2674E+03
     12.388  0.2284E+01  0.2674E+03
     12.408  0.2135E+01  0.2675E+03
     12.427  0.2018E+01  0.2675E+03
     12.447  0.1935E+01  0.2676E+03
     12.467  0.1902E+01  0.2676E+03
     12.486  0.1921E+01  0.2676E+03
     12.506  0.1962E+01  0.2677E+03
     12.526  0.2009E+01  0.2677E+03
     12.545  0.2052E+01  0.2678E+03
     12.565  0.2114E+01  0.2678E+03
     12.585  0.2263E+01  0.2678E+03
     12.604  0.2416E+01  0.2679E+03
     12.624  0.2572E+01  0.2679E+03
     12.644  0.2731E+01  0.2680E+03
     12.663  0.2892E+01  0.2680E+03
     12.683  0.3057E+01  0.2681E+03
     12.703  0.3219E+01  0.2682E+03
     12.722  0.3339E+01  0.2682E+03
     12.742  0.3416E+01  0.2683E+03
     12.762  0.3457E+01  0.2684E+03
     12.781  0.3493E+01  0.2684E+03
     12.801  0.3528E+01  0.2685E+03
     12.821  0.3564E+01  0.2686E+03
     12.840  0.3601E+01  0.2686E+03
     12.860  0.3640E+01  0.2687E+03
     12.880  0.3679E+01  0.2688E+03
     12.899  0.3720E+01  0.2689E+03
     12.919  0.3762E+01  0.2689E+03
     12.939  0.3804E+01  0.2690E+03
     12.958  0.3848E+01  0.2691E+03
     12.978  0.3893E+01  0.2692E+03
     12.997  0.3939E+01  0.2692E+03
     13.017  0.3986E+01  0.2693E+03
     13.037  0.4034E+01  0.2694E+03
     13.056  0.4084E+01  0.2695E+03
     13.076  0.4136E+01  0.2696E+03
     13.096  0.4192E+01  0.2696E+03
     13.115  0.4251E+01  0.2697E+03
     13.135  0.4315E+01  0.2698E+03
     13.155  0.4382E+01  0.2699E+03
     13.174  0.4453E+01  0.2700E+03
     13.194  0.4527E+01  0.2701E+03
     13.214  0.4606E+01  0.2702E+03
     13.233  0.4692E+01  0.2702E+03
     13.253  0.4785E+01  0.2703E+03
     13.273  0.4886E+01  0.2704E+03
     13.292  0.4995E+01  0.2705E+03
     13.312  0.5112E+01  0.2706E+03
     13.332  0.5236E+01  0.2707E+03
     13.351  0.5368E+01  0.2708E+03
     13.371  0.5508E+01  0.2709E+03
     13.391  0.5655E+01  0.2710E+03
     13.410  0.5811E+01  0.2712E+03
     13.430  0.5974E+01  0.2713E+03
     13.450  0.6145E+01  0.2714E+03
     13.469  0.6323E+01  0.2715E+03
     13.489  0.6506E+01  0.2716E+03
     13.509  0.6694E+01  0.2718E+03
     13.528  0.6886E+01  0.2719E+03
     13.548  0.7081E+01  0.2720E+03
     13.568  0.7279E+01  0.2722E+03
     13.587  0.7486E+01  0.2723E+03
     13.607  0.7700E+01  0.2725E+03
     13.627  0.7924E+01  0.2726E+03
     13.646  0.8155E+01  0.2728E+03
     13.666  0.8395E+01  0.2730E+03
     13.686  0.8643E+01  0.2731E+03
     13.705  0.8900E+01  0.2733E+03
     13.725  0.9167E+01  0.2735E+03
     13.745  0.9457E+01  0.2737E+03
     13.764  0.9774E+01  0.2738E+03
     13.784  0.1012E+02  0.2740E+03
     13.804  0.1049E+02  0.2742E+03
     13.823  0.1090E+02  0.2745E+03
     13.843  0.1147E+02  0.2747E+03
     13.863  0.1244E+02  0.2749E+03
     13.882  0.1362E+02  0.2752E+03
     13.902  0.1491E+02  0.2754E+03
     13.921  0.1611E+02  0.2757E+03
     13.941  0.1735E+02  0.2761E+03
     13.961  0.1858E+02  0.2764E+03
     13.980  0.1983E+02  0.2768E+03
     14.000  0.2197E+02  0.2772E+03
     14.020  0.2362E+02  0.2777E+03
     14.039  0.2512E+02  0.2781E+03
     14.059  0.2508E+02  0.2786E+03
     14.079  0.2457E+02  0.2791E+03
     14.098  0.2262E+02  0.2796E+03
     14.118  0.1992E+02  0.2800E+03
     14.138  0.1958E+02  0.2804E+03
     14.157  0.1992E+02  0.2808E+03
     14.177  0.1792E+02  0.2812E+03
     14.197  0.1568E+02  0.2815E+03
     14.216  0.1454E+02  0.2818E+03
     14.236  0.1828E+02  0.2821E+03
     14.256  0.1678E+02  0.2825E+03
     14.275  0.9701E+01  0.2827E+03
     14.295  0.1500E+02  0.2830E+03
     14.315  0.2405E+02  0.2834E+03
     14.334  0.1295E+02  0.2837E+03
     14.354  0.1115E+02  0.2840E+03
     14.374  0.9586E+01  0.2842E+03
     14.393  0.8848E+01  0.2843E+03
     14.413  0.1352E+02  0.2846E+03
     14.433  0.1589E+02  0.2848E+03
     14.452  0.1544E+02  0.2852E+03
     14.472  0.1371E+02  0.2854E+03
     14.492  0.1249E+02  0.2857E+03
     14.511  0.1164E+02  0.2859E+03
     14.531  0.1097E+02  0.2862E+03
     14.551  0.1045E+02  0.2864E+03
     14.570  0.1010E+02  0.2866E+03
     14.590  0.9919E+01  0.2868E+03
     14.610  0.9882E+01  0.2870E+03
     14.629  0.9936E+01  0.2872E+03
     14.649  0.1000E+02  0.2874E+03
     14.669  0.1007E+02  0.2876E+03
     14.688  0.1015E+02  0.2878E+03
     14.708  0.1023E+02  0.2880E+03
     14.728  0.1030E+02  0.2882E+03
     14.747  0.1037E+02  0.2884E+03
     14.767  0.1045E+02  0.2886E+03
     14.787  0.1058E+02  0.2888E+03
     14.806  0.1074E+02  0.2890E+03
     14.826  0.1093E+02  0.2892E+03
     14.845  0.1115E+02  0.2894E+03
     14.865  0.1137E+02  0.2896E+03
     14.885  0.1160E+02  0.2899E+03
     14.904  0.1185E+02  0.2901E+03
     14.924  0.1216E+02  0.2903E+03
     14.944  0.1252E+02  0.2906E+03
     14.963  0.1292E+02  0.2908E+03
     14.983  0.1336E+02  0.2911E+03
     15.003  0.1383E+02  0.2913E+03
     15.022  0.1430E+02  0.2916E+03
     15.042  0.1477E+02  0.2919E+03
     15.062  0.1523E+02  0.2922E+03
     15.081  0.1571E+02  0.2925E+03
     15.101  0.1618E+02  0.2928E+03
     15.121  0.1662E+02  0.2931E+03
     15.140  0.1704E+02  0.2935E+03
     15.160  0.1744E+02  0.2938E+03
     15.180  0.1780E+02  0.2942E+03
     15.199  0.1814E+02  0.2945E+03
     15.219  0.1846E+02  0.2949E+03
     15.239  0.1891E+02  0.2952E+03
     15.258  0.1931E+02  0.2956E+03
     15.278  0.1966E+02  0.2960E+03
     15.298  0.2008E+02  0.2964E+03
     15.317  0.1983E+02  0.2968E+03
     15.337  0.1882E+02  0.2972E+03
     15.357  0.1850E+02  0.2975E+03
     15.376  0.1835E+02  0.2979E+03
     15.396  0.1839E+02  0.2982E+03
     15.416  0.1894E+02  0.2986E+03
     15.435  0.1915E+02  0.2990E+03
     15.455  0.1868E+02  0.2994E+03
     15.475  0.1795E+02  0.2997E+03
     15.494  0.1690E+02  0.3001E+03
     15.514  0.1592E+02  0.3004E+03
     15.534  0.1784E+02  0.3007E+03
     15.553  0.2028E+02  0.3011E+03
     15.573  0.2263E+02  0.3015E+03
     15.593  0.2063E+02  0.3019E+03
     15.612  0.1826E+02  0.3023E+03
     15.632  0.1587E+02  0.3027E+03
     15.652  0.1440E+02  0.3029E+03
     15.671  0.1466E+02  0.3032E+03
     15.691  0.1764E+02  0.3035E+03
     15.711  0.1750E+02  0.3039E+03
     15.730  0.1679E+02  0.3042E+03
     15.750  0.1567E+02  0.3045E+03
     15.769  0.1805E+02  0.3049E+03
     15.789  0.2152E+02  0.3053E+03
     15.809  0.2266E+02  0.3057E+03
     15.828  0.2174E+02  0.3061E+03
     15.848  0.2114E+02  0.3066E+03
     15.868  0.2080E+02  0.3070E+03
     15.887  0.2012E+02  0.3074E+03
     15.907  0.1905E+02  0.3078E+03
     15.927  0.1841E+02  0.3081E+03
     15.946  0.2059E+02  0.3085E+03
     15.966  0.2345E+02  0.3089E+03
     15.986  0.2471E+02  0.3094E+03
     16.005  0.2211E+02  0.3099E+03
     16.025  0.1914E+02  0.3103E+03
     16.045  0.1714E+02  0.3106E+03
     16.064  0.1567E+02  0.3110E+03
     16.084  0.1498E+02  0.3113E+03
     16.104  0.1840E+02  0.3116E+03
     16.123  0.1647E+02  0.3120E+03
     16.143  0.8250E+01  0.3122E+03
     16.163  0.1202E+02  0.3124E+03
     16.182  0.1603E+02  0.3127E+03
     16.202  0.1991E+02  0.3130E+03
     16.222  0.2293E+02  0.3134E+03
     16.241  0.2103E+02  0.3139E+03
     16.261  0.1281E+02  0.3142E+03
     16.281  0.7225E+01  0.3144E+03
     16.300  0.9575E+01  0.3146E+03
     16.320  0.1204E+02  0.3148E+03
     16.340  0.1498E+02  0.3150E+03
     16.359  0.1896E+02  0.3154E+03
     16.379  0.2088E+02  0.3158E+03
     16.399  0.2008E+02  0.3162E+03
     16.418  0.1703E+02  0.3165E+03
     16.438  0.1487E+02  0.3169E+03
     16.458  0.1406E+02  0.3171E+03
     16.477  0.1483E+02  0.3174E+03
     16.497  0.1580E+02  0.3177E+03
     16.517  0.1669E+02  0.3180E+03
     16.536  0.1752E+02  0.3184E+03
     16.556  0.1857E+02  0.3187E+03
     16.576  0.1926E+02  0.3191E+03
     16.595  0.1922E+02  0.3195E+03
     16.615  0.1873E+02  0.3199E+03
     16.634  0.1782E+02  0.3202E+03
     16.654  0.1660E+02  0.3206E+03
     16.674  0.1529E+02  0.3209E+03
     16.693  0.1429E+02  0.3212E+03
     16.713  0.1345E+02  0.3214E+03
     16.733  0.1278E+02  0.3217E+03
     16.752  0.1263E+02  0.3219E+03
     16.772  0.1286E+02  0.3222E+03
     16.792  0.1311E+02  0.3224E+03
     16.811  0.1287E+02  0.3227E+03
     16.831  0.1226E+02  0.3229E+03
     16.851  0.1189E+02  0.3232E+03
     16.870  0.1174E+02  0.3234E+03
     16.890  0.1176E+02  0.3236E+03
     16.910  0.1209E+02  0.3239E+03
     16.929  0.1265E+02  0.3241E+03
     16.949  0.1313E+02  0.3244E+03
     16.969  0.1348E+02  0.3246E+03
     16.988  0.1358E+02  0.3249E+03
     17.008  0.1323E+02  0.3252E+03
     17.028  0.1275E+02  0.3254E+03
     17.047  0.1287E+02  0.3257E+03
     17.067  0.1319E+02  0.3259E+03
     17.087  0.1318E+02  0.3262E+03
     17.106  0.1271E+02  0.3264E+03
     17.126  0.1192E+02  0.3267E+03
     17.146  0.1087E+02  0.3269E+03
     17.165  0.1094E+02  0.3271E+03
     17.185  0.1341E+02  0.3274E+03
     17.205  0.1465E+02  0.3276E+03
     17.224  0.1425E+02  0.3279E+03
     17.244  0.1376E+02  0.3282E+03
     17.264  0.1291E+02  0.3285E+03
     17.283  0.1174E+02  0.3287E+03
     17.303  0.1033E+02  0.3289E+03
     17.323  0.8702E+01  0.3291E+03
     17.342  0.7193E+01  0.3293E+03
     17.362  0.7052E+01  0.3294E+03
     17.382  0.8321E+01  0.3296E+03
     17.401  0.9662E+01  0.3297E+03
     17.421  0.1107E+02  0.3299E+03
     17.441  0.1253E+02  0.3302E+03
     17.460  0.1391E+02  0.3304E+03
     17.480  0.1313E+02  0.3307E+03
     17.500  0.1237E+02  0.3309E+03
     17.519  0.1191E+02  0.3312E+03
     17.539  0.1082E+02  0.3314E+03
     17.558  0.1006E+02  0.3316E+03
     17.578  0.9836E+01  0.3318E+03
     17.598  0.1015E+02  0.3320E+03
     17.617  0.1125E+02  0.3322E+03
     17.637  0.1394E+02  0.3325E+03
     17.657  0.1743E+02  0.3328E+03
     17.676  0.1762E+02  0.3331E+03
     17.696  0.1526E+02  0.3334E+03
     17.716  0.9940E+01  0.3337E+03
     17.735  0.6643E+01  0.3338E+03
     17.755  0.5331E+01  0.3340E+03
     17.775  0.5348E+01  0.3341E+03
     17.794  0.7766E+01  0.3342E+03
     17.814  0.9340E+01  0.3344E+03
     17.834  0.8372E+01  0.3345E+03
     17.853  0.7940E+01  0.3347E+03
     17.873  0.7748E+01  0.3349E+03
     17.893  0.7493E+01  0.3350E+03
     17.912  0.7175E+01  0.3352E+03
     17.932  0.6794E+01  0.3353E+03
     17.952  0.6351E+01  0.3354E+03
     17.971  0.5844E+01  0.3355E+03
     17.991  0.5275E+01  0.3356E+03
     18.011  0.4642E+01  0.3357E+03
     18.030  0.3946E+01  0.3358E+03
     18.050  0.3188E+01  0.3359E+03
     18.070  0.2301E+01  0.3360E+03
     18.089  0.1225E+01  0.3360E+03
     18.109  0.3728E-01  0.3360E+03
     18.129  0.0000E+00  0.3360E+03
     18.148  0.0000E+00  0.3360E+03
     18.168  0.0000E+00  0.3360E+03
     18.188  0.0000E+00  0.3360E+03
     18.207  0.0000E+00  0.3360E+03
     18.227  0.0000E+00  0.3360E+03
     18.247  0.0000E+00  0.3360E+03
     18.266  0.0000E+00  0.3360E+03
     18.286  0.0000E+00  0.3360E+03
     18.306  0.0000E+00  0.3360E+03
     18.325  0.0000E+00  0.3360E+03
     18.345  0.0000E+00  0.3360E+03
     18.365  0.0000E+00  0.3360E+03
     18.384  0.0000E+00  0.3360E+03
     18.404  0.0000E+00  0.3360E+03
     18.424  0.0000E+00  0.3360E+03
     18.443  0.0000E+00  0.3360E+03
     18.463  0.0000E+00  0.3360E+03
     18.482  0.0000E+00  0.3360E+03
     18.502  0.0000E+00  0.3360E+03
     18.522  0.0000E+00  0.3360E+03
     18.541  0.0000E+00  0.3360E+03
     18.561  0.0000E+00  0.3360E+03
     18.581  0.0000E+00  0.3360E+03
     18.600  0.0000E+00  0.3360E+03
     18.620  0.0000E+00  0.3360E+03
     18.640  0.0000E+00  0.3360E+03
     18.659  0.0000E+00  0.3360E+03
     18.679  0.0000E+00  0.3360E+03
     18.699  0.0000E+00  0.3360E+03
     18.718  0.0000E+00  0.3360E+03
     18.738  0.0000E+00  0.3360E+03
     18.758  0.0000E+00  0.3360E+03
     18.777  0.0000E+00  0.3360E+03
     18.797  0.0000E+00  0.3360E+03
     18.817  0.0000E+00  0.3360E+03
     18.836  0.0000E+00  0.3360E+03
     18.856  0.0000E+00  0.3360E+03
     18.876  0.0000E+00  0.3360E+03
     18.895  0.0000E+00  0.3360E+03
     18.915  0.0000E+00  0.3360E+03
     18.935  0.0000E+00  0.3360E+03
     18.954  0.0000E+00  0.3360E+03
     18.974  0.0000E+00  0.3360E+03
     18.994  0.0000E+00  0.3360E+03
     19.013  0.0000E+00  0.3360E+03
     19.033  0.0000E+00  0.3360E+03
     19.053  0.0000E+00  0.3360E+03
     19.072  0.0000E+00  0.3360E+03
     19.092  0.0000E+00  0.3360E+03
     19.112  0.0000E+00  0.3360E+03
     19.131  0.0000E+00  0.3360E+03
     19.151  0.0000E+00  0.3360E+03
     19.171  0.0000E+00  0.3360E+03
     19.190  0.0000E+00  0.3360E+03
     19.210  0.0000E+00  0.3360E+03
     19.230  0.0000E+00  0.3360E+03
     19.249  0.0000E+00  0.3360E+03
     19.269  0.0000E+00  0.3360E+03
     19.289  0.0000E+00  0.3360E+03
     19.308  0.0000E+00  0.3360E+03
     19.328  0.0000E+00  0.3360E+03
     19.347  0.0000E+00  0.3360E+03
     19.367  0.0000E+00  0.3360E+03
     19.387  0.0000E+00  0.3360E+03
     19.406  0.0000E+00  0.3360E+03
     19.426  0.0000E+00  0.3360E+03
     19.446  0.0000E+00  0.3360E+03
     19.465  0.0000E+00  0.3360E+03
     19.485  0.0000E+00  0.3360E+03
     19.505  0.0000E+00  0.3360E+03
     19.524  0.0000E+00  0.3360E+03
     19.544  0.0000E+00  0.3360E+03
     19.564  0.0000E+00  0.3360E+03
     19.583  0.0000E+00  0.3360E+03
     19.603  0.0000E+00  0.3360E+03
     19.623  0.0000E+00  0.3360E+03
     19.642  0.0000E+00  0.3360E+03
     19.662  0.0000E+00  0.3360E+03
     19.682  0.0000E+00  0.3360E+03
     19.701  0.0000E+00  0.3360E+03
     19.721  0.0000E+00  0.3360E+03
     19.741  0.0000E+00  0.3360E+03
     19.760  0.0000E+00  0.3360E+03
     19.780  0.0000E+00  0.3360E+03
     19.800  0.0000E+00  0.3360E+03
     19.819  0.0000E+00  0.3360E+03
     19.839  0.0000E+00  0.3360E+03
     19.859  0.0000E+00  0.3360E+03
     19.878  0.0000E+00  0.3360E+03
     19.898  0.0000E+00  0.3360E+03

