 Energy DOS Integrated_DOS
    -20.507  0.0000E+00  0.0000E+00
    -20.487  0.0000E+00  0.0000E+00
    -20.467  0.0000E+00  0.0000E+00
    -20.446  0.0000E+00  0.0000E+00
    -20.426  0.0000E+00  0.0000E+00
    -20.406  0.0000E+00  0.0000E+00
    -20.386  0.0000E+00  0.0000E+00
    -20.365  0.0000E+00  0.0000E+00
    -20.345  0.0000E+00  0.0000E+00
    -20.325  0.0000E+00  0.0000E+00
    -20.305  0.0000E+00  0.0000E+00
    -20.285  0.0000E+00  0.0000E+00
    -20.264  0.0000E+00  0.0000E+00
    -20.244  0.0000E+00  0.0000E+00
    -20.224  0.0000E+00  0.0000E+00
    -20.204  0.0000E+00  0.0000E+00
    -20.184  0.0000E+00  0.0000E+00
    -20.163  0.0000E+00  0.0000E+00
    -20.143  0.0000E+00  0.0000E+00
    -20.123  0.0000E+00  0.0000E+00
    -20.103  0.0000E+00  0.0000E+00
    -20.082  0.0000E+00  0.0000E+00
    -20.062  0.0000E+00  0.0000E+00
    -20.042  0.0000E+00  0.0000E+00
    -20.022  0.0000E+00  0.0000E+00
    -20.002  0.0000E+00  0.0000E+00
    -19.981  0.0000E+00  0.0000E+00
    -19.961  0.0000E+00  0.0000E+00
    -19.941  0.0000E+00  0.0000E+00
    -19.921  0.0000E+00  0.0000E+00
    -19.901  0.0000E+00  0.0000E+00
    -19.880  0.0000E+00  0.0000E+00
    -19.860  0.0000E+00  0.0000E+00
    -19.840  0.0000E+00  0.0000E+00
    -19.820  0.0000E+00  0.0000E+00
    -19.799  0.0000E+00  0.0000E+00
    -19.779  0.0000E+00  0.0000E+00
    -19.759  0.0000E+00  0.0000E+00
    -19.739  0.0000E+00  0.0000E+00
    -19.719  0.0000E+00  0.0000E+00
    -19.698  0.0000E+00  0.0000E+00
    -19.678  0.0000E+00  0.0000E+00
    -19.658  0.0000E+00  0.0000E+00
    -19.638  0.0000E+00  0.0000E+00
    -19.618  0.0000E+00  0.0000E+00
    -19.597  0.0000E+00  0.0000E+00
    -19.577  0.0000E+00  0.0000E+00
    -19.557  0.0000E+00  0.0000E+00
    -19.537  0.0000E+00  0.0000E+00
    -19.517  0.0000E+00  0.0000E+00
    -19.496  0.0000E+00  0.0000E+00
    -19.476  0.0000E+00  0.0000E+00
    -19.456  0.0000E+00  0.0000E+00
    -19.436  0.0000E+00  0.0000E+00
    -19.415  0.0000E+00  0.0000E+00
    -19.395  0.0000E+00  0.0000E+00
    -19.375  0.0000E+00  0.0000E+00
    -19.355  0.0000E+00  0.0000E+00
    -19.335  0.0000E+00  0.0000E+00
    -19.314  0.0000E+00  0.0000E+00
    -19.294  0.0000E+00  0.0000E+00
    -19.274  0.0000E+00  0.0000E+00
    -19.254  0.0000E+00  0.0000E+00
    -19.234  0.0000E+00  0.0000E+00
    -19.213  0.0000E+00  0.0000E+00
    -19.193  0.0000E+00  0.0000E+00
    -19.173  0.0000E+00  0.0000E+00
    -19.153  0.0000E+00  0.0000E+00
    -19.132  0.0000E+00  0.0000E+00
    -19.112  0.0000E+00  0.0000E+00
    -19.092  0.0000E+00  0.0000E+00
    -19.072  0.0000E+00  0.0000E+00
    -19.052  0.0000E+00  0.0000E+00
    -19.031  0.0000E+00  0.0000E+00
    -19.011  0.0000E+00  0.0000E+00
    -18.991  0.0000E+00  0.0000E+00
    -18.971  0.0000E+00  0.0000E+00
    -18.951  0.0000E+00  0.0000E+00
    -18.930  0.0000E+00  0.0000E+00
    -18.910  0.0000E+00  0.0000E+00
    -18.890  0.0000E+00  0.0000E+00
    -18.870  0.0000E+00  0.0000E+00
    -18.849  0.0000E+00  0.0000E+00
    -18.829  0.0000E+00  0.0000E+00
    -18.809  0.0000E+00  0.0000E+00
    -18.789  0.0000E+00  0.0000E+00
    -18.769  0.0000E+00  0.0000E+00
    -18.748  0.0000E+00  0.0000E+00
    -18.728  0.0000E+00  0.0000E+00
    -18.708  0.0000E+00  0.0000E+00
    -18.688  0.0000E+00  0.0000E+00
    -18.668  0.4855E+03  0.1843E+01
    -18.647  0.0000E+00  0.2000E+01
    -18.627  0.0000E+00  0.2000E+01
    -18.607  0.0000E+00  0.2000E+01
    -18.587  0.0000E+00  0.2000E+01
    -18.567  0.0000E+00  0.2000E+01
    -18.546  0.0000E+00  0.2000E+01
    -18.526  0.0000E+00  0.2000E+01
    -18.506  0.0000E+00  0.2000E+01
    -18.486  0.0000E+00  0.2000E+01
    -18.465  0.0000E+00  0.2000E+01
    -18.445  0.0000E+00  0.2000E+01
    -18.425  0.0000E+00  0.2000E+01
    -18.405  0.0000E+00  0.2000E+01
    -18.385  0.0000E+00  0.2000E+01
    -18.364  0.0000E+00  0.2000E+01
    -18.344  0.0000E+00  0.2000E+01
    -18.324  0.0000E+00  0.2000E+01
    -18.304  0.0000E+00  0.2000E+01
    -18.284  0.0000E+00  0.2000E+01
    -18.263  0.0000E+00  0.2000E+01
    -18.243  0.0000E+00  0.2000E+01
    -18.223  0.0000E+00  0.2000E+01
    -18.203  0.0000E+00  0.2000E+01
    -18.182  0.0000E+00  0.2000E+01
    -18.162  0.0000E+00  0.2000E+01
    -18.142  0.0000E+00  0.2000E+01
    -18.122  0.0000E+00  0.2000E+01
    -18.102  0.0000E+00  0.2000E+01
    -18.081  0.0000E+00  0.2000E+01
    -18.061  0.0000E+00  0.2000E+01
    -18.041  0.0000E+00  0.2000E+01
    -18.021  0.0000E+00  0.2000E+01
    -18.001  0.0000E+00  0.2000E+01
    -17.980  0.0000E+00  0.2000E+01
    -17.960  0.0000E+00  0.2000E+01
    -17.940  0.0000E+00  0.2000E+01
    -17.920  0.0000E+00  0.2000E+01
    -17.899  0.0000E+00  0.2000E+01
    -17.879  0.0000E+00  0.2000E+01
    -17.859  0.0000E+00  0.2000E+01
    -17.839  0.0000E+00  0.2000E+01
    -17.819  0.0000E+00  0.2000E+01
    -17.798  0.0000E+00  0.2000E+01
    -17.778  0.0000E+00  0.2000E+01
    -17.758  0.0000E+00  0.2000E+01
    -17.738  0.0000E+00  0.2000E+01
    -17.718  0.0000E+00  0.2000E+01
    -17.697  0.0000E+00  0.2000E+01
    -17.677  0.0000E+00  0.2000E+01
    -17.657  0.0000E+00  0.2000E+01
    -17.637  0.0000E+00  0.2000E+01
    -17.617  0.0000E+00  0.2000E+01
    -17.596  0.0000E+00  0.2000E+01
    -17.576  0.0000E+00  0.2000E+01
    -17.556  0.0000E+00  0.2000E+01
    -17.536  0.0000E+00  0.2000E+01
    -17.515  0.0000E+00  0.2000E+01
    -17.495  0.0000E+00  0.2000E+01
    -17.475  0.0000E+00  0.2000E+01
    -17.455  0.0000E+00  0.2000E+01
    -17.435  0.0000E+00  0.2000E+01
    -17.414  0.0000E+00  0.2000E+01
    -17.394  0.0000E+00  0.2000E+01
    -17.374  0.0000E+00  0.2000E+01
    -17.354  0.0000E+00  0.2000E+01
    -17.334  0.0000E+00  0.2000E+01
    -17.313  0.0000E+00  0.2000E+01
    -17.293  0.0000E+00  0.2000E+01
    -17.273  0.0000E+00  0.2000E+01
    -17.253  0.0000E+00  0.2000E+01
    -17.232  0.0000E+00  0.2000E+01
    -17.212  0.0000E+00  0.2000E+01
    -17.192  0.0000E+00  0.2000E+01
    -17.172  0.0000E+00  0.2000E+01
    -17.152  0.0000E+00  0.2000E+01
    -17.131  0.0000E+00  0.2000E+01
    -17.111  0.0000E+00  0.2000E+01
    -17.091  0.0000E+00  0.2000E+01
    -17.071  0.0000E+00  0.2000E+01
    -17.051  0.0000E+00  0.2000E+01
    -17.030  0.0000E+00  0.2000E+01
    -17.010  0.0000E+00  0.2000E+01
    -16.990  0.0000E+00  0.2000E+01
    -16.970  0.0000E+00  0.2000E+01
    -16.949  0.0000E+00  0.2000E+01
    -16.929  0.0000E+00  0.2000E+01
    -16.909  0.0000E+00  0.2000E+01
    -16.889  0.0000E+00  0.2000E+01
    -16.869  0.0000E+00  0.2000E+01
    -16.848  0.0000E+00  0.2000E+01
    -16.828  0.0000E+00  0.2000E+01
    -16.808  0.0000E+00  0.2000E+01
    -16.788  0.0000E+00  0.2000E+01
    -16.768  0.0000E+00  0.2000E+01
    -16.747  0.0000E+00  0.2000E+01
    -16.727  0.0000E+00  0.2000E+01
    -16.707  0.0000E+00  0.2000E+01
    -16.687  0.0000E+00  0.2000E+01
    -16.666  0.0000E+00  0.2000E+01
    -16.646  0.0000E+00  0.2000E+01
    -16.626  0.0000E+00  0.2000E+01
    -16.606  0.0000E+00  0.2000E+01
    -16.586  0.0000E+00  0.2000E+01
    -16.565  0.0000E+00  0.2000E+01
    -16.545  0.0000E+00  0.2000E+01
    -16.525  0.0000E+00  0.2000E+01
    -16.505  0.0000E+00  0.2000E+01
    -16.485  0.0000E+00  0.2000E+01
    -16.464  0.0000E+00  0.2000E+01
    -16.444  0.0000E+00  0.2000E+01
    -16.424  0.0000E+00  0.2000E+01
    -16.404  0.0000E+00  0.2000E+01
    -16.384  0.0000E+00  0.2000E+01
    -16.363  0.0000E+00  0.2000E+01
    -16.343  0.0000E+00  0.2000E+01
    -16.323  0.0000E+00  0.2000E+01
    -16.303  0.0000E+00  0.2000E+01
    -16.282  0.0000E+00  0.2000E+01
    -16.262  0.0000E+00  0.2000E+01
    -16.242  0.0000E+00  0.2000E+01
    -16.222  0.0000E+00  0.2000E+01
    -16.202  0.0000E+00  0.2000E+01
    -16.181  0.0000E+00  0.2000E+01
    -16.161  0.0000E+00  0.2000E+01
    -16.141  0.0000E+00  0.2000E+01
    -16.121  0.0000E+00  0.2000E+01
    -16.101  0.0000E+00  0.2000E+01
    -16.080  0.0000E+00  0.2000E+01
    -16.060  0.0000E+00  0.2000E+01
    -16.040  0.0000E+00  0.2000E+01
    -16.020  0.0000E+00  0.2000E+01
    -15.999  0.0000E+00  0.2000E+01
    -15.979  0.0000E+00  0.2000E+01
    -15.959  0.0000E+00  0.2000E+01
    -15.939  0.0000E+00  0.2000E+01
    -15.919  0.0000E+00  0.2000E+01
    -15.898  0.0000E+00  0.2000E+01
    -15.878  0.0000E+00  0.2000E+01
    -15.858  0.0000E+00  0.2000E+01
    -15.838  0.0000E+00  0.2000E+01
    -15.818  0.0000E+00  0.2000E+01
    -15.797  0.0000E+00  0.2000E+01
    -15.777  0.0000E+00  0.2000E+01
    -15.757  0.0000E+00  0.2000E+01
    -15.737  0.0000E+00  0.2000E+01
    -15.716  0.0000E+00  0.2000E+01
    -15.696  0.0000E+00  0.2000E+01
    -15.676  0.0000E+00  0.2000E+01
    -15.656  0.0000E+00  0.2000E+01
    -15.636  0.0000E+00  0.2000E+01
    -15.615  0.0000E+00  0.2000E+01
    -15.595  0.0000E+00  0.2000E+01
    -15.575  0.0000E+00  0.2000E+01
    -15.555  0.0000E+00  0.2000E+01
    -15.535  0.0000E+00  0.2000E+01
    -15.514  0.0000E+00  0.2000E+01
    -15.494  0.0000E+00  0.2000E+01
    -15.474  0.0000E+00  0.2000E+01
    -15.454  0.0000E+00  0.2000E+01
    -15.434  0.0000E+00  0.2000E+01
    -15.413  0.0000E+00  0.2000E+01
    -15.393  0.0000E+00  0.2000E+01
    -15.373  0.0000E+00  0.2000E+01
    -15.353  0.0000E+00  0.2000E+01
    -15.332  0.0000E+00  0.2000E+01
    -15.312  0.0000E+00  0.2000E+01
    -15.292  0.0000E+00  0.2000E+01
    -15.272  0.0000E+00  0.2000E+01
    -15.252  0.0000E+00  0.2000E+01
    -15.231  0.0000E+00  0.2000E+01
    -15.211  0.0000E+00  0.2000E+01
    -15.191  0.3228E+02  0.2305E+01
    -15.171  0.3988E+02  0.3091E+01
    -15.151  0.2825E+02  0.3769E+01
    -15.130  0.2321E+02  0.4283E+01
    -15.110  0.2114E+02  0.4726E+01
    -15.090  0.2182E+02  0.5156E+01
    -15.070  0.2498E+02  0.5626E+01
    -15.049  0.2878E+02  0.6169E+01
    -15.029  0.3332E+02  0.6792E+01
    -15.009  0.1387E+00  0.8001E+01
    -14.989  0.5445E+00  0.8007E+01
    -14.969  0.1217E+01  0.8025E+01
    -14.948  0.2158E+01  0.8058E+01
    -14.928  0.3365E+01  0.8114E+01
    -14.908  0.4839E+01  0.8196E+01
    -14.888  0.6581E+01  0.8311E+01
    -14.868  0.8813E+01  0.8466E+01
    -14.847  0.1054E+02  0.8663E+01
    -14.827  0.1137E+02  0.8886E+01
    -14.807  0.1130E+02  0.9116E+01
    -14.787  0.1033E+02  0.9336E+01
    -14.766  0.8455E+01  0.9528E+01
    -14.746  0.1518E+02  0.9715E+01
    -14.726  0.3056E+02  0.1023E+02
    -14.706  0.3397E+02  0.1089E+02
    -14.686  0.3355E+02  0.1158E+02
    -14.665  0.2933E+02  0.1222E+02
    -14.645  0.2524E+02  0.1277E+02
    -14.625  0.2089E+02  0.1324E+02
    -14.605  0.1625E+02  0.1361E+02
    -14.585  0.9053E+01  0.1388E+02
    -14.564  0.2129E+01  0.1399E+02
    -14.544  0.2470E+02  0.1419E+02
    -14.524  0.3717E+02  0.1489E+02
    -14.504  0.1426E+02  0.1542E+02
    -14.484  0.1378E+02  0.1571E+02
    -14.463  0.1327E+02  0.1598E+02
    -14.443  0.1272E+02  0.1624E+02
    -14.423  0.1920E+02  0.1653E+02
    -14.403  0.1992E+02  0.1692E+02
    -14.382  0.2031E+02  0.1733E+02
    -14.362  0.2037E+02  0.1774E+02
    -14.342  0.2010E+02  0.1815E+02
    -14.322  0.1949E+02  0.1855E+02
    -14.302  0.1855E+02  0.1894E+02
    -14.281  0.1728E+02  0.1930E+02
    -14.261  0.1406E+02  0.1963E+02
    -14.241  0.1701E+02  0.1991E+02
    -14.221  0.2877E+02  0.2036E+02
    -14.201  0.4348E+02  0.2109E+02
    -14.180  0.4876E+02  0.2204E+02
    -14.160  0.4560E+02  0.2301E+02
    -14.140  0.4412E+02  0.2384E+02
    -14.120  0.6169E+02  0.2500E+02
    -14.099  0.3729E+02  0.2605E+02
    -14.079  0.1588E+02  0.2646E+02
    -14.059  0.9910E+02  0.2774E+02
    -14.039  0.2883E+02  0.2890E+02
    -14.019  0.2256E+02  0.2931E+02
    -13.998  0.3409E+02  0.3060E+02
    -13.978  0.1833E+02  0.3103E+02
    -13.958  0.1395E+02  0.3136E+02
    -13.938  0.1016E+02  0.3160E+02
    -13.918  0.6975E+01  0.3177E+02
    -13.897  0.9033E+01  0.3189E+02
    -13.877  0.5511E+02  0.3292E+02
    -13.857  0.2529E+02  0.3368E+02
    -13.837  0.8738E+02  0.3478E+02
    -13.816  0.5612E+02  0.3620E+02
    -13.796  0.4996E+02  0.3723E+02
    -13.776  0.1028E+03  0.3864E+02
    -13.756  0.1070E+03  0.4092E+02
    -13.736  0.5633E+02  0.4328E+02
    -13.715  0.4957E+02  0.4433E+02
    -13.695  0.5742E+02  0.4538E+02
    -13.675  0.1473E+03  0.4796E+02
    -13.655  0.7211E+02  0.4949E+02
    -13.635  0.2667E+04  0.5165E+02
    -13.614  0.5307E+02  0.5334E+02
    -13.594  0.7231E+02  0.5423E+02
    -13.574  0.2788E+02  0.5546E+02
    -13.554  0.6905E+02  0.5636E+02
    -13.533  0.1080E+03  0.5825E+02
    -13.513  0.8301E+02  0.6069E+02
    -13.493  0.7979E+02  0.6223E+02
    -13.473  0.9111E+02  0.6399E+02
    -13.453  0.4243E+02  0.6477E+02
    -13.432  0.4630E+02  0.6572E+02
    -13.412  0.0000E+00  0.6600E+02
    -13.392  0.0000E+00  0.6600E+02
    -13.372  0.0000E+00  0.6600E+02
    -13.352  0.0000E+00  0.6600E+02
    -13.331  0.0000E+00  0.6600E+02
    -13.311  0.0000E+00  0.6600E+02
    -13.291  0.0000E+00  0.6600E+02
    -13.271  0.0000E+00  0.6600E+02
    -13.251  0.0000E+00  0.6600E+02
    -13.230  0.0000E+00  0.6600E+02
    -13.210  0.0000E+00  0.6600E+02
    -13.190  0.0000E+00  0.6600E+02
    -13.170  0.0000E+00  0.6600E+02
    -13.149  0.0000E+00  0.6600E+02
    -13.129  0.0000E+00  0.6600E+02
    -13.109  0.0000E+00  0.6600E+02
    -13.089  0.0000E+00  0.6600E+02
    -13.069  0.0000E+00  0.6600E+02
    -13.048  0.0000E+00  0.6600E+02
    -13.028  0.0000E+00  0.6600E+02
    -13.008  0.0000E+00  0.6600E+02
    -12.988  0.0000E+00  0.6600E+02
    -12.968  0.0000E+00  0.6600E+02
    -12.947  0.0000E+00  0.6600E+02
    -12.927  0.0000E+00  0.6600E+02
    -12.907  0.0000E+00  0.6600E+02
    -12.887  0.0000E+00  0.6600E+02
    -12.866  0.0000E+00  0.6600E+02
    -12.846  0.0000E+00  0.6600E+02
    -12.826  0.0000E+00  0.6600E+02
    -12.806  0.0000E+00  0.6600E+02
    -12.786  0.0000E+00  0.6600E+02
    -12.765  0.0000E+00  0.6600E+02
    -12.745  0.0000E+00  0.6600E+02
    -12.725  0.0000E+00  0.6600E+02
    -12.705  0.0000E+00  0.6600E+02
    -12.685  0.0000E+00  0.6600E+02
    -12.664  0.0000E+00  0.6600E+02
    -12.644  0.0000E+00  0.6600E+02
    -12.624  0.0000E+00  0.6600E+02
    -12.604  0.0000E+00  0.6600E+02
    -12.583  0.0000E+00  0.6600E+02
    -12.563  0.0000E+00  0.6600E+02
    -12.543  0.0000E+00  0.6600E+02
    -12.523  0.0000E+00  0.6600E+02
    -12.503  0.0000E+00  0.6600E+02
    -12.482  0.0000E+00  0.6600E+02
    -12.462  0.0000E+00  0.6600E+02
    -12.442  0.0000E+00  0.6600E+02
    -12.422  0.0000E+00  0.6600E+02
    -12.402  0.0000E+00  0.6600E+02
    -12.381  0.0000E+00  0.6600E+02
    -12.361  0.0000E+00  0.6600E+02
    -12.341  0.0000E+00  0.6600E+02
    -12.321  0.0000E+00  0.6600E+02
    -12.301  0.0000E+00  0.6600E+02
    -12.280  0.0000E+00  0.6600E+02
    -12.260  0.0000E+00  0.6600E+02
    -12.240  0.0000E+00  0.6600E+02
    -12.220  0.0000E+00  0.6600E+02
    -12.199  0.0000E+00  0.6600E+02
    -12.179  0.0000E+00  0.6600E+02
    -12.159  0.0000E+00  0.6600E+02
    -12.139  0.0000E+00  0.6600E+02
    -12.119  0.0000E+00  0.6600E+02
    -12.098  0.0000E+00  0.6600E+02
    -12.078  0.0000E+00  0.6600E+02
    -12.058  0.0000E+00  0.6600E+02
    -12.038  0.0000E+00  0.6600E+02
    -12.018  0.0000E+00  0.6600E+02
    -11.997  0.0000E+00  0.6600E+02
    -11.977  0.0000E+00  0.6600E+02
    -11.957  0.0000E+00  0.6600E+02
    -11.937  0.0000E+00  0.6600E+02
    -11.916  0.0000E+00  0.6600E+02
    -11.896  0.0000E+00  0.6600E+02
    -11.876  0.0000E+00  0.6600E+02
    -11.856  0.0000E+00  0.6600E+02
    -11.836  0.0000E+00  0.6600E+02
    -11.815  0.0000E+00  0.6600E+02
    -11.795  0.0000E+00  0.6600E+02
    -11.775  0.0000E+00  0.6600E+02
    -11.755  0.0000E+00  0.6600E+02
    -11.735  0.0000E+00  0.6600E+02
    -11.714  0.0000E+00  0.6600E+02
    -11.694  0.0000E+00  0.6600E+02
    -11.674  0.0000E+00  0.6600E+02
    -11.654  0.0000E+00  0.6600E+02
    -11.633  0.0000E+00  0.6600E+02
    -11.613  0.0000E+00  0.6600E+02
    -11.593  0.0000E+00  0.6600E+02
    -11.573  0.0000E+00  0.6600E+02
    -11.553  0.0000E+00  0.6600E+02
    -11.532  0.0000E+00  0.6600E+02
    -11.512  0.0000E+00  0.6600E+02
    -11.492  0.0000E+00  0.6600E+02
    -11.472  0.0000E+00  0.6600E+02
    -11.452  0.0000E+00  0.6600E+02
    -11.431  0.0000E+00  0.6600E+02
    -11.411  0.0000E+00  0.6600E+02
    -11.391  0.0000E+00  0.6600E+02
    -11.371  0.0000E+00  0.6600E+02
    -11.351  0.0000E+00  0.6600E+02
    -11.330  0.0000E+00  0.6600E+02
    -11.310  0.0000E+00  0.6600E+02
    -11.290  0.0000E+00  0.6600E+02
    -11.270  0.0000E+00  0.6600E+02
    -11.249  0.0000E+00  0.6600E+02
    -11.229  0.0000E+00  0.6600E+02
    -11.209  0.0000E+00  0.6600E+02
    -11.189  0.0000E+00  0.6600E+02
    -11.169  0.0000E+00  0.6600E+02
    -11.148  0.0000E+00  0.6600E+02
    -11.128  0.0000E+00  0.6600E+02
    -11.108  0.0000E+00  0.6600E+02
    -11.088  0.0000E+00  0.6600E+02
    -11.068  0.0000E+00  0.6600E+02
    -11.047  0.0000E+00  0.6600E+02
    -11.027  0.0000E+00  0.6600E+02
    -11.007  0.0000E+00  0.6600E+02
    -10.987  0.0000E+00  0.6600E+02
    -10.966  0.0000E+00  0.6600E+02
    -10.946  0.0000E+00  0.6600E+02
    -10.926  0.0000E+00  0.6600E+02
    -10.906  0.0000E+00  0.6600E+02
    -10.886  0.0000E+00  0.6600E+02
    -10.865  0.0000E+00  0.6600E+02
    -10.845  0.0000E+00  0.6600E+02
    -10.825  0.0000E+00  0.6600E+02
    -10.805  0.0000E+00  0.6600E+02
    -10.785  0.0000E+00  0.6600E+02
    -10.764  0.0000E+00  0.6600E+02
    -10.744  0.0000E+00  0.6600E+02
    -10.724  0.0000E+00  0.6600E+02
    -10.704  0.0000E+00  0.6600E+02
    -10.683  0.0000E+00  0.6600E+02
    -10.663  0.0000E+00  0.6600E+02
    -10.643  0.0000E+00  0.6600E+02
    -10.623  0.0000E+00  0.6600E+02
    -10.603  0.0000E+00  0.6600E+02
    -10.582  0.0000E+00  0.6600E+02
    -10.562  0.0000E+00  0.6600E+02
    -10.542  0.0000E+00  0.6600E+02
    -10.522  0.0000E+00  0.6600E+02
    -10.502  0.0000E+00  0.6600E+02
    -10.481  0.0000E+00  0.6600E+02
    -10.461  0.0000E+00  0.6600E+02
    -10.441  0.0000E+00  0.6600E+02
    -10.421  0.0000E+00  0.6600E+02
    -10.400  0.0000E+00  0.6600E+02
    -10.380  0.0000E+00  0.6600E+02
    -10.360  0.0000E+00  0.6600E+02
    -10.340  0.0000E+00  0.6600E+02
    -10.320  0.0000E+00  0.6600E+02
    -10.299  0.0000E+00  0.6600E+02
    -10.279  0.0000E+00  0.6600E+02
    -10.259  0.0000E+00  0.6600E+02
    -10.239  0.0000E+00  0.6600E+02
    -10.219  0.0000E+00  0.6600E+02
    -10.198  0.0000E+00  0.6600E+02
    -10.178  0.0000E+00  0.6600E+02
    -10.158  0.0000E+00  0.6600E+02
    -10.138  0.0000E+00  0.6600E+02
    -10.118  0.0000E+00  0.6600E+02
    -10.097  0.0000E+00  0.6600E+02
    -10.077  0.0000E+00  0.6600E+02
    -10.057  0.0000E+00  0.6600E+02
    -10.037  0.0000E+00  0.6600E+02
    -10.016  0.0000E+00  0.6600E+02
     -9.996  0.0000E+00  0.6600E+02
     -9.976  0.0000E+00  0.6600E+02
     -9.956  0.0000E+00  0.6600E+02
     -9.936  0.0000E+00  0.6600E+02
     -9.915  0.0000E+00  0.6600E+02
     -9.895  0.0000E+00  0.6600E+02
     -9.875  0.0000E+00  0.6600E+02
     -9.855  0.0000E+00  0.6600E+02
     -9.835  0.0000E+00  0.6600E+02
     -9.814  0.0000E+00  0.6600E+02
     -9.794  0.0000E+00  0.6600E+02
     -9.774  0.0000E+00  0.6600E+02
     -9.754  0.0000E+00  0.6600E+02
     -9.733  0.0000E+00  0.6600E+02
     -9.713  0.0000E+00  0.6600E+02
     -9.693  0.0000E+00  0.6600E+02
     -9.673  0.0000E+00  0.6600E+02
     -9.653  0.0000E+00  0.6600E+02
     -9.632  0.0000E+00  0.6600E+02
     -9.612  0.0000E+00  0.6600E+02
     -9.592  0.0000E+00  0.6600E+02
     -9.572  0.0000E+00  0.6600E+02
     -9.552  0.0000E+00  0.6600E+02
     -9.531  0.0000E+00  0.6600E+02
     -9.511  0.0000E+00  0.6600E+02
     -9.491  0.0000E+00  0.6600E+02
     -9.471  0.0000E+00  0.6600E+02
     -9.450  0.0000E+00  0.6600E+02
     -9.430  0.0000E+00  0.6600E+02
     -9.410  0.0000E+00  0.6600E+02
     -9.390  0.0000E+00  0.6600E+02
     -9.370  0.0000E+00  0.6600E+02
     -9.349  0.0000E+00  0.6600E+02
     -9.329  0.0000E+00  0.6600E+02
     -9.309  0.0000E+00  0.6600E+02
     -9.289  0.0000E+00  0.6600E+02
     -9.269  0.0000E+00  0.6600E+02
     -9.248  0.0000E+00  0.6600E+02
     -9.228  0.0000E+00  0.6600E+02
     -9.208  0.0000E+00  0.6600E+02
     -9.188  0.0000E+00  0.6600E+02
     -9.168  0.0000E+00  0.6600E+02
     -9.147  0.0000E+00  0.6600E+02
     -9.127  0.0000E+00  0.6600E+02
     -9.107  0.0000E+00  0.6600E+02
     -9.087  0.0000E+00  0.6600E+02
     -9.066  0.0000E+00  0.6600E+02
     -9.046  0.0000E+00  0.6600E+02
     -9.026  0.0000E+00  0.6600E+02
     -9.006  0.0000E+00  0.6600E+02
     -8.986  0.0000E+00  0.6600E+02
     -8.965  0.0000E+00  0.6600E+02
     -8.945  0.0000E+00  0.6600E+02
     -8.925  0.0000E+00  0.6600E+02
     -8.905  0.0000E+00  0.6600E+02
     -8.885  0.0000E+00  0.6600E+02
     -8.864  0.0000E+00  0.6600E+02
     -8.844  0.0000E+00  0.6600E+02
     -8.824  0.0000E+00  0.6600E+02
     -8.804  0.0000E+00  0.6600E+02
     -8.783  0.0000E+00  0.6600E+02
     -8.763  0.0000E+00  0.6600E+02
     -8.743  0.0000E+00  0.6600E+02
     -8.723  0.0000E+00  0.6600E+02
     -8.703  0.0000E+00  0.6600E+02
     -8.682  0.0000E+00  0.6600E+02
     -8.662  0.0000E+00  0.6600E+02
     -8.642  0.0000E+00  0.6600E+02
     -8.622  0.0000E+00  0.6600E+02
     -8.602  0.0000E+00  0.6600E+02
     -8.581  0.0000E+00  0.6600E+02
     -8.561  0.0000E+00  0.6600E+02
     -8.541  0.0000E+00  0.6600E+02
     -8.521  0.0000E+00  0.6600E+02
     -8.500  0.0000E+00  0.6600E+02
     -8.480  0.0000E+00  0.6600E+02
     -8.460  0.0000E+00  0.6600E+02
     -8.440  0.0000E+00  0.6600E+02
     -8.420  0.0000E+00  0.6600E+02
     -8.399  0.0000E+00  0.6600E+02
     -8.379  0.0000E+00  0.6600E+02
     -8.359  0.0000E+00  0.6600E+02
     -8.339  0.0000E+00  0.6600E+02
     -8.319  0.0000E+00  0.6600E+02
     -8.298  0.0000E+00  0.6600E+02
     -8.278  0.0000E+00  0.6600E+02
     -8.258  0.0000E+00  0.6600E+02
     -8.238  0.0000E+00  0.6600E+02
     -8.217  0.0000E+00  0.6600E+02
     -8.197  0.0000E+00  0.6600E+02
     -8.177  0.0000E+00  0.6600E+02
     -8.157  0.0000E+00  0.6600E+02
     -8.137  0.0000E+00  0.6600E+02
     -8.116  0.0000E+00  0.6600E+02
     -8.096  0.0000E+00  0.6600E+02
     -8.076  0.0000E+00  0.6600E+02
     -8.056  0.0000E+00  0.6600E+02
     -8.036  0.0000E+00  0.6600E+02
     -8.015  0.0000E+00  0.6600E+02
     -7.995  0.0000E+00  0.6600E+02
     -7.975  0.0000E+00  0.6600E+02
     -7.955  0.0000E+00  0.6600E+02
     -7.935  0.0000E+00  0.6600E+02
     -7.914  0.0000E+00  0.6600E+02
     -7.894  0.0000E+00  0.6600E+02
     -7.874  0.0000E+00  0.6600E+02
     -7.854  0.0000E+00  0.6600E+02
     -7.833  0.0000E+00  0.6600E+02
     -7.813  0.0000E+00  0.6600E+02
     -7.793  0.0000E+00  0.6600E+02
     -7.773  0.0000E+00  0.6600E+02
     -7.753  0.0000E+00  0.6600E+02
     -7.732  0.0000E+00  0.6600E+02
     -7.712  0.0000E+00  0.6600E+02
     -7.692  0.0000E+00  0.6600E+02
     -7.672  0.0000E+00  0.6600E+02
     -7.652  0.0000E+00  0.6600E+02
     -7.631  0.0000E+00  0.6600E+02
     -7.611  0.0000E+00  0.6600E+02
     -7.591  0.0000E+00  0.6600E+02
     -7.571  0.0000E+00  0.6600E+02
     -7.550  0.0000E+00  0.6600E+02
     -7.530  0.0000E+00  0.6600E+02
     -7.510  0.0000E+00  0.6600E+02
     -7.490  0.0000E+00  0.6600E+02
     -7.470  0.0000E+00  0.6600E+02
     -7.449  0.0000E+00  0.6600E+02
     -7.429  0.0000E+00  0.6600E+02
     -7.409  0.0000E+00  0.6600E+02
     -7.389  0.0000E+00  0.6600E+02
     -7.369  0.0000E+00  0.6600E+02
     -7.348  0.0000E+00  0.6600E+02
     -7.328  0.0000E+00  0.6600E+02
     -7.308  0.0000E+00  0.6600E+02
     -7.288  0.0000E+00  0.6600E+02
     -7.267  0.0000E+00  0.6600E+02
     -7.247  0.0000E+00  0.6600E+02
     -7.227  0.0000E+00  0.6600E+02
     -7.207  0.0000E+00  0.6600E+02
     -7.187  0.0000E+00  0.6600E+02
     -7.166  0.0000E+00  0.6600E+02
     -7.146  0.0000E+00  0.6600E+02
     -7.126  0.0000E+00  0.6600E+02
     -7.106  0.0000E+00  0.6600E+02
     -7.086  0.0000E+00  0.6600E+02
     -7.065  0.0000E+00  0.6600E+02
     -7.045  0.0000E+00  0.6600E+02
     -7.025  0.0000E+00  0.6600E+02
     -7.005  0.0000E+00  0.6600E+02
     -6.985  0.0000E+00  0.6600E+02
     -6.964  0.0000E+00  0.6600E+02
     -6.944  0.0000E+00  0.6600E+02
     -6.924  0.0000E+00  0.6600E+02
     -6.904  0.0000E+00  0.6600E+02
     -6.883  0.0000E+00  0.6600E+02
     -6.863  0.0000E+00  0.6600E+02
     -6.843  0.0000E+00  0.6600E+02
     -6.823  0.0000E+00  0.6600E+02
     -6.803  0.0000E+00  0.6600E+02
     -6.782  0.0000E+00  0.6600E+02
     -6.762  0.0000E+00  0.6600E+02
     -6.742  0.0000E+00  0.6600E+02
     -6.722  0.0000E+00  0.6600E+02
     -6.702  0.0000E+00  0.6600E+02
     -6.681  0.0000E+00  0.6600E+02
     -6.661  0.0000E+00  0.6600E+02
     -6.641  0.0000E+00  0.6600E+02
     -6.621  0.0000E+00  0.6600E+02
     -6.600  0.0000E+00  0.6600E+02
     -6.580  0.0000E+00  0.6600E+02
     -6.560  0.0000E+00  0.6600E+02
     -6.540  0.0000E+00  0.6600E+02
     -6.520  0.0000E+00  0.6600E+02
     -6.499  0.0000E+00  0.6600E+02
     -6.479  0.0000E+00  0.6600E+02
     -6.459  0.0000E+00  0.6600E+02
     -6.439  0.0000E+00  0.6600E+02
     -6.419  0.0000E+00  0.6600E+02
     -6.398  0.0000E+00  0.6600E+02
     -6.378  0.0000E+00  0.6600E+02
     -6.358  0.0000E+00  0.6600E+02
     -6.338  0.0000E+00  0.6600E+02
     -6.317  0.0000E+00  0.6600E+02
     -6.297  0.0000E+00  0.6600E+02
     -6.277  0.0000E+00  0.6600E+02
     -6.257  0.0000E+00  0.6600E+02
     -6.237  0.0000E+00  0.6600E+02
     -6.216  0.0000E+00  0.6600E+02
     -6.196  0.0000E+00  0.6600E+02
     -6.176  0.0000E+00  0.6600E+02
     -6.156  0.0000E+00  0.6600E+02
     -6.136  0.0000E+00  0.6600E+02
     -6.115  0.0000E+00  0.6600E+02
     -6.095  0.0000E+00  0.6600E+02
     -6.075  0.0000E+00  0.6600E+02
     -6.055  0.0000E+00  0.6600E+02
     -6.035  0.0000E+00  0.6600E+02
     -6.014  0.0000E+00  0.6600E+02
     -5.994  0.0000E+00  0.6600E+02
     -5.974  0.0000E+00  0.6600E+02
     -5.954  0.0000E+00  0.6600E+02
     -5.933  0.0000E+00  0.6600E+02
     -5.913  0.0000E+00  0.6600E+02
     -5.893  0.0000E+00  0.6600E+02
     -5.873  0.0000E+00  0.6600E+02
     -5.853  0.0000E+00  0.6600E+02
     -5.832  0.0000E+00  0.6600E+02
     -5.812  0.0000E+00  0.6600E+02
     -5.792  0.0000E+00  0.6600E+02
     -5.772  0.0000E+00  0.6600E+02
     -5.752  0.0000E+00  0.6600E+02
     -5.731  0.0000E+00  0.6600E+02
     -5.711  0.0000E+00  0.6600E+02
     -5.691  0.0000E+00  0.6600E+02
     -5.671  0.0000E+00  0.6600E+02
     -5.650  0.0000E+00  0.6600E+02
     -5.630  0.0000E+00  0.6600E+02
     -5.610  0.0000E+00  0.6600E+02
     -5.590  0.0000E+00  0.6600E+02
     -5.570  0.0000E+00  0.6600E+02
     -5.549  0.0000E+00  0.6600E+02
     -5.529  0.0000E+00  0.6600E+02
     -5.509  0.0000E+00  0.6600E+02
     -5.489  0.0000E+00  0.6600E+02
     -5.469  0.0000E+00  0.6600E+02
     -5.448  0.0000E+00  0.6600E+02
     -5.428  0.0000E+00  0.6600E+02
     -5.408  0.0000E+00  0.6600E+02
     -5.388  0.0000E+00  0.6600E+02
     -5.367  0.0000E+00  0.6600E+02
     -5.347  0.0000E+00  0.6600E+02
     -5.327  0.0000E+00  0.6600E+02
     -5.307  0.0000E+00  0.6600E+02
     -5.287  0.0000E+00  0.6600E+02
     -5.266  0.0000E+00  0.6600E+02
     -5.246  0.0000E+00  0.6600E+02
     -5.226  0.0000E+00  0.6600E+02
     -5.206  0.0000E+00  0.6600E+02
     -5.186  0.0000E+00  0.6600E+02
     -5.165  0.0000E+00  0.6600E+02
     -5.145  0.0000E+00  0.6600E+02
     -5.125  0.0000E+00  0.6600E+02
     -5.105  0.0000E+00  0.6600E+02
     -5.084  0.0000E+00  0.6600E+02
     -5.064  0.0000E+00  0.6600E+02
     -5.044  0.0000E+00  0.6600E+02
     -5.024  0.0000E+00  0.6600E+02
     -5.004  0.0000E+00  0.6600E+02
     -4.983  0.0000E+00  0.6600E+02
     -4.963  0.0000E+00  0.6600E+02
     -4.943  0.0000E+00  0.6600E+02
     -4.923  0.0000E+00  0.6600E+02
     -4.903  0.0000E+00  0.6600E+02
     -4.882  0.0000E+00  0.6600E+02
     -4.862  0.0000E+00  0.6600E+02
     -4.842  0.0000E+00  0.6600E+02
     -4.822  0.0000E+00  0.6600E+02
     -4.802  0.0000E+00  0.6600E+02
     -4.781  0.0000E+00  0.6600E+02
     -4.761  0.0000E+00  0.6600E+02
     -4.741  0.0000E+00  0.6600E+02
     -4.721  0.0000E+00  0.6600E+02
     -4.700  0.0000E+00  0.6600E+02
     -4.680  0.0000E+00  0.6600E+02
     -4.660  0.0000E+00  0.6600E+02
     -4.640  0.0000E+00  0.6600E+02
     -4.620  0.0000E+00  0.6600E+02
     -4.599  0.0000E+00  0.6600E+02
     -4.579  0.0000E+00  0.6600E+02
     -4.559  0.0000E+00  0.6600E+02
     -4.539  0.0000E+00  0.6600E+02
     -4.519  0.0000E+00  0.6600E+02
     -4.498  0.0000E+00  0.6600E+02
     -4.478  0.0000E+00  0.6600E+02
     -4.458  0.0000E+00  0.6600E+02
     -4.438  0.0000E+00  0.6600E+02
     -4.417  0.0000E+00  0.6600E+02
     -4.397  0.0000E+00  0.6600E+02
     -4.377  0.0000E+00  0.6600E+02
     -4.357  0.0000E+00  0.6600E+02
     -4.337  0.0000E+00  0.6600E+02
     -4.316  0.0000E+00  0.6600E+02
     -4.296  0.0000E+00  0.6600E+02
     -4.276  0.0000E+00  0.6600E+02
     -4.256  0.0000E+00  0.6600E+02
     -4.236  0.0000E+00  0.6600E+02
     -4.215  0.0000E+00  0.6600E+02
     -4.195  0.0000E+00  0.6600E+02
     -4.175  0.0000E+00  0.6600E+02
     -4.155  0.0000E+00  0.6600E+02
     -4.134  0.0000E+00  0.6600E+02
     -4.114  0.0000E+00  0.6600E+02
     -4.094  0.0000E+00  0.6600E+02
     -4.074  0.0000E+00  0.6600E+02
     -4.054  0.0000E+00  0.6600E+02
     -4.033  0.0000E+00  0.6600E+02
     -4.013  0.0000E+00  0.6600E+02
     -3.993  0.0000E+00  0.6600E+02
     -3.973  0.0000E+00  0.6600E+02
     -3.953  0.0000E+00  0.6600E+02
     -3.932  0.0000E+00  0.6600E+02
     -3.912  0.0000E+00  0.6600E+02
     -3.892  0.0000E+00  0.6600E+02
     -3.872  0.0000E+00  0.6600E+02
     -3.852  0.0000E+00  0.6600E+02
     -3.831  0.0000E+00  0.6600E+02
     -3.811  0.0000E+00  0.6600E+02
     -3.791  0.0000E+00  0.6600E+02
     -3.771  0.0000E+00  0.6600E+02
     -3.750  0.0000E+00  0.6600E+02
     -3.730  0.0000E+00  0.6600E+02
     -3.710  0.0000E+00  0.6600E+02
     -3.690  0.0000E+00  0.6600E+02
     -3.670  0.0000E+00  0.6600E+02
     -3.649  0.0000E+00  0.6600E+02
     -3.629  0.0000E+00  0.6600E+02
     -3.609  0.0000E+00  0.6600E+02
     -3.589  0.0000E+00  0.6600E+02
     -3.569  0.0000E+00  0.6600E+02
     -3.548  0.0000E+00  0.6600E+02
     -3.528  0.0000E+00  0.6600E+02
     -3.508  0.0000E+00  0.6600E+02
     -3.488  0.0000E+00  0.6600E+02
     -3.467  0.0000E+00  0.6600E+02
     -3.447  0.0000E+00  0.6600E+02
     -3.427  0.0000E+00  0.6600E+02
     -3.407  0.0000E+00  0.6600E+02
     -3.387  0.0000E+00  0.6600E+02
     -3.366  0.0000E+00  0.6600E+02
     -3.346  0.0000E+00  0.6600E+02
     -3.326  0.0000E+00  0.6600E+02
     -3.306  0.0000E+00  0.6600E+02
     -3.286  0.0000E+00  0.6600E+02
     -3.265  0.0000E+00  0.6600E+02
     -3.245  0.0000E+00  0.6600E+02
     -3.225  0.0000E+00  0.6600E+02
     -3.205  0.0000E+00  0.6600E+02
     -3.184  0.0000E+00  0.6600E+02
     -3.164  0.0000E+00  0.6600E+02
     -3.144  0.0000E+00  0.6600E+02
     -3.124  0.0000E+00  0.6600E+02
     -3.104  0.0000E+00  0.6600E+02
     -3.083  0.0000E+00  0.6600E+02
     -3.063  0.0000E+00  0.6600E+02
     -3.043  0.0000E+00  0.6600E+02
     -3.023  0.0000E+00  0.6600E+02
     -3.003  0.0000E+00  0.6600E+02
     -2.982  0.0000E+00  0.6600E+02
     -2.962  0.0000E+00  0.6600E+02
     -2.942  0.0000E+00  0.6600E+02
     -2.922  0.0000E+00  0.6600E+02
     -2.902  0.0000E+00  0.6600E+02
     -2.881  0.0000E+00  0.6600E+02
     -2.861  0.0000E+00  0.6600E+02
     -2.841  0.0000E+00  0.6600E+02
     -2.821  0.0000E+00  0.6600E+02
     -2.800  0.0000E+00  0.6600E+02
     -2.780  0.0000E+00  0.6600E+02
     -2.760  0.0000E+00  0.6600E+02
     -2.740  0.0000E+00  0.6600E+02
     -2.720  0.0000E+00  0.6600E+02
     -2.699  0.0000E+00  0.6600E+02
     -2.679  0.0000E+00  0.6600E+02
     -2.659  0.0000E+00  0.6600E+02
     -2.639  0.0000E+00  0.6600E+02
     -2.619  0.1090E+03  0.6739E+02
     -2.598  0.8314E+02  0.6927E+02
     -2.578  0.1989E+03  0.7117E+02
     -2.558  0.0000E+00  0.7200E+02
     -2.538  0.0000E+00  0.7200E+02
     -2.517  0.0000E+00  0.7200E+02
     -2.497  0.0000E+00  0.7200E+02
     -2.477  0.0000E+00  0.7200E+02
     -2.457  0.0000E+00  0.7200E+02
     -2.437  0.0000E+00  0.7200E+02
     -2.416  0.0000E+00  0.7200E+02
     -2.396  0.0000E+00  0.7200E+02
     -2.376  0.0000E+00  0.7200E+02
     -2.356  0.0000E+00  0.7200E+02
     -2.336  0.0000E+00  0.7200E+02
     -2.315  0.0000E+00  0.7200E+02
     -2.295  0.0000E+00  0.7200E+02
     -2.275  0.0000E+00  0.7200E+02
     -2.255  0.0000E+00  0.7200E+02
     -2.234  0.0000E+00  0.7200E+02
     -2.214  0.0000E+00  0.7200E+02
     -2.194  0.0000E+00  0.7200E+02
     -2.174  0.0000E+00  0.7200E+02
     -2.154  0.0000E+00  0.7200E+02
     -2.133  0.0000E+00  0.7200E+02
     -2.113  0.0000E+00  0.7200E+02
     -2.093  0.0000E+00  0.7200E+02
     -2.073  0.0000E+00  0.7200E+02
     -2.053  0.0000E+00  0.7200E+02
     -2.032  0.0000E+00  0.7200E+02
     -2.012  0.0000E+00  0.7200E+02
     -1.992  0.0000E+00  0.7200E+02
     -1.972  0.0000E+00  0.7200E+02
     -1.951  0.0000E+00  0.7200E+02
     -1.931  0.0000E+00  0.7200E+02
     -1.911  0.0000E+00  0.7200E+02
     -1.891  0.0000E+00  0.7200E+02
     -1.871  0.0000E+00  0.7200E+02
     -1.850  0.0000E+00  0.7200E+02
     -1.830  0.0000E+00  0.7200E+02
     -1.810  0.0000E+00  0.7200E+02
     -1.790  0.0000E+00  0.7200E+02
     -1.770  0.0000E+00  0.7200E+02
     -1.749  0.0000E+00  0.7200E+02
     -1.729  0.0000E+00  0.7200E+02
     -1.709  0.0000E+00  0.7200E+02
     -1.689  0.0000E+00  0.7200E+02
     -1.669  0.0000E+00  0.7200E+02
     -1.648  0.0000E+00  0.7200E+02
     -1.628  0.0000E+00  0.7200E+02
     -1.608  0.0000E+00  0.7200E+02
     -1.588  0.0000E+00  0.7200E+02
     -1.567  0.0000E+00  0.7200E+02
     -1.547  0.0000E+00  0.7200E+02
     -1.527  0.0000E+00  0.7200E+02
     -1.507  0.0000E+00  0.7200E+02
     -1.487  0.0000E+00  0.7200E+02
     -1.466  0.0000E+00  0.7200E+02
     -1.446  0.0000E+00  0.7200E+02
     -1.426  0.0000E+00  0.7200E+02
     -1.406  0.1202E-03  0.7200E+02
     -1.386  0.5654E-01  0.7200E+02
     -1.365  0.2158E+00  0.7200E+02
     -1.345  0.4780E+00  0.7201E+02
     -1.325  0.8431E+00  0.7202E+02
     -1.305  0.1311E+01  0.7204E+02
     -1.284  0.1882E+01  0.7208E+02
     -1.264  0.2556E+01  0.7212E+02
     -1.244  0.3332E+01  0.7218E+02
     -1.224  0.4212E+01  0.7226E+02
     -1.204  0.5194E+01  0.7235E+02
     -1.183  0.6279E+01  0.7247E+02
     -1.163  0.7467E+01  0.7261E+02
     -1.143  0.8758E+01  0.7277E+02
     -1.123  0.1015E+02  0.7296E+02
     -1.103  0.1192E+02  0.7318E+02
     -1.082  0.1374E+02  0.7344E+02
     -1.062  0.1548E+02  0.7374E+02
     -1.042  0.1714E+02  0.7407E+02
     -1.022  0.2167E+02  0.7446E+02
     -1.001  0.2501E+02  0.7494E+02
     -0.981  0.2712E+02  0.7546E+02
     -0.961  0.2798E+02  0.7602E+02
     -0.941  0.2761E+02  0.7659E+02
     -0.921  0.2600E+02  0.7713E+02
     -0.900  0.2129E+02  0.7762E+02
     -0.880  0.1663E+02  0.7800E+02
     -0.860  0.1054E+02  0.7828E+02
     -0.840  0.5896E+01  0.7844E+02
     -0.820  0.5531E+01  0.7855E+02
     -0.799  0.1049E+02  0.7870E+02
     -0.779  0.1484E+02  0.7896E+02
     -0.759  0.1906E+02  0.7930E+02
     -0.739  0.2266E+02  0.7972E+02
     -0.719  0.2624E+02  0.8022E+02
     -0.698  0.2930E+02  0.8078E+02
     -0.678  0.3216E+02  0.8140E+02
     -0.658  0.3431E+02  0.8208E+02
     -0.638  0.3574E+02  0.8278E+02
     -0.617  0.3746E+02  0.8352E+02
     -0.597  0.4004E+02  0.8431E+02
     -0.577  0.3928E+02  0.8511E+02
     -0.557  0.3063E+02  0.8584E+02
     -0.537  0.2447E+02  0.8639E+02
     -0.516  0.2037E+02  0.8684E+02
     -0.496  0.1780E+02  0.8723E+02
     -0.476  0.1023E+02  0.8756E+02
     -0.456  0.5667E+01  0.8768E+02
     -0.436  0.1070E+02  0.8784E+02
     -0.415  0.3375E+02  0.8823E+02
     -0.395  0.5636E+02  0.8916E+02
     -0.375  0.6519E+02  0.9041E+02
     -0.355  0.6201E+02  0.9172E+02
     -0.334  0.4992E+02  0.9285E+02
     -0.314  0.6492E+02  0.9404E+02
     -0.294  0.6277E+02  0.9535E+02
     -0.274  0.6440E+02  0.9660E+02
     -0.254  0.7202E+02  0.9798E+02
     -0.233  0.7930E+02  0.9951E+02
     -0.213  0.8559E+02  0.1012E+03
     -0.193  0.8890E+02  0.1029E+03
     -0.173  0.9006E+02  0.1048E+03
     -0.153  0.8131E+02  0.1065E+03
     -0.132  0.7401E+02  0.1081E+03
     -0.112  0.4852E+02  0.1093E+03
     -0.092  0.2773E+02  0.1101E+03
     -0.072  0.2661E+02  0.1106E+03
     -0.051  0.2382E+02  0.1111E+03
     -0.031  0.1972E+02  0.1116E+03
     -0.011  0.2028E+02  0.1120E+03
      0.009  0.2094E+02  0.1124E+03
      0.029  0.2164E+02  0.1128E+03
      0.050  0.2393E+02  0.1133E+03
      0.070  0.2573E+02  0.1138E+03
      0.090  0.2704E+02  0.1143E+03
      0.110  0.2791E+02  0.1149E+03
      0.130  0.2832E+02  0.1154E+03
      0.151  0.2828E+02  0.1160E+03
      0.171  0.2779E+02  0.1166E+03
      0.191  0.2685E+02  0.1171E+03
      0.211  0.2512E+02  0.1177E+03
      0.232  0.2313E+02  0.1182E+03
      0.252  0.2093E+02  0.1186E+03
      0.272  0.1851E+02  0.1190E+03
      0.292  0.1553E+02  0.1193E+03
      0.312  0.1107E+02  0.1196E+03
      0.333  0.7155E+01  0.1198E+03
      0.353  0.4134E+01  0.1199E+03
      0.373  0.2303E+02  0.1201E+03
      0.393  0.4277E+02  0.1208E+03
      0.413  0.5454E+02  0.1218E+03
      0.434  0.3116E+02  0.1226E+03
      0.454  0.3289E+02  0.1231E+03
      0.474  0.4275E+02  0.1239E+03
      0.494  0.4387E+02  0.1248E+03
      0.514  0.3627E+02  0.1256E+03
      0.535  0.2885E+02  0.1263E+03
      0.555  0.2923E+02  0.1268E+03
      0.575  0.2902E+02  0.1274E+03
      0.595  0.3034E+02  0.1280E+03
      0.616  0.2895E+02  0.1286E+03
      0.636  0.2731E+02  0.1292E+03
      0.656  0.2604E+02  0.1297E+03
      0.676  0.2426E+02  0.1302E+03
      0.696  0.2197E+02  0.1307E+03
      0.717  0.1918E+02  0.1311E+03
      0.737  0.5316E+02  0.1326E+03
      0.757  0.2896E+02  0.1333E+03
      0.777  0.1930E+02  0.1338E+03
      0.797  0.1241E+02  0.1341E+03
      0.818  0.8272E+01  0.1343E+03
      0.838  0.8497E+01  0.1345E+03
      0.858  0.1005E+02  0.1347E+03
      0.878  0.1142E+02  0.1349E+03
      0.899  0.1288E+02  0.1351E+03
      0.919  0.1559E+02  0.1354E+03
      0.939  0.1745E+02  0.1358E+03
      0.959  0.1846E+02  0.1361E+03
      0.979  0.1901E+02  0.1365E+03
      1.000  0.2035E+02  0.1369E+03
      1.020  0.2257E+02  0.1373E+03
      1.040  0.2355E+02  0.1378E+03
      1.060  0.2419E+02  0.1383E+03
      1.080  0.2473E+02  0.1388E+03
      1.101  0.2518E+02  0.1393E+03
      1.121  0.2553E+02  0.1398E+03
      1.141  0.2579E+02  0.1403E+03
      1.161  0.2595E+02  0.1408E+03
      1.182  0.2602E+02  0.1414E+03
      1.202  0.2600E+02  0.1419E+03
      1.222  0.2588E+02  0.1424E+03
      1.242  0.2567E+02  0.1429E+03
      1.262  0.2511E+02  0.1434E+03
      1.283  0.2391E+02  0.1439E+03
      1.303  0.2260E+02  0.1444E+03
      1.323  0.2230E+02  0.1449E+03
      1.343  0.2468E+02  0.1453E+03
      1.363  0.2775E+02  0.1459E+03
      1.384  0.3017E+02  0.1464E+03
      1.404  0.3349E+02  0.1471E+03
      1.424  0.4150E+02  0.1478E+03
      1.444  0.5203E+02  0.1488E+03
      1.464  0.6445E+02  0.1500E+03
      1.485  0.1522E+03  0.1518E+03
      1.505  0.8043E+02  0.1539E+03
      1.525  0.1788E+02  0.1548E+03
      1.545  0.2434E+02  0.1552E+03
      1.566  0.3007E+02  0.1558E+03
      1.586  0.3296E+02  0.1564E+03
      1.606  0.3337E+02  0.1571E+03
      1.626  0.3133E+02  0.1578E+03
      1.646  0.1715E+02  0.1588E+03
      1.667  0.1930E+02  0.1592E+03
      1.687  0.2168E+02  0.1596E+03
      1.707  0.2426E+02  0.1600E+03
      1.727  0.2715E+02  0.1605E+03
      1.747  0.3038E+02  0.1611E+03
      1.768  0.3395E+02  0.1618E+03
      1.788  0.3786E+02  0.1625E+03
      1.808  0.4212E+02  0.1633E+03
      1.828  0.4668E+02  0.1642E+03
      1.849  0.5134E+02  0.1652E+03
      1.869  0.4592E+02  0.1667E+03
      1.889  0.5053E+02  0.1677E+03
      1.909  0.5319E+02  0.1687E+03
      1.929  0.5391E+02  0.1698E+03
      1.950  0.5276E+02  0.1709E+03
      1.970  0.4958E+02  0.1719E+03
      1.990  0.4508E+02  0.1729E+03
      2.010  0.4199E+02  0.1737E+03
      2.030  0.3806E+02  0.1746E+03
      2.051  0.3778E+02  0.1753E+03
      2.071  0.3963E+02  0.1761E+03
      2.091  0.4007E+02  0.1769E+03
      2.111  0.3964E+02  0.1777E+03
      2.132  0.3840E+02  0.1785E+03
      2.152  0.3747E+02  0.1793E+03
      2.172  0.3725E+02  0.1800E+03
      2.192  0.3642E+02  0.1808E+03
      2.212  0.3772E+02  0.1815E+03
      2.233  0.4182E+02  0.1823E+03
      2.253  0.5049E+02  0.1832E+03
      2.273  0.1062E+03  0.1846E+03
      2.293  0.6831E+02  0.1867E+03
      2.313  0.7449E+02  0.1882E+03
      2.334  0.6828E+02  0.1896E+03
      2.354  0.7224E+02  0.1911E+03
      2.374  0.1050E+03  0.1939E+03
      2.394  0.4689E+02  0.1954E+03
      2.414  0.7443E+02  0.1966E+03
      2.435  0.5174E+02  0.1977E+03
      2.455  0.1013E+03  0.1992E+03
      2.475  0.1094E+03  0.2015E+03
      2.495  0.8238E+02  0.2034E+03
      2.516  0.7225E+02  0.2049E+03
      2.536  0.7210E+02  0.2064E+03
      2.556  0.8155E+02  0.2079E+03
      2.576  0.7630E+02  0.2095E+03
      2.596  0.8700E+02  0.2111E+03
      2.617  0.9099E+02  0.2130E+03
      2.637  0.7777E+02  0.2147E+03
      2.657  0.5543E+02  0.2160E+03
      2.677  0.4237E+02  0.2170E+03
      2.697  0.3807E+02  0.2178E+03
      2.718  0.4191E+02  0.2186E+03
      2.738  0.5007E+02  0.2195E+03
      2.758  0.5637E+02  0.2206E+03
      2.778  0.5992E+02  0.2218E+03
      2.799  0.5886E+02  0.2230E+03
      2.819  0.7699E+02  0.2243E+03
      2.839  0.9143E+02  0.2261E+03
      2.859  0.9231E+02  0.2279E+03
      2.879  0.1013E+03  0.2298E+03
      2.900  0.1059E+03  0.2320E+03
      2.920  0.9150E+02  0.2340E+03
      2.940  0.8644E+02  0.2358E+03
      2.960  0.9316E+02  0.2375E+03
      2.980  0.1055E+03  0.2396E+03
      3.001  0.4097E+02  0.2412E+03
      3.021  0.1332E+03  0.2439E+03
      3.041  0.5670E+02  0.2454E+03
      3.061  0.4923E+02  0.2464E+03
      3.082  0.4217E+02  0.2474E+03
      3.102  0.3553E+02  0.2482E+03
      3.122  0.2931E+02  0.2488E+03
      3.142  0.2362E+02  0.2493E+03
      3.162  0.1937E+02  0.2498E+03
      3.183  0.1711E+02  0.2501E+03
      3.203  0.1822E+02  0.2505E+03
      3.223  0.1977E+02  0.2509E+03
      3.243  0.2176E+02  0.2513E+03
      3.263  0.2405E+02  0.2518E+03
      3.284  0.2658E+02  0.2523E+03
      3.304  0.2694E+02  0.2528E+03
      3.324  0.2077E+02  0.2533E+03
      3.344  0.9718E+01  0.2536E+03
      3.365  0.1316E+02  0.2538E+03
      3.385  0.2457E+02  0.2542E+03
      3.405  0.8548E+02  0.2551E+03
      3.425  0.4785E+02  0.2567E+03
      3.445  0.2052E+02  0.2573E+03
      3.466  0.1345E+02  0.2576E+03
      3.486  0.7869E+01  0.2578E+03
      3.506  0.3774E+01  0.2579E+03
      3.526  0.1167E+01  0.2580E+03
      3.546  0.4743E-01  0.2580E+03
      3.567  0.0000E+00  0.2580E+03
      3.587  0.0000E+00  0.2580E+03
      3.607  0.0000E+00  0.2580E+03
      3.627  0.0000E+00  0.2580E+03
      3.647  0.0000E+00  0.2580E+03
      3.668  0.0000E+00  0.2580E+03
      3.688  0.0000E+00  0.2580E+03
      3.708  0.0000E+00  0.2580E+03
      3.728  0.0000E+00  0.2580E+03
      3.749  0.0000E+00  0.2580E+03
      3.769  0.0000E+00  0.2580E+03
      3.789  0.0000E+00  0.2580E+03
      3.809  0.0000E+00  0.2580E+03
      3.829  0.0000E+00  0.2580E+03
      3.850  0.0000E+00  0.2580E+03
      3.870  0.0000E+00  0.2580E+03
      3.890  0.0000E+00  0.2580E+03
      3.910  0.0000E+00  0.2580E+03
      3.930  0.0000E+00  0.2580E+03
      3.951  0.0000E+00  0.2580E+03
      3.971  0.0000E+00  0.2580E+03
      3.991  0.0000E+00  0.2580E+03
      4.011  0.0000E+00  0.2580E+03
      4.032  0.0000E+00  0.2580E+03
      4.052  0.0000E+00  0.2580E+03
      4.072  0.0000E+00  0.2580E+03
      4.092  0.0000E+00  0.2580E+03
      4.112  0.0000E+00  0.2580E+03
      4.133  0.0000E+00  0.2580E+03
      4.153  0.0000E+00  0.2580E+03
      4.173  0.0000E+00  0.2580E+03
      4.193  0.0000E+00  0.2580E+03
      4.213  0.0000E+00  0.2580E+03
      4.234  0.0000E+00  0.2580E+03
      4.254  0.0000E+00  0.2580E+03
      4.274  0.0000E+00  0.2580E+03
      4.294  0.0000E+00  0.2580E+03
      4.315  0.0000E+00  0.2580E+03
      4.335  0.0000E+00  0.2580E+03
      4.355  0.0000E+00  0.2580E+03
      4.375  0.0000E+00  0.2580E+03
      4.395  0.0000E+00  0.2580E+03
      4.416  0.0000E+00  0.2580E+03
      4.436  0.0000E+00  0.2580E+03
      4.456  0.0000E+00  0.2580E+03
      4.476  0.0000E+00  0.2580E+03
      4.496  0.0000E+00  0.2580E+03
      4.517  0.0000E+00  0.2580E+03
      4.537  0.0000E+00  0.2580E+03
      4.557  0.0000E+00  0.2580E+03
      4.577  0.0000E+00  0.2580E+03
      4.597  0.0000E+00  0.2580E+03
      4.618  0.0000E+00  0.2580E+03
      4.638  0.0000E+00  0.2580E+03
      4.658  0.0000E+00  0.2580E+03
      4.678  0.0000E+00  0.2580E+03
      4.699  0.0000E+00  0.2580E+03
      4.719  0.0000E+00  0.2580E+03
      4.739  0.0000E+00  0.2580E+03
      4.759  0.0000E+00  0.2580E+03
      4.779  0.0000E+00  0.2580E+03
      4.800  0.0000E+00  0.2580E+03
      4.820  0.0000E+00  0.2580E+03
      4.840  0.0000E+00  0.2580E+03
      4.860  0.0000E+00  0.2580E+03
      4.880  0.0000E+00  0.2580E+03
      4.901  0.0000E+00  0.2580E+03
      4.921  0.0000E+00  0.2580E+03
      4.941  0.0000E+00  0.2580E+03
      4.961  0.0000E+00  0.2580E+03
      4.982  0.0000E+00  0.2580E+03
      5.002  0.0000E+00  0.2580E+03
      5.022  0.0000E+00  0.2580E+03
      5.042  0.0000E+00  0.2580E+03
      5.062  0.0000E+00  0.2580E+03
      5.083  0.0000E+00  0.2580E+03
      5.103  0.0000E+00  0.2580E+03
      5.123  0.0000E+00  0.2580E+03
      5.143  0.0000E+00  0.2580E+03
      5.163  0.0000E+00  0.2580E+03
      5.184  0.0000E+00  0.2580E+03
      5.204  0.0000E+00  0.2580E+03
      5.224  0.0000E+00  0.2580E+03
      5.244  0.0000E+00  0.2580E+03
      5.265  0.0000E+00  0.2580E+03
      5.285  0.0000E+00  0.2580E+03
      5.305  0.0000E+00  0.2580E+03
      5.325  0.2346E+02  0.2580E+03
      5.345  0.1775E+03  0.2622E+03
      5.366  0.0000E+00  0.2640E+03
      5.386  0.0000E+00  0.2640E+03
      5.406  0.0000E+00  0.2640E+03
      5.426  0.0000E+00  0.2640E+03
      5.446  0.0000E+00  0.2640E+03
      5.467  0.0000E+00  0.2640E+03
      5.487  0.0000E+00  0.2640E+03
      5.507  0.0000E+00  0.2640E+03
      5.527  0.0000E+00  0.2640E+03
      5.547  0.0000E+00  0.2640E+03
      5.568  0.0000E+00  0.2640E+03
      5.588  0.0000E+00  0.2640E+03
      5.608  0.0000E+00  0.2640E+03
      5.628  0.0000E+00  0.2640E+03
      5.649  0.0000E+00  0.2640E+03
      5.669  0.0000E+00  0.2640E+03
      5.689  0.0000E+00  0.2640E+03
      5.709  0.0000E+00  0.2640E+03
      5.729  0.0000E+00  0.2640E+03
      5.750  0.0000E+00  0.2640E+03
      5.770  0.0000E+00  0.2640E+03
      5.790  0.0000E+00  0.2640E+03
      5.810  0.0000E+00  0.2640E+03
      5.830  0.0000E+00  0.2640E+03
      5.851  0.0000E+00  0.2640E+03
      5.871  0.0000E+00  0.2640E+03
      5.891  0.0000E+00  0.2640E+03
      5.911  0.0000E+00  0.2640E+03
      5.932  0.0000E+00  0.2640E+03
      5.952  0.0000E+00  0.2640E+03
      5.972  0.0000E+00  0.2640E+03
      5.992  0.0000E+00  0.2640E+03
      6.012  0.0000E+00  0.2640E+03
      6.033  0.0000E+00  0.2640E+03
      6.053  0.0000E+00  0.2640E+03
      6.073  0.0000E+00  0.2640E+03
      6.093  0.0000E+00  0.2640E+03
      6.113  0.0000E+00  0.2640E+03
      6.134  0.0000E+00  0.2640E+03
      6.154  0.0000E+00  0.2640E+03
      6.174  0.0000E+00  0.2640E+03
      6.194  0.0000E+00  0.2640E+03
      6.215  0.0000E+00  0.2640E+03
      6.235  0.0000E+00  0.2640E+03
      6.255  0.0000E+00  0.2640E+03
      6.275  0.0000E+00  0.2640E+03
      6.295  0.0000E+00  0.2640E+03
      6.316  0.0000E+00  0.2640E+03
      6.336  0.0000E+00  0.2640E+03
      6.356  0.0000E+00  0.2640E+03
      6.376  0.0000E+00  0.2640E+03
      6.396  0.0000E+00  0.2640E+03
      6.417  0.0000E+00  0.2640E+03
      6.437  0.0000E+00  0.2640E+03
      6.457  0.0000E+00  0.2640E+03
      6.477  0.0000E+00  0.2640E+03
      6.498  0.0000E+00  0.2640E+03
      6.518  0.0000E+00  0.2640E+03
      6.538  0.0000E+00  0.2640E+03
      6.558  0.0000E+00  0.2640E+03
      6.578  0.0000E+00  0.2640E+03
      6.599  0.0000E+00  0.2640E+03
      6.619  0.0000E+00  0.2640E+03
      6.639  0.0000E+00  0.2640E+03
      6.659  0.0000E+00  0.2640E+03
      6.679  0.0000E+00  0.2640E+03
      6.700  0.0000E+00  0.2640E+03
      6.720  0.0000E+00  0.2640E+03
      6.740  0.0000E+00  0.2640E+03
      6.760  0.0000E+00  0.2640E+03
      6.780  0.0000E+00  0.2640E+03
      6.801  0.0000E+00  0.2640E+03
      6.821  0.0000E+00  0.2640E+03
      6.841  0.0000E+00  0.2640E+03
      6.861  0.0000E+00  0.2640E+03
      6.882  0.0000E+00  0.2640E+03
      6.902  0.0000E+00  0.2640E+03
      6.922  0.0000E+00  0.2640E+03
      6.942  0.0000E+00  0.2640E+03
      6.962  0.0000E+00  0.2640E+03
      6.983  0.0000E+00  0.2640E+03
      7.003  0.0000E+00  0.2640E+03
      7.023  0.0000E+00  0.2640E+03
      7.043  0.0000E+00  0.2640E+03
      7.063  0.0000E+00  0.2640E+03
      7.084  0.0000E+00  0.2640E+03
      7.104  0.0000E+00  0.2640E+03
      7.124  0.0000E+00  0.2640E+03
      7.144  0.0000E+00  0.2640E+03
      7.165  0.0000E+00  0.2640E+03
      7.185  0.0000E+00  0.2640E+03
      7.205  0.0000E+00  0.2640E+03
      7.225  0.0000E+00  0.2640E+03
      7.245  0.0000E+00  0.2640E+03
      7.266  0.0000E+00  0.2640E+03
      7.286  0.0000E+00  0.2640E+03
      7.306  0.0000E+00  0.2640E+03
      7.326  0.0000E+00  0.2640E+03
      7.346  0.0000E+00  0.2640E+03
      7.367  0.0000E+00  0.2640E+03
      7.387  0.0000E+00  0.2640E+03
      7.407  0.0000E+00  0.2640E+03
      7.427  0.0000E+00  0.2640E+03
      7.448  0.0000E+00  0.2640E+03
      7.468  0.0000E+00  0.2640E+03
      7.488  0.0000E+00  0.2640E+03
      7.508  0.0000E+00  0.2640E+03
      7.528  0.0000E+00  0.2640E+03
      7.549  0.0000E+00  0.2640E+03
      7.569  0.0000E+00  0.2640E+03
      7.589  0.0000E+00  0.2640E+03
      7.609  0.0000E+00  0.2640E+03
      7.629  0.0000E+00  0.2640E+03
      7.650  0.0000E+00  0.2640E+03
      7.670  0.0000E+00  0.2640E+03
      7.690  0.0000E+00  0.2640E+03
      7.710  0.0000E+00  0.2640E+03
      7.730  0.0000E+00  0.2640E+03
      7.751  0.0000E+00  0.2640E+03
      7.771  0.0000E+00  0.2640E+03
      7.791  0.0000E+00  0.2640E+03
      7.811  0.0000E+00  0.2640E+03
      7.832  0.0000E+00  0.2640E+03
      7.852  0.0000E+00  0.2640E+03
      7.872  0.0000E+00  0.2640E+03
      7.892  0.0000E+00  0.2640E+03
      7.912  0.0000E+00  0.2640E+03
      7.933  0.0000E+00  0.2640E+03
      7.953  0.0000E+00  0.2640E+03
      7.973  0.0000E+00  0.2640E+03
      7.993  0.0000E+00  0.2640E+03
      8.013  0.0000E+00  0.2640E+03
      8.034  0.0000E+00  0.2640E+03
      8.054  0.0000E+00  0.2640E+03
      8.074  0.0000E+00  0.2640E+03
      8.094  0.0000E+00  0.2640E+03
      8.115  0.0000E+00  0.2640E+03
      8.135  0.0000E+00  0.2640E+03
      8.155  0.0000E+00  0.2640E+03
      8.175  0.0000E+00  0.2640E+03
      8.195  0.0000E+00  0.2640E+03
      8.216  0.0000E+00  0.2640E+03
      8.236  0.0000E+00  0.2640E+03
      8.256  0.0000E+00  0.2640E+03
      8.276  0.0000E+00  0.2640E+03
      8.296  0.0000E+00  0.2640E+03
      8.317  0.0000E+00  0.2640E+03
      8.337  0.0000E+00  0.2640E+03
      8.357  0.0000E+00  0.2640E+03
      8.377  0.0000E+00  0.2640E+03
      8.398  0.0000E+00  0.2640E+03
      8.418  0.0000E+00  0.2640E+03
      8.438  0.0000E+00  0.2640E+03
      8.458  0.0000E+00  0.2640E+03
      8.478  0.0000E+00  0.2640E+03
      8.499  0.0000E+00  0.2640E+03
      8.519  0.0000E+00  0.2640E+03
      8.539  0.0000E+00  0.2640E+03
      8.559  0.0000E+00  0.2640E+03
      8.579  0.0000E+00  0.2640E+03
      8.600  0.0000E+00  0.2640E+03
      8.620  0.0000E+00  0.2640E+03
      8.640  0.0000E+00  0.2640E+03
      8.660  0.0000E+00  0.2640E+03
      8.681  0.0000E+00  0.2640E+03
      8.701  0.0000E+00  0.2640E+03
      8.721  0.0000E+00  0.2640E+03
      8.741  0.0000E+00  0.2640E+03
      8.761  0.0000E+00  0.2640E+03
      8.782  0.0000E+00  0.2640E+03
      8.802  0.0000E+00  0.2640E+03
      8.822  0.0000E+00  0.2640E+03
      8.842  0.0000E+00  0.2640E+03
      8.862  0.0000E+00  0.2640E+03
      8.883  0.0000E+00  0.2640E+03
      8.903  0.0000E+00  0.2640E+03
      8.923  0.0000E+00  0.2640E+03
      8.943  0.0000E+00  0.2640E+03
      8.963  0.0000E+00  0.2640E+03
      8.984  0.0000E+00  0.2640E+03
      9.004  0.0000E+00  0.2640E+03
      9.024  0.0000E+00  0.2640E+03
      9.044  0.0000E+00  0.2640E+03
      9.065  0.0000E+00  0.2640E+03
      9.085  0.0000E+00  0.2640E+03
      9.105  0.0000E+00  0.2640E+03
      9.125  0.0000E+00  0.2640E+03
      9.145  0.0000E+00  0.2640E+03
      9.166  0.0000E+00  0.2640E+03
      9.186  0.0000E+00  0.2640E+03
      9.206  0.0000E+00  0.2640E+03
      9.226  0.0000E+00  0.2640E+03
      9.246  0.0000E+00  0.2640E+03
      9.267  0.0000E+00  0.2640E+03
      9.287  0.0000E+00  0.2640E+03
      9.307  0.0000E+00  0.2640E+03
      9.327  0.0000E+00  0.2640E+03
      9.348  0.0000E+00  0.2640E+03
      9.368  0.0000E+00  0.2640E+03
      9.388  0.0000E+00  0.2640E+03
      9.408  0.0000E+00  0.2640E+03
      9.428  0.0000E+00  0.2640E+03
      9.449  0.0000E+00  0.2640E+03
      9.469  0.0000E+00  0.2640E+03
      9.489  0.0000E+00  0.2640E+03
      9.509  0.0000E+00  0.2640E+03
      9.529  0.0000E+00  0.2640E+03
      9.550  0.0000E+00  0.2640E+03
      9.570  0.0000E+00  0.2640E+03
      9.590  0.0000E+00  0.2640E+03
      9.610  0.0000E+00  0.2640E+03
      9.631  0.0000E+00  0.2640E+03
      9.651  0.0000E+00  0.2640E+03
      9.671  0.0000E+00  0.2640E+03
      9.691  0.0000E+00  0.2640E+03
      9.711  0.0000E+00  0.2640E+03
      9.732  0.0000E+00  0.2640E+03
      9.752  0.0000E+00  0.2640E+03
      9.772  0.0000E+00  0.2640E+03
      9.792  0.0000E+00  0.2640E+03
      9.812  0.0000E+00  0.2640E+03
      9.833  0.0000E+00  0.2640E+03
      9.853  0.0000E+00  0.2640E+03
      9.873  0.0000E+00  0.2640E+03
      9.893  0.0000E+00  0.2640E+03
      9.913  0.0000E+00  0.2640E+03
      9.934  0.0000E+00  0.2640E+03
      9.954  0.0000E+00  0.2640E+03
      9.974  0.0000E+00  0.2640E+03
      9.994  0.0000E+00  0.2640E+03
     10.015  0.0000E+00  0.2640E+03
     10.035  0.0000E+00  0.2640E+03
     10.055  0.0000E+00  0.2640E+03
     10.075  0.0000E+00  0.2640E+03
     10.095  0.0000E+00  0.2640E+03
     10.116  0.0000E+00  0.2640E+03
     10.136  0.0000E+00  0.2640E+03
     10.156  0.0000E+00  0.2640E+03
     10.176  0.0000E+00  0.2640E+03
     10.196  0.0000E+00  0.2640E+03
     10.217  0.0000E+00  0.2640E+03
     10.237  0.0000E+00  0.2640E+03
     10.257  0.0000E+00  0.2640E+03
     10.277  0.0000E+00  0.2640E+03
     10.298  0.0000E+00  0.2640E+03
     10.318  0.0000E+00  0.2640E+03
     10.338  0.2119E-03  0.2640E+03
     10.358  0.1147E-02  0.2640E+03
     10.378  0.2829E-02  0.2640E+03
     10.399  0.5256E-02  0.2640E+03
     10.419  0.8430E-02  0.2640E+03
     10.439  0.1235E-01  0.2640E+03
     10.459  0.1702E-01  0.2640E+03
     10.479  0.2243E-01  0.2640E+03
     10.500  0.2858E-01  0.2640E+03
     10.520  0.3549E-01  0.2640E+03
     10.540  0.4314E-01  0.2640E+03
     10.560  0.5153E-01  0.2640E+03
     10.581  0.6068E-01  0.2640E+03
     10.601  0.7057E-01  0.2640E+03
     10.621  0.8120E-01  0.2640E+03
     10.641  0.9258E-01  0.2640E+03
     10.661  0.1047E+00  0.2640E+03
     10.682  0.1176E+00  0.2640E+03
     10.702  0.1312E+00  0.2640E+03
     10.722  0.1456E+00  0.2640E+03
     10.742  0.1607E+00  0.2640E+03
     10.762  0.1765E+00  0.2640E+03
     10.783  0.1931E+00  0.2640E+03
     10.803  0.2105E+00  0.2640E+03
     10.823  0.2286E+00  0.2640E+03
     10.843  0.2474E+00  0.2640E+03
     10.863  0.2670E+00  0.2640E+03
     10.884  0.2873E+00  0.2641E+03
     10.904  0.3084E+00  0.2641E+03
     10.924  0.3302E+00  0.2641E+03
     10.944  0.3528E+00  0.2641E+03
     10.965  0.3761E+00  0.2641E+03
     10.985  0.4002E+00  0.2641E+03
     11.005  0.4250E+00  0.2641E+03
     11.025  0.4506E+00  0.2641E+03
     11.045  0.4769E+00  0.2641E+03
     11.066  0.5039E+00  0.2641E+03
     11.086  0.5317E+00  0.2641E+03
     11.106  0.5602E+00  0.2641E+03
     11.126  0.5895E+00  0.2642E+03
     11.146  0.6196E+00  0.2642E+03
     11.167  0.6503E+00  0.2642E+03
     11.187  0.6819E+00  0.2642E+03
     11.207  0.7141E+00  0.2642E+03
     11.227  0.7472E+00  0.2642E+03
     11.248  0.7809E+00  0.2642E+03
     11.268  0.8154E+00  0.2643E+03
     11.288  0.8507E+00  0.2643E+03
     11.308  0.8867E+00  0.2643E+03
     11.328  0.9234E+00  0.2643E+03
     11.349  0.9609E+00  0.2643E+03
     11.369  0.9992E+00  0.2643E+03
     11.389  0.1038E+01  0.2644E+03
     11.409  0.1078E+01  0.2644E+03
     11.429  0.1118E+01  0.2644E+03
     11.450  0.1165E+01  0.2644E+03
     11.470  0.1227E+01  0.2645E+03
     11.490  0.1288E+01  0.2645E+03
     11.510  0.1346E+01  0.2645E+03
     11.531  0.1401E+01  0.2645E+03
     11.551  0.1454E+01  0.2646E+03
     11.571  0.1504E+01  0.2646E+03
     11.591  0.1551E+01  0.2646E+03
     11.611  0.1649E+01  0.2647E+03
     11.632  0.1859E+01  0.2647E+03
     11.652  0.2067E+01  0.2647E+03
     11.672  0.2265E+01  0.2648E+03
     11.692  0.2455E+01  0.2648E+03
     11.712  0.2636E+01  0.2649E+03
     11.733  0.2808E+01  0.2649E+03
     11.753  0.2970E+01  0.2650E+03
     11.773  0.3124E+01  0.2651E+03
     11.793  0.3269E+01  0.2651E+03
     11.814  0.3405E+01  0.2652E+03
     11.834  0.3532E+01  0.2653E+03
     11.854  0.3649E+01  0.2653E+03
     11.874  0.3758E+01  0.2654E+03
     11.894  0.3858E+01  0.2655E+03
     11.915  0.3949E+01  0.2656E+03
     11.935  0.4030E+01  0.2656E+03
     11.955  0.4103E+01  0.2657E+03
     11.975  0.4167E+01  0.2658E+03
     11.995  0.4222E+01  0.2659E+03
     12.016  0.4267E+01  0.2660E+03
     12.036  0.4304E+01  0.2661E+03
     12.056  0.4332E+01  0.2662E+03
     12.076  0.4351E+01  0.2662E+03
     12.096  0.4360E+01  0.2663E+03
     12.117  0.4361E+01  0.2664E+03
     12.137  0.4353E+01  0.2665E+03
     12.157  0.4336E+01  0.2666E+03
     12.177  0.4310E+01  0.2667E+03
     12.198  0.4274E+01  0.2668E+03
     12.218  0.4230E+01  0.2669E+03
     12.238  0.4177E+01  0.2669E+03
     12.258  0.4115E+01  0.2670E+03
     12.278  0.3958E+01  0.2671E+03
     12.299  0.3679E+01  0.2672E+03
     12.319  0.3386E+01  0.2673E+03
     12.339  0.3142E+01  0.2673E+03
     12.359  0.2946E+01  0.2674E+03
     12.379  0.2794E+01  0.2674E+03
     12.400  0.2661E+01  0.2675E+03
     12.420  0.2542E+01  0.2675E+03
     12.440  0.2437E+01  0.2676E+03
     12.460  0.2346E+01  0.2676E+03
     12.481  0.2269E+01  0.2677E+03
     12.501  0.2205E+01  0.2677E+03
     12.521  0.2155E+01  0.2678E+03
     12.541  0.2119E+01  0.2678E+03
     12.561  0.2131E+01  0.2679E+03
     12.582  0.2220E+01  0.2679E+03
     12.602  0.2404E+01  0.2680E+03
     12.622  0.2675E+01  0.2680E+03
     12.642  0.2907E+01  0.2681E+03
     12.662  0.3095E+01  0.2681E+03
     12.683  0.3238E+01  0.2682E+03
     12.703  0.3339E+01  0.2683E+03
     12.723  0.3401E+01  0.2683E+03
     12.743  0.3438E+01  0.2684E+03
     12.764  0.3472E+01  0.2685E+03
     12.784  0.3504E+01  0.2685E+03
     12.804  0.3537E+01  0.2686E+03
     12.824  0.3570E+01  0.2687E+03
     12.844  0.3605E+01  0.2687E+03
     12.865  0.3643E+01  0.2688E+03
     12.885  0.3683E+01  0.2689E+03
     12.905  0.3725E+01  0.2690E+03
     12.925  0.3771E+01  0.2690E+03
     12.945  0.3819E+01  0.2691E+03
     12.966  0.3870E+01  0.2692E+03
     12.986  0.3923E+01  0.2693E+03
     13.006  0.3979E+01  0.2694E+03
     13.026  0.4038E+01  0.2694E+03
     13.046  0.4100E+01  0.2695E+03
     13.067  0.4164E+01  0.2696E+03
     13.087  0.4231E+01  0.2697E+03
     13.107  0.4300E+01  0.2698E+03
     13.127  0.4372E+01  0.2699E+03
     13.148  0.4447E+01  0.2700E+03
     13.168  0.4525E+01  0.2700E+03
     13.188  0.4605E+01  0.2701E+03
     13.208  0.4688E+01  0.2702E+03
     13.228  0.4775E+01  0.2703E+03
     13.249  0.4869E+01  0.2704E+03
     13.269  0.4970E+01  0.2705E+03
     13.289  0.5078E+01  0.2706E+03
     13.309  0.5193E+01  0.2707E+03
     13.329  0.5314E+01  0.2708E+03
     13.350  0.5442E+01  0.2709E+03
     13.370  0.5577E+01  0.2711E+03
     13.390  0.5718E+01  0.2712E+03
     13.410  0.5867E+01  0.2713E+03
     13.431  0.6022E+01  0.2714E+03
     13.451  0.6183E+01  0.2715E+03
     13.471  0.6351E+01  0.2717E+03
     13.491  0.6522E+01  0.2718E+03
     13.511  0.6696E+01  0.2719E+03
     13.532  0.6873E+01  0.2721E+03
     13.552  0.7052E+01  0.2722E+03
     13.572  0.7235E+01  0.2723E+03
     13.592  0.7424E+01  0.2725E+03
     13.612  0.7621E+01  0.2726E+03
     13.633  0.7824E+01  0.2728E+03
     13.653  0.8036E+01  0.2730E+03
     13.673  0.8262E+01  0.2731E+03
     13.693  0.8502E+01  0.2733E+03
     13.714  0.8757E+01  0.2735E+03
     13.734  0.9028E+01  0.2736E+03
     13.754  0.9324E+01  0.2738E+03
     13.774  0.9647E+01  0.2740E+03
     13.794  0.9997E+01  0.2742E+03
     13.815  0.1037E+02  0.2744E+03
     13.835  0.1078E+02  0.2746E+03
     13.855  0.1121E+02  0.2749E+03
     13.875  0.1166E+02  0.2751E+03
     13.895  0.1231E+02  0.2753E+03
     13.916  0.1384E+02  0.2756E+03
     13.936  0.1532E+02  0.2759E+03
     13.956  0.1685E+02  0.2762E+03
     13.976  0.1860E+02  0.2766E+03
     13.996  0.2107E+02  0.2770E+03
     14.017  0.2371E+02  0.2774E+03
     14.037  0.2592E+02  0.2779E+03
     14.057  0.2741E+02  0.2785E+03
     14.077  0.2668E+02  0.2790E+03
     14.098  0.2418E+02  0.2795E+03
     14.118  0.2512E+02  0.2800E+03
     14.138  0.2399E+02  0.2805E+03
     14.158  0.2232E+02  0.2810E+03
     14.178  0.2281E+02  0.2815E+03
     14.199  0.2131E+02  0.2819E+03
     14.219  0.1729E+02  0.2823E+03
     14.239  0.1271E+02  0.2826E+03
     14.259  0.1364E+02  0.2829E+03
     14.279  0.1961E+02  0.2832E+03
     14.300  0.1485E+02  0.2836E+03
     14.320  0.1163E+02  0.2838E+03
     14.340  0.1028E+02  0.2840E+03
     14.360  0.9072E+01  0.2842E+03
     14.381  0.1983E+02  0.2847E+03
     14.401  0.1655E+02  0.2851E+03
     14.421  0.1417E+02  0.2854E+03
     14.441  0.1253E+02  0.2856E+03
     14.461  0.1145E+02  0.2859E+03
     14.482  0.1093E+02  0.2861E+03
     14.502  0.1059E+02  0.2863E+03
     14.522  0.1026E+02  0.2865E+03
     14.542  0.1016E+02  0.2867E+03
     14.562  0.1017E+02  0.2870E+03
     14.583  0.1016E+02  0.2872E+03
     14.603  0.1013E+02  0.2874E+03
     14.623  0.1018E+02  0.2876E+03
     14.643  0.1024E+02  0.2878E+03
     14.664  0.1031E+02  0.2880E+03
     14.684  0.1040E+02  0.2882E+03
     14.704  0.1050E+02  0.2884E+03
     14.724  0.1064E+02  0.2886E+03
     14.744  0.1083E+02  0.2888E+03
     14.765  0.1102E+02  0.2891E+03
     14.785  0.1121E+02  0.2893E+03
     14.805  0.1145E+02  0.2895E+03
     14.825  0.1172E+02  0.2897E+03
     14.845  0.1201E+02  0.2900E+03
     14.866  0.1231E+02  0.2902E+03
     14.886  0.1263E+02  0.2905E+03
     14.906  0.1297E+02  0.2907E+03
     14.926  0.1332E+02  0.2910E+03
     14.947  0.1365E+02  0.2913E+03
     14.967  0.1397E+02  0.2916E+03
     14.987  0.1428E+02  0.2918E+03
     15.007  0.1459E+02  0.2921E+03
     15.027  0.1487E+02  0.2924E+03
     15.048  0.1515E+02  0.2927E+03
     15.068  0.1543E+02  0.2930E+03
     15.088  0.1569E+02  0.2934E+03
     15.108  0.1592E+02  0.2937E+03
     15.128  0.1618E+02  0.2940E+03
     15.149  0.1647E+02  0.2943E+03
     15.169  0.1680E+02  0.2947E+03
     15.189  0.1716E+02  0.2950E+03
     15.209  0.1755E+02  0.2954E+03
     15.229  0.1794E+02  0.2957E+03
     15.250  0.1829E+02  0.2961E+03
     15.270  0.1860E+02  0.2965E+03
     15.290  0.1881E+02  0.2968E+03
     15.310  0.1822E+02  0.2972E+03
     15.331  0.1749E+02  0.2976E+03
     15.351  0.1673E+02  0.2979E+03
     15.371  0.1650E+02  0.2983E+03
     15.391  0.1723E+02  0.2986E+03
     15.411  0.1854E+02  0.2990E+03
     15.432  0.1949E+02  0.2993E+03
     15.452  0.1993E+02  0.2997E+03
     15.472  0.1966E+02  0.3001E+03
     15.492  0.1965E+02  0.3005E+03
     15.512  0.2159E+02  0.3009E+03
     15.533  0.2408E+02  0.3014E+03
     15.553  0.2182E+02  0.3019E+03
     15.573  0.1938E+02  0.3023E+03
     15.593  0.1668E+02  0.3027E+03
     15.614  0.1510E+02  0.3030E+03
     15.634  0.1520E+02  0.3033E+03
     15.654  0.1520E+02  0.3036E+03
     15.674  0.1559E+02  0.3039E+03
     15.694  0.1623E+02  0.3042E+03
     15.715  0.1601E+02  0.3045E+03
     15.735  0.1487E+02  0.3049E+03
     15.755  0.1370E+02  0.3051E+03
     15.775  0.1743E+02  0.3055E+03
     15.795  0.2522E+02  0.3059E+03
     15.816  0.2282E+02  0.3064E+03
     15.836  0.1993E+02  0.3068E+03
     15.856  0.1793E+02  0.3072E+03
     15.876  0.1682E+02  0.3076E+03
     15.897  0.1680E+02  0.3079E+03
     15.917  0.1932E+02  0.3083E+03
     15.937  0.2096E+02  0.3087E+03
     15.957  0.2246E+02  0.3091E+03
     15.977  0.2483E+02  0.3096E+03
     15.998  0.2464E+02  0.3101E+03
     16.018  0.2010E+02  0.3105E+03
     16.038  0.1611E+02  0.3109E+03
     16.058  0.1434E+02  0.3112E+03
     16.078  0.1513E+02  0.3115E+03
     16.099  0.1531E+02  0.3118E+03
     16.119  0.1447E+02  0.3121E+03
     16.139  0.1232E+02  0.3124E+03
     16.159  0.1119E+02  0.3126E+03
     16.179  0.1323E+02  0.3129E+03
     16.200  0.1762E+02  0.3132E+03
     16.220  0.2146E+02  0.3136E+03
     16.240  0.1798E+02  0.3140E+03
     16.260  0.1278E+02  0.3143E+03
     16.281  0.1704E+02  0.3146E+03
     16.301  0.2284E+02  0.3150E+03
     16.321  0.1943E+02  0.3155E+03
     16.341  0.1438E+02  0.3158E+03
     16.361  0.1281E+02  0.3161E+03
     16.382  0.1115E+02  0.3163E+03
     16.402  0.9795E+01  0.3165E+03
     16.422  0.1097E+02  0.3168E+03
     16.442  0.1317E+02  0.3170E+03
     16.462  0.1441E+02  0.3173E+03
     16.483  0.1501E+02  0.3176E+03
     16.503  0.1571E+02  0.3179E+03
     16.523  0.1659E+02  0.3182E+03
     16.543  0.1787E+02  0.3186E+03
     16.564  0.1889E+02  0.3189E+03
     16.584  0.1919E+02  0.3193E+03
     16.604  0.1880E+02  0.3197E+03
     16.624  0.1809E+02  0.3201E+03
     16.644  0.1744E+02  0.3204E+03
     16.665  0.1683E+02  0.3208E+03
     16.685  0.1602E+02  0.3211E+03
     16.705  0.1518E+02  0.3214E+03
     16.725  0.1432E+02  0.3217E+03
     16.745  0.1382E+02  0.3220E+03
     16.766  0.1396E+02  0.3223E+03
     16.786  0.1339E+02  0.3226E+03
     16.806  0.1273E+02  0.3228E+03
     16.826  0.1248E+02  0.3231E+03
     16.847  0.1256E+02  0.3233E+03
     16.867  0.1329E+02  0.3236E+03
     16.887  0.1379E+02  0.3239E+03
     16.907  0.1413E+02  0.3242E+03
     16.927  0.1444E+02  0.3244E+03
     16.948  0.1493E+02  0.3247E+03
     16.968  0.1495E+02  0.3250E+03
     16.988  0.1448E+02  0.3253E+03
     17.008  0.1365E+02  0.3256E+03
     17.028  0.1250E+02  0.3259E+03
     17.049  0.1197E+02  0.3261E+03
     17.069  0.1170E+02  0.3264E+03
     17.089  0.1128E+02  0.3266E+03
     17.109  0.1072E+02  0.3268E+03
     17.130  0.1018E+02  0.3270E+03
     17.150  0.9776E+01  0.3272E+03
     17.170  0.9518E+01  0.3274E+03
     17.190  0.9356E+01  0.3276E+03
     17.210  0.9316E+01  0.3278E+03
     17.231  0.9306E+01  0.3280E+03
     17.251  0.9294E+01  0.3282E+03
     17.271  0.1044E+02  0.3284E+03
     17.291  0.1594E+02  0.3287E+03
     17.311  0.1257E+02  0.3290E+03
     17.332  0.9514E+01  0.3292E+03
     17.352  0.7755E+01  0.3294E+03
     17.372  0.6442E+01  0.3295E+03
     17.392  0.5969E+01  0.3296E+03
     17.412  0.8302E+01  0.3298E+03
     17.433  0.1344E+02  0.3300E+03
     17.453  0.1848E+02  0.3303E+03
     17.473  0.1671E+02  0.3307E+03
     17.493  0.1415E+02  0.3310E+03
     17.514  0.1164E+02  0.3312E+03
     17.534  0.9161E+01  0.3315E+03
     17.554  0.1135E+02  0.3317E+03
     17.574  0.1206E+02  0.3319E+03
     17.594  0.1255E+02  0.3321E+03
     17.615  0.1261E+02  0.3324E+03
     17.635  0.1228E+02  0.3326E+03
     17.655  0.1180E+02  0.3329E+03
     17.675  0.1151E+02  0.3331E+03
     17.695  0.1160E+02  0.3334E+03
     17.716  0.1175E+02  0.3336E+03
     17.736  0.1188E+02  0.3338E+03
     17.756  0.1189E+02  0.3341E+03
     17.776  0.1171E+02  0.3343E+03
     17.797  0.1093E+02  0.3345E+03
     17.817  0.8907E+01  0.3347E+03
     17.837  0.8702E+01  0.3349E+03
     17.857  0.8444E+01  0.3351E+03
     17.877  0.8033E+01  0.3353E+03
     17.898  0.7467E+01  0.3354E+03
     17.918  0.6748E+01  0.3356E+03
     17.938  0.5874E+01  0.3357E+03
     17.958  0.4847E+01  0.3358E+03
     17.978  0.3692E+01  0.3359E+03
     17.999  0.2451E+01  0.3359E+03
     18.019  0.1182E+01  0.3360E+03
     18.039  0.3343E+00  0.3360E+03
     18.059  0.4814E-02  0.3360E+03
     18.080  0.0000E+00  0.3360E+03
     18.100  0.0000E+00  0.3360E+03
     18.120  0.0000E+00  0.3360E+03
     18.140  0.0000E+00  0.3360E+03
     18.160  0.0000E+00  0.3360E+03
     18.181  0.0000E+00  0.3360E+03
     18.201  0.0000E+00  0.3360E+03
     18.221  0.0000E+00  0.3360E+03
     18.241  0.0000E+00  0.3360E+03
     18.261  0.0000E+00  0.3360E+03
     18.282  0.0000E+00  0.3360E+03
     18.302  0.0000E+00  0.3360E+03
     18.322  0.0000E+00  0.3360E+03
     18.342  0.0000E+00  0.3360E+03
     18.362  0.0000E+00  0.3360E+03
     18.383  0.0000E+00  0.3360E+03
     18.403  0.0000E+00  0.3360E+03
     18.423  0.0000E+00  0.3360E+03
     18.443  0.0000E+00  0.3360E+03
     18.464  0.0000E+00  0.3360E+03
     18.484  0.0000E+00  0.3360E+03
     18.504  0.0000E+00  0.3360E+03
     18.524  0.0000E+00  0.3360E+03
     18.544  0.0000E+00  0.3360E+03
     18.565  0.0000E+00  0.3360E+03
     18.585  0.0000E+00  0.3360E+03
     18.605  0.0000E+00  0.3360E+03
     18.625  0.0000E+00  0.3360E+03
     18.645  0.0000E+00  0.3360E+03
     18.666  0.0000E+00  0.3360E+03
     18.686  0.0000E+00  0.3360E+03
     18.706  0.0000E+00  0.3360E+03
     18.726  0.0000E+00  0.3360E+03
     18.747  0.0000E+00  0.3360E+03
     18.767  0.0000E+00  0.3360E+03
     18.787  0.0000E+00  0.3360E+03
     18.807  0.0000E+00  0.3360E+03
     18.827  0.0000E+00  0.3360E+03
     18.848  0.0000E+00  0.3360E+03
     18.868  0.0000E+00  0.3360E+03
     18.888  0.0000E+00  0.3360E+03
     18.908  0.0000E+00  0.3360E+03
     18.928  0.0000E+00  0.3360E+03
     18.949  0.0000E+00  0.3360E+03
     18.969  0.0000E+00  0.3360E+03
     18.989  0.0000E+00  0.3360E+03
     19.009  0.0000E+00  0.3360E+03
     19.030  0.0000E+00  0.3360E+03
     19.050  0.0000E+00  0.3360E+03
     19.070  0.0000E+00  0.3360E+03
     19.090  0.0000E+00  0.3360E+03
     19.110  0.0000E+00  0.3360E+03
     19.131  0.0000E+00  0.3360E+03
     19.151  0.0000E+00  0.3360E+03
     19.171  0.0000E+00  0.3360E+03
     19.191  0.0000E+00  0.3360E+03
     19.211  0.0000E+00  0.3360E+03
     19.232  0.0000E+00  0.3360E+03
     19.252  0.0000E+00  0.3360E+03
     19.272  0.0000E+00  0.3360E+03
     19.292  0.0000E+00  0.3360E+03
     19.312  0.0000E+00  0.3360E+03
     19.333  0.0000E+00  0.3360E+03
     19.353  0.0000E+00  0.3360E+03
     19.373  0.0000E+00  0.3360E+03
     19.393  0.0000E+00  0.3360E+03
     19.414  0.0000E+00  0.3360E+03
     19.434  0.0000E+00  0.3360E+03
     19.454  0.0000E+00  0.3360E+03
     19.474  0.0000E+00  0.3360E+03
     19.494  0.0000E+00  0.3360E+03
     19.515  0.0000E+00  0.3360E+03
     19.535  0.0000E+00  0.3360E+03
     19.555  0.0000E+00  0.3360E+03
     19.575  0.0000E+00  0.3360E+03
     19.595  0.0000E+00  0.3360E+03
     19.616  0.0000E+00  0.3360E+03
     19.636  0.0000E+00  0.3360E+03
     19.656  0.0000E+00  0.3360E+03
     19.676  0.0000E+00  0.3360E+03
     19.697  0.0000E+00  0.3360E+03
     19.717  0.0000E+00  0.3360E+03
     19.737  0.0000E+00  0.3360E+03
     19.757  0.0000E+00  0.3360E+03
     19.777  0.0000E+00  0.3360E+03
     19.798  0.0000E+00  0.3360E+03
     19.818  0.0000E+00  0.3360E+03
     19.838  0.0000E+00  0.3360E+03
     19.858  0.0000E+00  0.3360E+03
     19.878  0.0000E+00  0.3360E+03
     19.899  0.0000E+00  0.3360E+03


