 Energy DOS Integrated_DOS
    -17.218  0.0000E+00  0.0000E+00
    -17.200  0.0000E+00  0.0000E+00
    -17.181  0.0000E+00  0.0000E+00
    -17.163  0.0000E+00  0.0000E+00
    -17.145  0.0000E+00  0.0000E+00
    -17.126  0.0000E+00  0.0000E+00
    -17.108  0.0000E+00  0.0000E+00
    -17.090  0.0000E+00  0.0000E+00
    -17.071  0.0000E+00  0.0000E+00
    -17.053  0.0000E+00  0.0000E+00
    -17.035  0.0000E+00  0.0000E+00
    -17.016  0.0000E+00  0.0000E+00
    -16.998  0.0000E+00  0.0000E+00
    -16.980  0.0000E+00  0.0000E+00
    -16.961  0.0000E+00  0.0000E+00
    -16.943  0.0000E+00  0.0000E+00
    -16.925  0.0000E+00  0.0000E+00
    -16.906  0.0000E+00  0.0000E+00
    -16.888  0.0000E+00  0.0000E+00
    -16.869  0.0000E+00  0.0000E+00
    -16.851  0.0000E+00  0.0000E+00
    -16.833  0.0000E+00  0.0000E+00
    -16.814  0.0000E+00  0.0000E+00
    -16.796  0.0000E+00  0.0000E+00
    -16.778  0.0000E+00  0.0000E+00
    -16.759  0.0000E+00  0.0000E+00
    -16.741  0.0000E+00  0.0000E+00
    -16.723  0.0000E+00  0.0000E+00
    -16.704  0.0000E+00  0.0000E+00
    -16.686  0.0000E+00  0.0000E+00
    -16.668  0.0000E+00  0.0000E+00
    -16.649  0.0000E+00  0.0000E+00
    -16.631  0.0000E+00  0.0000E+00
    -16.613  0.0000E+00  0.0000E+00
    -16.594  0.0000E+00  0.0000E+00
    -16.576  0.0000E+00  0.0000E+00
    -16.558  0.0000E+00  0.0000E+00
    -16.539  0.0000E+00  0.0000E+00
    -16.521  0.0000E+00  0.0000E+00
    -16.503  0.0000E+00  0.0000E+00
    -16.484  0.0000E+00  0.0000E+00
    -16.466  0.0000E+00  0.0000E+00
    -16.448  0.0000E+00  0.0000E+00
    -16.429  0.0000E+00  0.0000E+00
    -16.411  0.0000E+00  0.0000E+00
    -16.393  0.0000E+00  0.0000E+00
    -16.374  0.0000E+00  0.0000E+00
    -16.356  0.0000E+00  0.0000E+00
    -16.338  0.0000E+00  0.0000E+00
    -16.319  0.0000E+00  0.0000E+00
    -16.301  0.0000E+00  0.0000E+00
    -16.283  0.0000E+00  0.0000E+00
    -16.264  0.0000E+00  0.0000E+00
    -16.246  0.0000E+00  0.0000E+00
    -16.228  0.0000E+00  0.0000E+00
    -16.209  0.0000E+00  0.0000E+00
    -16.191  0.0000E+00  0.0000E+00
    -16.173  0.0000E+00  0.0000E+00
    -16.154  0.0000E+00  0.0000E+00
    -16.136  0.0000E+00  0.0000E+00
    -16.118  0.0000E+00  0.0000E+00
    -16.099  0.0000E+00  0.0000E+00
    -16.081  0.0000E+00  0.0000E+00
    -16.063  0.0000E+00  0.0000E+00
    -16.044  0.0000E+00  0.0000E+00
    -16.026  0.0000E+00  0.0000E+00
    -16.008  0.0000E+00  0.0000E+00
    -15.989  0.0000E+00  0.0000E+00
    -15.971  0.0000E+00  0.0000E+00
    -15.953  0.0000E+00  0.0000E+00
    -15.934  0.0000E+00  0.0000E+00
    -15.916  0.0000E+00  0.0000E+00
    -15.898  0.0000E+00  0.0000E+00
    -15.879  0.0000E+00  0.0000E+00
    -15.861  0.0000E+00  0.0000E+00
    -15.843  0.0000E+00  0.0000E+00
    -15.824  0.0000E+00  0.0000E+00
    -15.806  0.0000E+00  0.0000E+00
    -15.788  0.0000E+00  0.0000E+00
    -15.769  0.0000E+00  0.0000E+00
    -15.751  0.0000E+00  0.0000E+00
    -15.733  0.0000E+00  0.0000E+00
    -15.714  0.0000E+00  0.0000E+00
    -15.696  0.0000E+00  0.0000E+00
    -15.678  0.0000E+00  0.0000E+00
    -15.659  0.0000E+00  0.0000E+00
    -15.641  0.0000E+00  0.0000E+00
    -15.623  0.0000E+00  0.0000E+00
    -15.604  0.0000E+00  0.0000E+00
    -15.586  0.0000E+00  0.0000E+00
    -15.568  0.0000E+00  0.0000E+00
    -15.549  0.8689E-02  0.7242E-05
    -15.531  0.6034E+00  0.4191E-02
    -15.513  0.2133E+01  0.2785E-01
    -15.494  0.4596E+01  0.8811E-01
    -15.476  0.7995E+01  0.2021E+00
    -15.458  0.1233E+02  0.3870E+00
    -15.439  0.1944E+02  0.6764E+00
    -15.421  0.2285E+02  0.1072E+01
    -15.403  0.2117E+02  0.1483E+01
    -15.384  0.1341E+02  0.1815E+01
    -15.366  0.4171E+01  0.1968E+01
    -15.348  0.1782E+00  0.2000E+01
    -15.329  0.0000E+00  0.2000E+01
    -15.311  0.0000E+00  0.2000E+01
    -15.293  0.0000E+00  0.2000E+01
    -15.274  0.0000E+00  0.2000E+01
    -15.256  0.0000E+00  0.2000E+01
    -15.238  0.0000E+00  0.2000E+01
    -15.219  0.0000E+00  0.2000E+01
    -15.201  0.0000E+00  0.2000E+01
    -15.183  0.0000E+00  0.2000E+01
    -15.164  0.0000E+00  0.2000E+01
    -15.146  0.0000E+00  0.2000E+01
    -15.128  0.1227E+01  0.2004E+01
    -15.109  0.4311E+01  0.2056E+01
    -15.091  0.6804E+01  0.2159E+01
    -15.073  0.8707E+01  0.2302E+01
    -15.054  0.1002E+02  0.2474E+01
    -15.036  0.1074E+02  0.2666E+01
    -15.018  0.1087E+02  0.2865E+01
    -14.999  0.1043E+02  0.3061E+01
    -14.981  0.9685E+01  0.3245E+01
    -14.962  0.8745E+01  0.3415E+01
    -14.944  0.7606E+01  0.3565E+01
    -14.926  0.6152E+01  0.3691E+01
    -14.907  0.5514E+01  0.3793E+01
    -14.889  0.9172E+01  0.3927E+01
    -14.871  0.1220E+02  0.4124E+01
    -14.852  0.1442E+02  0.4370E+01
    -14.834  0.1585E+02  0.4649E+01
    -14.816  0.1648E+02  0.4946E+01
    -14.797  0.1630E+02  0.5248E+01
    -14.779  0.1532E+02  0.5539E+01
    -14.761  0.1393E+02  0.5806E+01
    -14.742  0.1286E+02  0.6052E+01
    -14.724  0.1177E+02  0.6278E+01
    -14.706  0.1080E+02  0.6484E+01
    -14.687  0.1021E+02  0.6676E+01
    -14.669  0.1003E+02  0.6861E+01
    -14.651  0.1026E+02  0.7046E+01
    -14.632  0.1091E+02  0.7240E+01
    -14.614  0.1197E+02  0.7449E+01
    -14.596  0.1344E+02  0.7681E+01
    -14.577  0.1533E+02  0.7945E+01
    -14.559  0.1763E+02  0.8246E+01
    -14.541  0.2032E+02  0.8593E+01
    -14.522  0.2350E+02  0.8994E+01
    -14.504  0.2840E+02  0.9462E+01
    -14.486  0.3383E+02  0.1004E+02
    -14.467  0.3487E+02  0.1068E+02
    -14.449  0.3152E+02  0.1129E+02
    -14.431  0.2378E+02  0.1181E+02
    -14.412  0.2535E+02  0.1224E+02
    -14.394  0.3107E+02  0.1275E+02
    -14.376  0.3962E+02  0.1340E+02
    -14.357  0.4507E+02  0.1418E+02
    -14.339  0.4989E+02  0.1506E+02
    -14.321  0.4986E+02  0.1597E+02
    -14.302  0.4550E+02  0.1686E+02
    -14.284  0.3314E+02  0.1758E+02
    -14.266  0.2460E+02  0.1811E+02
    -14.247  0.2010E+02  0.1850E+02
    -14.229  0.2250E+02  0.1889E+02
    -14.211  0.2580E+02  0.1933E+02
    -14.192  0.2856E+02  0.1983E+02
    -14.174  0.3072E+02  0.2038E+02
    -14.156  0.3228E+02  0.2096E+02
    -14.137  0.3323E+02  0.2156E+02
    -14.119  0.3370E+02  0.2218E+02
    -14.101  0.2689E+02  0.2274E+02
    -14.082  0.1752E+02  0.2314E+02
    -14.064  0.3457E+02  0.2356E+02
    -14.046  0.4089E+02  0.2430E+02
    -14.027  0.3300E+02  0.2497E+02
    -14.009  0.4100E+02  0.2561E+02
    -13.991  0.6347E+02  0.2657E+02
    -13.972  0.8054E+02  0.2789E+02
    -13.954  0.9866E+02  0.2952E+02
    -13.936  0.1132E+03  0.3151E+02
    -13.917  0.1195E+03  0.3364E+02
    -13.899  0.1190E+03  0.3586E+02
    -13.881  0.6830E+02  0.3750E+02
    -13.862  0.5102E+02  0.3853E+02
    -13.844  0.5637E+02  0.3952E+02
    -13.826  0.3734E+02  0.4052E+02
    -13.807  0.6107E+02  0.4124E+02
    -13.789  0.1190E+03  0.4267E+02
    -13.771  0.1132E+03  0.4483E+02
    -13.752  0.9672E+02  0.4676E+02
    -13.734  0.1189E+03  0.4866E+02
    -13.716  0.1151E+03  0.5083E+02
    -13.697  0.1390E+03  0.5310E+02
    -13.679  0.1042E+03  0.5499E+02
    -13.661  0.7792E+02  0.5673E+02
    -13.642  0.5430E+02  0.5790E+02
    -13.624  0.3795E+02  0.5876E+02
    -13.606  0.1106E+03  0.6019E+02
    -13.587  0.5473E+02  0.6185E+02
    -13.569  0.4298E+02  0.6273E+02
    -13.551  0.3274E+02  0.6343E+02
    -13.532  0.1678E+02  0.6392E+02
    -13.514  0.0000E+00  0.6400E+02
    -13.496  0.0000E+00  0.6400E+02
    -13.477  0.0000E+00  0.6400E+02
    -13.459  0.0000E+00  0.6400E+02
    -13.441  0.0000E+00  0.6400E+02
    -13.422  0.0000E+00  0.6400E+02
    -13.404  0.0000E+00  0.6400E+02
    -13.386  0.0000E+00  0.6400E+02
    -13.367  0.0000E+00  0.6400E+02
    -13.349  0.0000E+00  0.6400E+02
    -13.331  0.0000E+00  0.6400E+02
    -13.312  0.0000E+00  0.6400E+02
    -13.294  0.0000E+00  0.6400E+02
    -13.276  0.0000E+00  0.6400E+02
    -13.257  0.0000E+00  0.6400E+02
    -13.239  0.0000E+00  0.6400E+02
    -13.221  0.0000E+00  0.6400E+02
    -13.202  0.0000E+00  0.6400E+02
    -13.184  0.0000E+00  0.6400E+02
    -13.166  0.0000E+00  0.6400E+02
    -13.147  0.0000E+00  0.6400E+02
    -13.129  0.0000E+00  0.6400E+02
    -13.111  0.0000E+00  0.6400E+02
    -13.092  0.0000E+00  0.6400E+02
    -13.074  0.0000E+00  0.6400E+02
    -13.055  0.0000E+00  0.6400E+02
    -13.037  0.0000E+00  0.6400E+02
    -13.019  0.0000E+00  0.6400E+02
    -13.000  0.0000E+00  0.6400E+02
    -12.982  0.0000E+00  0.6400E+02
    -12.964  0.0000E+00  0.6400E+02
    -12.945  0.0000E+00  0.6400E+02
    -12.927  0.0000E+00  0.6400E+02
    -12.909  0.0000E+00  0.6400E+02
    -12.890  0.0000E+00  0.6600E+02
    -12.872  0.0000E+00  0.6600E+02
    -12.854  0.0000E+00  0.6600E+02
    -12.835  0.0000E+00  0.6600E+02
    -12.817  0.0000E+00  0.6600E+02
    -12.799  0.0000E+00  0.6600E+02
    -12.780  0.0000E+00  0.6600E+02
    -12.762  0.0000E+00  0.6600E+02
    -12.744  0.0000E+00  0.6600E+02
    -12.725  0.0000E+00  0.6600E+02
    -12.707  0.0000E+00  0.6600E+02
    -12.689  0.0000E+00  0.6600E+02
    -12.670  0.0000E+00  0.6600E+02
    -12.652  0.0000E+00  0.6600E+02
    -12.634  0.0000E+00  0.6600E+02
    -12.615  0.0000E+00  0.6600E+02
    -12.597  0.0000E+00  0.6600E+02
    -12.579  0.0000E+00  0.6600E+02
    -12.560  0.0000E+00  0.6600E+02
    -12.542  0.0000E+00  0.6600E+02
    -12.524  0.0000E+00  0.6600E+02
    -12.505  0.0000E+00  0.6600E+02
    -12.487  0.0000E+00  0.6600E+02
    -12.469  0.0000E+00  0.6600E+02
    -12.450  0.0000E+00  0.6600E+02
    -12.432  0.0000E+00  0.6600E+02
    -12.414  0.0000E+00  0.6600E+02
    -12.395  0.0000E+00  0.6600E+02
    -12.377  0.0000E+00  0.6600E+02
    -12.359  0.0000E+00  0.6600E+02
    -12.340  0.0000E+00  0.6600E+02
    -12.322  0.0000E+00  0.6600E+02
    -12.304  0.0000E+00  0.6600E+02
    -12.285  0.0000E+00  0.6600E+02
    -12.267  0.0000E+00  0.6600E+02
    -12.249  0.0000E+00  0.6600E+02
    -12.230  0.0000E+00  0.6600E+02
    -12.212  0.0000E+00  0.6600E+02
    -12.194  0.0000E+00  0.6600E+02
    -12.175  0.0000E+00  0.6600E+02
    -12.157  0.0000E+00  0.6600E+02
    -12.139  0.0000E+00  0.6600E+02
    -12.120  0.0000E+00  0.6600E+02
    -12.102  0.0000E+00  0.6600E+02
    -12.084  0.0000E+00  0.6600E+02
    -12.065  0.0000E+00  0.6600E+02
    -12.047  0.0000E+00  0.6600E+02
    -12.029  0.0000E+00  0.6600E+02
    -12.010  0.0000E+00  0.6600E+02
    -11.992  0.0000E+00  0.6600E+02
    -11.974  0.0000E+00  0.6600E+02
    -11.955  0.0000E+00  0.6600E+02
    -11.937  0.0000E+00  0.6600E+02
    -11.919  0.0000E+00  0.6600E+02
    -11.900  0.0000E+00  0.6600E+02
    -11.882  0.0000E+00  0.6600E+02
    -11.864  0.0000E+00  0.6600E+02
    -11.845  0.0000E+00  0.6600E+02
    -11.827  0.0000E+00  0.6600E+02
    -11.809  0.0000E+00  0.6600E+02
    -11.790  0.0000E+00  0.6600E+02
    -11.772  0.0000E+00  0.6600E+02
    -11.754  0.0000E+00  0.6600E+02
    -11.735  0.0000E+00  0.6600E+02
    -11.717  0.0000E+00  0.6600E+02
    -11.699  0.0000E+00  0.6600E+02
    -11.680  0.0000E+00  0.6600E+02
    -11.662  0.0000E+00  0.6600E+02
    -11.644  0.0000E+00  0.6600E+02
    -11.625  0.0000E+00  0.6600E+02
    -11.607  0.0000E+00  0.6600E+02
    -11.589  0.0000E+00  0.6600E+02
    -11.570  0.0000E+00  0.6600E+02
    -11.552  0.0000E+00  0.6600E+02
    -11.534  0.0000E+00  0.6600E+02
    -11.515  0.0000E+00  0.6600E+02
    -11.497  0.0000E+00  0.6600E+02
    -11.479  0.0000E+00  0.6600E+02
    -11.460  0.0000E+00  0.6600E+02
    -11.442  0.0000E+00  0.6600E+02
    -11.424  0.0000E+00  0.6600E+02
    -11.405  0.0000E+00  0.6600E+02
    -11.387  0.0000E+00  0.6600E+02
    -11.369  0.0000E+00  0.6600E+02
    -11.350  0.0000E+00  0.6600E+02
    -11.332  0.0000E+00  0.6600E+02
    -11.314  0.0000E+00  0.6600E+02
    -11.295  0.0000E+00  0.6600E+02
    -11.277  0.0000E+00  0.6600E+02
    -11.259  0.0000E+00  0.6600E+02
    -11.240  0.0000E+00  0.6600E+02
    -11.222  0.0000E+00  0.6600E+02
    -11.204  0.0000E+00  0.6600E+02
    -11.185  0.0000E+00  0.6600E+02
    -11.167  0.0000E+00  0.6600E+02
    -11.148  0.0000E+00  0.6600E+02
    -11.130  0.0000E+00  0.6600E+02
    -11.112  0.0000E+00  0.6600E+02
    -11.093  0.0000E+00  0.6600E+02
    -11.075  0.0000E+00  0.6600E+02
    -11.057  0.0000E+00  0.6600E+02
    -11.038  0.0000E+00  0.6600E+02
    -11.020  0.0000E+00  0.6600E+02
    -11.002  0.0000E+00  0.6600E+02
    -10.983  0.0000E+00  0.6600E+02
    -10.965  0.0000E+00  0.6600E+02
    -10.947  0.0000E+00  0.6600E+02
    -10.928  0.0000E+00  0.6600E+02
    -10.910  0.0000E+00  0.6600E+02
    -10.892  0.0000E+00  0.6600E+02
    -10.873  0.0000E+00  0.6600E+02
    -10.855  0.0000E+00  0.6600E+02
    -10.837  0.0000E+00  0.6600E+02
    -10.818  0.0000E+00  0.6600E+02
    -10.800  0.0000E+00  0.6600E+02
    -10.782  0.0000E+00  0.6600E+02
    -10.763  0.0000E+00  0.6600E+02
    -10.745  0.0000E+00  0.6600E+02
    -10.727  0.0000E+00  0.6600E+02
    -10.708  0.0000E+00  0.6600E+02
    -10.690  0.0000E+00  0.6600E+02
    -10.672  0.0000E+00  0.6600E+02
    -10.653  0.0000E+00  0.6600E+02
    -10.635  0.0000E+00  0.6600E+02
    -10.617  0.0000E+00  0.6600E+02
    -10.598  0.0000E+00  0.6600E+02
    -10.580  0.0000E+00  0.6600E+02
    -10.562  0.0000E+00  0.6600E+02
    -10.543  0.0000E+00  0.6600E+02
    -10.525  0.0000E+00  0.6600E+02
    -10.507  0.0000E+00  0.6600E+02
    -10.488  0.0000E+00  0.6600E+02
    -10.470  0.0000E+00  0.6600E+02
    -10.452  0.0000E+00  0.6600E+02
    -10.433  0.0000E+00  0.6600E+02
    -10.415  0.0000E+00  0.6600E+02
    -10.397  0.0000E+00  0.6600E+02
    -10.378  0.0000E+00  0.6600E+02
    -10.360  0.0000E+00  0.6600E+02
    -10.342  0.0000E+00  0.6600E+02
    -10.323  0.0000E+00  0.6600E+02
    -10.305  0.0000E+00  0.6600E+02
    -10.287  0.0000E+00  0.6600E+02
    -10.268  0.0000E+00  0.6600E+02
    -10.250  0.0000E+00  0.6600E+02
    -10.232  0.0000E+00  0.6600E+02
    -10.213  0.0000E+00  0.6600E+02
    -10.195  0.0000E+00  0.6600E+02
    -10.177  0.0000E+00  0.6600E+02
    -10.158  0.0000E+00  0.6600E+02
    -10.140  0.0000E+00  0.6600E+02
    -10.122  0.0000E+00  0.6600E+02
    -10.103  0.0000E+00  0.6600E+02
    -10.085  0.0000E+00  0.6600E+02
    -10.067  0.0000E+00  0.6600E+02
    -10.048  0.0000E+00  0.6600E+02
    -10.030  0.0000E+00  0.6600E+02
    -10.012  0.0000E+00  0.6600E+02
     -9.993  0.0000E+00  0.6600E+02
     -9.975  0.0000E+00  0.6600E+02
     -9.957  0.0000E+00  0.6600E+02
     -9.938  0.0000E+00  0.6600E+02
     -9.920  0.0000E+00  0.6600E+02
     -9.902  0.0000E+00  0.6600E+02
     -9.883  0.0000E+00  0.6600E+02
     -9.865  0.0000E+00  0.6600E+02
     -9.847  0.0000E+00  0.6600E+02
     -9.828  0.0000E+00  0.6600E+02
     -9.810  0.0000E+00  0.6600E+02
     -9.792  0.0000E+00  0.6600E+02
     -9.773  0.0000E+00  0.6600E+02
     -9.755  0.0000E+00  0.6600E+02
     -9.737  0.0000E+00  0.6600E+02
     -9.718  0.0000E+00  0.6600E+02
     -9.700  0.0000E+00  0.6600E+02
     -9.682  0.0000E+00  0.6600E+02
     -9.663  0.0000E+00  0.6600E+02
     -9.645  0.0000E+00  0.6600E+02
     -9.627  0.0000E+00  0.6600E+02
     -9.608  0.0000E+00  0.6600E+02
     -9.590  0.0000E+00  0.6600E+02
     -9.572  0.0000E+00  0.6600E+02
     -9.553  0.0000E+00  0.6600E+02
     -9.535  0.0000E+00  0.6600E+02
     -9.517  0.0000E+00  0.6600E+02
     -9.498  0.0000E+00  0.6600E+02
     -9.480  0.0000E+00  0.6600E+02
     -9.462  0.0000E+00  0.6600E+02
     -9.443  0.0000E+00  0.6600E+02
     -9.425  0.0000E+00  0.6600E+02
     -9.407  0.0000E+00  0.6600E+02
     -9.388  0.0000E+00  0.6600E+02
     -9.370  0.0000E+00  0.6600E+02
     -9.352  0.0000E+00  0.6600E+02
     -9.333  0.0000E+00  0.6600E+02
     -9.315  0.0000E+00  0.6600E+02
     -9.297  0.0000E+00  0.6600E+02
     -9.278  0.0000E+00  0.6600E+02
     -9.260  0.0000E+00  0.6600E+02
     -9.241  0.0000E+00  0.6600E+02
     -9.223  0.0000E+00  0.6600E+02
     -9.205  0.0000E+00  0.6600E+02
     -9.186  0.0000E+00  0.6600E+02
     -9.168  0.0000E+00  0.6600E+02
     -9.150  0.0000E+00  0.6600E+02
     -9.131  0.0000E+00  0.6600E+02
     -9.113  0.0000E+00  0.6600E+02
     -9.095  0.0000E+00  0.6600E+02
     -9.076  0.0000E+00  0.6600E+02
     -9.058  0.0000E+00  0.6600E+02
     -9.040  0.0000E+00  0.6600E+02
     -9.021  0.0000E+00  0.6600E+02
     -9.003  0.0000E+00  0.6600E+02
     -8.985  0.0000E+00  0.6600E+02
     -8.966  0.0000E+00  0.6600E+02
     -8.948  0.0000E+00  0.6600E+02
     -8.930  0.0000E+00  0.6600E+02
     -8.911  0.0000E+00  0.6600E+02
     -8.893  0.0000E+00  0.6600E+02
     -8.875  0.0000E+00  0.6600E+02
     -8.856  0.0000E+00  0.6600E+02
     -8.838  0.0000E+00  0.6600E+02
     -8.820  0.0000E+00  0.6600E+02
     -8.801  0.0000E+00  0.6600E+02
     -8.783  0.0000E+00  0.6600E+02
     -8.765  0.0000E+00  0.6600E+02
     -8.746  0.0000E+00  0.6600E+02
     -8.728  0.0000E+00  0.6600E+02
     -8.710  0.0000E+00  0.6600E+02
     -8.691  0.0000E+00  0.6600E+02
     -8.673  0.0000E+00  0.6600E+02
     -8.655  0.0000E+00  0.6600E+02
     -8.636  0.0000E+00  0.6600E+02
     -8.618  0.0000E+00  0.6600E+02
     -8.600  0.0000E+00  0.6600E+02
     -8.581  0.0000E+00  0.6600E+02
     -8.563  0.0000E+00  0.6600E+02
     -8.545  0.0000E+00  0.6600E+02
     -8.526  0.0000E+00  0.6600E+02
     -8.508  0.0000E+00  0.6600E+02
     -8.490  0.0000E+00  0.6600E+02
     -8.471  0.0000E+00  0.6600E+02
     -8.453  0.0000E+00  0.6600E+02
     -8.435  0.0000E+00  0.6600E+02
     -8.416  0.0000E+00  0.6600E+02
     -8.398  0.0000E+00  0.6600E+02
     -8.380  0.0000E+00  0.6600E+02
     -8.361  0.0000E+00  0.6600E+02
     -8.343  0.0000E+00  0.6600E+02
     -8.325  0.0000E+00  0.6600E+02
     -8.306  0.0000E+00  0.6600E+02
     -8.288  0.0000E+00  0.6600E+02
     -8.270  0.0000E+00  0.6600E+02
     -8.251  0.0000E+00  0.6600E+02
     -8.233  0.0000E+00  0.6600E+02
     -8.215  0.0000E+00  0.6600E+02
     -8.196  0.0000E+00  0.6600E+02
     -8.178  0.0000E+00  0.6600E+02
     -8.160  0.0000E+00  0.6600E+02
     -8.141  0.0000E+00  0.6600E+02
     -8.123  0.0000E+00  0.6600E+02
     -8.105  0.0000E+00  0.6600E+02
     -8.086  0.0000E+00  0.6600E+02
     -8.068  0.0000E+00  0.6600E+02
     -8.050  0.0000E+00  0.6600E+02
     -8.031  0.0000E+00  0.6600E+02
     -8.013  0.0000E+00  0.6600E+02
     -7.995  0.0000E+00  0.6600E+02
     -7.976  0.0000E+00  0.6600E+02
     -7.958  0.0000E+00  0.6600E+02
     -7.940  0.0000E+00  0.6600E+02
     -7.921  0.0000E+00  0.6600E+02
     -7.903  0.0000E+00  0.6600E+02
     -7.885  0.0000E+00  0.6600E+02
     -7.866  0.0000E+00  0.6600E+02
     -7.848  0.0000E+00  0.6600E+02
     -7.830  0.0000E+00  0.6600E+02
     -7.811  0.0000E+00  0.6600E+02
     -7.793  0.0000E+00  0.6600E+02
     -7.775  0.0000E+00  0.6600E+02
     -7.756  0.0000E+00  0.6600E+02
     -7.738  0.0000E+00  0.6600E+02
     -7.720  0.0000E+00  0.6600E+02
     -7.701  0.0000E+00  0.6600E+02
     -7.683  0.0000E+00  0.6600E+02
     -7.665  0.0000E+00  0.6600E+02
     -7.646  0.0000E+00  0.6600E+02
     -7.628  0.0000E+00  0.6600E+02
     -7.610  0.0000E+00  0.6600E+02
     -7.591  0.0000E+00  0.6600E+02
     -7.573  0.0000E+00  0.6600E+02
     -7.555  0.0000E+00  0.6600E+02
     -7.536  0.0000E+00  0.6600E+02
     -7.518  0.0000E+00  0.6600E+02
     -7.500  0.0000E+00  0.6600E+02
     -7.481  0.0000E+00  0.6600E+02
     -7.463  0.0000E+00  0.6600E+02
     -7.445  0.0000E+00  0.6600E+02
     -7.426  0.0000E+00  0.6600E+02
     -7.408  0.0000E+00  0.6600E+02
     -7.390  0.0000E+00  0.6600E+02
     -7.371  0.0000E+00  0.6600E+02
     -7.353  0.0000E+00  0.6600E+02
     -7.334  0.0000E+00  0.6600E+02
     -7.316  0.0000E+00  0.6600E+02
     -7.298  0.0000E+00  0.6600E+02
     -7.279  0.0000E+00  0.6600E+02
     -7.261  0.0000E+00  0.6600E+02
     -7.243  0.0000E+00  0.6600E+02
     -7.224  0.0000E+00  0.6600E+02
     -7.206  0.0000E+00  0.6600E+02
     -7.188  0.0000E+00  0.6600E+02
     -7.169  0.0000E+00  0.6600E+02
     -7.151  0.0000E+00  0.6600E+02
     -7.133  0.0000E+00  0.6600E+02
     -7.114  0.0000E+00  0.6600E+02
     -7.096  0.0000E+00  0.6600E+02
     -7.078  0.0000E+00  0.6600E+02
     -7.059  0.0000E+00  0.6600E+02
     -7.041  0.0000E+00  0.6600E+02
     -7.023  0.0000E+00  0.6600E+02
     -7.004  0.0000E+00  0.6600E+02
     -6.986  0.0000E+00  0.6600E+02
     -6.968  0.0000E+00  0.6600E+02
     -6.949  0.0000E+00  0.6600E+02
     -6.931  0.0000E+00  0.6600E+02
     -6.913  0.0000E+00  0.6600E+02
     -6.894  0.0000E+00  0.6600E+02
     -6.876  0.0000E+00  0.6600E+02
     -6.858  0.0000E+00  0.6600E+02
     -6.839  0.0000E+00  0.6600E+02
     -6.821  0.0000E+00  0.6600E+02
     -6.803  0.0000E+00  0.6600E+02
     -6.784  0.0000E+00  0.6600E+02
     -6.766  0.0000E+00  0.6600E+02
     -6.748  0.0000E+00  0.6600E+02
     -6.729  0.0000E+00  0.6600E+02
     -6.711  0.0000E+00  0.6600E+02
     -6.693  0.0000E+00  0.6600E+02
     -6.674  0.0000E+00  0.6600E+02
     -6.656  0.0000E+00  0.6600E+02
     -6.638  0.0000E+00  0.6600E+02
     -6.619  0.0000E+00  0.6600E+02
     -6.601  0.0000E+00  0.6600E+02
     -6.583  0.0000E+00  0.6600E+02
     -6.564  0.0000E+00  0.6600E+02
     -6.546  0.0000E+00  0.6600E+02
     -6.528  0.0000E+00  0.6600E+02
     -6.509  0.0000E+00  0.6600E+02
     -6.491  0.0000E+00  0.6600E+02
     -6.473  0.0000E+00  0.6600E+02
     -6.454  0.0000E+00  0.6600E+02
     -6.436  0.0000E+00  0.6600E+02
     -6.418  0.0000E+00  0.6600E+02
     -6.399  0.0000E+00  0.6600E+02
     -6.381  0.0000E+00  0.6600E+02
     -6.363  0.0000E+00  0.6600E+02
     -6.344  0.0000E+00  0.6600E+02
     -6.326  0.0000E+00  0.6600E+02
     -6.308  0.0000E+00  0.6600E+02
     -6.289  0.0000E+00  0.6600E+02
     -6.271  0.0000E+00  0.6600E+02
     -6.253  0.0000E+00  0.6600E+02
     -6.234  0.0000E+00  0.6600E+02
     -6.216  0.0000E+00  0.6600E+02
     -6.198  0.0000E+00  0.6600E+02
     -6.179  0.0000E+00  0.6600E+02
     -6.161  0.0000E+00  0.6600E+02
     -6.143  0.0000E+00  0.6600E+02
     -6.124  0.0000E+00  0.6600E+02
     -6.106  0.0000E+00  0.6600E+02
     -6.088  0.0000E+00  0.6600E+02
     -6.069  0.0000E+00  0.6600E+02
     -6.051  0.0000E+00  0.6600E+02
     -6.033  0.0000E+00  0.6600E+02
     -6.014  0.0000E+00  0.6600E+02
     -5.996  0.0000E+00  0.6600E+02
     -5.978  0.0000E+00  0.6600E+02
     -5.959  0.0000E+00  0.6600E+02
     -5.941  0.0000E+00  0.6600E+02
     -5.923  0.0000E+00  0.6600E+02
     -5.904  0.0000E+00  0.6600E+02
     -5.886  0.0000E+00  0.6600E+02
     -5.868  0.0000E+00  0.6600E+02
     -5.849  0.0000E+00  0.6600E+02
     -5.831  0.0000E+00  0.6600E+02
     -5.813  0.0000E+00  0.6600E+02
     -5.794  0.0000E+00  0.6600E+02
     -5.776  0.0000E+00  0.6600E+02
     -5.758  0.0000E+00  0.6600E+02
     -5.739  0.0000E+00  0.6600E+02
     -5.721  0.0000E+00  0.6600E+02
     -5.703  0.0000E+00  0.6600E+02
     -5.684  0.0000E+00  0.6600E+02
     -5.666  0.0000E+00  0.6600E+02
     -5.648  0.0000E+00  0.6600E+02
     -5.629  0.0000E+00  0.6600E+02
     -5.611  0.0000E+00  0.6600E+02
     -5.593  0.0000E+00  0.6600E+02
     -5.574  0.0000E+00  0.6600E+02
     -5.556  0.0000E+00  0.6600E+02
     -5.538  0.0000E+00  0.6600E+02
     -5.519  0.0000E+00  0.6600E+02
     -5.501  0.0000E+00  0.6600E+02
     -5.483  0.0000E+00  0.6600E+02
     -5.464  0.0000E+00  0.6600E+02
     -5.446  0.0000E+00  0.6600E+02
     -5.427  0.0000E+00  0.6600E+02
     -5.409  0.0000E+00  0.6600E+02
     -5.391  0.0000E+00  0.6600E+02
     -5.372  0.0000E+00  0.6600E+02
     -5.354  0.0000E+00  0.6600E+02
     -5.336  0.0000E+00  0.6600E+02
     -5.317  0.0000E+00  0.6600E+02
     -5.299  0.0000E+00  0.6600E+02
     -5.281  0.0000E+00  0.6600E+02
     -5.262  0.0000E+00  0.6600E+02
     -5.244  0.0000E+00  0.6600E+02
     -5.226  0.0000E+00  0.6600E+02
     -5.207  0.0000E+00  0.6600E+02
     -5.189  0.0000E+00  0.6600E+02
     -5.171  0.0000E+00  0.6600E+02
     -5.152  0.0000E+00  0.6600E+02
     -5.134  0.0000E+00  0.6600E+02
     -5.116  0.0000E+00  0.6600E+02
     -5.097  0.0000E+00  0.6600E+02
     -5.079  0.0000E+00  0.6600E+02
     -5.061  0.0000E+00  0.6600E+02
     -5.042  0.0000E+00  0.6600E+02
     -5.024  0.0000E+00  0.6600E+02
     -5.006  0.0000E+00  0.6600E+02
     -4.987  0.0000E+00  0.6600E+02
     -4.969  0.0000E+00  0.6600E+02
     -4.951  0.0000E+00  0.6600E+02
     -4.932  0.0000E+00  0.6600E+02
     -4.914  0.0000E+00  0.6600E+02
     -4.896  0.0000E+00  0.6600E+02
     -4.877  0.0000E+00  0.6600E+02
     -4.859  0.0000E+00  0.6600E+02
     -4.841  0.0000E+00  0.6600E+02
     -4.822  0.0000E+00  0.6600E+02
     -4.804  0.0000E+00  0.6600E+02
     -4.786  0.0000E+00  0.6600E+02
     -4.767  0.0000E+00  0.6600E+02
     -4.749  0.0000E+00  0.6600E+02
     -4.731  0.0000E+00  0.6600E+02
     -4.712  0.0000E+00  0.6600E+02
     -4.694  0.0000E+00  0.6600E+02
     -4.676  0.0000E+00  0.6600E+02
     -4.657  0.0000E+00  0.6600E+02
     -4.639  0.0000E+00  0.6600E+02
     -4.621  0.0000E+00  0.6600E+02
     -4.602  0.0000E+00  0.6600E+02
     -4.584  0.0000E+00  0.6600E+02
     -4.566  0.0000E+00  0.6600E+02
     -4.547  0.0000E+00  0.6600E+02
     -4.529  0.0000E+00  0.6600E+02
     -4.511  0.0000E+00  0.6600E+02
     -4.492  0.0000E+00  0.6600E+02
     -4.474  0.0000E+00  0.6600E+02
     -4.456  0.0000E+00  0.6600E+02
     -4.437  0.0000E+00  0.6600E+02
     -4.419  0.0000E+00  0.6600E+02
     -4.401  0.0000E+00  0.6600E+02
     -4.382  0.0000E+00  0.6600E+02
     -4.364  0.0000E+00  0.6600E+02
     -4.346  0.0000E+00  0.6600E+02
     -4.327  0.0000E+00  0.6600E+02
     -4.309  0.0000E+00  0.6600E+02
     -4.291  0.0000E+00  0.6600E+02
     -4.272  0.0000E+00  0.6600E+02
     -4.254  0.0000E+00  0.6600E+02
     -4.236  0.0000E+00  0.6600E+02
     -4.217  0.0000E+00  0.6600E+02
     -4.199  0.0000E+00  0.6600E+02
     -4.181  0.0000E+00  0.6600E+02
     -4.162  0.0000E+00  0.6600E+02
     -4.144  0.0000E+00  0.6600E+02
     -4.126  0.0000E+00  0.6600E+02
     -4.107  0.0000E+00  0.6600E+02
     -4.089  0.0000E+00  0.6600E+02
     -4.071  0.0000E+00  0.6600E+02
     -4.052  0.0000E+00  0.6600E+02
     -4.034  0.0000E+00  0.6600E+02
     -4.016  0.0000E+00  0.6600E+02
     -3.997  0.0000E+00  0.6600E+02
     -3.979  0.0000E+00  0.6600E+02
     -3.961  0.0000E+00  0.6600E+02
     -3.942  0.0000E+00  0.6600E+02
     -3.924  0.0000E+00  0.6600E+02
     -3.906  0.0000E+00  0.6600E+02
     -3.887  0.0000E+00  0.6600E+02
     -3.869  0.0000E+00  0.6600E+02
     -3.851  0.0000E+00  0.6600E+02
     -3.832  0.0000E+00  0.6600E+02
     -3.814  0.0000E+00  0.6600E+02
     -3.796  0.0000E+00  0.6600E+02
     -3.777  0.0000E+00  0.6600E+02
     -3.759  0.0000E+00  0.6600E+02
     -3.741  0.0000E+00  0.6600E+02
     -3.722  0.0000E+00  0.6600E+02
     -3.704  0.0000E+00  0.6600E+02
     -3.686  0.0000E+00  0.6600E+02
     -3.667  0.0000E+00  0.6600E+02
     -3.649  0.0000E+00  0.6600E+02
     -3.631  0.0000E+00  0.6600E+02
     -3.612  0.0000E+00  0.6600E+02
     -3.594  0.0000E+00  0.6600E+02
     -3.576  0.0000E+00  0.6600E+02
     -3.557  0.0000E+00  0.6600E+02
     -3.539  0.0000E+00  0.6600E+02
     -3.520  0.0000E+00  0.6600E+02
     -3.502  0.0000E+00  0.6600E+02
     -3.484  0.0000E+00  0.6600E+02
     -3.465  0.0000E+00  0.6600E+02
     -3.447  0.0000E+00  0.6600E+02
     -3.429  0.0000E+00  0.6600E+02
     -3.410  0.0000E+00  0.6600E+02
     -3.392  0.0000E+00  0.6600E+02
     -3.374  0.0000E+00  0.6600E+02
     -3.355  0.0000E+00  0.6600E+02
     -3.337  0.0000E+00  0.6600E+02
     -3.319  0.0000E+00  0.6600E+02
     -3.300  0.0000E+00  0.6600E+02
     -3.282  0.0000E+00  0.6600E+02
     -3.264  0.0000E+00  0.6600E+02
     -3.245  0.0000E+00  0.6600E+02
     -3.227  0.0000E+00  0.6600E+02
     -3.209  0.0000E+00  0.6600E+02
     -3.190  0.0000E+00  0.6600E+02
     -3.172  0.0000E+00  0.6600E+02
     -3.154  0.0000E+00  0.6600E+02
     -3.135  0.0000E+00  0.6600E+02
     -3.117  0.0000E+00  0.6600E+02
     -3.099  0.0000E+00  0.6600E+02
     -3.080  0.0000E+00  0.6600E+02
     -3.062  0.0000E+00  0.6600E+02
     -3.044  0.0000E+00  0.6600E+02
     -3.025  0.0000E+00  0.6600E+02
     -3.007  0.0000E+00  0.6600E+02
     -2.989  0.0000E+00  0.6600E+02
     -2.970  0.0000E+00  0.6600E+02
     -2.952  0.0000E+00  0.6600E+02
     -2.934  0.0000E+00  0.6600E+02
     -2.915  0.0000E+00  0.6600E+02
     -2.897  0.0000E+00  0.6600E+02
     -2.879  0.0000E+00  0.6600E+02
     -2.860  0.0000E+00  0.6600E+02
     -2.842  0.0000E+00  0.6600E+02
     -2.824  0.0000E+00  0.6600E+02
     -2.805  0.0000E+00  0.6600E+02
     -2.787  0.0000E+00  0.6600E+02
     -2.769  0.0000E+00  0.6600E+02
     -2.750  0.0000E+00  0.6600E+02
     -2.732  0.0000E+00  0.6600E+02
     -2.714  0.0000E+00  0.6600E+02
     -2.695  0.0000E+00  0.6600E+02
     -2.677  0.0000E+00  0.6600E+02
     -2.659  0.0000E+00  0.6600E+02
     -2.640  0.0000E+00  0.6600E+02
     -2.622  0.0000E+00  0.6600E+02
     -2.604  0.0000E+00  0.6600E+02
     -2.585  0.0000E+00  0.6600E+02
     -2.567  0.0000E+00  0.6600E+02
     -2.549  0.0000E+00  0.6600E+02
     -2.530  0.0000E+00  0.6600E+02
     -2.512  0.0000E+00  0.6600E+02
     -2.494  0.0000E+00  0.6600E+02
     -2.475  0.0000E+00  0.6600E+02
     -2.457  0.0000E+00  0.6600E+02
     -2.439  0.0000E+00  0.6600E+02
     -2.420  0.0000E+00  0.6600E+02
     -2.402  0.0000E+00  0.6600E+02
     -2.384  0.0000E+00  0.6600E+02
     -2.365  0.0000E+00  0.6600E+02
     -2.347  0.0000E+00  0.6600E+02
     -2.329  0.0000E+00  0.6600E+02
     -2.310  0.0000E+00  0.6600E+02
     -2.292  0.0000E+00  0.6600E+02
     -2.274  0.0000E+00  0.6600E+02
     -2.255  0.0000E+00  0.6600E+02
     -2.237  0.0000E+00  0.6600E+02
     -2.219  0.0000E+00  0.6600E+02
     -2.200  0.0000E+00  0.6600E+02
     -2.182  0.0000E+00  0.6600E+02
     -2.164  0.0000E+00  0.6600E+02
     -2.145  0.0000E+00  0.6600E+02
     -2.127  0.0000E+00  0.6600E+02
     -2.109  0.0000E+00  0.6600E+02
     -2.090  0.0000E+00  0.6600E+02
     -2.072  0.0000E+00  0.6600E+02
     -2.054  0.0000E+00  0.6600E+02
     -2.035  0.0000E+00  0.6600E+02
     -2.017  0.0000E+00  0.6600E+02
     -1.999  0.0000E+00  0.6600E+02
     -1.980  0.0000E+00  0.6600E+02
     -1.962  0.0000E+00  0.6600E+02
     -1.944  0.0000E+00  0.6600E+02
     -1.925  0.0000E+00  0.6600E+02
     -1.907  0.0000E+00  0.6600E+02
     -1.889  0.0000E+00  0.6600E+02
     -1.870  0.0000E+00  0.6600E+02
     -1.852  0.0000E+00  0.6600E+02
     -1.834  0.0000E+00  0.6600E+02
     -1.815  0.0000E+00  0.6600E+02
     -1.797  0.0000E+00  0.6600E+02
     -1.779  0.0000E+00  0.6600E+02
     -1.760  0.0000E+00  0.6600E+02
     -1.742  0.0000E+00  0.6600E+02
     -1.724  0.0000E+00  0.6600E+02
     -1.705  0.0000E+00  0.6600E+02
     -1.687  0.0000E+00  0.6600E+02
     -1.669  0.0000E+00  0.6600E+02
     -1.650  0.0000E+00  0.6600E+02
     -1.632  0.0000E+00  0.6600E+02
     -1.613  0.0000E+00  0.6600E+02
     -1.595  0.0000E+00  0.6600E+02
     -1.577  0.0000E+00  0.6600E+02
     -1.558  0.0000E+00  0.6600E+02
     -1.540  0.0000E+00  0.6600E+02
     -1.522  0.0000E+00  0.6600E+02
     -1.503  0.0000E+00  0.6600E+02
     -1.485  0.0000E+00  0.6600E+02
     -1.467  0.0000E+00  0.6600E+02
     -1.448  0.0000E+00  0.6600E+02
     -1.430  0.6578E-03  0.6600E+02
     -1.412  0.3499E-01  0.6600E+02
     -1.393  0.1246E+00  0.6600E+02
     -1.375  0.2694E+00  0.6601E+02
     -1.357  0.4696E+00  0.6601E+02
     -1.338  0.7250E+00  0.6602E+02
     -1.320  0.1036E+01  0.6604E+02
     -1.302  0.1402E+01  0.6606E+02
     -1.283  0.1823E+01  0.6609E+02
     -1.265  0.2299E+01  0.6613E+02
     -1.247  0.2831E+01  0.6618E+02
     -1.228  0.3418E+01  0.6623E+02
     -1.210  0.4060E+01  0.6630E+02
     -1.192  0.4758E+01  0.6638E+02
     -1.173  0.5527E+01  0.6648E+02
     -1.155  0.6426E+01  0.6659E+02
     -1.137  0.7460E+01  0.6671E+02
     -1.118  0.8630E+01  0.6686E+02
     -1.100  0.9934E+01  0.6703E+02
     -1.082  0.1137E+02  0.6722E+02
     -1.063  0.1295E+02  0.6745E+02
     -1.045  0.1468E+02  0.6770E+02
     -1.027  0.1864E+02  0.6799E+02
     -1.008  0.3545E+02  0.6850E+02
     -0.990  0.4544E+02  0.6925E+02
     -0.972  0.2647E+02  0.6993E+02
     -0.953  0.2753E+02  0.7039E+02
     -0.935  0.3546E+02  0.7096E+02
     -0.917  0.4669E+02  0.7172E+02
     -0.898  0.5454E+02  0.7267E+02
     -0.880  0.5656E+02  0.7369E+02
     -0.862  0.5608E+02  0.7472E+02
     -0.843  0.5191E+02  0.7572E+02
     -0.825  0.4598E+02  0.7662E+02
     -0.807  0.4067E+02  0.7741E+02
     -0.788  0.3632E+02  0.7811E+02
     -0.770  0.3261E+02  0.7875E+02
     -0.752  0.2807E+02  0.7930E+02
     -0.733  0.2411E+02  0.7978E+02
     -0.715  0.2086E+02  0.8019E+02
     -0.697  0.1832E+02  0.8055E+02
     -0.678  0.1794E+02  0.8087E+02
     -0.660  0.4182E+02  0.8136E+02
     -0.642  0.4560E+02  0.8228E+02
     -0.623  0.1123E+02  0.8273E+02
     -0.605  0.2875E+02  0.8301E+02
     -0.587  0.5090E+02  0.8377E+02
     -0.568  0.5306E+02  0.8476E+02
     -0.550  0.5096E+02  0.8567E+02
     -0.532  0.5977E+02  0.8669E+02
     -0.513  0.6378E+02  0.8783E+02
     -0.495  0.6313E+02  0.8900E+02
     -0.477  0.5792E+02  0.9012E+02
     -0.458  0.6193E+02  0.9114E+02
     -0.440  0.6337E+02  0.9239E+02
     -0.422  0.3818E+02  0.9322E+02
     -0.403  0.3835E+02  0.9392E+02
     -0.385  0.3952E+02  0.9463E+02
     -0.367  0.4464E+02  0.9539E+02
     -0.348  0.5033E+02  0.9627E+02
     -0.330  0.5354E+02  0.9722E+02
     -0.312  0.5424E+02  0.9821E+02
     -0.293  0.5454E+02  0.9921E+02
     -0.275  0.5622E+02  0.1002E+03
     -0.257  0.5752E+02  0.1013E+03
     -0.238  0.5892E+02  0.1023E+03
     -0.220  0.6016E+02  0.1034E+03
     -0.202  0.6081E+02  0.1045E+03
     -0.183  0.6079E+02  0.1057E+03
     -0.165  0.5149E+02  0.1067E+03
     -0.147  0.4701E+02  0.1076E+03
     -0.128  0.4022E+02  0.1084E+03
     -0.110  0.3655E+02  0.1091E+03
     -0.092  0.3511E+02  0.1098E+03
     -0.073  0.2781E+02  0.1103E+03
     -0.055  0.2667E+02  0.1108E+03
     -0.037  0.2577E+02  0.1113E+03
     -0.018  0.2506E+02  0.1118E+03
      0.000  0.2454E+02  0.1122E+03
      0.018  0.2420E+02  0.1127E+03
      0.037  0.2405E+02  0.1131E+03
      0.055  0.2408E+02  0.1136E+03
      0.073  0.2415E+02  0.1140E+03
      0.092  0.2420E+02  0.1144E+03
      0.110  0.2422E+02  0.1149E+03
      0.128  0.2407E+02  0.1153E+03
      0.147  0.2329E+02  0.1158E+03
      0.165  0.2230E+02  0.1162E+03
      0.183  0.2115E+02  0.1166E+03
      0.202  0.2006E+02  0.1170E+03
      0.220  0.1951E+02  0.1173E+03
      0.238  0.1950E+02  0.1177E+03
      0.257  0.1824E+02  0.1180E+03
      0.275  0.1666E+02  0.1183E+03
      0.294  0.1529E+02  0.1186E+03
      0.312  0.1468E+02  0.1189E+03
      0.330  0.4397E+02  0.1193E+03
      0.349  0.3403E+02  0.1202E+03
      0.367  0.1608E+02  0.1206E+03
      0.385  0.1122E+02  0.1208E+03
      0.404  0.2125E+02  0.1211E+03
      0.422  0.4764E+02  0.1217E+03
      0.440  0.4325E+02  0.1227E+03
      0.459  0.4230E+02  0.1234E+03
      0.477  0.4099E+02  0.1242E+03
      0.495  0.2611E+02  0.1248E+03
      0.514  0.2376E+02  0.1252E+03
      0.532  0.2226E+02  0.1257E+03
      0.550  0.2084E+02  0.1260E+03
      0.569  0.1953E+02  0.1264E+03
      0.587  0.1929E+02  0.1268E+03
      0.605  0.2001E+02  0.1271E+03
      0.624  0.2073E+02  0.1275E+03
      0.642  0.2140E+02  0.1279E+03
      0.660  0.2201E+02  0.1283E+03
      0.679  0.2254E+02  0.1287E+03
      0.697  0.2300E+02  0.1291E+03
      0.715  0.2328E+02  0.1295E+03
      0.734  0.2112E+02  0.1299E+03
      0.752  0.2066E+02  0.1303E+03
      0.770  0.2152E+02  0.1307E+03
      0.789  0.2258E+02  0.1311E+03
      0.807  0.2338E+02  0.1315E+03
      0.825  0.2394E+02  0.1320E+03
      0.844  0.2427E+02  0.1324E+03
      0.862  0.2438E+02  0.1329E+03
      0.880  0.2428E+02  0.1333E+03
      0.899  0.2391E+02  0.1337E+03
      0.917  0.2322E+02  0.1342E+03
      0.935  0.2218E+02  0.1346E+03
      0.954  0.2080E+02  0.1350E+03
      0.972  0.1979E+02  0.1354E+03
      0.990  0.1950E+02  0.1357E+03
      1.009  0.1935E+02  0.1361E+03
      1.027  0.1926E+02  0.1364E+03
      1.045  0.1923E+02  0.1368E+03
      1.064  0.1923E+02  0.1371E+03
      1.082  0.1912E+02  0.1375E+03
      1.100  0.1898E+02  0.1378E+03
      1.119  0.1882E+02  0.1382E+03
      1.137  0.1868E+02  0.1385E+03
      1.155  0.1854E+02  0.1389E+03
      1.174  0.1872E+02  0.1392E+03
      1.192  0.2016E+02  0.1396E+03
      1.210  0.2195E+02  0.1400E+03
      1.229  0.2405E+02  0.1404E+03
      1.247  0.2606E+02  0.1408E+03
      1.265  0.2784E+02  0.1413E+03
      1.284  0.2946E+02  0.1419E+03
      1.302  0.3133E+02  0.1424E+03
      1.320  0.3443E+02  0.1430E+03
      1.339  0.3635E+02  0.1437E+03
      1.357  0.3799E+02  0.1443E+03
      1.375  0.3842E+02  0.1451E+03
      1.394  0.3663E+02  0.1457E+03
      1.412  0.3445E+02  0.1464E+03
      1.430  0.2626E+02  0.1470E+03
      1.449  0.2564E+02  0.1474E+03
      1.467  0.3091E+02  0.1479E+03
      1.485  0.3657E+02  0.1485E+03
      1.504  0.4491E+02  0.1493E+03
      1.522  0.5140E+02  0.1502E+03
      1.540  0.5440E+02  0.1512E+03
      1.559  0.5383E+02  0.1522E+03
      1.577  0.4933E+02  0.1531E+03
      1.595  0.4086E+02  0.1539E+03
      1.614  0.2964E+02  0.1546E+03
      1.632  0.3263E+02  0.1551E+03
      1.650  0.3654E+02  0.1558E+03
      1.669  0.4003E+02  0.1565E+03
      1.687  0.4323E+02  0.1572E+03
      1.705  0.4614E+02  0.1581E+03
      1.724  0.4846E+02  0.1589E+03
      1.742  0.5014E+02  0.1598E+03
      1.760  0.5126E+02  0.1608E+03
      1.779  0.5182E+02  0.1617E+03
      1.797  0.5181E+02  0.1627E+03
      1.815  0.5124E+02  0.1636E+03
      1.834  0.4944E+02  0.1645E+03
      1.852  0.4681E+02  0.1654E+03
      1.870  0.4447E+02  0.1663E+03
      1.889  0.4207E+02  0.1670E+03
      1.907  0.4010E+02  0.1678E+03
      1.925  0.3909E+02  0.1685E+03
      1.944  0.3782E+02  0.1692E+03
      1.962  0.3643E+02  0.1699E+03
      1.980  0.3547E+02  0.1706E+03
      1.999  0.3449E+02  0.1712E+03
      2.017  0.3346E+02  0.1718E+03
      2.035  0.3340E+02  0.1724E+03
      2.054  0.3427E+02  0.1731E+03
      2.072  0.3478E+02  0.1737E+03
      2.090  0.3483E+02  0.1743E+03
      2.109  0.3525E+02  0.1750E+03
      2.127  0.3704E+02  0.1756E+03
      2.145  0.4670E+02  0.1764E+03
      2.164  0.8214E+02  0.1776E+03
      2.182  0.9568E+02  0.1792E+03
      2.201  0.8380E+02  0.1809E+03
      2.219  0.5683E+02  0.1822E+03
      2.237  0.2891E+02  0.1829E+03
      2.256  0.4792E+02  0.1836E+03
      2.274  0.9807E+02  0.1850E+03
      2.292  0.1033E+03  0.1869E+03
      2.311  0.8732E+02  0.1886E+03
      2.329  0.8689E+02  0.1902E+03
      2.347  0.8647E+02  0.1918E+03
      2.366  0.8770E+02  0.1934E+03
      2.384  0.1044E+03  0.1951E+03
      2.402  0.1245E+03  0.1972E+03
      2.421  0.1153E+03  0.1995E+03
      2.439  0.9100E+02  0.2013E+03
      2.457  0.8965E+02  0.2030E+03
      2.476  0.8307E+02  0.2045E+03
      2.494  0.8631E+02  0.2061E+03
      2.512  0.8587E+02  0.2077E+03
      2.531  0.7784E+02  0.2092E+03
      2.549  0.7755E+02  0.2106E+03
      2.567  0.8650E+02  0.2121E+03
      2.586  0.6823E+02  0.2136E+03
      2.604  0.4402E+02  0.2145E+03
      2.622  0.4160E+02  0.2153E+03
      2.641  0.4077E+02  0.2161E+03
      2.659  0.4148E+02  0.2168E+03
      2.677  0.4357E+02  0.2176E+03
      2.696  0.4733E+02  0.2184E+03
      2.714  0.5174E+02  0.2194E+03
      2.732  0.5902E+02  0.2204E+03
      2.751  0.7249E+02  0.2216E+03
      2.769  0.8529E+02  0.2230E+03
      2.787  0.8905E+02  0.2246E+03
      2.806  0.8986E+02  0.2263E+03
      2.824  0.9284E+02  0.2278E+03
      2.842  0.1366E+03  0.2299E+03
      2.861  0.1007E+03  0.2322E+03
      2.879  0.9572E+02  0.2341E+03
      2.897  0.7429E+02  0.2356E+03
      2.916  0.5931E+02  0.2368E+03
      2.934  0.8676E+02  0.2380E+03
      2.952  0.4543E+02  0.2393E+03
      2.971  0.6133E+02  0.2411E+03
      2.989  0.6485E+02  0.2422E+03
      3.007  0.5445E+02  0.2433E+03
      3.026  0.3813E+02  0.2442E+03
      3.044  0.3025E+02  0.2448E+03
      3.062  0.2583E+02  0.2453E+03
      3.081  0.2711E+02  0.2458E+03
      3.099  0.3553E+02  0.2464E+03
      3.117  0.3908E+02  0.2471E+03
      3.136  0.3715E+02  0.2478E+03
      3.154  0.2975E+02  0.2484E+03
      3.172  0.2285E+02  0.2489E+03
      3.191  0.2054E+02  0.2493E+03
      3.209  0.2049E+02  0.2496E+03
      3.227  0.1123E+02  0.2500E+03
      3.246  0.3022E+02  0.2503E+03
      3.264  0.3322E+02  0.2508E+03
      3.282  0.4124E+02  0.2515E+03
      3.301  0.4148E+02  0.2523E+03
      3.319  0.3379E+02  0.2530E+03
      3.337  0.4957E+02  0.2538E+03
      3.356  0.2877E+02  0.2545E+03
      3.374  0.2591E+02  0.2550E+03
      3.392  0.2351E+02  0.2555E+03
      3.411  0.2144E+02  0.2559E+03
      3.429  0.1969E+02  0.2563E+03
      3.447  0.1827E+02  0.2566E+03
      3.466  0.1719E+02  0.2569E+03
      3.484  0.1656E+02  0.2572E+03
      3.502  0.1486E+02  0.2575E+03
      3.521  0.1145E+02  0.2578E+03
      3.539  0.6191E+01  0.2579E+03
      3.557  0.5468E+00  0.2580E+03
      3.576  0.0000E+00  0.2580E+03
      3.594  0.0000E+00  0.2580E+03
      3.612  0.0000E+00  0.2580E+03
      3.631  0.0000E+00  0.2580E+03
      3.649  0.0000E+00  0.2580E+03
      3.667  0.0000E+00  0.2580E+03
      3.686  0.0000E+00  0.2580E+03
      3.704  0.0000E+00  0.2580E+03
      3.722  0.0000E+00  0.2580E+03
      3.741  0.0000E+00  0.2580E+03
      3.759  0.0000E+00  0.2580E+03
      3.777  0.0000E+00  0.2580E+03
      3.796  0.0000E+00  0.2580E+03
      3.814  0.0000E+00  0.2580E+03
      3.832  0.0000E+00  0.2580E+03
      3.851  0.0000E+00  0.2580E+03
      3.869  0.0000E+00  0.2580E+03
      3.887  0.0000E+00  0.2580E+03
      3.906  0.0000E+00  0.2580E+03
      3.924  0.0000E+00  0.2580E+03
      3.942  0.0000E+00  0.2580E+03
      3.961  0.0000E+00  0.2580E+03
      3.979  0.0000E+00  0.2580E+03
      3.997  0.0000E+00  0.2580E+03
      4.016  0.0000E+00  0.2580E+03
      4.034  0.0000E+00  0.2580E+03
      4.052  0.0000E+00  0.2580E+03
      4.071  0.0000E+00  0.2580E+03
      4.089  0.0000E+00  0.2580E+03
      4.108  0.0000E+00  0.2580E+03
      4.126  0.0000E+00  0.2580E+03
      4.144  0.0000E+00  0.2580E+03
      4.163  0.0000E+00  0.2580E+03
      4.181  0.0000E+00  0.2580E+03
      4.199  0.0000E+00  0.2580E+03
      4.218  0.0000E+00  0.2580E+03
      4.236  0.0000E+00  0.2580E+03
      4.254  0.0000E+00  0.2580E+03
      4.273  0.0000E+00  0.2580E+03
      4.291  0.0000E+00  0.2580E+03
      4.309  0.0000E+00  0.2580E+03
      4.328  0.0000E+00  0.2580E+03
      4.346  0.0000E+00  0.2580E+03
      4.364  0.0000E+00  0.2580E+03
      4.383  0.0000E+00  0.2580E+03
      4.401  0.0000E+00  0.2580E+03
      4.419  0.2789E+01  0.2580E+03
      4.438  0.3056E+02  0.2583E+03
      4.456  0.9428E+02  0.2594E+03
      4.474  0.0000E+00  0.2600E+03
      4.493  0.0000E+00  0.2600E+03
      4.511  0.0000E+00  0.2600E+03
      4.529  0.0000E+00  0.2600E+03
      4.548  0.0000E+00  0.2600E+03
      4.566  0.0000E+00  0.2600E+03
      4.584  0.0000E+00  0.2600E+03
      4.603  0.0000E+00  0.2600E+03
      4.621  0.0000E+00  0.2600E+03
      4.639  0.0000E+00  0.2600E+03
      4.658  0.0000E+00  0.2600E+03
      4.676  0.0000E+00  0.2600E+03
      4.694  0.0000E+00  0.2600E+03
      4.713  0.0000E+00  0.2600E+03
      4.731  0.0000E+00  0.2600E+03
      4.749  0.0000E+00  0.2600E+03
      4.768  0.0000E+00  0.2600E+03
      4.786  0.0000E+00  0.2600E+03
      4.804  0.0000E+00  0.2600E+03
      4.823  0.0000E+00  0.2600E+03
      4.841  0.0000E+00  0.2600E+03
      4.859  0.0000E+00  0.2600E+03
      4.878  0.0000E+00  0.2600E+03
      4.896  0.0000E+00  0.2600E+03
      4.914  0.0000E+00  0.2600E+03
      4.933  0.0000E+00  0.2600E+03
      4.951  0.0000E+00  0.2600E+03
      4.969  0.0000E+00  0.2600E+03
      4.988  0.0000E+00  0.2600E+03
      5.006  0.0000E+00  0.2600E+03
      5.024  0.0000E+00  0.2600E+03
      5.043  0.0000E+00  0.2600E+03
      5.061  0.0000E+00  0.2600E+03
      5.079  0.0000E+00  0.2600E+03
      5.098  0.0000E+00  0.2600E+03
      5.116  0.0000E+00  0.2600E+03
      5.134  0.0000E+00  0.2600E+03
      5.153  0.0000E+00  0.2600E+03
      5.171  0.0000E+00  0.2600E+03
      5.189  0.0000E+00  0.2600E+03
      5.208  0.1301E+01  0.2600E+03
      5.226  0.1345E+02  0.2601E+03
      5.244  0.2857E+02  0.2605E+03
      5.263  0.2966E+02  0.2611E+03
      5.281  0.3074E+02  0.2616E+03
      5.299  0.1170E+01  0.2620E+03
      5.318  0.0000E+00  0.2620E+03
      5.336  0.0000E+00  0.2620E+03
      5.354  0.0000E+00  0.2620E+03
      5.373  0.0000E+00  0.2620E+03
      5.391  0.0000E+00  0.2620E+03
      5.409  0.0000E+00  0.2620E+03
      5.428  0.0000E+00  0.2620E+03
      5.446  0.0000E+00  0.2620E+03
      5.464  0.0000E+00  0.2620E+03
      5.483  0.0000E+00  0.2620E+03
      5.501  0.0000E+00  0.2620E+03
      5.519  0.0000E+00  0.2620E+03
      5.538  0.0000E+00  0.2620E+03
      5.556  0.0000E+00  0.2620E+03
      5.574  0.0000E+00  0.2620E+03
      5.593  0.0000E+00  0.2620E+03
      5.611  0.0000E+00  0.2620E+03
      5.629  0.0000E+00  0.2620E+03
      5.648  0.0000E+00  0.2620E+03
      5.666  0.0000E+00  0.2620E+03
      5.684  0.0000E+00  0.2620E+03
      5.703  0.0000E+00  0.2620E+03
      5.721  0.0000E+00  0.2620E+03
      5.739  0.0000E+00  0.2620E+03
      5.758  0.0000E+00  0.2620E+03
      5.776  0.0000E+00  0.2620E+03
      5.794  0.0000E+00  0.2620E+03
      5.813  0.0000E+00  0.2620E+03
      5.831  0.0000E+00  0.2620E+03
      5.849  0.0000E+00  0.2620E+03
      5.868  0.0000E+00  0.2620E+03
      5.886  0.0000E+00  0.2620E+03
      5.904  0.0000E+00  0.2620E+03
      5.923  0.0000E+00  0.2620E+03
      5.941  0.0000E+00  0.2620E+03
      5.959  0.0000E+00  0.2620E+03
      5.978  0.0000E+00  0.2620E+03
      5.996  0.0000E+00  0.2620E+03
      6.015  0.0000E+00  0.2620E+03
      6.033  0.0000E+00  0.2620E+03
      6.051  0.0000E+00  0.2620E+03
      6.070  0.0000E+00  0.2620E+03
      6.088  0.0000E+00  0.2620E+03
      6.106  0.0000E+00  0.2620E+03
      6.125  0.0000E+00  0.2620E+03
      6.143  0.0000E+00  0.2620E+03
      6.161  0.0000E+00  0.2620E+03
      6.180  0.0000E+00  0.2620E+03
      6.198  0.0000E+00  0.2620E+03
      6.216  0.0000E+00  0.2620E+03
      6.235  0.0000E+00  0.2620E+03
      6.253  0.0000E+00  0.2620E+03
      6.271  0.0000E+00  0.2620E+03
      6.290  0.0000E+00  0.2620E+03
      6.308  0.0000E+00  0.2620E+03
      6.326  0.5986E+01  0.2620E+03
      6.345  0.4140E+02  0.2624E+03
      6.363  0.8511E+02  0.2637E+03
      6.381  0.0000E+00  0.2640E+03
      6.400  0.0000E+00  0.2640E+03
      6.418  0.0000E+00  0.2640E+03
      6.436  0.0000E+00  0.2640E+03
      6.455  0.0000E+00  0.2640E+03
      6.473  0.0000E+00  0.2640E+03
      6.491  0.0000E+00  0.2640E+03
      6.510  0.0000E+00  0.2640E+03
      6.528  0.0000E+00  0.2640E+03
      6.546  0.0000E+00  0.2640E+03
      6.565  0.0000E+00  0.2640E+03
      6.583  0.0000E+00  0.2640E+03
      6.601  0.0000E+00  0.2640E+03
      6.620  0.0000E+00  0.2640E+03
      6.638  0.0000E+00  0.2640E+03
      6.656  0.0000E+00  0.2640E+03
      6.675  0.0000E+00  0.2640E+03
      6.693  0.0000E+00  0.2640E+03
      6.711  0.0000E+00  0.2640E+03
      6.730  0.0000E+00  0.2640E+03
      6.748  0.0000E+00  0.2640E+03
      6.766  0.0000E+00  0.2640E+03
      6.785  0.0000E+00  0.2640E+03
      6.803  0.0000E+00  0.2640E+03
      6.821  0.0000E+00  0.2640E+03
      6.840  0.0000E+00  0.2640E+03
      6.858  0.0000E+00  0.2640E+03
      6.876  0.0000E+00  0.2640E+03
      6.895  0.0000E+00  0.2640E+03
      6.913  0.0000E+00  0.2640E+03
      6.931  0.0000E+00  0.2640E+03
      6.950  0.0000E+00  0.2640E+03
      6.968  0.0000E+00  0.2640E+03
      6.986  0.0000E+00  0.2640E+03
      7.005  0.0000E+00  0.2640E+03
      7.023  0.0000E+00  0.2640E+03
      7.041  0.0000E+00  0.2640E+03
      7.060  0.0000E+00  0.2640E+03
      7.078  0.0000E+00  0.2640E+03
      7.096  0.0000E+00  0.2640E+03
      7.115  0.0000E+00  0.2640E+03
      7.133  0.0000E+00  0.2640E+03
      7.151  0.0000E+00  0.2640E+03
      7.170  0.0000E+00  0.2640E+03
      7.188  0.0000E+00  0.2640E+03
      7.206  0.0000E+00  0.2640E+03
      7.225  0.0000E+00  0.2640E+03
      7.243  0.0000E+00  0.2640E+03
      7.261  0.0000E+00  0.2640E+03
      7.280  0.0000E+00  0.2640E+03
      7.298  0.0000E+00  0.2640E+03
      7.316  0.0000E+00  0.2640E+03
      7.335  0.0000E+00  0.2640E+03
      7.353  0.0000E+00  0.2640E+03
      7.371  0.0000E+00  0.2640E+03
      7.390  0.0000E+00  0.2640E+03
      7.408  0.0000E+00  0.2640E+03
      7.426  0.0000E+00  0.2640E+03
      7.445  0.0000E+00  0.2640E+03
      7.463  0.0000E+00  0.2640E+03
      7.481  0.0000E+00  0.2640E+03
      7.500  0.0000E+00  0.2640E+03
      7.518  0.0000E+00  0.2640E+03
      7.536  0.0000E+00  0.2640E+03
      7.555  0.0000E+00  0.2640E+03
      7.573  0.0000E+00  0.2640E+03
      7.591  0.0000E+00  0.2640E+03
      7.610  0.0000E+00  0.2640E+03
      7.628  0.0000E+00  0.2640E+03
      7.646  0.0000E+00  0.2640E+03
      7.665  0.0000E+00  0.2640E+03
      7.683  0.0000E+00  0.2640E+03
      7.701  0.0000E+00  0.2640E+03
      7.720  0.0000E+00  0.2640E+03
      7.738  0.0000E+00  0.2640E+03
      7.756  0.0000E+00  0.2640E+03
      7.775  0.0000E+00  0.2640E+03
      7.793  0.0000E+00  0.2640E+03
      7.811  0.0000E+00  0.2640E+03
      7.830  0.0000E+00  0.2640E+03
      7.848  0.0000E+00  0.2640E+03
      7.866  0.0000E+00  0.2640E+03
      7.885  0.0000E+00  0.2640E+03
      7.903  0.0000E+00  0.2640E+03
      7.922  0.0000E+00  0.2640E+03
      7.940  0.0000E+00  0.2640E+03
      7.958  0.0000E+00  0.2640E+03
      7.977  0.0000E+00  0.2640E+03
      7.995  0.0000E+00  0.2640E+03
      8.013  0.0000E+00  0.2640E+03
      8.032  0.0000E+00  0.2640E+03
      8.050  0.0000E+00  0.2640E+03
      8.068  0.0000E+00  0.2640E+03
      8.087  0.0000E+00  0.2640E+03
      8.105  0.0000E+00  0.2640E+03
      8.123  0.0000E+00  0.2640E+03
      8.142  0.0000E+00  0.2640E+03
      8.160  0.0000E+00  0.2640E+03
      8.178  0.0000E+00  0.2640E+03
      8.197  0.0000E+00  0.2640E+03
      8.215  0.0000E+00  0.2640E+03
      8.233  0.0000E+00  0.2640E+03
      8.252  0.0000E+00  0.2640E+03
      8.270  0.0000E+00  0.2640E+03
      8.288  0.0000E+00  0.2640E+03
      8.307  0.0000E+00  0.2640E+03
      8.325  0.0000E+00  0.2640E+03
      8.343  0.0000E+00  0.2640E+03
      8.362  0.0000E+00  0.2640E+03
      8.380  0.0000E+00  0.2640E+03
      8.398  0.0000E+00  0.2640E+03
      8.417  0.0000E+00  0.2640E+03
      8.435  0.0000E+00  0.2640E+03
      8.453  0.0000E+00  0.2640E+03
      8.472  0.0000E+00  0.2640E+03
      8.490  0.0000E+00  0.2640E+03
      8.508  0.0000E+00  0.2640E+03
      8.527  0.0000E+00  0.2640E+03
      8.545  0.0000E+00  0.2640E+03
      8.563  0.0000E+00  0.2640E+03
      8.582  0.0000E+00  0.2640E+03
      8.600  0.0000E+00  0.2640E+03
      8.618  0.0000E+00  0.2640E+03
      8.637  0.0000E+00  0.2640E+03
      8.655  0.0000E+00  0.2640E+03
      8.673  0.0000E+00  0.2640E+03
      8.692  0.0000E+00  0.2640E+03
      8.710  0.0000E+00  0.2640E+03
      8.728  0.0000E+00  0.2640E+03
      8.747  0.0000E+00  0.2640E+03
      8.765  0.0000E+00  0.2640E+03
      8.783  0.0000E+00  0.2640E+03
      8.802  0.0000E+00  0.2640E+03
      8.820  0.0000E+00  0.2640E+03
      8.838  0.0000E+00  0.2640E+03
      8.857  0.0000E+00  0.2640E+03
      8.875  0.0000E+00  0.2640E+03
      8.893  0.0000E+00  0.2640E+03
      8.912  0.0000E+00  0.2640E+03
      8.930  0.0000E+00  0.2640E+03
      8.948  0.0000E+00  0.2640E+03
      8.967  0.0000E+00  0.2640E+03
      8.985  0.0000E+00  0.2640E+03
      9.003  0.0000E+00  0.2640E+03
      9.022  0.0000E+00  0.2640E+03
      9.040  0.0000E+00  0.2640E+03
      9.058  0.0000E+00  0.2640E+03
      9.077  0.0000E+00  0.2640E+03
      9.095  0.0000E+00  0.2640E+03
      9.113  0.0000E+00  0.2640E+03
      9.132  0.0000E+00  0.2640E+03
      9.150  0.0000E+00  0.2640E+03
      9.168  0.0000E+00  0.2640E+03
      9.187  0.0000E+00  0.2640E+03
      9.205  0.0000E+00  0.2640E+03
      9.223  0.0000E+00  0.2640E+03
      9.242  0.0000E+00  0.2640E+03
      9.260  0.0000E+00  0.2640E+03
      9.278  0.0000E+00  0.2640E+03
      9.297  0.0000E+00  0.2640E+03
      9.315  0.0000E+00  0.2640E+03
      9.333  0.0000E+00  0.2640E+03
      9.352  0.0000E+00  0.2640E+03
      9.370  0.0000E+00  0.2640E+03
      9.388  0.0000E+00  0.2640E+03
      9.407  0.0000E+00  0.2640E+03
      9.425  0.0000E+00  0.2640E+03
      9.443  0.0000E+00  0.2640E+03
      9.462  0.0000E+00  0.2640E+03
      9.480  0.0000E+00  0.2640E+03
      9.498  0.0000E+00  0.2640E+03
      9.517  0.0000E+00  0.2640E+03
      9.535  0.0000E+00  0.2640E+03
      9.553  0.0000E+00  0.2640E+03
      9.572  0.0000E+00  0.2640E+03
      9.590  0.0000E+00  0.2640E+03
      9.608  0.0000E+00  0.2640E+03
      9.627  0.0000E+00  0.2640E+03
      9.645  0.0000E+00  0.2640E+03
      9.663  0.0000E+00  0.2640E+03
      9.682  0.0000E+00  0.2640E+03
      9.700  0.0000E+00  0.2640E+03
      9.718  0.0000E+00  0.2640E+03
      9.737  0.0000E+00  0.2640E+03
      9.755  0.0000E+00  0.2640E+03
      9.773  0.0000E+00  0.2640E+03
      9.792  0.0000E+00  0.2640E+03
      9.810  0.0000E+00  0.2640E+03
      9.829  0.0000E+00  0.2640E+03
      9.847  0.0000E+00  0.2640E+03
      9.865  0.0000E+00  0.2640E+03
      9.884  0.0000E+00  0.2640E+03
      9.902  0.0000E+00  0.2640E+03
      9.920  0.0000E+00  0.2640E+03
      9.939  0.0000E+00  0.2640E+03
      9.957  0.0000E+00  0.2640E+03
      9.975  0.0000E+00  0.2640E+03
      9.994  0.0000E+00  0.2640E+03
     10.012  0.0000E+00  0.2640E+03
     10.030  0.0000E+00  0.2640E+03
     10.049  0.0000E+00  0.2640E+03
     10.067  0.0000E+00  0.2640E+03
     10.085  0.0000E+00  0.2640E+03
     10.104  0.0000E+00  0.2640E+03
     10.122  0.0000E+00  0.2640E+03
     10.140  0.0000E+00  0.2640E+03
     10.159  0.0000E+00  0.2640E+03
     10.177  0.0000E+00  0.2640E+03
     10.195  0.0000E+00  0.2640E+03
     10.214  0.0000E+00  0.2640E+03
     10.232  0.0000E+00  0.2640E+03
     10.250  0.0000E+00  0.2640E+03
     10.269  0.0000E+00  0.2640E+03
     10.287  0.0000E+00  0.2640E+03
     10.305  0.0000E+00  0.2640E+03
     10.324  0.0000E+00  0.2640E+03
     10.342  0.0000E+00  0.2640E+03
     10.360  0.3184E-03  0.2640E+03
     10.379  0.1276E-02  0.2640E+03
     10.397  0.2874E-02  0.2640E+03
     10.415  0.5110E-02  0.2640E+03
     10.434  0.7986E-02  0.2640E+03
     10.452  0.1150E-01  0.2640E+03
     10.470  0.1566E-01  0.2640E+03
     10.489  0.2045E-01  0.2640E+03
     10.507  0.2588E-01  0.2640E+03
     10.525  0.3196E-01  0.2640E+03
     10.544  0.3867E-01  0.2640E+03
     10.562  0.4602E-01  0.2640E+03
     10.580  0.5401E-01  0.2640E+03
     10.599  0.6264E-01  0.2640E+03
     10.617  0.7191E-01  0.2640E+03
     10.635  0.8182E-01  0.2640E+03
     10.654  0.9237E-01  0.2640E+03
     10.672  0.1036E+00  0.2640E+03
     10.690  0.1154E+00  0.2640E+03
     10.709  0.1279E+00  0.2640E+03
     10.727  0.1410E+00  0.2640E+03
     10.745  0.1547E+00  0.2640E+03
     10.764  0.1691E+00  0.2640E+03
     10.782  0.1841E+00  0.2640E+03
     10.800  0.1998E+00  0.2640E+03
     10.819  0.2161E+00  0.2640E+03
     10.837  0.2330E+00  0.2640E+03
     10.855  0.2506E+00  0.2640E+03
     10.874  0.2688E+00  0.2640E+03
     10.892  0.2877E+00  0.2641E+03
     10.910  0.3072E+00  0.2641E+03
     10.929  0.3273E+00  0.2641E+03
     10.947  0.3481E+00  0.2641E+03
     10.965  0.3695E+00  0.2641E+03
     10.984  0.3916E+00  0.2641E+03
     11.002  0.4143E+00  0.2641E+03
     11.020  0.4376E+00  0.2641E+03
     11.039  0.4616E+00  0.2641E+03
     11.057  0.4862E+00  0.2641E+03
     11.075  0.5115E+00  0.2641E+03
     11.094  0.5374E+00  0.2641E+03
     11.112  0.5639E+00  0.2641E+03
     11.130  0.5911E+00  0.2642E+03
     11.149  0.6189E+00  0.2642E+03
     11.167  0.6473E+00  0.2642E+03
     11.185  0.6764E+00  0.2642E+03
     11.204  0.7062E+00  0.2642E+03
     11.222  0.7365E+00  0.2642E+03
     11.240  0.7675E+00  0.2642E+03
     11.259  0.7992E+00  0.2642E+03
     11.277  0.8315E+00  0.2643E+03
     11.295  0.8644E+00  0.2643E+03
     11.314  0.8980E+00  0.2643E+03
     11.332  0.9322E+00  0.2643E+03
     11.350  0.9670E+00  0.2643E+03
     11.369  0.1003E+01  0.2643E+03
     11.387  0.1039E+01  0.2644E+03
     11.405  0.1075E+01  0.2644E+03
     11.424  0.1113E+01  0.2644E+03
     11.442  0.1151E+01  0.2644E+03
     11.460  0.1191E+01  0.2644E+03
     11.479  0.1256E+01  0.2645E+03
     11.497  0.1318E+01  0.2645E+03
     11.515  0.1377E+01  0.2645E+03
     11.534  0.1434E+01  0.2645E+03
     11.552  0.1488E+01  0.2646E+03
     11.570  0.1539E+01  0.2646E+03
     11.589  0.1588E+01  0.2646E+03
     11.607  0.1634E+01  0.2647E+03
     11.625  0.1677E+01  0.2647E+03
     11.644  0.1718E+01  0.2647E+03
     11.662  0.1755E+01  0.2647E+03
     11.680  0.1875E+01  0.2648E+03
     11.699  0.2073E+01  0.2648E+03
     11.717  0.2263E+01  0.2649E+03
     11.736  0.2445E+01  0.2649E+03
     11.754  0.2619E+01  0.2649E+03
     11.772  0.2786E+01  0.2650E+03
     11.791  0.2944E+01  0.2650E+03
     11.809  0.3094E+01  0.2651E+03
     11.827  0.3236E+01  0.2652E+03
     11.846  0.3370E+01  0.2652E+03
     11.864  0.3496E+01  0.2653E+03
     11.882  0.3614E+01  0.2653E+03
     11.901  0.3724E+01  0.2654E+03
     11.919  0.3826E+01  0.2655E+03
     11.937  0.3920E+01  0.2656E+03
     11.956  0.4006E+01  0.2656E+03
     11.974  0.4083E+01  0.2657E+03
     11.992  0.4153E+01  0.2658E+03
     12.011  0.4215E+01  0.2659E+03
     12.029  0.4269E+01  0.2659E+03
     12.047  0.4315E+01  0.2660E+03
     12.066  0.4353E+01  0.2661E+03
     12.084  0.4383E+01  0.2662E+03
     12.102  0.4404E+01  0.2663E+03
     12.121  0.4418E+01  0.2663E+03
     12.139  0.4424E+01  0.2664E+03
     12.157  0.4422E+01  0.2665E+03
     12.176  0.4411E+01  0.2666E+03
     12.194  0.4393E+01  0.2667E+03
     12.212  0.4367E+01  0.2667E+03
     12.231  0.4333E+01  0.2668E+03
     12.249  0.4225E+01  0.2669E+03
     12.267  0.4063E+01  0.2670E+03
     12.286  0.3906E+01  0.2670E+03
     12.304  0.3753E+01  0.2671E+03
     12.322  0.3604E+01  0.2672E+03
     12.341  0.3460E+01  0.2672E+03
     12.359  0.3241E+01  0.2673E+03
     12.377  0.3093E+01  0.2674E+03
     12.396  0.2967E+01  0.2674E+03
     12.414  0.2851E+01  0.2675E+03
     12.432  0.2744E+01  0.2675E+03
     12.451  0.2648E+01  0.2676E+03
     12.469  0.2562E+01  0.2676E+03
     12.487  0.2486E+01  0.2677E+03
     12.506  0.2421E+01  0.2677E+03
     12.524  0.2365E+01  0.2678E+03
     12.542  0.2320E+01  0.2678E+03
     12.561  0.2285E+01  0.2678E+03
     12.579  0.2258E+01  0.2679E+03
     12.597  0.2232E+01  0.2679E+03
     12.616  0.2206E+01  0.2680E+03
     12.634  0.2508E+01  0.2680E+03
     12.652  0.2968E+01  0.2681E+03
     12.671  0.3223E+01  0.2681E+03
     12.689  0.3285E+01  0.2682E+03
     12.707  0.3300E+01  0.2682E+03
     12.726  0.3315E+01  0.2683E+03
     12.744  0.3329E+01  0.2684E+03
     12.762  0.3342E+01  0.2684E+03
     12.781  0.3355E+01  0.2685E+03
     12.799  0.3367E+01  0.2685E+03
     12.817  0.3378E+01  0.2686E+03
     12.836  0.3389E+01  0.2687E+03
     12.854  0.3402E+01  0.2687E+03
     12.872  0.3420E+01  0.2688E+03
     12.891  0.3441E+01  0.2689E+03
     12.909  0.3467E+01  0.2689E+03
     12.927  0.3497E+01  0.2690E+03
     12.946  0.3532E+01  0.2690E+03
     12.964  0.3570E+01  0.2691E+03
     12.982  0.3613E+01  0.2692E+03
     13.001  0.3660E+01  0.2692E+03
     13.019  0.3711E+01  0.2693E+03
     13.037  0.3766E+01  0.2694E+03
     13.056  0.3826E+01  0.2695E+03
     13.074  0.3890E+01  0.2695E+03
     13.092  0.3958E+01  0.2696E+03
     13.111  0.4030E+01  0.2697E+03
     13.129  0.4106E+01  0.2697E+03
     13.147  0.4187E+01  0.2698E+03
     13.166  0.4275E+01  0.2699E+03
     13.184  0.4371E+01  0.2700E+03
     13.202  0.4475E+01  0.2701E+03
     13.221  0.4586E+01  0.2701E+03
     13.239  0.4706E+01  0.2702E+03
     13.257  0.4833E+01  0.2703E+03
     13.276  0.4968E+01  0.2704E+03
     13.294  0.5110E+01  0.2705E+03
     13.312  0.5259E+01  0.2706E+03
     13.331  0.5414E+01  0.2707E+03
     13.349  0.5575E+01  0.2708E+03
     13.367  0.5743E+01  0.2709E+03
     13.386  0.5917E+01  0.2710E+03
     13.404  0.6098E+01  0.2711E+03
     13.422  0.6285E+01  0.2712E+03
     13.441  0.6478E+01  0.2713E+03
     13.459  0.6677E+01  0.2715E+03
     13.477  0.6883E+01  0.2716E+03
     13.496  0.7095E+01  0.2717E+03
     13.514  0.7314E+01  0.2718E+03
     13.532  0.7539E+01  0.2720E+03
     13.551  0.7770E+01  0.2721E+03
     13.569  0.8007E+01  0.2723E+03
     13.587  0.8248E+01  0.2724E+03
     13.606  0.8497E+01  0.2726E+03
     13.624  0.8753E+01  0.2727E+03
     13.643  0.9017E+01  0.2729E+03
     13.661  0.9288E+01  0.2731E+03
     13.679  0.9567E+01  0.2732E+03
     13.698  0.9853E+01  0.2734E+03
     13.716  0.1015E+02  0.2736E+03
     13.734  0.1045E+02  0.2738E+03
     13.753  0.1076E+02  0.2740E+03
     13.771  0.1114E+02  0.2742E+03
     13.789  0.1159E+02  0.2744E+03
     13.808  0.1213E+02  0.2746E+03
     13.826  0.1275E+02  0.2748E+03
     13.844  0.1360E+02  0.2751E+03
     13.863  0.1509E+02  0.2753E+03
     13.881  0.1645E+02  0.2756E+03
     13.899  0.1837E+02  0.2759E+03
     13.918  0.2062E+02  0.2763E+03
     13.936  0.2293E+02  0.2767E+03
     13.954  0.2486E+02  0.2771E+03
     13.973  0.2593E+02  0.2776E+03
     13.991  0.2611E+02  0.2781E+03
     14.009  0.2547E+02  0.2786E+03
     14.028  0.2397E+02  0.2790E+03
     14.046  0.2174E+02  0.2794E+03
     14.064  0.2008E+02  0.2798E+03
     14.083  0.1974E+02  0.2802E+03
     14.101  0.1899E+02  0.2805E+03
     14.119  0.1738E+02  0.2809E+03
     14.138  0.1568E+02  0.2812E+03
     14.156  0.1768E+02  0.2815E+03
     14.174  0.2287E+02  0.2818E+03
     14.193  0.3182E+02  0.2823E+03
     14.211  0.3255E+02  0.2829E+03
     14.229  0.3071E+02  0.2835E+03
     14.248  0.6834E+01  0.2838E+03
     14.266  0.7629E+01  0.2839E+03
     14.284  0.1151E+02  0.2841E+03
     14.303  0.1551E+02  0.2843E+03
     14.321  0.1701E+02  0.2846E+03
     14.339  0.1601E+02  0.2849E+03
     14.358  0.1278E+02  0.2852E+03
     14.376  0.1045E+02  0.2854E+03
     14.394  0.1008E+02  0.2856E+03
     14.413  0.9767E+01  0.2858E+03
     14.431  0.9481E+01  0.2859E+03
     14.449  0.9202E+01  0.2861E+03
     14.468  0.8944E+01  0.2863E+03
     14.486  0.8824E+01  0.2865E+03
     14.504  0.8776E+01  0.2866E+03
     14.523  0.8782E+01  0.2868E+03
     14.541  0.8843E+01  0.2869E+03
     14.559  0.8957E+01  0.2871E+03
     14.578  0.9099E+01  0.2873E+03
     14.596  0.9186E+01  0.2874E+03
     14.614  0.9213E+01  0.2876E+03
     14.633  0.9346E+01  0.2878E+03
     14.651  0.9527E+01  0.2879E+03
     14.669  0.9814E+01  0.2881E+03
     14.688  0.1010E+02  0.2883E+03
     14.706  0.1042E+02  0.2885E+03
     14.724  0.1076E+02  0.2887E+03
     14.743  0.1109E+02  0.2889E+03
     14.761  0.1142E+02  0.2891E+03
     14.779  0.1176E+02  0.2893E+03
     14.798  0.1210E+02  0.2895E+03
     14.816  0.1243E+02  0.2897E+03
     14.834  0.1277E+02  0.2900E+03
     14.853  0.1313E+02  0.2902E+03
     14.871  0.1354E+02  0.2905E+03
     14.889  0.1398E+02  0.2907E+03
     14.908  0.1441E+02  0.2910E+03
     14.926  0.1486E+02  0.2912E+03
     14.944  0.1530E+02  0.2915E+03
     14.963  0.1575E+02  0.2918E+03
     14.981  0.1619E+02  0.2921E+03
     14.999  0.1665E+02  0.2924E+03
     15.018  0.1710E+02  0.2927E+03
     15.036  0.1756E+02  0.2930E+03
     15.054  0.1806E+02  0.2933E+03
     15.073  0.1859E+02  0.2937E+03
     15.091  0.1915E+02  0.2940E+03
     15.109  0.1977E+02  0.2944E+03
     15.128  0.2048E+02  0.2948E+03
     15.146  0.2123E+02  0.2951E+03
     15.164  0.2194E+02  0.2955E+03
     15.183  0.2260E+02  0.2959E+03
     15.201  0.2317E+02  0.2964E+03
     15.219  0.2364E+02  0.2968E+03
     15.238  0.2399E+02  0.2972E+03
     15.256  0.2397E+02  0.2977E+03
     15.274  0.2311E+02  0.2981E+03
     15.293  0.2267E+02  0.2985E+03
     15.311  0.2066E+02  0.2989E+03
     15.329  0.2036E+02  0.2993E+03
     15.348  0.1913E+02  0.2997E+03
     15.366  0.1732E+02  0.3000E+03
     15.384  0.1598E+02  0.3003E+03
     15.403  0.1435E+02  0.3006E+03
     15.421  0.1455E+02  0.3008E+03
     15.439  0.1970E+02  0.3012E+03
     15.458  0.1996E+02  0.3015E+03
     15.476  0.1908E+02  0.3019E+03
     15.494  0.1841E+02  0.3022E+03
     15.513  0.1798E+02  0.3026E+03
     15.531  0.1829E+02  0.3029E+03
     15.550  0.1967E+02  0.3032E+03
     15.568  0.2160E+02  0.3036E+03
     15.586  0.2314E+02  0.3040E+03
     15.605  0.2420E+02  0.3045E+03
     15.623  0.2541E+02  0.3049E+03
     15.641  0.2682E+02  0.3054E+03
     15.660  0.2856E+02  0.3059E+03
     15.678  0.3016E+02  0.3064E+03
     15.696  0.3088E+02  0.3070E+03
     15.715  0.3041E+02  0.3076E+03
     15.733  0.2983E+02  0.3081E+03
     15.751  0.2920E+02  0.3087E+03
     15.770  0.2826E+02  0.3092E+03
     15.788  0.2736E+02  0.3097E+03
     15.806  0.2660E+02  0.3102E+03
     15.825  0.2576E+02  0.3107E+03
     15.843  0.2474E+02  0.3111E+03
     15.861  0.2449E+02  0.3116E+03
     15.880  0.2450E+02  0.3120E+03
     15.898  0.2416E+02  0.3125E+03
     15.916  0.2359E+02  0.3129E+03
     15.935  0.2310E+02  0.3134E+03
     15.953  0.2207E+02  0.3138E+03
     15.971  0.1988E+02  0.3142E+03
     15.990  0.1804E+02  0.3145E+03
     16.008  0.1724E+02  0.3148E+03
     16.026  0.1581E+02  0.3151E+03
     16.045  0.1425E+02  0.3154E+03
     16.063  0.1440E+02  0.3157E+03
     16.081  0.1458E+02  0.3159E+03
     16.100  0.1366E+02  0.3162E+03
     16.118  0.1212E+02  0.3164E+03
     16.136  0.1028E+02  0.3166E+03
     16.155  0.9015E+01  0.3168E+03
     16.173  0.8782E+01  0.3170E+03
     16.191  0.9591E+01  0.3171E+03
     16.210  0.1078E+02  0.3173E+03
     16.228  0.1189E+02  0.3175E+03
     16.246  0.1284E+02  0.3178E+03
     16.265  0.1370E+02  0.3180E+03
     16.283  0.1447E+02  0.3183E+03
     16.301  0.1521E+02  0.3185E+03
     16.320  0.1572E+02  0.3188E+03
     16.338  0.1607E+02  0.3191E+03
     16.356  0.1642E+02  0.3194E+03
     16.375  0.1701E+02  0.3197E+03
     16.393  0.1789E+02  0.3200E+03
     16.411  0.1907E+02  0.3204E+03
     16.430  0.1943E+02  0.3207E+03
     16.448  0.1928E+02  0.3211E+03
     16.466  0.1908E+02  0.3214E+03
     16.485  0.1886E+02  0.3218E+03
     16.503  0.1859E+02  0.3221E+03
     16.521  0.1830E+02  0.3225E+03
     16.540  0.1798E+02  0.3228E+03
     16.558  0.1765E+02  0.3231E+03
     16.576  0.1720E+02  0.3234E+03
     16.595  0.1674E+02  0.3238E+03
     16.613  0.1639E+02  0.3241E+03
     16.631  0.1614E+02  0.3244E+03
     16.650  0.1631E+02  0.3247E+03
     16.668  0.1591E+02  0.3250E+03
     16.686  0.1452E+02  0.3252E+03
     16.705  0.1386E+02  0.3255E+03
     16.723  0.1361E+02  0.3257E+03
     16.741  0.1366E+02  0.3260E+03
     16.760  0.1370E+02  0.3262E+03
     16.778  0.1372E+02  0.3265E+03
     16.796  0.1345E+02  0.3267E+03
     16.815  0.1296E+02  0.3270E+03
     16.833  0.1241E+02  0.3272E+03
     16.851  0.1196E+02  0.3274E+03
     16.870  0.1155E+02  0.3277E+03
     16.888  0.1114E+02  0.3279E+03
     16.906  0.1067E+02  0.3281E+03
     16.925  0.1039E+02  0.3283E+03
     16.943  0.1021E+02  0.3284E+03
     16.961  0.1011E+02  0.3286E+03
     16.980  0.1010E+02  0.3288E+03
     16.998  0.1016E+02  0.3290E+03
     17.016  0.1024E+02  0.3292E+03
     17.035  0.1015E+02  0.3294E+03
     17.053  0.9925E+01  0.3296E+03
     17.071  0.9741E+01  0.3297E+03
     17.090  0.9769E+01  0.3299E+03
     17.108  0.1001E+02  0.3301E+03
     17.126  0.1047E+02  0.3303E+03
     17.145  0.1107E+02  0.3305E+03
     17.163  0.1163E+02  0.3307E+03
     17.181  0.1208E+02  0.3309E+03
     17.200  0.1237E+02  0.3311E+03
     17.218  0.1254E+02  0.3314E+03
     17.236  0.1258E+02  0.3316E+03
     17.255  0.1247E+02  0.3318E+03
     17.273  0.1217E+02  0.3320E+03
     17.291  0.1175E+02  0.3323E+03
     17.310  0.1126E+02  0.3325E+03
     17.328  0.1072E+02  0.3327E+03
     17.346  0.1032E+02  0.3329E+03
     17.365  0.1012E+02  0.3331E+03
     17.383  0.1004E+02  0.3332E+03
     17.401  0.1037E+02  0.3334E+03
     17.420  0.1158E+02  0.3336E+03
     17.438  0.1257E+02  0.3339E+03
     17.457  0.1310E+02  0.3341E+03
     17.475  0.1316E+02  0.3343E+03
     17.493  0.1277E+02  0.3346E+03
     17.512  0.1195E+02  0.3348E+03
     17.530  0.1078E+02  0.3350E+03
     17.548  0.9618E+01  0.3352E+03
     17.567  0.8358E+01  0.3354E+03
     17.585  0.7183E+01  0.3355E+03
     17.603  0.6094E+01  0.3356E+03
     17.622  0.5066E+01  0.3357E+03
     17.640  0.4099E+01  0.3358E+03
     17.658  0.3192E+01  0.3359E+03
     17.677  0.2345E+01  0.3359E+03
     17.695  0.1559E+01  0.3360E+03
     17.713  0.8826E+00  0.3360E+03
     17.732  0.4079E+00  0.3360E+03
     17.750  0.1154E+00  0.3360E+03
     17.768  0.1662E-02  0.3360E+03
     17.787  0.0000E+00  0.3360E+03
     17.805  0.0000E+00  0.3360E+03
     17.823  0.0000E+00  0.3360E+03
     17.842  0.0000E+00  0.3360E+03
     17.860  0.0000E+00  0.3360E+03
     17.878  0.0000E+00  0.3360E+03
     17.897  0.0000E+00  0.3360E+03
     17.915  0.0000E+00  0.3360E+03
     17.933  0.0000E+00  0.3360E+03
     17.952  0.0000E+00  0.3360E+03
     17.970  0.0000E+00  0.3360E+03
     17.988  0.0000E+00  0.3360E+03
     18.007  0.0000E+00  0.3360E+03
     18.025  0.0000E+00  0.3360E+03
     18.043  0.0000E+00  0.3360E+03
     18.062  0.0000E+00  0.3360E+03
     18.080  0.0000E+00  0.3360E+03
     18.098  0.0000E+00  0.3360E+03
     18.117  0.0000E+00  0.3360E+03
     18.135  0.0000E+00  0.3360E+03
     18.153  0.0000E+00  0.3360E+03
     18.172  0.0000E+00  0.3360E+03
     18.190  0.0000E+00  0.3360E+03
     18.208  0.0000E+00  0.3360E+03
     18.227  0.0000E+00  0.3360E+03
     18.245  0.0000E+00  0.3360E+03
     18.263  0.0000E+00  0.3360E+03
     18.282  0.0000E+00  0.3360E+03
     18.300  0.0000E+00  0.3360E+03
     18.318  0.0000E+00  0.3360E+03
     18.337  0.0000E+00  0.3360E+03
     18.355  0.0000E+00  0.3360E+03
     18.373  0.0000E+00  0.3360E+03
     18.392  0.0000E+00  0.3360E+03
     18.410  0.0000E+00  0.3360E+03
     18.428  0.0000E+00  0.3360E+03
     18.447  0.0000E+00  0.3360E+03
     18.465  0.0000E+00  0.3360E+03
     18.483  0.0000E+00  0.3360E+03
     18.502  0.0000E+00  0.3360E+03
     18.520  0.0000E+00  0.3360E+03
     18.538  0.0000E+00  0.3360E+03
     18.557  0.0000E+00  0.3360E+03
     18.575  0.0000E+00  0.3360E+03
     18.593  0.0000E+00  0.3360E+03
     18.612  0.0000E+00  0.3360E+03
     18.630  0.0000E+00  0.3360E+03
     18.648  0.0000E+00  0.3360E+03
     18.667  0.0000E+00  0.3360E+03
     18.685  0.0000E+00  0.3360E+03
     18.703  0.0000E+00  0.3360E+03
     18.722  0.0000E+00  0.3360E+03
     18.740  0.0000E+00  0.3360E+03
     18.758  0.0000E+00  0.3360E+03
     18.777  0.0000E+00  0.3360E+03
     18.795  0.0000E+00  0.3360E+03
     18.813  0.0000E+00  0.3360E+03
     18.832  0.0000E+00  0.3360E+03
     18.850  0.0000E+00  0.3360E+03
     18.868  0.0000E+00  0.3360E+03
     18.887  0.0000E+00  0.3360E+03
     18.905  0.0000E+00  0.3360E+03
     18.923  0.0000E+00  0.3360E+03
     18.942  0.0000E+00  0.3360E+03
     18.960  0.0000E+00  0.3360E+03
     18.978  0.0000E+00  0.3360E+03
     18.997  0.0000E+00  0.3360E+03
     19.015  0.0000E+00  0.3360E+03
     19.033  0.0000E+00  0.3360E+03
     19.052  0.0000E+00  0.3360E+03
     19.070  0.0000E+00  0.3360E+03
     19.088  0.0000E+00  0.3360E+03
     19.107  0.0000E+00  0.3360E+03
     19.125  0.0000E+00  0.3360E+03
     19.143  0.0000E+00  0.3360E+03
     19.162  0.0000E+00  0.3360E+03
     19.180  0.0000E+00  0.3360E+03
     19.198  0.0000E+00  0.3360E+03
     19.217  0.0000E+00  0.3360E+03
     19.235  0.0000E+00  0.3360E+03
     19.253  0.0000E+00  0.3360E+03
     19.272  0.0000E+00  0.3360E+03
     19.290  0.0000E+00  0.3360E+03
     19.308  0.0000E+00  0.3360E+03
     19.327  0.0000E+00  0.3360E+03
     19.345  0.0000E+00  0.3360E+03
     19.364  0.0000E+00  0.3360E+03
     19.382  0.0000E+00  0.3360E+03
     19.400  0.0000E+00  0.3360E+03
     19.419  0.0000E+00  0.3360E+03
     19.437  0.0000E+00  0.3360E+03


