 Energy DOS Integrated_DOS
    -17.053  0.0000E+00  0.0000E+00
    -17.035  0.0000E+00  0.0000E+00
    -17.017  0.0000E+00  0.0000E+00
    -16.998  0.0000E+00  0.0000E+00
    -16.980  0.0000E+00  0.0000E+00
    -16.962  0.0000E+00  0.0000E+00
    -16.944  0.0000E+00  0.0000E+00
    -16.926  0.0000E+00  0.0000E+00
    -16.908  0.0000E+00  0.0000E+00
    -16.889  0.0000E+00  0.0000E+00
    -16.871  0.0000E+00  0.0000E+00
    -16.853  0.0000E+00  0.0000E+00
    -16.835  0.0000E+00  0.0000E+00
    -16.817  0.0000E+00  0.0000E+00
    -16.799  0.0000E+00  0.0000E+00
    -16.780  0.0000E+00  0.0000E+00
    -16.762  0.0000E+00  0.0000E+00
    -16.744  0.0000E+00  0.0000E+00
    -16.726  0.0000E+00  0.0000E+00
    -16.708  0.0000E+00  0.0000E+00
    -16.690  0.0000E+00  0.0000E+00
    -16.671  0.0000E+00  0.0000E+00
    -16.653  0.0000E+00  0.0000E+00
    -16.635  0.0000E+00  0.0000E+00
    -16.617  0.0000E+00  0.0000E+00
    -16.599  0.0000E+00  0.0000E+00
    -16.581  0.0000E+00  0.0000E+00
    -16.562  0.0000E+00  0.0000E+00
    -16.544  0.0000E+00  0.0000E+00
    -16.526  0.0000E+00  0.0000E+00
    -16.508  0.0000E+00  0.0000E+00
    -16.490  0.0000E+00  0.0000E+00
    -16.472  0.0000E+00  0.0000E+00
    -16.453  0.0000E+00  0.0000E+00
    -16.435  0.0000E+00  0.0000E+00
    -16.417  0.0000E+00  0.0000E+00
    -16.399  0.0000E+00  0.0000E+00
    -16.381  0.0000E+00  0.0000E+00
    -16.363  0.0000E+00  0.0000E+00
    -16.344  0.0000E+00  0.0000E+00
    -16.326  0.0000E+00  0.0000E+00
    -16.308  0.0000E+00  0.0000E+00
    -16.290  0.0000E+00  0.0000E+00
    -16.272  0.0000E+00  0.0000E+00
    -16.253  0.0000E+00  0.0000E+00
    -16.235  0.0000E+00  0.0000E+00
    -16.217  0.0000E+00  0.0000E+00
    -16.199  0.0000E+00  0.0000E+00
    -16.181  0.0000E+00  0.0000E+00
    -16.163  0.0000E+00  0.0000E+00
    -16.144  0.0000E+00  0.0000E+00
    -16.126  0.0000E+00  0.0000E+00
    -16.108  0.0000E+00  0.0000E+00
    -16.090  0.0000E+00  0.0000E+00
    -16.072  0.0000E+00  0.0000E+00
    -16.054  0.0000E+00  0.0000E+00
    -16.035  0.0000E+00  0.0000E+00
    -16.017  0.0000E+00  0.0000E+00
    -15.999  0.0000E+00  0.0000E+00
    -15.981  0.0000E+00  0.0000E+00
    -15.963  0.0000E+00  0.0000E+00
    -15.945  0.0000E+00  0.0000E+00
    -15.926  0.0000E+00  0.0000E+00
    -15.908  0.0000E+00  0.0000E+00
    -15.890  0.0000E+00  0.0000E+00
    -15.872  0.0000E+00  0.0000E+00
    -15.854  0.0000E+00  0.0000E+00
    -15.836  0.0000E+00  0.0000E+00
    -15.817  0.0000E+00  0.0000E+00
    -15.799  0.0000E+00  0.0000E+00
    -15.781  0.0000E+00  0.0000E+00
    -15.763  0.0000E+00  0.0000E+00
    -15.745  0.0000E+00  0.0000E+00
    -15.727  0.0000E+00  0.0000E+00
    -15.708  0.0000E+00  0.0000E+00
    -15.690  0.0000E+00  0.0000E+00
    -15.672  0.0000E+00  0.0000E+00
    -15.654  0.0000E+00  0.0000E+00
    -15.636  0.0000E+00  0.0000E+00
    -15.618  0.0000E+00  0.0000E+00
    -15.599  0.0000E+00  0.0000E+00
    -15.581  0.0000E+00  0.0000E+00
    -15.563  0.0000E+00  0.0000E+00
    -15.545  0.0000E+00  0.0000E+00
    -15.527  0.0000E+00  0.0000E+00
    -15.509  0.0000E+00  0.0000E+00
    -15.490  0.0000E+00  0.0000E+00
    -15.472  0.0000E+00  0.0000E+00
    -15.454  0.0000E+00  0.0000E+00
    -15.436  0.0000E+00  0.0000E+00
    -15.418  0.0000E+00  0.0000E+00
    -15.400  0.9044E-03  0.7469E-06
    -15.381  0.6281E-01  0.4323E-03
    -15.363  0.2220E+00  0.2872E-02
    -15.345  0.4784E+00  0.9088E-02
    -15.327  0.8321E+00  0.2085E-01
    -15.309  0.1283E+01  0.3992E-01
    -15.291  0.1831E+01  0.6806E-01
    -15.272  0.2477E+01  0.1071E+00
    -15.254  0.3220E+01  0.1587E+00
    -15.236  0.4060E+01  0.2247E+00
    -15.218  0.4997E+01  0.3068E+00
    -15.200  0.6050E+01  0.4070E+00
    -15.181  0.7115E+01  0.5267E+00
    -15.163  0.7971E+01  0.6642E+00
    -15.145  0.8695E+01  0.8152E+00
    -15.127  0.9841E+01  0.9829E+00
    -15.109  0.1176E+02  0.1177E+01
    -15.091  0.1366E+02  0.1410E+01
    -15.072  0.1485E+02  0.1670E+01
    -15.054  0.1532E+02  0.1945E+01
    -15.036  0.1506E+02  0.2222E+01
    -15.018  0.1409E+02  0.2488E+01
    -15.000  0.1284E+02  0.2733E+01
    -14.982  0.1135E+02  0.2953E+01
    -14.963  0.9681E+01  0.3144E+01
    -14.945  0.8024E+01  0.3304E+01
    -14.927  0.6738E+01  0.3438E+01
    -14.909  0.6360E+01  0.3555E+01
    -14.891  0.7172E+01  0.3677E+01
    -14.873  0.8430E+01  0.3818E+01
    -14.854  0.9960E+01  0.3985E+01
    -14.836  0.1163E+02  0.4181E+01
    -14.818  0.1303E+02  0.4406E+01
    -14.800  0.1411E+02  0.4653E+01
    -14.782  0.1487E+02  0.4916E+01
    -14.764  0.1535E+02  0.5191E+01
    -14.745  0.1573E+02  0.5474E+01
    -14.727  0.1601E+02  0.5762E+01
    -14.709  0.1623E+02  0.6055E+01
    -14.691  0.1643E+02  0.6352E+01
    -14.673  0.1662E+02  0.6652E+01
    -14.655  0.1680E+02  0.6956E+01
    -14.636  0.1706E+02  0.7263E+01
    -14.618  0.1740E+02  0.7576E+01
    -14.600  0.1769E+02  0.7895E+01
    -14.582  0.1793E+02  0.8218E+01
    -14.564  0.1819E+02  0.8547E+01
    -14.546  0.1845E+02  0.8879E+01
    -14.527  0.1929E+02  0.9220E+01
    -14.509  0.2336E+02  0.9604E+01
    -14.491  0.2914E+02  0.1008E+02
    -14.473  0.4244E+02  0.1069E+02
    -14.455  0.5312E+02  0.1167E+02
    -14.437  0.3672E+02  0.1238E+02
    -14.418  0.4059E+02  0.1309E+02
    -14.400  0.4014E+02  0.1383E+02
    -14.382  0.4328E+02  0.1457E+02
    -14.364  0.4272E+02  0.1538E+02
    -14.346  0.3196E+02  0.1604E+02
    -14.328  0.2534E+02  0.1656E+02
    -14.309  0.2114E+02  0.1698E+02
    -14.291  0.3277E+02  0.1744E+02
    -14.273  0.3878E+02  0.1812E+02
    -14.255  0.2528E+02  0.1873E+02
    -14.237  0.2161E+02  0.1909E+02
    -14.219  0.3685E+02  0.1961E+02
    -14.200  0.6175E+02  0.2049E+02
    -14.182  0.4697E+02  0.2150E+02
    -14.164  0.3701E+02  0.2226E+02
    -14.146  0.2802E+02  0.2285E+02
    -14.128  0.2019E+02  0.2329E+02
    -14.109  0.1382E+02  0.2359E+02
    -14.091  0.2121E+02  0.2387E+02
    -14.073  0.5281E+02  0.2452E+02
    -14.055  0.9257E+02  0.2589E+02
    -14.037  0.7615E+02  0.2733E+02
    -14.019  0.8772E+02  0.2890E+02
    -14.000  0.7876E+02  0.3043E+02
    -13.982  0.4938E+02  0.3165E+02
    -13.964  0.1163E+03  0.3279E+02
    -13.946  0.3864E+02  0.3431E+02
    -13.928  0.6125E+02  0.3544E+02
    -13.910  0.2666E+02  0.3625E+02
    -13.891  0.5551E+02  0.3697E+02
    -13.873  0.5850E+02  0.3800E+02
    -13.855  0.5904E+02  0.3912E+02
    -13.837  0.7047E+02  0.4010E+02
    -13.819  0.5301E+02  0.4135E+02
    -13.801  0.1288E+02  0.4192E+02
    -13.782  0.1950E+03  0.4401E+02
    -13.764  0.4459E+02  0.4597E+02
    -13.746  0.7555E+02  0.4693E+02
    -13.728  0.6521E+02  0.4827E+02
    -13.710  0.5156E+02  0.4942E+02
    -13.692  0.2112E+02  0.4999E+02
    -13.673  0.1030E+03  0.5110E+02
    -13.655  0.4998E+02  0.5219E+02
    -13.637  0.5188E+02  0.5314E+02
    -13.619  0.4900E+02  0.5399E+02
    -13.601  0.7284E+02  0.5506E+02
    -13.583  0.1812E+02  0.5591E+02
    -13.564  0.2270E+01  0.5600E+02
    -13.546  0.2666E+02  0.5626E+02
    -13.528  0.4650E+02  0.5696E+02
    -13.510  0.3201E+02  0.5771E+02
    -13.492  0.1552E+01  0.5800E+02
    -13.474  0.8326E+01  0.5803E+02
    -13.455  0.5135E+02  0.5856E+02
    -13.437  0.3386E+02  0.5938E+02
    -13.419  0.1672E+02  0.5984E+02
    -13.401  0.1910E+01  0.5999E+02
    -13.383  0.0000E+00  0.6000E+02
    -13.365  0.0000E+00  0.6000E+02
    -13.346  0.0000E+00  0.6000E+02
    -13.328  0.0000E+00  0.6000E+02
    -13.310  0.2879E-01  0.6000E+02
    -13.292  0.8818E+02  0.6054E+02
    -13.274  0.0000E+00  0.6200E+02
    -13.256  0.0000E+00  0.6200E+02
    -13.237  0.0000E+00  0.6200E+02
    -13.219  0.1258E+02  0.6201E+02
    -13.201  0.9072E+02  0.6334E+02
    -13.183  0.2224E+01  0.6400E+02
    -13.165  0.0000E+00  0.6400E+02
    -13.146  0.0000E+00  0.6400E+02
    -13.128  0.0000E+00  0.6400E+02
    -13.110  0.0000E+00  0.6400E+02
    -13.092  0.0000E+00  0.6400E+02
    -13.074  0.0000E+00  0.6400E+02
    -13.056  0.0000E+00  0.6400E+02
    -13.037  0.0000E+00  0.6400E+02
    -13.019  0.0000E+00  0.6400E+02
    -13.001  0.0000E+00  0.6400E+02
    -12.983  0.0000E+00  0.6400E+02
    -12.965  0.0000E+00  0.6400E+02
    -12.947  0.0000E+00  0.6400E+02
    -12.928  0.0000E+00  0.6400E+02
    -12.910  0.0000E+00  0.6400E+02
    -12.892  0.0000E+00  0.6400E+02
    -12.874  0.0000E+00  0.6400E+02
    -12.856  0.0000E+00  0.6400E+02
    -12.838  0.0000E+00  0.6400E+02
    -12.819  0.0000E+00  0.6400E+02
    -12.801  0.0000E+00  0.6400E+02
    -12.783  0.0000E+00  0.6400E+02
    -12.765  0.0000E+00  0.6400E+02
    -12.747  0.0000E+00  0.6400E+02
    -12.729  0.0000E+00  0.6400E+02
    -12.710  0.0000E+00  0.6400E+02
    -12.692  0.0000E+00  0.6400E+02
    -12.674  0.0000E+00  0.6400E+02
    -12.656  0.0000E+00  0.6400E+02
    -12.638  0.0000E+00  0.6400E+02
    -12.620  0.0000E+00  0.6400E+02
    -12.601  0.0000E+00  0.6400E+02
    -12.583  0.0000E+00  0.6400E+02
    -12.565  0.0000E+00  0.6400E+02
    -12.547  0.0000E+00  0.6400E+02
    -12.529  0.0000E+00  0.6400E+02
    -12.511  0.0000E+00  0.6400E+02
    -12.492  0.0000E+00  0.6400E+02
    -12.474  0.0000E+00  0.6400E+02
    -12.456  0.0000E+00  0.6400E+02
    -12.438  0.0000E+00  0.6400E+02
    -12.420  0.0000E+00  0.6400E+02
    -12.402  0.0000E+00  0.6400E+02
    -12.383  0.0000E+00  0.6400E+02
    -12.365  0.0000E+00  0.6400E+02
    -12.347  0.0000E+00  0.6400E+02
    -12.329  0.0000E+00  0.6400E+02
    -12.311  0.0000E+00  0.6400E+02
    -12.293  0.0000E+00  0.6400E+02
    -12.274  0.0000E+00  0.6400E+02
    -12.256  0.0000E+00  0.6400E+02
    -12.238  0.0000E+00  0.6400E+02
    -12.220  0.0000E+00  0.6400E+02
    -12.202  0.0000E+00  0.6400E+02
    -12.184  0.0000E+00  0.6400E+02
    -12.165  0.0000E+00  0.6400E+02
    -12.147  0.0000E+00  0.6400E+02
    -12.129  0.0000E+00  0.6400E+02
    -12.111  0.0000E+00  0.6400E+02
    -12.093  0.0000E+00  0.6400E+02
    -12.074  0.0000E+00  0.6400E+02
    -12.056  0.0000E+00  0.6400E+02
    -12.038  0.0000E+00  0.6400E+02
    -12.020  0.0000E+00  0.6400E+02
    -12.002  0.0000E+00  0.6400E+02
    -11.984  0.0000E+00  0.6400E+02
    -11.965  0.0000E+00  0.6400E+02
    -11.947  0.4582E+03  0.6522E+02
    -11.929  0.0000E+00  0.6600E+02
    -11.911  0.0000E+00  0.6600E+02
    -11.893  0.0000E+00  0.6600E+02
    -11.875  0.0000E+00  0.6600E+02
    -11.856  0.0000E+00  0.6600E+02
    -11.838  0.0000E+00  0.6600E+02
    -11.820  0.0000E+00  0.6600E+02
    -11.802  0.0000E+00  0.6600E+02
    -11.784  0.0000E+00  0.6600E+02
    -11.766  0.0000E+00  0.6600E+02
    -11.747  0.0000E+00  0.6600E+02
    -11.729  0.0000E+00  0.6600E+02
    -11.711  0.0000E+00  0.6600E+02
    -11.693  0.0000E+00  0.6600E+02
    -11.675  0.0000E+00  0.6600E+02
    -11.657  0.0000E+00  0.6600E+02
    -11.638  0.0000E+00  0.6600E+02
    -11.620  0.0000E+00  0.6600E+02
    -11.602  0.0000E+00  0.6600E+02
    -11.584  0.0000E+00  0.6600E+02
    -11.566  0.0000E+00  0.6600E+02
    -11.548  0.0000E+00  0.6600E+02
    -11.529  0.0000E+00  0.6600E+02
    -11.511  0.0000E+00  0.6600E+02
    -11.493  0.0000E+00  0.6600E+02
    -11.475  0.0000E+00  0.6600E+02
    -11.457  0.0000E+00  0.6600E+02
    -11.439  0.0000E+00  0.6600E+02
    -11.420  0.0000E+00  0.6600E+02
    -11.402  0.0000E+00  0.6600E+02
    -11.384  0.0000E+00  0.6600E+02
    -11.366  0.0000E+00  0.6600E+02
    -11.348  0.0000E+00  0.6600E+02
    -11.330  0.0000E+00  0.6600E+02
    -11.311  0.0000E+00  0.6600E+02
    -11.293  0.0000E+00  0.6600E+02
    -11.275  0.0000E+00  0.6600E+02
    -11.257  0.0000E+00  0.6600E+02
    -11.239  0.0000E+00  0.6600E+02
    -11.221  0.0000E+00  0.6600E+02
    -11.202  0.0000E+00  0.6600E+02
    -11.184  0.0000E+00  0.6600E+02
    -11.166  0.0000E+00  0.6600E+02
    -11.148  0.0000E+00  0.6600E+02
    -11.130  0.0000E+00  0.6600E+02
    -11.112  0.0000E+00  0.6600E+02
    -11.093  0.0000E+00  0.6600E+02
    -11.075  0.0000E+00  0.6600E+02
    -11.057  0.0000E+00  0.6600E+02
    -11.039  0.0000E+00  0.6600E+02
    -11.021  0.0000E+00  0.6600E+02
    -11.002  0.0000E+00  0.6600E+02
    -10.984  0.0000E+00  0.6600E+02
    -10.966  0.0000E+00  0.6600E+02
    -10.948  0.0000E+00  0.6600E+02
    -10.930  0.0000E+00  0.6600E+02
    -10.912  0.0000E+00  0.6600E+02
    -10.893  0.0000E+00  0.6600E+02
    -10.875  0.0000E+00  0.6600E+02
    -10.857  0.0000E+00  0.6600E+02
    -10.839  0.0000E+00  0.6600E+02
    -10.821  0.0000E+00  0.6600E+02
    -10.803  0.0000E+00  0.6600E+02
    -10.784  0.0000E+00  0.6600E+02
    -10.766  0.0000E+00  0.6600E+02
    -10.748  0.0000E+00  0.6600E+02
    -10.730  0.0000E+00  0.6600E+02
    -10.712  0.0000E+00  0.6600E+02
    -10.694  0.0000E+00  0.6600E+02
    -10.675  0.0000E+00  0.6600E+02
    -10.657  0.0000E+00  0.6600E+02
    -10.639  0.0000E+00  0.6600E+02
    -10.621  0.0000E+00  0.6600E+02
    -10.603  0.0000E+00  0.6600E+02
    -10.585  0.0000E+00  0.6600E+02
    -10.566  0.0000E+00  0.6600E+02
    -10.548  0.0000E+00  0.6600E+02
    -10.530  0.0000E+00  0.6600E+02
    -10.512  0.0000E+00  0.6600E+02
    -10.494  0.0000E+00  0.6600E+02
    -10.476  0.0000E+00  0.6600E+02
    -10.457  0.0000E+00  0.6600E+02
    -10.439  0.0000E+00  0.6600E+02
    -10.421  0.0000E+00  0.6600E+02
    -10.403  0.0000E+00  0.6600E+02
    -10.385  0.0000E+00  0.6600E+02
    -10.367  0.0000E+00  0.6600E+02
    -10.348  0.0000E+00  0.6600E+02
    -10.330  0.0000E+00  0.6600E+02
    -10.312  0.0000E+00  0.6600E+02
    -10.294  0.0000E+00  0.6600E+02
    -10.276  0.0000E+00  0.6600E+02
    -10.258  0.0000E+00  0.6600E+02
    -10.239  0.0000E+00  0.6600E+02
    -10.221  0.0000E+00  0.6600E+02
    -10.203  0.0000E+00  0.6600E+02
    -10.185  0.0000E+00  0.6600E+02
    -10.167  0.0000E+00  0.6600E+02
    -10.149  0.0000E+00  0.6600E+02
    -10.130  0.0000E+00  0.6600E+02
    -10.112  0.0000E+00  0.6600E+02
    -10.094  0.0000E+00  0.6600E+02
    -10.076  0.0000E+00  0.6600E+02
    -10.058  0.0000E+00  0.6600E+02
    -10.039  0.0000E+00  0.6600E+02
    -10.021  0.0000E+00  0.6600E+02
    -10.003  0.0000E+00  0.6600E+02
     -9.985  0.0000E+00  0.6600E+02
     -9.967  0.0000E+00  0.6600E+02
     -9.949  0.0000E+00  0.6600E+02
     -9.930  0.0000E+00  0.6600E+02
     -9.912  0.0000E+00  0.6600E+02
     -9.894  0.0000E+00  0.6600E+02
     -9.876  0.0000E+00  0.6600E+02
     -9.858  0.0000E+00  0.6600E+02
     -9.840  0.0000E+00  0.6600E+02
     -9.821  0.0000E+00  0.6600E+02
     -9.803  0.0000E+00  0.6600E+02
     -9.785  0.0000E+00  0.6600E+02
     -9.767  0.0000E+00  0.6600E+02
     -9.749  0.0000E+00  0.6600E+02
     -9.731  0.0000E+00  0.6600E+02
     -9.712  0.0000E+00  0.6600E+02
     -9.694  0.0000E+00  0.6600E+02
     -9.676  0.0000E+00  0.6600E+02
     -9.658  0.0000E+00  0.6600E+02
     -9.640  0.0000E+00  0.6600E+02
     -9.622  0.0000E+00  0.6600E+02
     -9.603  0.0000E+00  0.6600E+02
     -9.585  0.0000E+00  0.6600E+02
     -9.567  0.0000E+00  0.6600E+02
     -9.549  0.0000E+00  0.6600E+02
     -9.531  0.0000E+00  0.6600E+02
     -9.513  0.0000E+00  0.6600E+02
     -9.494  0.0000E+00  0.6600E+02
     -9.476  0.0000E+00  0.6600E+02
     -9.458  0.0000E+00  0.6600E+02
     -9.440  0.0000E+00  0.6600E+02
     -9.422  0.0000E+00  0.6600E+02
     -9.404  0.0000E+00  0.6600E+02
     -9.385  0.0000E+00  0.6600E+02
     -9.367  0.0000E+00  0.6600E+02
     -9.349  0.0000E+00  0.6600E+02
     -9.331  0.0000E+00  0.6600E+02
     -9.313  0.0000E+00  0.6600E+02
     -9.295  0.0000E+00  0.6600E+02
     -9.276  0.0000E+00  0.6600E+02
     -9.258  0.0000E+00  0.6600E+02
     -9.240  0.0000E+00  0.6600E+02
     -9.222  0.0000E+00  0.6600E+02
     -9.204  0.0000E+00  0.6600E+02
     -9.186  0.0000E+00  0.6600E+02
     -9.167  0.0000E+00  0.6600E+02
     -9.149  0.0000E+00  0.6600E+02
     -9.131  0.0000E+00  0.6600E+02
     -9.113  0.0000E+00  0.6600E+02
     -9.095  0.0000E+00  0.6600E+02
     -9.077  0.0000E+00  0.6600E+02
     -9.058  0.0000E+00  0.6600E+02
     -9.040  0.0000E+00  0.6600E+02
     -9.022  0.0000E+00  0.6600E+02
     -9.004  0.0000E+00  0.6600E+02
     -8.986  0.0000E+00  0.6600E+02
     -8.967  0.0000E+00  0.6600E+02
     -8.949  0.0000E+00  0.6600E+02
     -8.931  0.0000E+00  0.6600E+02
     -8.913  0.0000E+00  0.6600E+02
     -8.895  0.0000E+00  0.6600E+02
     -8.877  0.0000E+00  0.6600E+02
     -8.858  0.0000E+00  0.6600E+02
     -8.840  0.0000E+00  0.6600E+02
     -8.822  0.0000E+00  0.6600E+02
     -8.804  0.0000E+00  0.6600E+02
     -8.786  0.0000E+00  0.6600E+02
     -8.768  0.0000E+00  0.6600E+02
     -8.749  0.0000E+00  0.6600E+02
     -8.731  0.0000E+00  0.6600E+02
     -8.713  0.0000E+00  0.6600E+02
     -8.695  0.0000E+00  0.6600E+02
     -8.677  0.0000E+00  0.6600E+02
     -8.659  0.0000E+00  0.6600E+02
     -8.640  0.0000E+00  0.6600E+02
     -8.622  0.0000E+00  0.6600E+02
     -8.604  0.0000E+00  0.6600E+02
     -8.586  0.0000E+00  0.6600E+02
     -8.568  0.0000E+00  0.6600E+02
     -8.550  0.0000E+00  0.6600E+02
     -8.531  0.0000E+00  0.6600E+02
     -8.513  0.0000E+00  0.6600E+02
     -8.495  0.0000E+00  0.6600E+02
     -8.477  0.0000E+00  0.6600E+02
     -8.459  0.0000E+00  0.6600E+02
     -8.441  0.0000E+00  0.6600E+02
     -8.422  0.0000E+00  0.6600E+02
     -8.404  0.0000E+00  0.6600E+02
     -8.386  0.0000E+00  0.6600E+02
     -8.368  0.0000E+00  0.6600E+02
     -8.350  0.0000E+00  0.6600E+02
     -8.332  0.0000E+00  0.6600E+02
     -8.313  0.0000E+00  0.6600E+02
     -8.295  0.0000E+00  0.6600E+02
     -8.277  0.0000E+00  0.6600E+02
     -8.259  0.0000E+00  0.6600E+02
     -8.241  0.0000E+00  0.6600E+02
     -8.223  0.0000E+00  0.6600E+02
     -8.204  0.0000E+00  0.6600E+02
     -8.186  0.0000E+00  0.6600E+02
     -8.168  0.0000E+00  0.6600E+02
     -8.150  0.0000E+00  0.6600E+02
     -8.132  0.0000E+00  0.6600E+02
     -8.114  0.0000E+00  0.6600E+02
     -8.095  0.0000E+00  0.6600E+02
     -8.077  0.0000E+00  0.6600E+02
     -8.059  0.0000E+00  0.6600E+02
     -8.041  0.0000E+00  0.6600E+02
     -8.023  0.0000E+00  0.6600E+02
     -8.005  0.0000E+00  0.6600E+02
     -7.986  0.0000E+00  0.6600E+02
     -7.968  0.0000E+00  0.6600E+02
     -7.950  0.0000E+00  0.6600E+02
     -7.932  0.0000E+00  0.6600E+02
     -7.914  0.0000E+00  0.6600E+02
     -7.895  0.0000E+00  0.6600E+02
     -7.877  0.0000E+00  0.6600E+02
     -7.859  0.0000E+00  0.6600E+02
     -7.841  0.0000E+00  0.6600E+02
     -7.823  0.0000E+00  0.6600E+02
     -7.805  0.0000E+00  0.6600E+02
     -7.786  0.0000E+00  0.6600E+02
     -7.768  0.0000E+00  0.6600E+02
     -7.750  0.0000E+00  0.6600E+02
     -7.732  0.0000E+00  0.6600E+02
     -7.714  0.0000E+00  0.6600E+02
     -7.696  0.0000E+00  0.6600E+02
     -7.677  0.0000E+00  0.6600E+02
     -7.659  0.0000E+00  0.6600E+02
     -7.641  0.0000E+00  0.6600E+02
     -7.623  0.0000E+00  0.6600E+02
     -7.605  0.0000E+00  0.6600E+02
     -7.587  0.0000E+00  0.6600E+02
     -7.568  0.0000E+00  0.6600E+02
     -7.550  0.0000E+00  0.6600E+02
     -7.532  0.0000E+00  0.6600E+02
     -7.514  0.0000E+00  0.6600E+02
     -7.496  0.0000E+00  0.6600E+02
     -7.478  0.0000E+00  0.6600E+02
     -7.459  0.0000E+00  0.6600E+02
     -7.441  0.0000E+00  0.6600E+02
     -7.423  0.0000E+00  0.6600E+02
     -7.405  0.0000E+00  0.6600E+02
     -7.387  0.0000E+00  0.6600E+02
     -7.369  0.0000E+00  0.6600E+02
     -7.350  0.0000E+00  0.6600E+02
     -7.332  0.0000E+00  0.6600E+02
     -7.314  0.0000E+00  0.6600E+02
     -7.296  0.0000E+00  0.6600E+02
     -7.278  0.0000E+00  0.6600E+02
     -7.260  0.0000E+00  0.6600E+02
     -7.241  0.0000E+00  0.6600E+02
     -7.223  0.0000E+00  0.6600E+02
     -7.205  0.0000E+00  0.6600E+02
     -7.187  0.0000E+00  0.6600E+02
     -7.169  0.0000E+00  0.6600E+02
     -7.151  0.0000E+00  0.6600E+02
     -7.132  0.0000E+00  0.6600E+02
     -7.114  0.0000E+00  0.6600E+02
     -7.096  0.0000E+00  0.6600E+02
     -7.078  0.0000E+00  0.6600E+02
     -7.060  0.0000E+00  0.6600E+02
     -7.042  0.0000E+00  0.6600E+02
     -7.023  0.0000E+00  0.6600E+02
     -7.005  0.0000E+00  0.6600E+02
     -6.987  0.0000E+00  0.6600E+02
     -6.969  0.0000E+00  0.6600E+02
     -6.951  0.0000E+00  0.6600E+02
     -6.932  0.0000E+00  0.6600E+02
     -6.914  0.0000E+00  0.6600E+02
     -6.896  0.0000E+00  0.6600E+02
     -6.878  0.0000E+00  0.6600E+02
     -6.860  0.0000E+00  0.6600E+02
     -6.842  0.0000E+00  0.6600E+02
     -6.823  0.0000E+00  0.6600E+02
     -6.805  0.0000E+00  0.6600E+02
     -6.787  0.0000E+00  0.6600E+02
     -6.769  0.0000E+00  0.6600E+02
     -6.751  0.0000E+00  0.6600E+02
     -6.733  0.0000E+00  0.6600E+02
     -6.714  0.0000E+00  0.6600E+02
     -6.696  0.0000E+00  0.6600E+02
     -6.678  0.0000E+00  0.6600E+02
     -6.660  0.0000E+00  0.6600E+02
     -6.642  0.0000E+00  0.6600E+02
     -6.624  0.0000E+00  0.6600E+02
     -6.605  0.0000E+00  0.6600E+02
     -6.587  0.0000E+00  0.6600E+02
     -6.569  0.0000E+00  0.6600E+02
     -6.551  0.0000E+00  0.6600E+02
     -6.533  0.0000E+00  0.6600E+02
     -6.515  0.0000E+00  0.6600E+02
     -6.496  0.0000E+00  0.6600E+02
     -6.478  0.0000E+00  0.6600E+02
     -6.460  0.0000E+00  0.6600E+02
     -6.442  0.0000E+00  0.6600E+02
     -6.424  0.0000E+00  0.6600E+02
     -6.406  0.0000E+00  0.6600E+02
     -6.387  0.0000E+00  0.6600E+02
     -6.369  0.0000E+00  0.6600E+02
     -6.351  0.0000E+00  0.6600E+02
     -6.333  0.0000E+00  0.6600E+02
     -6.315  0.0000E+00  0.6600E+02
     -6.297  0.0000E+00  0.6600E+02
     -6.278  0.0000E+00  0.6600E+02
     -6.260  0.0000E+00  0.6600E+02
     -6.242  0.0000E+00  0.6600E+02
     -6.224  0.0000E+00  0.6600E+02
     -6.206  0.0000E+00  0.6600E+02
     -6.188  0.0000E+00  0.6600E+02
     -6.169  0.0000E+00  0.6600E+02
     -6.151  0.0000E+00  0.6600E+02
     -6.133  0.0000E+00  0.6600E+02
     -6.115  0.0000E+00  0.6600E+02
     -6.097  0.0000E+00  0.6600E+02
     -6.079  0.0000E+00  0.6600E+02
     -6.060  0.0000E+00  0.6600E+02
     -6.042  0.0000E+00  0.6600E+02
     -6.024  0.0000E+00  0.6600E+02
     -6.006  0.0000E+00  0.6600E+02
     -5.988  0.0000E+00  0.6600E+02
     -5.970  0.0000E+00  0.6600E+02
     -5.951  0.0000E+00  0.6600E+02
     -5.933  0.0000E+00  0.6600E+02
     -5.915  0.0000E+00  0.6600E+02
     -5.897  0.0000E+00  0.6600E+02
     -5.879  0.0000E+00  0.6600E+02
     -5.860  0.0000E+00  0.6600E+02
     -5.842  0.0000E+00  0.6600E+02
     -5.824  0.0000E+00  0.6600E+02
     -5.806  0.0000E+00  0.6600E+02
     -5.788  0.0000E+00  0.6600E+02
     -5.770  0.0000E+00  0.6600E+02
     -5.751  0.0000E+00  0.6600E+02
     -5.733  0.0000E+00  0.6600E+02
     -5.715  0.0000E+00  0.6600E+02
     -5.697  0.0000E+00  0.6600E+02
     -5.679  0.0000E+00  0.6600E+02
     -5.661  0.0000E+00  0.6600E+02
     -5.642  0.0000E+00  0.6600E+02
     -5.624  0.0000E+00  0.6600E+02
     -5.606  0.0000E+00  0.6600E+02
     -5.588  0.0000E+00  0.6600E+02
     -5.570  0.0000E+00  0.6600E+02
     -5.552  0.0000E+00  0.6600E+02
     -5.533  0.0000E+00  0.6600E+02
     -5.515  0.0000E+00  0.6600E+02
     -5.497  0.0000E+00  0.6600E+02
     -5.479  0.0000E+00  0.6600E+02
     -5.461  0.0000E+00  0.6600E+02
     -5.443  0.0000E+00  0.6600E+02
     -5.424  0.0000E+00  0.6600E+02
     -5.406  0.0000E+00  0.6600E+02
     -5.388  0.0000E+00  0.6600E+02
     -5.370  0.0000E+00  0.6600E+02
     -5.352  0.0000E+00  0.6600E+02
     -5.334  0.0000E+00  0.6600E+02
     -5.315  0.0000E+00  0.6600E+02
     -5.297  0.0000E+00  0.6600E+02
     -5.279  0.0000E+00  0.6600E+02
     -5.261  0.0000E+00  0.6600E+02
     -5.243  0.0000E+00  0.6600E+02
     -5.225  0.0000E+00  0.6600E+02
     -5.206  0.0000E+00  0.6600E+02
     -5.188  0.0000E+00  0.6600E+02
     -5.170  0.0000E+00  0.6600E+02
     -5.152  0.0000E+00  0.6600E+02
     -5.134  0.0000E+00  0.6600E+02
     -5.116  0.0000E+00  0.6600E+02
     -5.097  0.0000E+00  0.6600E+02
     -5.079  0.0000E+00  0.6600E+02
     -5.061  0.0000E+00  0.6600E+02
     -5.043  0.0000E+00  0.6600E+02
     -5.025  0.0000E+00  0.6600E+02
     -5.007  0.0000E+00  0.6600E+02
     -4.988  0.0000E+00  0.6600E+02
     -4.970  0.0000E+00  0.6600E+02
     -4.952  0.0000E+00  0.6600E+02
     -4.934  0.0000E+00  0.6600E+02
     -4.916  0.0000E+00  0.6600E+02
     -4.898  0.0000E+00  0.6600E+02
     -4.879  0.0000E+00  0.6600E+02
     -4.861  0.0000E+00  0.6600E+02
     -4.843  0.0000E+00  0.6600E+02
     -4.825  0.0000E+00  0.6600E+02
     -4.807  0.0000E+00  0.6600E+02
     -4.788  0.0000E+00  0.6600E+02
     -4.770  0.0000E+00  0.6600E+02
     -4.752  0.0000E+00  0.6600E+02
     -4.734  0.0000E+00  0.6600E+02
     -4.716  0.0000E+00  0.6600E+02
     -4.698  0.0000E+00  0.6600E+02
     -4.679  0.0000E+00  0.6600E+02
     -4.661  0.0000E+00  0.6600E+02
     -4.643  0.0000E+00  0.6600E+02
     -4.625  0.0000E+00  0.6600E+02
     -4.607  0.0000E+00  0.6600E+02
     -4.589  0.0000E+00  0.6600E+02
     -4.570  0.0000E+00  0.6600E+02
     -4.552  0.0000E+00  0.6600E+02
     -4.534  0.0000E+00  0.6600E+02
     -4.516  0.0000E+00  0.6600E+02
     -4.498  0.0000E+00  0.6600E+02
     -4.480  0.0000E+00  0.6600E+02
     -4.461  0.0000E+00  0.6600E+02
     -4.443  0.0000E+00  0.6600E+02
     -4.425  0.0000E+00  0.6600E+02
     -4.407  0.0000E+00  0.6600E+02
     -4.389  0.0000E+00  0.6600E+02
     -4.371  0.0000E+00  0.6600E+02
     -4.352  0.0000E+00  0.6600E+02
     -4.334  0.0000E+00  0.6600E+02
     -4.316  0.0000E+00  0.6600E+02
     -4.298  0.0000E+00  0.6600E+02
     -4.280  0.0000E+00  0.6600E+02
     -4.262  0.0000E+00  0.6600E+02
     -4.243  0.0000E+00  0.6600E+02
     -4.225  0.0000E+00  0.6600E+02
     -4.207  0.0000E+00  0.6600E+02
     -4.189  0.0000E+00  0.6600E+02
     -4.171  0.0000E+00  0.6600E+02
     -4.153  0.0000E+00  0.6600E+02
     -4.134  0.0000E+00  0.6600E+02
     -4.116  0.0000E+00  0.6600E+02
     -4.098  0.0000E+00  0.6600E+02
     -4.080  0.0000E+00  0.6600E+02
     -4.062  0.0000E+00  0.6600E+02
     -4.044  0.0000E+00  0.6600E+02
     -4.025  0.0000E+00  0.6600E+02
     -4.007  0.0000E+00  0.6600E+02
     -3.989  0.0000E+00  0.6600E+02
     -3.971  0.0000E+00  0.6600E+02
     -3.953  0.0000E+00  0.6600E+02
     -3.935  0.0000E+00  0.6600E+02
     -3.916  0.0000E+00  0.6600E+02
     -3.898  0.0000E+00  0.6600E+02
     -3.880  0.0000E+00  0.6600E+02
     -3.862  0.0000E+00  0.6600E+02
     -3.844  0.0000E+00  0.6600E+02
     -3.825  0.0000E+00  0.6600E+02
     -3.807  0.0000E+00  0.6600E+02
     -3.789  0.0000E+00  0.6600E+02
     -3.771  0.0000E+00  0.6600E+02
     -3.753  0.0000E+00  0.6600E+02
     -3.735  0.0000E+00  0.6600E+02
     -3.716  0.0000E+00  0.6600E+02
     -3.698  0.0000E+00  0.6600E+02
     -3.680  0.0000E+00  0.6600E+02
     -3.662  0.0000E+00  0.6600E+02
     -3.644  0.0000E+00  0.6600E+02
     -3.626  0.0000E+00  0.6600E+02
     -3.607  0.0000E+00  0.6600E+02
     -3.589  0.0000E+00  0.6600E+02
     -3.571  0.0000E+00  0.6600E+02
     -3.553  0.0000E+00  0.6600E+02
     -3.535  0.0000E+00  0.6600E+02
     -3.517  0.0000E+00  0.6600E+02
     -3.498  0.0000E+00  0.6600E+02
     -3.480  0.0000E+00  0.6600E+02
     -3.462  0.0000E+00  0.6600E+02
     -3.444  0.0000E+00  0.6600E+02
     -3.426  0.0000E+00  0.6600E+02
     -3.408  0.0000E+00  0.6600E+02
     -3.389  0.0000E+00  0.6600E+02
     -3.371  0.0000E+00  0.6600E+02
     -3.353  0.0000E+00  0.6600E+02
     -3.335  0.0000E+00  0.6600E+02
     -3.317  0.0000E+00  0.6600E+02
     -3.299  0.0000E+00  0.6600E+02
     -3.280  0.0000E+00  0.6600E+02
     -3.262  0.0000E+00  0.6600E+02
     -3.244  0.0000E+00  0.6600E+02
     -3.226  0.0000E+00  0.6600E+02
     -3.208  0.0000E+00  0.6600E+02
     -3.190  0.0000E+00  0.6600E+02
     -3.171  0.0000E+00  0.6600E+02
     -3.153  0.0000E+00  0.6600E+02
     -3.135  0.0000E+00  0.6600E+02
     -3.117  0.0000E+00  0.6600E+02
     -3.099  0.0000E+00  0.6600E+02
     -3.081  0.0000E+00  0.6600E+02
     -3.062  0.0000E+00  0.6600E+02
     -3.044  0.0000E+00  0.6600E+02
     -3.026  0.0000E+00  0.6600E+02
     -3.008  0.0000E+00  0.6600E+02
     -2.990  0.0000E+00  0.6600E+02
     -2.972  0.0000E+00  0.6600E+02
     -2.953  0.0000E+00  0.6600E+02
     -2.935  0.0000E+00  0.6600E+02
     -2.917  0.0000E+00  0.6600E+02
     -2.899  0.0000E+00  0.6600E+02
     -2.881  0.0000E+00  0.6600E+02
     -2.863  0.0000E+00  0.6600E+02
     -2.844  0.0000E+00  0.6600E+02
     -2.826  0.0000E+00  0.6600E+02
     -2.808  0.0000E+00  0.6600E+02
     -2.790  0.0000E+00  0.6600E+02
     -2.772  0.0000E+00  0.6600E+02
     -2.753  0.0000E+00  0.6600E+02
     -2.735  0.0000E+00  0.6600E+02
     -2.717  0.0000E+00  0.6600E+02
     -2.699  0.0000E+00  0.6600E+02
     -2.681  0.0000E+00  0.6600E+02
     -2.663  0.0000E+00  0.6600E+02
     -2.644  0.0000E+00  0.6600E+02
     -2.626  0.0000E+00  0.6600E+02
     -2.608  0.0000E+00  0.6600E+02
     -2.590  0.0000E+00  0.6600E+02
     -2.572  0.0000E+00  0.6600E+02
     -2.554  0.0000E+00  0.6600E+02
     -2.535  0.0000E+00  0.6600E+02
     -2.517  0.0000E+00  0.6600E+02
     -2.499  0.0000E+00  0.6600E+02
     -2.481  0.0000E+00  0.6600E+02
     -2.463  0.0000E+00  0.6600E+02
     -2.445  0.0000E+00  0.6600E+02
     -2.426  0.0000E+00  0.6600E+02
     -2.408  0.0000E+00  0.6600E+02
     -2.390  0.0000E+00  0.6600E+02
     -2.372  0.0000E+00  0.6600E+02
     -2.354  0.0000E+00  0.6600E+02
     -2.336  0.0000E+00  0.6600E+02
     -2.317  0.0000E+00  0.6600E+02
     -2.299  0.0000E+00  0.6600E+02
     -2.281  0.0000E+00  0.6600E+02
     -2.263  0.0000E+00  0.6600E+02
     -2.245  0.0000E+00  0.6600E+02
     -2.227  0.0000E+00  0.6600E+02
     -2.208  0.0000E+00  0.6600E+02
     -2.190  0.0000E+00  0.6600E+02
     -2.172  0.0000E+00  0.6600E+02
     -2.154  0.0000E+00  0.6600E+02
     -2.136  0.0000E+00  0.6600E+02
     -2.118  0.0000E+00  0.6600E+02
     -2.099  0.0000E+00  0.6600E+02
     -2.081  0.0000E+00  0.6600E+02
     -2.063  0.0000E+00  0.6600E+02
     -2.045  0.0000E+00  0.6600E+02
     -2.027  0.0000E+00  0.6600E+02
     -2.009  0.0000E+00  0.6600E+02
     -1.990  0.0000E+00  0.6600E+02
     -1.972  0.0000E+00  0.6600E+02
     -1.954  0.0000E+00  0.6600E+02
     -1.936  0.0000E+00  0.6600E+02
     -1.918  0.0000E+00  0.6600E+02
     -1.900  0.0000E+00  0.6600E+02
     -1.881  0.0000E+00  0.6600E+02
     -1.863  0.0000E+00  0.6600E+02
     -1.845  0.0000E+00  0.6600E+02
     -1.827  0.0000E+00  0.6600E+02
     -1.809  0.0000E+00  0.6600E+02
     -1.791  0.0000E+00  0.6600E+02
     -1.772  0.0000E+00  0.6600E+02
     -1.754  0.0000E+00  0.6600E+02
     -1.736  0.0000E+00  0.6600E+02
     -1.718  0.0000E+00  0.6600E+02
     -1.700  0.0000E+00  0.6600E+02
     -1.681  0.0000E+00  0.6600E+02
     -1.663  0.0000E+00  0.6600E+02
     -1.645  0.0000E+00  0.6600E+02
     -1.627  0.0000E+00  0.6600E+02
     -1.609  0.0000E+00  0.6600E+02
     -1.591  0.0000E+00  0.6600E+02
     -1.572  0.0000E+00  0.6600E+02
     -1.554  0.0000E+00  0.6600E+02
     -1.536  0.0000E+00  0.6600E+02
     -1.518  0.0000E+00  0.6600E+02
     -1.500  0.0000E+00  0.6600E+02
     -1.482  0.5330E-02  0.6600E+02
     -1.463  0.2888E-01  0.6600E+02
     -1.445  0.9194E-01  0.6600E+02
     -1.427  0.1984E+00  0.6600E+02
     -1.409  0.3483E+00  0.6601E+02
     -1.391  0.5417E+00  0.6602E+02
     -1.373  0.7785E+00  0.6603E+02
     -1.354  0.1059E+01  0.6605E+02
     -1.336  0.1382E+01  0.6607E+02
     -1.318  0.1749E+01  0.6610E+02
     -1.300  0.2160E+01  0.6613E+02
     -1.282  0.2614E+01  0.6617E+02
     -1.264  0.3111E+01  0.6623E+02
     -1.245  0.3652E+01  0.6629E+02
     -1.227  0.4236E+01  0.6636E+02
     -1.209  0.4864E+01  0.6644E+02
     -1.191  0.5583E+01  0.6654E+02
     -1.173  0.6421E+01  0.6665E+02
     -1.155  0.7379E+01  0.6677E+02
     -1.136  0.8456E+01  0.6691E+02
     -1.118  0.9652E+01  0.6708E+02
     -1.100  0.1097E+02  0.6727E+02
     -1.082  0.1247E+02  0.6748E+02
     -1.064  0.1473E+02  0.6772E+02
     -1.046  0.1733E+02  0.6802E+02
     -1.027  0.1997E+02  0.6835E+02
     -1.009  0.2231E+02  0.6874E+02
     -0.991  0.2440E+02  0.6916E+02
     -0.973  0.2640E+02  0.6963E+02
     -0.955  0.4038E+02  0.7024E+02
     -0.937  0.5606E+02  0.7113E+02
     -0.918  0.6300E+02  0.7221E+02
     -0.900  0.6745E+02  0.7340E+02
     -0.882  0.6926E+02  0.7465E+02
     -0.864  0.6840E+02  0.7590E+02
     -0.846  0.6341E+02  0.7711E+02
     -0.828  0.4650E+02  0.7812E+02
     -0.809  0.3270E+02  0.7883E+02
     -0.791  0.2252E+02  0.7933E+02
     -0.773  0.1424E+02  0.7966E+02
     -0.755  0.7882E+01  0.7986E+02
     -0.737  0.3431E+01  0.7996E+02
     -0.718  0.2613E+02  0.8013E+02
     -0.700  0.2927E+02  0.8080E+02
     -0.682  0.1208E+02  0.8113E+02
     -0.664  0.1237E+02  0.8133E+02
     -0.646  0.1739E+02  0.8160E+02
     -0.628  0.2323E+02  0.8197E+02
     -0.609  0.3060E+02  0.8246E+02
     -0.591  0.4045E+02  0.8310E+02
     -0.573  0.5307E+02  0.8394E+02
     -0.555  0.7060E+02  0.8507E+02
     -0.537  0.7161E+02  0.8639E+02
     -0.519  0.6410E+02  0.8761E+02
     -0.500  0.6816E+02  0.8879E+02
     -0.482  0.7376E+02  0.9009E+02
     -0.464  0.6460E+02  0.9138E+02
     -0.446  0.5246E+02  0.9243E+02
     -0.428  0.4504E+02  0.9331E+02
     -0.410  0.3784E+02  0.9406E+02
     -0.391  0.3776E+02  0.9474E+02
     -0.373  0.4011E+02  0.9544E+02
     -0.355  0.4412E+02  0.9620E+02
     -0.337  0.4932E+02  0.9705E+02
     -0.319  0.5457E+02  0.9800E+02
     -0.301  0.5922E+02  0.9903E+02
     -0.282  0.6275E+02  0.1001E+03
     -0.264  0.6479E+02  0.1013E+03
     -0.246  0.6530E+02  0.1025E+03
     -0.228  0.6437E+02  0.1037E+03
     -0.210  0.5788E+02  0.1048E+03
     -0.192  0.4518E+02  0.1057E+03
     -0.173  0.4116E+02  0.1065E+03
     -0.155  0.3763E+02  0.1072E+03
     -0.137  0.3281E+02  0.1079E+03
     -0.119  0.2890E+02  0.1084E+03
     -0.101  0.2660E+02  0.1089E+03
     -0.083  0.2578E+02  0.1094E+03
     -0.064  0.2541E+02  0.1099E+03
     -0.046  0.2511E+02  0.1103E+03
     -0.028  0.2484E+02  0.1108E+03
     -0.010  0.2461E+02  0.1112E+03
      0.008  0.2440E+02  0.1117E+03
      0.026  0.2422E+02  0.1121E+03
      0.045  0.2406E+02  0.1125E+03
      0.063  0.2394E+02  0.1130E+03
      0.081  0.2379E+02  0.1134E+03
      0.099  0.2333E+02  0.1138E+03
      0.117  0.2274E+02  0.1143E+03
      0.135  0.2207E+02  0.1147E+03
      0.154  0.2166E+02  0.1151E+03
      0.172  0.2160E+02  0.1155E+03
      0.190  0.2186E+02  0.1158E+03
      0.208  0.2225E+02  0.1162E+03
      0.226  0.2259E+02  0.1167E+03
      0.244  0.2288E+02  0.1171E+03
      0.263  0.2313E+02  0.1175E+03
      0.281  0.2337E+02  0.1179E+03
      0.299  0.2350E+02  0.1183E+03
      0.317  0.2152E+02  0.1187E+03
      0.335  0.2384E+02  0.1191E+03
      0.354  0.2763E+02  0.1196E+03
      0.372  0.3083E+02  0.1202E+03
      0.390  0.2039E+02  0.1206E+03
      0.408  0.1342E+02  0.1209E+03
      0.426  0.1969E+02  0.1212E+03
      0.444  0.3172E+02  0.1217E+03
      0.463  0.4716E+02  0.1224E+03
      0.481  0.5348E+02  0.1234E+03
      0.499  0.4021E+02  0.1242E+03
      0.517  0.3381E+02  0.1248E+03
      0.535  0.2693E+02  0.1254E+03
      0.553  0.2495E+02  0.1259E+03
      0.572  0.2321E+02  0.1263E+03
      0.590  0.2168E+02  0.1267E+03
      0.608  0.2040E+02  0.1271E+03
      0.626  0.1953E+02  0.1274E+03
      0.644  0.1880E+02  0.1278E+03
      0.662  0.1810E+02  0.1281E+03
      0.681  0.1746E+02  0.1285E+03
      0.699  0.1630E+02  0.1288E+03
      0.717  0.1509E+02  0.1290E+03
      0.735  0.1472E+02  0.1293E+03
      0.753  0.1513E+02  0.1296E+03
      0.771  0.1643E+02  0.1299E+03
      0.790  0.1812E+02  0.1302E+03
      0.808  0.1946E+02  0.1305E+03
      0.826  0.2040E+02  0.1309E+03
      0.844  0.2098E+02  0.1313E+03
      0.862  0.2137E+02  0.1316E+03
      0.880  0.2167E+02  0.1320E+03
      0.899  0.2189E+02  0.1324E+03
      0.917  0.2203E+02  0.1328E+03
      0.935  0.2209E+02  0.1332E+03
      0.953  0.2207E+02  0.1336E+03
      0.971  0.2199E+02  0.1340E+03
      0.989  0.2185E+02  0.1344E+03
      1.008  0.2164E+02  0.1348E+03
      1.026  0.2137E+02  0.1352E+03
      1.044  0.2103E+02  0.1356E+03
      1.062  0.2063E+02  0.1360E+03
      1.080  0.2017E+02  0.1364E+03
      1.098  0.1963E+02  0.1367E+03
      1.117  0.1947E+02  0.1371E+03
      1.135  0.2344E+02  0.1375E+03
      1.153  0.2471E+02  0.1379E+03
      1.171  0.2475E+02  0.1383E+03
      1.189  0.2467E+02  0.1388E+03
      1.207  0.2460E+02  0.1392E+03
      1.226  0.2469E+02  0.1397E+03
      1.244  0.2535E+02  0.1401E+03
      1.262  0.2668E+02  0.1406E+03
      1.280  0.2818E+02  0.1411E+03
      1.298  0.2975E+02  0.1416E+03
      1.316  0.3154E+02  0.1422E+03
      1.335  0.3320E+02  0.1428E+03
      1.353  0.3351E+02  0.1434E+03
      1.371  0.3871E+02  0.1440E+03
      1.389  0.4448E+02  0.1448E+03
      1.407  0.4697E+02  0.1456E+03
      1.426  0.4794E+02  0.1465E+03
      1.444  0.4820E+02  0.1474E+03
      1.462  0.5176E+02  0.1483E+03
      1.480  0.4736E+02  0.1492E+03
      1.498  0.3865E+02  0.1500E+03
      1.516  0.3226E+02  0.1506E+03
      1.535  0.3072E+02  0.1512E+03
      1.553  0.2955E+02  0.1517E+03
      1.571  0.2884E+02  0.1523E+03
      1.589  0.3094E+02  0.1528E+03
      1.607  0.4017E+02  0.1534E+03
      1.625  0.4649E+02  0.1543E+03
      1.644  0.4190E+02  0.1551E+03
      1.662  0.4053E+02  0.1558E+03
      1.680  0.4012E+02  0.1565E+03
      1.698  0.4156E+02  0.1573E+03
      1.716  0.4360E+02  0.1581E+03
      1.734  0.4539E+02  0.1589E+03
      1.753  0.4655E+02  0.1597E+03
      1.771  0.4711E+02  0.1606E+03
      1.789  0.4706E+02  0.1614E+03
      1.807  0.4679E+02  0.1623E+03
      1.825  0.4736E+02  0.1631E+03
      1.843  0.4767E+02  0.1640E+03
      1.862  0.4755E+02  0.1649E+03
      1.880  0.4716E+02  0.1657E+03
      1.898  0.4648E+02  0.1666E+03
      1.916  0.4545E+02  0.1674E+03
      1.934  0.4396E+02  0.1682E+03
      1.952  0.4226E+02  0.1690E+03
      1.971  0.4085E+02  0.1698E+03
      1.989  0.3974E+02  0.1705E+03
      2.007  0.3905E+02  0.1712E+03
      2.025  0.3878E+02  0.1719E+03
      2.043  0.3919E+02  0.1726E+03
      2.061  0.4064E+02  0.1733E+03
      2.080  0.4284E+02  0.1741E+03
      2.098  0.4885E+02  0.1749E+03
      2.116  0.6763E+02  0.1760E+03
      2.134  0.7780E+02  0.1773E+03
      2.152  0.7613E+02  0.1787E+03
      2.170  0.7632E+02  0.1801E+03
      2.189  0.4909E+02  0.1813E+03
      2.207  0.4027E+02  0.1820E+03
      2.225  0.4781E+02  0.1828E+03
      2.243  0.5560E+02  0.1838E+03
      2.261  0.6781E+02  0.1849E+03
      2.279  0.8289E+02  0.1862E+03
      2.298  0.9128E+02  0.1878E+03
      2.316  0.1084E+03  0.1896E+03
      2.334  0.1121E+03  0.1916E+03
      2.352  0.1165E+03  0.1937E+03
      2.370  0.1073E+03  0.1958E+03
      2.389  0.7319E+02  0.1975E+03
      2.407  0.4822E+02  0.1986E+03
      2.425  0.6719E+02  0.1995E+03
      2.443  0.6235E+02  0.2011E+03
      2.461  0.6618E+02  0.2023E+03
      2.479  0.6783E+02  0.2034E+03
      2.498  0.7580E+02  0.2048E+03
      2.516  0.6262E+02  0.2061E+03
      2.534  0.6978E+02  0.2072E+03
      2.552  0.1034E+03  0.2087E+03
      2.570  0.8952E+02  0.2105E+03
      2.588  0.1095E+03  0.2123E+03
      2.607  0.5530E+02  0.2138E+03
      2.625  0.4313E+02  0.2146E+03
      2.643  0.3857E+02  0.2154E+03
      2.661  0.3628E+02  0.2160E+03
      2.679  0.3917E+02  0.2167E+03
      2.697  0.4934E+02  0.2175E+03
      2.716  0.6593E+02  0.2186E+03
      2.734  0.8219E+02  0.2199E+03
      2.752  0.9617E+02  0.2216E+03
      2.770  0.9309E+02  0.2233E+03
      2.788  0.7544E+02  0.2250E+03
      2.806  0.5367E+02  0.2263E+03
      2.825  0.3653E+02  0.2270E+03
      2.843  0.4007E+02  0.2277E+03
      2.861  0.6865E+02  0.2287E+03
      2.879  0.6512E+02  0.2299E+03
      2.897  0.7554E+02  0.2313E+03
      2.915  0.5836E+02  0.2324E+03
      2.934  0.4385E+02  0.2337E+03
      2.952  0.6410E+02  0.2349E+03
      2.970  0.5388E+02  0.2360E+03
      2.988  0.7159E+02  0.2370E+03
      3.006  0.5461E+02  0.2383E+03
      3.024  0.7321E+02  0.2394E+03
      3.043  0.6083E+02  0.2407E+03
      3.061  0.4932E+02  0.2417E+03
      3.079  0.4206E+02  0.2425E+03
      3.097  0.3605E+02  0.2432E+03
      3.115  0.2982E+02  0.2438E+03
      3.133  0.2485E+02  0.2443E+03
      3.152  0.2313E+02  0.2447E+03
      3.170  0.2497E+02  0.2451E+03
      3.188  0.3039E+02  0.2456E+03
      3.206  0.3473E+02  0.2462E+03
      3.224  0.4209E+02  0.2469E+03
      3.242  0.2949E+02  0.2476E+03
      3.261  0.2071E+02  0.2481E+03
      3.279  0.3700E+02  0.2485E+03
      3.297  0.5299E+02  0.2494E+03
      3.315  0.0000E+00  0.2500E+03
      3.333  0.1369E+02  0.2501E+03
      3.351  0.3744E+02  0.2506E+03
      3.370  0.4867E+02  0.2514E+03
      3.388  0.5402E+02  0.2523E+03
      3.406  0.5958E+02  0.2533E+03
      3.424  0.3569E+02  0.2543E+03
      3.442  0.2539E+02  0.2548E+03
      3.461  0.2199E+02  0.2552E+03
      3.479  0.1995E+02  0.2556E+03
      3.497  0.1805E+02  0.2559E+03
      3.515  0.1630E+02  0.2562E+03
      3.533  0.1472E+02  0.2565E+03
      3.551  0.1373E+02  0.2568E+03
      3.570  0.1348E+02  0.2570E+03
      3.588  0.1390E+02  0.2573E+03
      3.606  0.1431E+02  0.2575E+03
      3.624  0.1098E+02  0.2578E+03
      3.642  0.5963E+01  0.2579E+03
      3.660  0.1604E+01  0.2580E+03
      3.679  0.0000E+00  0.2580E+03
      3.697  0.0000E+00  0.2580E+03
      3.715  0.0000E+00  0.2580E+03
      3.733  0.0000E+00  0.2580E+03
      3.751  0.0000E+00  0.2580E+03
      3.769  0.0000E+00  0.2580E+03
      3.788  0.0000E+00  0.2580E+03
      3.806  0.0000E+00  0.2580E+03
      3.824  0.0000E+00  0.2580E+03
      3.842  0.0000E+00  0.2580E+03
      3.860  0.0000E+00  0.2580E+03
      3.878  0.0000E+00  0.2580E+03
      3.897  0.0000E+00  0.2580E+03
      3.915  0.0000E+00  0.2580E+03
      3.933  0.0000E+00  0.2580E+03
      3.951  0.0000E+00  0.2580E+03
      3.969  0.0000E+00  0.2580E+03
      3.987  0.0000E+00  0.2580E+03
      4.006  0.0000E+00  0.2580E+03
      4.024  0.0000E+00  0.2580E+03
      4.042  0.0000E+00  0.2580E+03
      4.060  0.0000E+00  0.2580E+03
      4.078  0.0000E+00  0.2580E+03
      4.096  0.0000E+00  0.2580E+03
      4.115  0.0000E+00  0.2580E+03
      4.133  0.0000E+00  0.2580E+03
      4.151  0.0000E+00  0.2580E+03
      4.169  0.0000E+00  0.2580E+03
      4.187  0.0000E+00  0.2580E+03
      4.205  0.0000E+00  0.2580E+03
      4.224  0.0000E+00  0.2580E+03
      4.242  0.0000E+00  0.2580E+03
      4.260  0.0000E+00  0.2580E+03
      4.278  0.0000E+00  0.2580E+03
      4.296  0.0000E+00  0.2580E+03
      4.314  0.0000E+00  0.2580E+03
      4.333  0.0000E+00  0.2580E+03
      4.351  0.0000E+00  0.2580E+03
      4.369  0.0000E+00  0.2580E+03
      4.387  0.0000E+00  0.2580E+03
      4.405  0.0000E+00  0.2580E+03
      4.423  0.0000E+00  0.2580E+03
      4.442  0.0000E+00  0.2580E+03
      4.460  0.0000E+00  0.2580E+03
      4.478  0.0000E+00  0.2580E+03
      4.496  0.0000E+00  0.2580E+03
      4.514  0.0000E+00  0.2580E+03
      4.533  0.0000E+00  0.2580E+03
      4.551  0.0000E+00  0.2580E+03
      4.569  0.0000E+00  0.2580E+03
      4.587  0.0000E+00  0.2580E+03
      4.605  0.0000E+00  0.2580E+03
      4.623  0.0000E+00  0.2580E+03
      4.642  0.0000E+00  0.2580E+03
      4.660  0.0000E+00  0.2580E+03
      4.678  0.0000E+00  0.2580E+03
      4.696  0.0000E+00  0.2580E+03
      4.714  0.0000E+00  0.2580E+03
      4.732  0.0000E+00  0.2580E+03
      4.751  0.0000E+00  0.2580E+03
      4.769  0.0000E+00  0.2580E+03
      4.787  0.0000E+00  0.2580E+03
      4.805  0.0000E+00  0.2580E+03
      4.823  0.0000E+00  0.2580E+03
      4.841  0.0000E+00  0.2580E+03
      4.860  0.0000E+00  0.2580E+03
      4.878  0.0000E+00  0.2580E+03
      4.896  0.0000E+00  0.2580E+03
      4.914  0.0000E+00  0.2580E+03
      4.932  0.0000E+00  0.2580E+03
      4.950  0.0000E+00  0.2580E+03
      4.969  0.0000E+00  0.2580E+03
      4.987  0.0000E+00  0.2580E+03
      5.005  0.0000E+00  0.2580E+03
      5.023  0.0000E+00  0.2580E+03
      5.041  0.0000E+00  0.2580E+03
      5.059  0.0000E+00  0.2580E+03
      5.078  0.0000E+00  0.2580E+03
      5.096  0.0000E+00  0.2580E+03
      5.114  0.0000E+00  0.2580E+03
      5.132  0.1144E+02  0.2581E+03
      5.150  0.4354E+02  0.2585E+03
      5.168  0.5640E+02  0.2597E+03
      5.187  0.0000E+00  0.2600E+03
      5.205  0.0000E+00  0.2600E+03
      5.223  0.0000E+00  0.2600E+03
      5.241  0.0000E+00  0.2600E+03
      5.259  0.0000E+00  0.2600E+03
      5.277  0.0000E+00  0.2600E+03
      5.296  0.0000E+00  0.2600E+03
      5.314  0.0000E+00  0.2600E+03
      5.332  0.0000E+00  0.2600E+03
      5.350  0.0000E+00  0.2600E+03
      5.368  0.1381E+02  0.2601E+03
      5.386  0.2866E+02  0.2605E+03
      5.405  0.2859E+02  0.2610E+03
      5.423  0.2845E+02  0.2616E+03
      5.441  0.9597E+01  0.2620E+03
      5.459  0.0000E+00  0.2620E+03
      5.477  0.0000E+00  0.2620E+03
      5.495  0.0000E+00  0.2620E+03
      5.514  0.0000E+00  0.2620E+03
      5.532  0.0000E+00  0.2620E+03
      5.550  0.0000E+00  0.2620E+03
      5.568  0.0000E+00  0.2620E+03
      5.586  0.0000E+00  0.2620E+03
      5.605  0.0000E+00  0.2620E+03
      5.623  0.0000E+00  0.2620E+03
      5.641  0.0000E+00  0.2620E+03
      5.659  0.0000E+00  0.2620E+03
      5.677  0.0000E+00  0.2620E+03
      5.695  0.0000E+00  0.2620E+03
      5.714  0.0000E+00  0.2620E+03
      5.732  0.0000E+00  0.2620E+03
      5.750  0.0000E+00  0.2620E+03
      5.768  0.0000E+00  0.2620E+03
      5.786  0.0000E+00  0.2620E+03
      5.804  0.0000E+00  0.2620E+03
      5.823  0.0000E+00  0.2620E+03
      5.841  0.0000E+00  0.2620E+03
      5.859  0.0000E+00  0.2620E+03
      5.877  0.0000E+00  0.2620E+03
      5.895  0.0000E+00  0.2620E+03
      5.913  0.0000E+00  0.2620E+03
      5.932  0.0000E+00  0.2620E+03
      5.950  0.0000E+00  0.2620E+03
      5.968  0.0000E+00  0.2620E+03
      5.986  0.0000E+00  0.2620E+03
      6.004  0.0000E+00  0.2620E+03
      6.022  0.0000E+00  0.2620E+03
      6.041  0.0000E+00  0.2620E+03
      6.059  0.0000E+00  0.2620E+03
      6.077  0.0000E+00  0.2620E+03
      6.095  0.0000E+00  0.2620E+03
      6.113  0.0000E+00  0.2620E+03
      6.131  0.0000E+00  0.2620E+03
      6.150  0.0000E+00  0.2620E+03
      6.168  0.0000E+00  0.2620E+03
      6.186  0.0000E+00  0.2620E+03
      6.204  0.0000E+00  0.2620E+03
      6.222  0.0000E+00  0.2620E+03
      6.240  0.0000E+00  0.2620E+03
      6.259  0.0000E+00  0.2620E+03
      6.277  0.0000E+00  0.2620E+03
      6.295  0.0000E+00  0.2620E+03
      6.313  0.0000E+00  0.2620E+03
      6.331  0.0000E+00  0.2620E+03
      6.349  0.0000E+00  0.2620E+03
      6.368  0.0000E+00  0.2620E+03
      6.386  0.0000E+00  0.2620E+03
      6.404  0.0000E+00  0.2620E+03
      6.422  0.0000E+00  0.2620E+03
      6.440  0.0000E+00  0.2620E+03
      6.458  0.0000E+00  0.2620E+03
      6.477  0.0000E+00  0.2620E+03
      6.495  0.0000E+00  0.2620E+03
      6.513  0.0000E+00  0.2620E+03
      6.531  0.0000E+00  0.2620E+03
      6.549  0.0000E+00  0.2620E+03
      6.568  0.0000E+00  0.2620E+03
      6.586  0.0000E+00  0.2620E+03
      6.604  0.0000E+00  0.2620E+03
      6.622  0.0000E+00  0.2620E+03
      6.640  0.0000E+00  0.2620E+03
      6.658  0.0000E+00  0.2620E+03
      6.677  0.0000E+00  0.2620E+03
      6.695  0.0000E+00  0.2620E+03
      6.713  0.0000E+00  0.2620E+03
      6.731  0.0000E+00  0.2620E+03
      6.749  0.0000E+00  0.2620E+03
      6.767  0.0000E+00  0.2620E+03
      6.786  0.0000E+00  0.2620E+03
      6.804  0.0000E+00  0.2620E+03
      6.822  0.0000E+00  0.2620E+03
      6.840  0.0000E+00  0.2620E+03
      6.858  0.0000E+00  0.2620E+03
      6.876  0.0000E+00  0.2620E+03
      6.895  0.0000E+00  0.2620E+03
      6.913  0.0000E+00  0.2620E+03
      6.931  0.0000E+00  0.2620E+03
      6.949  0.0000E+00  0.2620E+03
      6.967  0.0000E+00  0.2620E+03
      6.985  0.0000E+00  0.2620E+03
      7.004  0.0000E+00  0.2620E+03
      7.022  0.0000E+00  0.2620E+03
      7.040  0.0000E+00  0.2620E+03
      7.058  0.0000E+00  0.2620E+03
      7.076  0.0000E+00  0.2620E+03
      7.094  0.0000E+00  0.2620E+03
      7.113  0.0000E+00  0.2620E+03
      7.131  0.0000E+00  0.2620E+03
      7.149  0.0000E+00  0.2620E+03
      7.167  0.0000E+00  0.2620E+03
      7.185  0.0000E+00  0.2620E+03
      7.203  0.0000E+00  0.2620E+03
      7.222  0.0000E+00  0.2620E+03
      7.240  0.0000E+00  0.2620E+03
      7.258  0.0000E+00  0.2620E+03
      7.276  0.0000E+00  0.2620E+03
      7.294  0.0000E+00  0.2620E+03
      7.312  0.0000E+00  0.2620E+03
      7.331  0.0000E+00  0.2620E+03
      7.349  0.0000E+00  0.2620E+03
      7.367  0.0000E+00  0.2620E+03
      7.385  0.0000E+00  0.2620E+03
      7.403  0.0000E+00  0.2620E+03
      7.421  0.0000E+00  0.2620E+03
      7.440  0.0000E+00  0.2620E+03
      7.458  0.0000E+00  0.2620E+03
      7.476  0.0000E+00  0.2620E+03
      7.494  0.0000E+00  0.2620E+03
      7.512  0.3906E+01  0.2620E+03
      7.530  0.3166E+02  0.2623E+03
      7.549  0.6666E+02  0.2632E+03
      7.567  0.8288E+01  0.2640E+03
      7.585  0.0000E+00  0.2640E+03
      7.603  0.0000E+00  0.2640E+03
      7.621  0.0000E+00  0.2640E+03
      7.640  0.0000E+00  0.2640E+03
      7.658  0.0000E+00  0.2640E+03
      7.676  0.0000E+00  0.2640E+03
      7.694  0.0000E+00  0.2640E+03
      7.712  0.0000E+00  0.2640E+03
      7.730  0.0000E+00  0.2640E+03
      7.749  0.0000E+00  0.2640E+03
      7.767  0.0000E+00  0.2640E+03
      7.785  0.0000E+00  0.2640E+03
      7.803  0.0000E+00  0.2640E+03
      7.821  0.0000E+00  0.2640E+03
      7.839  0.0000E+00  0.2640E+03
      7.858  0.0000E+00  0.2640E+03
      7.876  0.0000E+00  0.2640E+03
      7.894  0.0000E+00  0.2640E+03
      7.912  0.0000E+00  0.2640E+03
      7.930  0.0000E+00  0.2640E+03
      7.948  0.0000E+00  0.2640E+03
      7.967  0.0000E+00  0.2640E+03
      7.985  0.0000E+00  0.2640E+03
      8.003  0.0000E+00  0.2640E+03
      8.021  0.0000E+00  0.2640E+03
      8.039  0.0000E+00  0.2640E+03
      8.057  0.0000E+00  0.2640E+03
      8.076  0.0000E+00  0.2640E+03
      8.094  0.0000E+00  0.2640E+03
      8.112  0.0000E+00  0.2640E+03
      8.130  0.0000E+00  0.2640E+03
      8.148  0.0000E+00  0.2640E+03
      8.166  0.0000E+00  0.2640E+03
      8.185  0.0000E+00  0.2640E+03
      8.203  0.0000E+00  0.2640E+03
      8.221  0.0000E+00  0.2640E+03
      8.239  0.0000E+00  0.2640E+03
      8.257  0.0000E+00  0.2640E+03
      8.275  0.0000E+00  0.2640E+03
      8.294  0.0000E+00  0.2640E+03
      8.312  0.0000E+00  0.2640E+03
      8.330  0.0000E+00  0.2640E+03
      8.348  0.0000E+00  0.2640E+03
      8.366  0.0000E+00  0.2640E+03
      8.384  0.0000E+00  0.2640E+03
      8.403  0.0000E+00  0.2640E+03
      8.421  0.0000E+00  0.2640E+03
      8.439  0.0000E+00  0.2640E+03
      8.457  0.0000E+00  0.2640E+03
      8.475  0.0000E+00  0.2640E+03
      8.493  0.0000E+00  0.2640E+03
      8.512  0.0000E+00  0.2640E+03
      8.530  0.0000E+00  0.2640E+03
      8.548  0.0000E+00  0.2640E+03
      8.566  0.0000E+00  0.2640E+03
      8.584  0.0000E+00  0.2640E+03
      8.602  0.0000E+00  0.2640E+03
      8.621  0.0000E+00  0.2640E+03
      8.639  0.0000E+00  0.2640E+03
      8.657  0.0000E+00  0.2640E+03
      8.675  0.0000E+00  0.2640E+03
      8.693  0.0000E+00  0.2640E+03
      8.712  0.0000E+00  0.2640E+03
      8.730  0.0000E+00  0.2640E+03
      8.748  0.0000E+00  0.2640E+03
      8.766  0.0000E+00  0.2640E+03
      8.784  0.0000E+00  0.2640E+03
      8.802  0.0000E+00  0.2640E+03
      8.821  0.0000E+00  0.2640E+03
      8.839  0.0000E+00  0.2640E+03
      8.857  0.0000E+00  0.2640E+03
      8.875  0.0000E+00  0.2640E+03
      8.893  0.0000E+00  0.2640E+03
      8.911  0.0000E+00  0.2640E+03
      8.930  0.0000E+00  0.2640E+03
      8.948  0.0000E+00  0.2640E+03
      8.966  0.0000E+00  0.2640E+03
      8.984  0.0000E+00  0.2640E+03
      9.002  0.0000E+00  0.2640E+03
      9.020  0.0000E+00  0.2640E+03
      9.039  0.0000E+00  0.2640E+03
      9.057  0.0000E+00  0.2640E+03
      9.075  0.0000E+00  0.2640E+03
      9.093  0.0000E+00  0.2640E+03
      9.111  0.0000E+00  0.2640E+03
      9.129  0.0000E+00  0.2640E+03
      9.148  0.0000E+00  0.2640E+03
      9.166  0.0000E+00  0.2640E+03
      9.184  0.0000E+00  0.2640E+03
      9.202  0.0000E+00  0.2640E+03
      9.220  0.0000E+00  0.2640E+03
      9.238  0.0000E+00  0.2640E+03
      9.257  0.0000E+00  0.2640E+03
      9.275  0.0000E+00  0.2640E+03
      9.293  0.0000E+00  0.2640E+03
      9.311  0.0000E+00  0.2640E+03
      9.329  0.0000E+00  0.2640E+03
      9.347  0.0000E+00  0.2640E+03
      9.366  0.0000E+00  0.2640E+03
      9.384  0.0000E+00  0.2640E+03
      9.402  0.0000E+00  0.2640E+03
      9.420  0.0000E+00  0.2640E+03
      9.438  0.0000E+00  0.2640E+03
      9.456  0.0000E+00  0.2640E+03
      9.475  0.0000E+00  0.2640E+03
      9.493  0.0000E+00  0.2640E+03
      9.511  0.0000E+00  0.2640E+03
      9.529  0.0000E+00  0.2640E+03
      9.547  0.0000E+00  0.2640E+03
      9.565  0.0000E+00  0.2640E+03
      9.584  0.0000E+00  0.2640E+03
      9.602  0.0000E+00  0.2640E+03
      9.620  0.0000E+00  0.2640E+03
      9.638  0.0000E+00  0.2640E+03
      9.656  0.0000E+00  0.2640E+03
      9.675  0.0000E+00  0.2640E+03
      9.693  0.0000E+00  0.2640E+03
      9.711  0.0000E+00  0.2640E+03
      9.729  0.0000E+00  0.2640E+03
      9.747  0.0000E+00  0.2640E+03
      9.765  0.0000E+00  0.2640E+03
      9.784  0.0000E+00  0.2640E+03
      9.802  0.0000E+00  0.2640E+03
      9.820  0.0000E+00  0.2640E+03
      9.838  0.0000E+00  0.2640E+03
      9.856  0.0000E+00  0.2640E+03
      9.874  0.0000E+00  0.2640E+03
      9.893  0.0000E+00  0.2640E+03
      9.911  0.0000E+00  0.2640E+03
      9.929  0.0000E+00  0.2640E+03
      9.947  0.0000E+00  0.2640E+03
      9.965  0.0000E+00  0.2640E+03
      9.983  0.0000E+00  0.2640E+03
     10.002  0.0000E+00  0.2640E+03
     10.020  0.0000E+00  0.2640E+03
     10.038  0.0000E+00  0.2640E+03
     10.056  0.0000E+00  0.2640E+03
     10.074  0.0000E+00  0.2640E+03
     10.092  0.0000E+00  0.2640E+03
     10.111  0.0000E+00  0.2640E+03
     10.129  0.0000E+00  0.2640E+03
     10.147  0.0000E+00  0.2640E+03
     10.165  0.0000E+00  0.2640E+03
     10.183  0.0000E+00  0.2640E+03
     10.201  0.0000E+00  0.2640E+03
     10.220  0.0000E+00  0.2640E+03
     10.238  0.0000E+00  0.2640E+03
     10.256  0.0000E+00  0.2640E+03
     10.274  0.0000E+00  0.2640E+03
     10.292  0.0000E+00  0.2640E+03
     10.310  0.3998E-06  0.2640E+03
     10.329  0.3422E-03  0.2640E+03
     10.347  0.1322E-02  0.2640E+03
     10.365  0.2941E-02  0.2640E+03
     10.383  0.5198E-02  0.2640E+03
     10.401  0.8093E-02  0.2640E+03
     10.419  0.1163E-01  0.2640E+03
     10.438  0.1580E-01  0.2640E+03
     10.456  0.2061E-01  0.2640E+03
     10.474  0.2606E-01  0.2640E+03
     10.492  0.3214E-01  0.2640E+03
     10.510  0.3887E-01  0.2640E+03
     10.528  0.4623E-01  0.2640E+03
     10.547  0.5424E-01  0.2640E+03
     10.565  0.6288E-01  0.2640E+03
     10.583  0.7215E-01  0.2640E+03
     10.601  0.8207E-01  0.2640E+03
     10.619  0.9263E-01  0.2640E+03
     10.637  0.1038E+00  0.2640E+03
     10.656  0.1157E+00  0.2640E+03
     10.674  0.1281E+00  0.2640E+03
     10.692  0.1412E+00  0.2640E+03
     10.710  0.1550E+00  0.2640E+03
     10.728  0.1694E+00  0.2640E+03
     10.747  0.1844E+00  0.2640E+03
     10.765  0.2001E+00  0.2640E+03
     10.783  0.2164E+00  0.2640E+03
     10.801  0.2333E+00  0.2640E+03
     10.819  0.2509E+00  0.2640E+03
     10.837  0.2691E+00  0.2640E+03
     10.856  0.2879E+00  0.2641E+03
     10.874  0.3074E+00  0.2641E+03
     10.892  0.3276E+00  0.2641E+03
     10.910  0.3483E+00  0.2641E+03
     10.928  0.3697E+00  0.2641E+03
     10.946  0.3918E+00  0.2641E+03
     10.965  0.4145E+00  0.2641E+03
     10.983  0.4378E+00  0.2641E+03
     11.001  0.4618E+00  0.2641E+03
     11.019  0.4864E+00  0.2641E+03
     11.037  0.5116E+00  0.2641E+03
     11.055  0.5375E+00  0.2641E+03
     11.074  0.5640E+00  0.2641E+03
     11.092  0.5911E+00  0.2642E+03
     11.110  0.6189E+00  0.2642E+03
     11.128  0.6474E+00  0.2642E+03
     11.146  0.6764E+00  0.2642E+03
     11.164  0.7061E+00  0.2642E+03
     11.183  0.7365E+00  0.2642E+03
     11.201  0.7675E+00  0.2642E+03
     11.219  0.7991E+00  0.2642E+03
     11.237  0.8313E+00  0.2643E+03
     11.255  0.8642E+00  0.2643E+03
     11.273  0.8978E+00  0.2643E+03
     11.292  0.9319E+00  0.2643E+03
     11.310  0.9668E+00  0.2643E+03
     11.328  0.1002E+01  0.2643E+03
     11.346  0.1038E+01  0.2644E+03
     11.364  0.1075E+01  0.2644E+03
     11.382  0.1112E+01  0.2644E+03
     11.401  0.1150E+01  0.2644E+03
     11.419  0.1189E+01  0.2644E+03
     11.437  0.1245E+01  0.2645E+03
     11.455  0.1311E+01  0.2645E+03
     11.473  0.1374E+01  0.2645E+03
     11.491  0.1434E+01  0.2645E+03
     11.510  0.1491E+01  0.2646E+03
     11.528  0.1546E+01  0.2646E+03
     11.546  0.1598E+01  0.2646E+03
     11.564  0.1647E+01  0.2646E+03
     11.582  0.1693E+01  0.2647E+03
     11.600  0.1736E+01  0.2647E+03
     11.619  0.1776E+01  0.2647E+03
     11.637  0.1814E+01  0.2648E+03
     11.655  0.1894E+01  0.2648E+03
     11.673  0.2074E+01  0.2648E+03
     11.691  0.2273E+01  0.2649E+03
     11.709  0.2464E+01  0.2649E+03
     11.728  0.2646E+01  0.2650E+03
     11.746  0.2820E+01  0.2650E+03
     11.764  0.2986E+01  0.2651E+03
     11.782  0.3143E+01  0.2651E+03
     11.800  0.3291E+01  0.2652E+03
     11.819  0.3431E+01  0.2652E+03
     11.837  0.3563E+01  0.2653E+03
     11.855  0.3686E+01  0.2654E+03
     11.873  0.3801E+01  0.2654E+03
     11.891  0.3907E+01  0.2655E+03
     11.909  0.4005E+01  0.2656E+03
     11.928  0.4095E+01  0.2657E+03
     11.946  0.4176E+01  0.2657E+03
     11.964  0.4248E+01  0.2658E+03
     11.982  0.4313E+01  0.2659E+03
     12.000  0.4368E+01  0.2660E+03
     12.018  0.4416E+01  0.2661E+03
     12.037  0.4454E+01  0.2661E+03
     12.055  0.4485E+01  0.2662E+03
     12.073  0.4507E+01  0.2663E+03
     12.091  0.4520E+01  0.2664E+03
     12.109  0.4525E+01  0.2665E+03
     12.127  0.4522E+01  0.2665E+03
     12.146  0.4510E+01  0.2666E+03
     12.164  0.4490E+01  0.2667E+03
     12.182  0.4457E+01  0.2668E+03
     12.200  0.4343E+01  0.2669E+03
     12.218  0.4176E+01  0.2669E+03
     12.236  0.4015E+01  0.2670E+03
     12.255  0.3859E+01  0.2671E+03
     12.273  0.3708E+01  0.2672E+03
     12.291  0.3562E+01  0.2672E+03
     12.309  0.3405E+01  0.2673E+03
     12.327  0.3158E+01  0.2673E+03
     12.345  0.2885E+01  0.2674E+03
     12.364  0.2740E+01  0.2675E+03
     12.382  0.2636E+01  0.2675E+03
     12.400  0.2545E+01  0.2675E+03
     12.418  0.2466E+01  0.2676E+03
     12.436  0.2399E+01  0.2676E+03
     12.454  0.2345E+01  0.2677E+03
     12.473  0.2303E+01  0.2677E+03
     12.491  0.2273E+01  0.2678E+03
     12.509  0.2254E+01  0.2678E+03
     12.527  0.2237E+01  0.2678E+03
     12.545  0.2222E+01  0.2679E+03
     12.563  0.2209E+01  0.2679E+03
     12.582  0.2196E+01  0.2680E+03
     12.600  0.2299E+01  0.2680E+03
     12.618  0.2611E+01  0.2681E+03
     12.636  0.3065E+01  0.2681E+03
     12.654  0.3332E+01  0.2682E+03
     12.672  0.3350E+01  0.2682E+03
     12.691  0.3367E+01  0.2683E+03
     12.709  0.3383E+01  0.2683E+03
     12.727  0.3398E+01  0.2684E+03
     12.745  0.3413E+01  0.2685E+03
     12.763  0.3427E+01  0.2685E+03
     12.782  0.3441E+01  0.2686E+03
     12.800  0.3455E+01  0.2687E+03
     12.818  0.3470E+01  0.2687E+03
     12.836  0.3487E+01  0.2688E+03
     12.854  0.3508E+01  0.2688E+03
     12.872  0.3532E+01  0.2689E+03
     12.891  0.3561E+01  0.2690E+03
     12.909  0.3595E+01  0.2690E+03
     12.927  0.3634E+01  0.2691E+03
     12.945  0.3677E+01  0.2692E+03
     12.963  0.3726E+01  0.2692E+03
     12.981  0.3779E+01  0.2693E+03
     13.000  0.3837E+01  0.2694E+03
     13.018  0.3901E+01  0.2694E+03
     13.036  0.3969E+01  0.2695E+03
     13.054  0.4042E+01  0.2696E+03
     13.072  0.4120E+01  0.2697E+03
     13.090  0.4202E+01  0.2697E+03
     13.109  0.4290E+01  0.2698E+03
     13.127  0.4383E+01  0.2699E+03
     13.145  0.4484E+01  0.2700E+03
     13.163  0.4595E+01  0.2701E+03
     13.181  0.4713E+01  0.2701E+03
     13.199  0.4841E+01  0.2702E+03
     13.218  0.4975E+01  0.2703E+03
     13.236  0.5117E+01  0.2704E+03
     13.254  0.5266E+01  0.2705E+03
     13.272  0.5421E+01  0.2706E+03
     13.290  0.5584E+01  0.2707E+03
     13.308  0.5753E+01  0.2708E+03
     13.327  0.5930E+01  0.2709E+03
     13.345  0.6113E+01  0.2710E+03
     13.363  0.6304E+01  0.2711E+03
     13.381  0.6501E+01  0.2713E+03
     13.399  0.6705E+01  0.2714E+03
     13.417  0.6916E+01  0.2715E+03
     13.436  0.7134E+01  0.2716E+03
     13.454  0.7359E+01  0.2718E+03
     13.472  0.7591E+01  0.2719E+03
     13.490  0.7830E+01  0.2720E+03
     13.508  0.8076E+01  0.2722E+03
     13.526  0.8329E+01  0.2723E+03
     13.545  0.8588E+01  0.2725E+03
     13.563  0.8852E+01  0.2726E+03
     13.581  0.9117E+01  0.2728E+03
     13.599  0.9395E+01  0.2730E+03
     13.617  0.9689E+01  0.2731E+03
     13.635  0.9999E+01  0.2733E+03
     13.654  0.1032E+02  0.2735E+03
     13.672  0.1067E+02  0.2737E+03
     13.690  0.1102E+02  0.2739E+03
     13.708  0.1140E+02  0.2741E+03
     13.726  0.1186E+02  0.2743E+03
     13.744  0.1244E+02  0.2745E+03
     13.763  0.1336E+02  0.2748E+03
     13.781  0.1480E+02  0.2750E+03
     13.799  0.1623E+02  0.2753E+03
     13.817  0.1765E+02  0.2756E+03
     13.835  0.1934E+02  0.2759E+03
     13.854  0.2155E+02  0.2763E+03
     13.872  0.2336E+02  0.2767E+03
     13.890  0.2430E+02  0.2772E+03
     13.908  0.2474E+02  0.2776E+03
     13.926  0.2429E+02  0.2780E+03
     13.944  0.2278E+02  0.2785E+03
     13.963  0.2037E+02  0.2789E+03
     13.981  0.1787E+02  0.2792E+03
     13.999  0.1759E+02  0.2795E+03
     14.017  0.1863E+02  0.2799E+03
     14.035  0.1881E+02  0.2802E+03
     14.053  0.1809E+02  0.2805E+03
     14.072  0.1646E+02  0.2809E+03
     14.090  0.1516E+02  0.2811E+03
     14.108  0.1641E+02  0.2814E+03
     14.126  0.2326E+02  0.2818E+03
     14.144  0.2709E+02  0.2822E+03
     14.162  0.3285E+02  0.2828E+03
     14.181  0.3458E+02  0.2835E+03
     14.199  0.7756E+01  0.2838E+03
     14.217  0.7018E+01  0.2839E+03
     14.235  0.9292E+01  0.2841E+03
     14.253  0.1244E+02  0.2843E+03
     14.271  0.1458E+02  0.2845E+03
     14.290  0.1574E+02  0.2848E+03
     14.308  0.1580E+02  0.2851E+03
     14.326  0.1474E+02  0.2854E+03
     14.344  0.1263E+02  0.2856E+03
     14.362  0.1110E+02  0.2858E+03
     14.380  0.1064E+02  0.2860E+03
     14.399  0.1021E+02  0.2862E+03
     14.417  0.9805E+01  0.2864E+03
     14.435  0.9425E+01  0.2866E+03
     14.453  0.9306E+01  0.2867E+03
     14.471  0.9294E+01  0.2869E+03
     14.489  0.9380E+01  0.2871E+03
     14.508  0.9563E+01  0.2872E+03
     14.526  0.9805E+01  0.2874E+03
     14.544  0.9899E+01  0.2876E+03
     14.562  0.9815E+01  0.2878E+03
     14.580  0.9775E+01  0.2880E+03
     14.598  0.9826E+01  0.2881E+03
     14.617  0.9907E+01  0.2883E+03
     14.635  0.9985E+01  0.2885E+03
     14.653  0.1012E+02  0.2887E+03
     14.671  0.1037E+02  0.2889E+03
     14.689  0.1066E+02  0.2891E+03
     14.707  0.1097E+02  0.2892E+03
     14.726  0.1137E+02  0.2894E+03
     14.744  0.1184E+02  0.2897E+03
     14.762  0.1231E+02  0.2899E+03
     14.780  0.1279E+02  0.2901E+03
     14.798  0.1331E+02  0.2903E+03
     14.816  0.1384E+02  0.2906E+03
     14.835  0.1440E+02  0.2908E+03
     14.853  0.1496E+02  0.2911E+03
     14.871  0.1555E+02  0.2914E+03
     14.889  0.1612E+02  0.2917E+03
     14.907  0.1666E+02  0.2920E+03
     14.926  0.1717E+02  0.2923E+03
     14.944  0.1766E+02  0.2926E+03
     14.962  0.1812E+02  0.2929E+03
     14.980  0.1870E+02  0.2933E+03
     14.998  0.1937E+02  0.2936E+03
     15.016  0.2013E+02  0.2940E+03
     15.035  0.2091E+02  0.2943E+03
     15.053  0.2165E+02  0.2947E+03
     15.071  0.2234E+02  0.2951E+03
     15.089  0.2299E+02  0.2955E+03
     15.107  0.2359E+02  0.2960E+03
     15.125  0.2411E+02  0.2964E+03
     15.144  0.2408E+02  0.2968E+03
     15.162  0.2359E+02  0.2973E+03
     15.180  0.2335E+02  0.2977E+03
     15.198  0.2329E+02  0.2981E+03
     15.216  0.2112E+02  0.2985E+03
     15.234  0.2084E+02  0.2989E+03
     15.253  0.1967E+02  0.2993E+03
     15.271  0.1800E+02  0.2996E+03
     15.289  0.1777E+02  0.2999E+03
     15.307  0.1721E+02  0.3003E+03
     15.325  0.1600E+02  0.3006E+03
     15.343  0.1438E+02  0.3008E+03
     15.362  0.1420E+02  0.3011E+03
     15.380  0.1810E+02  0.3014E+03
     15.398  0.2047E+02  0.3017E+03
     15.416  0.2249E+02  0.3021E+03
     15.434  0.2367E+02  0.3025E+03
     15.452  0.2371E+02  0.3030E+03
     15.471  0.2394E+02  0.3034E+03
     15.489  0.2456E+02  0.3038E+03
     15.507  0.2601E+02  0.3043E+03
     15.525  0.2809E+02  0.3048E+03
     15.543  0.3078E+02  0.3053E+03
     15.561  0.3284E+02  0.3059E+03
     15.580  0.3398E+02  0.3065E+03
     15.598  0.3419E+02  0.3071E+03
     15.616  0.3414E+02  0.3078E+03
     15.634  0.3396E+02  0.3084E+03
     15.652  0.3367E+02  0.3090E+03
     15.670  0.3305E+02  0.3096E+03
     15.689  0.3215E+02  0.3102E+03
     15.707  0.3151E+02  0.3108E+03
     15.725  0.3034E+02  0.3113E+03
     15.743  0.2870E+02  0.3119E+03
     15.761  0.2715E+02  0.3124E+03
     15.779  0.2583E+02  0.3129E+03
     15.798  0.2509E+02  0.3133E+03
     15.816  0.2363E+02  0.3138E+03
     15.834  0.2154E+02  0.3142E+03
     15.852  0.1957E+02  0.3145E+03
     15.870  0.1792E+02  0.3149E+03
     15.889  0.1713E+02  0.3152E+03
     15.907  0.1599E+02  0.3155E+03
     15.925  0.1523E+02  0.3158E+03
     15.943  0.1591E+02  0.3161E+03
     15.961  0.1452E+02  0.3163E+03
     15.979  0.8079E+01  0.3165E+03
     15.998  0.6185E+01  0.3167E+03
     16.016  0.7086E+01  0.3168E+03
     16.034  0.8096E+01  0.3169E+03
     16.052  0.9228E+01  0.3171E+03
     16.070  0.1045E+02  0.3173E+03
     16.088  0.1162E+02  0.3175E+03
     16.107  0.1267E+02  0.3177E+03
     16.125  0.1373E+02  0.3179E+03
     16.143  0.1480E+02  0.3182E+03
     16.161  0.1561E+02  0.3185E+03
     16.179  0.1629E+02  0.3188E+03
     16.197  0.1688E+02  0.3191E+03
     16.216  0.1736E+02  0.3194E+03
     16.234  0.1776E+02  0.3197E+03
     16.252  0.1807E+02  0.3200E+03
     16.270  0.1834E+02  0.3203E+03
     16.288  0.1837E+02  0.3207E+03
     16.306  0.1813E+02  0.3210E+03
     16.325  0.1793E+02  0.3213E+03
     16.343  0.1842E+02  0.3217E+03
     16.361  0.1882E+02  0.3220E+03
     16.379  0.1888E+02  0.3223E+03
     16.397  0.1876E+02  0.3227E+03
     16.415  0.1849E+02  0.3230E+03
     16.434  0.1826E+02  0.3234E+03
     16.452  0.1807E+02  0.3237E+03
     16.470  0.1781E+02  0.3240E+03
     16.488  0.1749E+02  0.3243E+03
     16.506  0.1710E+02  0.3246E+03
     16.524  0.1678E+02  0.3250E+03
     16.543  0.1672E+02  0.3253E+03
     16.561  0.1620E+02  0.3256E+03
     16.579  0.1496E+02  0.3258E+03
     16.597  0.1383E+02  0.3261E+03
     16.615  0.1394E+02  0.3264E+03
     16.633  0.1414E+02  0.3266E+03
     16.652  0.1431E+02  0.3269E+03
     16.670  0.1432E+02  0.3271E+03
     16.688  0.1412E+02  0.3274E+03
     16.706  0.1357E+02  0.3276E+03
     16.724  0.1303E+02  0.3279E+03
     16.742  0.1280E+02  0.3281E+03
     16.761  0.1242E+02  0.3283E+03
     16.779  0.1213E+02  0.3286E+03
     16.797  0.1194E+02  0.3288E+03
     16.815  0.1187E+02  0.3290E+03
     16.833  0.1192E+02  0.3292E+03
     16.851  0.1210E+02  0.3294E+03
     16.870  0.1240E+02  0.3297E+03
     16.888  0.1267E+02  0.3299E+03
     16.906  0.1280E+02  0.3301E+03
     16.924  0.1277E+02  0.3304E+03
     16.942  0.1251E+02  0.3306E+03
     16.961  0.1213E+02  0.3308E+03
     16.979  0.1185E+02  0.3310E+03
     16.997  0.1170E+02  0.3312E+03
     17.015  0.1154E+02  0.3314E+03
     17.033  0.1132E+02  0.3317E+03
     17.051  0.1107E+02  0.3319E+03
     17.070  0.1103E+02  0.3321E+03
     17.088  0.1121E+02  0.3323E+03
     17.106  0.1147E+02  0.3325E+03
     17.124  0.1165E+02  0.3327E+03
     17.142  0.1177E+02  0.3329E+03
     17.160  0.1181E+02  0.3331E+03
     17.179  0.1176E+02  0.3333E+03
     17.197  0.1163E+02  0.3335E+03
     17.215  0.1140E+02  0.3337E+03
     17.233  0.1107E+02  0.3339E+03
     17.251  0.1065E+02  0.3341E+03
     17.269  0.1020E+02  0.3343E+03
     17.288  0.9721E+01  0.3345E+03
     17.306  0.9212E+01  0.3347E+03
     17.324  0.8676E+01  0.3348E+03
     17.342  0.8115E+01  0.3350E+03
     17.360  0.7518E+01  0.3351E+03
     17.378  0.6885E+01  0.3353E+03
     17.397  0.6211E+01  0.3354E+03
     17.415  0.5484E+01  0.3355E+03
     17.433  0.4789E+01  0.3356E+03
     17.451  0.4161E+01  0.3357E+03
     17.469  0.3595E+01  0.3357E+03
     17.487  0.3073E+01  0.3358E+03
     17.506  0.2594E+01  0.3359E+03
     17.524  0.2158E+01  0.3359E+03
     17.542  0.1738E+01  0.3359E+03
     17.560  0.1318E+01  0.3360E+03
     17.578  0.8974E+00  0.3360E+03
     17.596  0.4761E+00  0.3360E+03
     17.615  0.5416E-01  0.3360E+03
     17.633  0.0000E+00  0.3360E+03
     17.651  0.0000E+00  0.3360E+03
     17.669  0.0000E+00  0.3360E+03
     17.687  0.0000E+00  0.3360E+03
     17.705  0.0000E+00  0.3360E+03
     17.724  0.0000E+00  0.3360E+03
     17.742  0.0000E+00  0.3360E+03
     17.760  0.0000E+00  0.3360E+03
     17.778  0.0000E+00  0.3360E+03
     17.796  0.0000E+00  0.3360E+03
     17.814  0.0000E+00  0.3360E+03
     17.833  0.0000E+00  0.3360E+03
     17.851  0.0000E+00  0.3360E+03
     17.869  0.0000E+00  0.3360E+03
     17.887  0.0000E+00  0.3360E+03
     17.905  0.0000E+00  0.3360E+03
     17.923  0.0000E+00  0.3360E+03
     17.942  0.0000E+00  0.3360E+03
     17.960  0.0000E+00  0.3360E+03
     17.978  0.0000E+00  0.3360E+03
     17.996  0.0000E+00  0.3360E+03
     18.014  0.0000E+00  0.3360E+03
     18.033  0.0000E+00  0.3360E+03
     18.051  0.0000E+00  0.3360E+03
     18.069  0.0000E+00  0.3360E+03
     18.087  0.0000E+00  0.3360E+03
     18.105  0.0000E+00  0.3360E+03
     18.123  0.0000E+00  0.3360E+03
     18.142  0.0000E+00  0.3360E+03
     18.160  0.0000E+00  0.3360E+03
     18.178  0.0000E+00  0.3360E+03
     18.196  0.0000E+00  0.3360E+03
     18.214  0.0000E+00  0.3360E+03
     18.232  0.0000E+00  0.3360E+03
     18.251  0.0000E+00  0.3360E+03
     18.269  0.0000E+00  0.3360E+03
     18.287  0.0000E+00  0.3360E+03
     18.305  0.0000E+00  0.3360E+03
     18.323  0.0000E+00  0.3360E+03
     18.341  0.0000E+00  0.3360E+03
     18.360  0.0000E+00  0.3360E+03
     18.378  0.0000E+00  0.3360E+03
     18.396  0.0000E+00  0.3360E+03
     18.414  0.0000E+00  0.3360E+03
     18.432  0.0000E+00  0.3360E+03
     18.450  0.0000E+00  0.3360E+03
     18.469  0.0000E+00  0.3360E+03
     18.487  0.0000E+00  0.3360E+03
     18.505  0.0000E+00  0.3360E+03
     18.523  0.0000E+00  0.3360E+03
     18.541  0.0000E+00  0.3360E+03
     18.559  0.0000E+00  0.3360E+03
     18.578  0.0000E+00  0.3360E+03
     18.596  0.0000E+00  0.3360E+03
     18.614  0.0000E+00  0.3360E+03
     18.632  0.0000E+00  0.3360E+03
     18.650  0.0000E+00  0.3360E+03
     18.668  0.0000E+00  0.3360E+03
     18.687  0.0000E+00  0.3360E+03
     18.705  0.0000E+00  0.3360E+03
     18.723  0.0000E+00  0.3360E+03
     18.741  0.0000E+00  0.3360E+03
     18.759  0.0000E+00  0.3360E+03
     18.777  0.0000E+00  0.3360E+03
     18.796  0.0000E+00  0.3360E+03
     18.814  0.0000E+00  0.3360E+03
     18.832  0.0000E+00  0.3360E+03
     18.850  0.0000E+00  0.3360E+03
     18.868  0.0000E+00  0.3360E+03
     18.886  0.0000E+00  0.3360E+03
     18.905  0.0000E+00  0.3360E+03
     18.923  0.0000E+00  0.3360E+03
     18.941  0.0000E+00  0.3360E+03
     18.959  0.0000E+00  0.3360E+03
     18.977  0.0000E+00  0.3360E+03
     18.996  0.0000E+00  0.3360E+03
     19.014  0.0000E+00  0.3360E+03
     19.032  0.0000E+00  0.3360E+03
     19.050  0.0000E+00  0.3360E+03
     19.068  0.0000E+00  0.3360E+03
     19.086  0.0000E+00  0.3360E+03
     19.105  0.0000E+00  0.3360E+03
     19.123  0.0000E+00  0.3360E+03
     19.141  0.0000E+00  0.3360E+03
     19.159  0.0000E+00  0.3360E+03
     19.177  0.0000E+00  0.3360E+03
     19.195  0.0000E+00  0.3360E+03
     19.214  0.0000E+00  0.3360E+03
     19.232  0.0000E+00  0.3360E+03
     19.250  0.0000E+00  0.3360E+03
     19.268  0.0000E+00  0.3360E+03


