 Energy DOS Integrated_DOS
    -17.101  0.0000E+00  0.0000E+00
    -17.083  0.0000E+00  0.0000E+00
    -17.065  0.0000E+00  0.0000E+00
    -17.047  0.0000E+00  0.0000E+00
    -17.029  0.0000E+00  0.0000E+00
    -17.010  0.0000E+00  0.0000E+00
    -16.992  0.0000E+00  0.0000E+00
    -16.974  0.0000E+00  0.0000E+00
    -16.956  0.0000E+00  0.0000E+00
    -16.937  0.0000E+00  0.0000E+00
    -16.919  0.0000E+00  0.0000E+00
    -16.901  0.0000E+00  0.0000E+00
    -16.883  0.0000E+00  0.0000E+00
    -16.865  0.0000E+00  0.0000E+00
    -16.846  0.0000E+00  0.0000E+00
    -16.828  0.0000E+00  0.0000E+00
    -16.810  0.0000E+00  0.0000E+00
    -16.792  0.0000E+00  0.0000E+00
    -16.774  0.0000E+00  0.0000E+00
    -16.755  0.0000E+00  0.0000E+00
    -16.737  0.0000E+00  0.0000E+00
    -16.719  0.0000E+00  0.0000E+00
    -16.701  0.0000E+00  0.0000E+00
    -16.683  0.0000E+00  0.0000E+00
    -16.664  0.0000E+00  0.0000E+00
    -16.646  0.0000E+00  0.0000E+00
    -16.628  0.0000E+00  0.0000E+00
    -16.610  0.0000E+00  0.0000E+00
    -16.591  0.0000E+00  0.0000E+00
    -16.573  0.0000E+00  0.0000E+00
    -16.555  0.0000E+00  0.0000E+00
    -16.537  0.0000E+00  0.0000E+00
    -16.519  0.0000E+00  0.0000E+00
    -16.500  0.0000E+00  0.0000E+00
    -16.482  0.0000E+00  0.0000E+00
    -16.464  0.0000E+00  0.0000E+00
    -16.446  0.0000E+00  0.0000E+00
    -16.428  0.0000E+00  0.0000E+00
    -16.409  0.0000E+00  0.0000E+00
    -16.391  0.0000E+00  0.0000E+00
    -16.373  0.0000E+00  0.0000E+00
    -16.355  0.0000E+00  0.0000E+00
    -16.337  0.0000E+00  0.0000E+00
    -16.318  0.0000E+00  0.0000E+00
    -16.300  0.0000E+00  0.0000E+00
    -16.282  0.0000E+00  0.0000E+00
    -16.264  0.0000E+00  0.0000E+00
    -16.245  0.0000E+00  0.0000E+00
    -16.227  0.0000E+00  0.0000E+00
    -16.209  0.0000E+00  0.0000E+00
    -16.191  0.0000E+00  0.0000E+00
    -16.173  0.0000E+00  0.0000E+00
    -16.154  0.0000E+00  0.0000E+00
    -16.136  0.0000E+00  0.0000E+00
    -16.118  0.0000E+00  0.0000E+00
    -16.100  0.0000E+00  0.0000E+00
    -16.082  0.0000E+00  0.0000E+00
    -16.063  0.0000E+00  0.0000E+00
    -16.045  0.0000E+00  0.0000E+00
    -16.027  0.0000E+00  0.0000E+00
    -16.009  0.0000E+00  0.0000E+00
    -15.991  0.0000E+00  0.0000E+00
    -15.972  0.0000E+00  0.0000E+00
    -15.954  0.0000E+00  0.0000E+00
    -15.936  0.0000E+00  0.0000E+00
    -15.918  0.0000E+00  0.0000E+00
    -15.899  0.0000E+00  0.0000E+00
    -15.881  0.0000E+00  0.0000E+00
    -15.863  0.0000E+00  0.0000E+00
    -15.845  0.0000E+00  0.0000E+00
    -15.827  0.0000E+00  0.0000E+00
    -15.808  0.0000E+00  0.0000E+00
    -15.790  0.0000E+00  0.0000E+00
    -15.772  0.0000E+00  0.0000E+00
    -15.754  0.0000E+00  0.0000E+00
    -15.736  0.0000E+00  0.0000E+00
    -15.717  0.0000E+00  0.0000E+00
    -15.699  0.0000E+00  0.0000E+00
    -15.681  0.0000E+00  0.0000E+00
    -15.663  0.0000E+00  0.0000E+00
    -15.645  0.0000E+00  0.0000E+00
    -15.626  0.0000E+00  0.0000E+00
    -15.608  0.0000E+00  0.0000E+00
    -15.590  0.0000E+00  0.0000E+00
    -15.572  0.0000E+00  0.0000E+00
    -15.553  0.0000E+00  0.0000E+00
    -15.535  0.0000E+00  0.0000E+00
    -15.517  0.0000E+00  0.0000E+00
    -15.499  0.0000E+00  0.0000E+00
    -15.481  0.0000E+00  0.0000E+00
    -15.462  0.0000E+00  0.0000E+00
    -15.444  0.1616E-02  0.1338E-05
    -15.426  0.1122E+00  0.7742E-03
    -15.408  0.3967E+00  0.5144E-02
    -15.390  0.8549E+00  0.1628E-01
    -15.371  0.1487E+01  0.3734E-01
    -15.353  0.2293E+01  0.7149E-01
    -15.335  0.3273E+01  0.1219E+00
    -15.317  0.4426E+01  0.1917E+00
    -15.299  0.5754E+01  0.2842E+00
    -15.280  0.7259E+01  0.4024E+00
    -15.262  0.8594E+01  0.5474E+00
    -15.244  0.9525E+01  0.7130E+00
    -15.226  0.1005E+02  0.8918E+00
    -15.207  0.1018E+02  0.1077E+01
    -15.189  0.9902E+01  0.1260E+01
    -15.171  0.9222E+01  0.1435E+01
    -15.153  0.8140E+01  0.1594E+01
    -15.135  0.7010E+01  0.1730E+01
    -15.116  0.8773E+01  0.1870E+01
    -15.098  0.1057E+02  0.2047E+01
    -15.080  0.1174E+02  0.2251E+01
    -15.062  0.1228E+02  0.2471E+01
    -15.044  0.1220E+02  0.2695E+01
    -15.025  0.1150E+02  0.2912E+01
    -15.007  0.1020E+02  0.3110E+01
    -14.989  0.9301E+01  0.3285E+01
    -14.971  0.9481E+01  0.3456E+01
    -14.953  0.9617E+01  0.3630E+01
    -14.934  0.9710E+01  0.3806E+01
    -14.916  0.9760E+01  0.3983E+01
    -14.898  0.9767E+01  0.4161E+01
    -14.880  0.9729E+01  0.4338E+01
    -14.861  0.1003E+02  0.4515E+01
    -14.843  0.1592E+02  0.4748E+01
    -14.825  0.1836E+02  0.5066E+01
    -14.807  0.1935E+02  0.5410E+01
    -14.789  0.1990E+02  0.5768E+01
    -14.770  0.2002E+02  0.6132E+01
    -14.752  0.1975E+02  0.6494E+01
    -14.734  0.1935E+02  0.6850E+01
    -14.716  0.1882E+02  0.7198E+01
    -14.698  0.1774E+02  0.7532E+01
    -14.679  0.1608E+02  0.7841E+01
    -14.661  0.1384E+02  0.8114E+01
    -14.643  0.1101E+02  0.8341E+01
    -14.625  0.1233E+02  0.8542E+01
    -14.607  0.1600E+02  0.8799E+01
    -14.588  0.2014E+02  0.9127E+01
    -14.570  0.2495E+02  0.9536E+01
    -14.552  0.9121E+02  0.1054E+02
    -14.534  0.4195E+02  0.1137E+02
    -14.515  0.4202E+02  0.1215E+02
    -14.497  0.4080E+02  0.1291E+02
    -14.479  0.5369E+02  0.1368E+02
    -14.461  0.1190E+02  0.1449E+02
    -14.443  0.3175E+02  0.1477E+02
    -14.424  0.2069E+02  0.1571E+02
    -14.406  0.6526E+01  0.1595E+02
    -14.388  0.3789E+01  0.1601E+02
    -14.370  0.4445E+02  0.1636E+02
    -14.352  0.4581E+02  0.1731E+02
    -14.333  0.3242E+02  0.1792E+02
    -14.315  0.6552E+02  0.1865E+02
    -14.297  0.5529E+02  0.1984E+02
    -14.279  0.3373E+02  0.2062E+02
    -14.261  0.3128E+02  0.2119E+02
    -14.242  0.3242E+02  0.2177E+02
    -14.224  0.3185E+02  0.2236E+02
    -14.206  0.2958E+02  0.2292E+02
    -14.188  0.2648E+02  0.2343E+02
    -14.169  0.3435E+02  0.2396E+02
    -14.151  0.4850E+02  0.2472E+02
    -14.133  0.6740E+02  0.2578E+02
    -14.115  0.7535E+02  0.2711E+02
    -14.097  0.6344E+02  0.2843E+02
    -14.078  0.2416E+02  0.2926E+02
    -14.060  0.1919E+02  0.2967E+02
    -14.042  0.8095E+01  0.2992E+02
    -14.024  0.1104E+03  0.3061E+02
    -14.006  0.5843E+02  0.3215E+02
    -13.987  0.4571E+02  0.3307E+02
    -13.969  0.2558E+02  0.3373E+02
    -13.951  0.3548E+01  0.3399E+02
    -13.933  0.1895E+01  0.3401E+02
    -13.915  0.1721E+02  0.3415E+02
    -13.896  0.5246E+02  0.3478E+02
    -13.878  0.1124E+03  0.3614E+02
    -13.860  0.7473E+02  0.3790E+02
    -13.842  0.5052E+02  0.3900E+02
    -13.823  0.3951E+02  0.3981E+02
    -13.805  0.1252E+03  0.4120E+02
    -13.787  0.6993E+02  0.4306E+02
    -13.769  0.5803E+02  0.4402E+02
    -13.751  0.8166E+02  0.4551E+02
    -13.732  0.5319E+02  0.4675E+02
    -13.714  0.2946E+02  0.4753E+02
    -13.696  0.1404E+02  0.4790E+02
    -13.678  0.1301E+02  0.4813E+02
    -13.660  0.3339E+02  0.4852E+02
    -13.641  0.7710E+02  0.4945E+02
    -13.623  0.5518E+02  0.5084E+02
    -13.605  0.8789E+02  0.5226E+02
    -13.587  0.2787E+02  0.5329E+02
    -13.569  0.1573E+02  0.5367E+02
    -13.550  0.7852E+01  0.5388E+02
    -13.532  0.2703E+01  0.5398E+02
    -13.514  0.2359E+00  0.5400E+02
    -13.496  0.0000E+00  0.5400E+02
    -13.477  0.0000E+00  0.5400E+02
    -13.459  0.6825E+02  0.5479E+02
    -13.441  0.3858E+02  0.5576E+02
    -13.423  0.1076E+02  0.5619E+02
    -13.405  0.1536E+02  0.5643E+02
    -13.386  0.2034E+02  0.5675E+02
    -13.368  0.2529E+02  0.5717E+02
    -13.350  0.8720E+02  0.5818E+02
    -13.332  0.4189E+02  0.5944E+02
    -13.314  0.5198E+02  0.6033E+02
    -13.295  0.4319E+02  0.6121E+02
    -13.277  0.2336E+02  0.6187E+02
    -13.259  0.0000E+00  0.6200E+02
    -13.241  0.5974E+01  0.6201E+02
    -13.223  0.5428E+02  0.6269E+02
    -13.204  0.3874E+02  0.6356E+02
    -13.186  0.5911E+01  0.6398E+02
    -13.168  0.0000E+00  0.6400E+02
    -13.150  0.0000E+00  0.6400E+02
    -13.131  0.0000E+00  0.6400E+02
    -13.113  0.0000E+00  0.6400E+02
    -13.095  0.0000E+00  0.6400E+02
    -13.077  0.0000E+00  0.6400E+02
    -13.059  0.0000E+00  0.6400E+02
    -13.040  0.0000E+00  0.6400E+02
    -13.022  0.0000E+00  0.6400E+02
    -13.004  0.0000E+00  0.6400E+02
    -12.986  0.0000E+00  0.6400E+02
    -12.968  0.0000E+00  0.6400E+02
    -12.949  0.0000E+00  0.6400E+02
    -12.931  0.0000E+00  0.6400E+02
    -12.913  0.0000E+00  0.6400E+02
    -12.895  0.0000E+00  0.6400E+02
    -12.877  0.0000E+00  0.6400E+02
    -12.858  0.0000E+00  0.6400E+02
    -12.840  0.0000E+00  0.6400E+02
    -12.822  0.0000E+00  0.6400E+02
    -12.804  0.0000E+00  0.6400E+02
    -12.785  0.0000E+00  0.6400E+02
    -12.767  0.0000E+00  0.6400E+02
    -12.749  0.0000E+00  0.6400E+02
    -12.731  0.0000E+00  0.6400E+02
    -12.713  0.0000E+00  0.6400E+02
    -12.694  0.0000E+00  0.6400E+02
    -12.676  0.0000E+00  0.6400E+02
    -12.658  0.0000E+00  0.6400E+02
    -12.640  0.0000E+00  0.6400E+02
    -12.622  0.0000E+00  0.6400E+02
    -12.603  0.0000E+00  0.6400E+02
    -12.585  0.0000E+00  0.6400E+02
    -12.567  0.0000E+00  0.6400E+02
    -12.549  0.0000E+00  0.6400E+02
    -12.531  0.0000E+00  0.6400E+02
    -12.512  0.0000E+00  0.6400E+02
    -12.494  0.0000E+00  0.6400E+02
    -12.476  0.0000E+00  0.6400E+02
    -12.458  0.0000E+00  0.6400E+02
    -12.439  0.0000E+00  0.6400E+02
    -12.421  0.0000E+00  0.6400E+02
    -12.403  0.0000E+00  0.6400E+02
    -12.385  0.0000E+00  0.6400E+02
    -12.367  0.0000E+00  0.6400E+02
    -12.348  0.0000E+00  0.6400E+02
    -12.330  0.0000E+00  0.6400E+02
    -12.312  0.0000E+00  0.6400E+02
    -12.294  0.0000E+00  0.6400E+02
    -12.276  0.0000E+00  0.6400E+02
    -12.257  0.0000E+00  0.6400E+02
    -12.239  0.0000E+00  0.6400E+02
    -12.221  0.0000E+00  0.6400E+02
    -12.203  0.0000E+00  0.6400E+02
    -12.185  0.0000E+00  0.6400E+02
    -12.166  0.0000E+00  0.6400E+02
    -12.148  0.0000E+00  0.6400E+02
    -12.130  0.0000E+00  0.6400E+02
    -12.112  0.0000E+00  0.6400E+02
    -12.093  0.0000E+00  0.6400E+02
    -12.075  0.0000E+00  0.6400E+02
    -12.057  0.0000E+00  0.6400E+02
    -12.039  0.0000E+00  0.6400E+02
    -12.021  0.0000E+00  0.6400E+02
    -12.002  0.0000E+00  0.6400E+02
    -11.984  0.0000E+00  0.6400E+02
    -11.966  0.0000E+00  0.6400E+02
    -11.948  0.0000E+00  0.6400E+02
    -11.930  0.0000E+00  0.6400E+02
    -11.911  0.0000E+00  0.6400E+02
    -11.893  0.0000E+00  0.6400E+02
    -11.875  0.0000E+00  0.6400E+02
    -11.857  0.0000E+00  0.6400E+02
    -11.839  0.0000E+00  0.6400E+02
    -11.820  0.0000E+00  0.6400E+02
    -11.802  0.0000E+00  0.6400E+02
    -11.784  0.0000E+00  0.6400E+02
    -11.766  0.0000E+00  0.6400E+02
    -11.747  0.0000E+00  0.6400E+02
    -11.729  0.0000E+00  0.6400E+02
    -11.711  0.0000E+00  0.6400E+02
    -11.693  0.0000E+00  0.6400E+02
    -11.675  0.0000E+00  0.6400E+02
    -11.656  0.0000E+00  0.6400E+02
    -11.638  0.0000E+00  0.6400E+02
    -11.620  0.0000E+00  0.6400E+02
    -11.602  0.0000E+00  0.6400E+02
    -11.584  0.0000E+00  0.6400E+02
    -11.565  0.0000E+00  0.6400E+02
    -11.547  0.0000E+00  0.6400E+02
    -11.529  0.0000E+00  0.6400E+02
    -11.511  0.0000E+00  0.6400E+02
    -11.493  0.0000E+00  0.6400E+02
    -11.474  0.0000E+00  0.6400E+02
    -11.456  0.0000E+00  0.6400E+02
    -11.438  0.0000E+00  0.6400E+02
    -11.420  0.0000E+00  0.6400E+02
    -11.401  0.0000E+00  0.6400E+02
    -11.383  0.0000E+00  0.6400E+02
    -11.365  0.0000E+00  0.6400E+02
    -11.347  0.0000E+00  0.6400E+02
    -11.329  0.0000E+00  0.6400E+02
    -11.310  0.0000E+00  0.6400E+02
    -11.292  0.0000E+00  0.6400E+02
    -11.274  0.0000E+00  0.6400E+02
    -11.256  0.0000E+00  0.6400E+02
    -11.238  0.0000E+00  0.6400E+02
    -11.219  0.0000E+00  0.6400E+02
    -11.201  0.0000E+00  0.6400E+02
    -11.183  0.0000E+00  0.6400E+02
    -11.165  0.0000E+00  0.6400E+02
    -11.147  0.0000E+00  0.6400E+02
    -11.128  0.0000E+00  0.6400E+02
    -11.110  0.0000E+00  0.6400E+02
    -11.092  0.0000E+00  0.6400E+02
    -11.074  0.0000E+00  0.6400E+02
    -11.055  0.0000E+00  0.6400E+02
    -11.037  0.0000E+00  0.6400E+02
    -11.019  0.0000E+00  0.6400E+02
    -11.001  0.0000E+00  0.6400E+02
    -10.983  0.0000E+00  0.6400E+02
    -10.964  0.0000E+00  0.6400E+02
    -10.946  0.0000E+00  0.6400E+02
    -10.928  0.0000E+00  0.6400E+02
    -10.910  0.0000E+00  0.6400E+02
    -10.892  0.0000E+00  0.6400E+02
    -10.873  0.0000E+00  0.6400E+02
    -10.855  0.0000E+00  0.6400E+02
    -10.837  0.0000E+00  0.6400E+02
    -10.819  0.0000E+00  0.6400E+02
    -10.801  0.0000E+00  0.6400E+02
    -10.782  0.0000E+00  0.6400E+02
    -10.764  0.0000E+00  0.6400E+02
    -10.746  0.0000E+00  0.6400E+02
    -10.728  0.0000E+00  0.6400E+02
    -10.709  0.0000E+00  0.6400E+02
    -10.691  0.0000E+00  0.6400E+02
    -10.673  0.0000E+00  0.6400E+02
    -10.655  0.0000E+00  0.6400E+02
    -10.637  0.0000E+00  0.6400E+02
    -10.618  0.0000E+00  0.6400E+02
    -10.600  0.0000E+00  0.6400E+02
    -10.582  0.0000E+00  0.6400E+02
    -10.564  0.0000E+00  0.6400E+02
    -10.546  0.0000E+00  0.6400E+02
    -10.527  0.0000E+00  0.6400E+02
    -10.509  0.0000E+00  0.6400E+02
    -10.491  0.0000E+00  0.6400E+02
    -10.473  0.0000E+00  0.6400E+02
    -10.455  0.0000E+00  0.6400E+02
    -10.436  0.0000E+00  0.6400E+02
    -10.418  0.0000E+00  0.6400E+02
    -10.400  0.0000E+00  0.6400E+02
    -10.382  0.0000E+00  0.6400E+02
    -10.363  0.0000E+00  0.6400E+02
    -10.345  0.0000E+00  0.6400E+02
    -10.327  0.0000E+00  0.6400E+02
    -10.309  0.0000E+00  0.6400E+02
    -10.291  0.0000E+00  0.6400E+02
    -10.272  0.0000E+00  0.6400E+02
    -10.254  0.0000E+00  0.6400E+02
    -10.236  0.0000E+00  0.6400E+02
    -10.218  0.0000E+00  0.6400E+02
    -10.200  0.0000E+00  0.6400E+02
    -10.181  0.0000E+00  0.6400E+02
    -10.163  0.0000E+00  0.6400E+02
    -10.145  0.0000E+00  0.6400E+02
    -10.127  0.0000E+00  0.6400E+02
    -10.109  0.0000E+00  0.6400E+02
    -10.090  0.0000E+00  0.6400E+02
    -10.072  0.0000E+00  0.6400E+02
    -10.054  0.0000E+00  0.6400E+02
    -10.036  0.0000E+00  0.6400E+02
    -10.017  0.0000E+00  0.6400E+02
     -9.999  0.0000E+00  0.6400E+02
     -9.981  0.0000E+00  0.6400E+02
     -9.963  0.0000E+00  0.6400E+02
     -9.945  0.0000E+00  0.6400E+02
     -9.926  0.0000E+00  0.6400E+02
     -9.908  0.0000E+00  0.6400E+02
     -9.890  0.0000E+00  0.6400E+02
     -9.872  0.0000E+00  0.6400E+02
     -9.854  0.0000E+00  0.6600E+02
     -9.835  0.0000E+00  0.6600E+02
     -9.817  0.0000E+00  0.6600E+02
     -9.799  0.0000E+00  0.6600E+02
     -9.781  0.0000E+00  0.6600E+02
     -9.763  0.0000E+00  0.6600E+02
     -9.744  0.0000E+00  0.6600E+02
     -9.726  0.0000E+00  0.6600E+02
     -9.708  0.0000E+00  0.6600E+02
     -9.690  0.0000E+00  0.6600E+02
     -9.671  0.0000E+00  0.6600E+02
     -9.653  0.0000E+00  0.6600E+02
     -9.635  0.0000E+00  0.6600E+02
     -9.617  0.0000E+00  0.6600E+02
     -9.599  0.0000E+00  0.6600E+02
     -9.580  0.0000E+00  0.6600E+02
     -9.562  0.0000E+00  0.6600E+02
     -9.544  0.0000E+00  0.6600E+02
     -9.526  0.0000E+00  0.6600E+02
     -9.508  0.0000E+00  0.6600E+02
     -9.489  0.0000E+00  0.6600E+02
     -9.471  0.0000E+00  0.6600E+02
     -9.453  0.0000E+00  0.6600E+02
     -9.435  0.0000E+00  0.6600E+02
     -9.417  0.0000E+00  0.6600E+02
     -9.398  0.0000E+00  0.6600E+02
     -9.380  0.0000E+00  0.6600E+02
     -9.362  0.0000E+00  0.6600E+02
     -9.344  0.0000E+00  0.6600E+02
     -9.325  0.0000E+00  0.6600E+02
     -9.307  0.0000E+00  0.6600E+02
     -9.289  0.0000E+00  0.6600E+02
     -9.271  0.0000E+00  0.6600E+02
     -9.253  0.0000E+00  0.6600E+02
     -9.234  0.0000E+00  0.6600E+02
     -9.216  0.0000E+00  0.6600E+02
     -9.198  0.0000E+00  0.6600E+02
     -9.180  0.0000E+00  0.6600E+02
     -9.162  0.0000E+00  0.6600E+02
     -9.143  0.0000E+00  0.6600E+02
     -9.125  0.0000E+00  0.6600E+02
     -9.107  0.0000E+00  0.6600E+02
     -9.089  0.0000E+00  0.6600E+02
     -9.071  0.0000E+00  0.6600E+02
     -9.052  0.0000E+00  0.6600E+02
     -9.034  0.0000E+00  0.6600E+02
     -9.016  0.0000E+00  0.6600E+02
     -8.998  0.0000E+00  0.6600E+02
     -8.979  0.0000E+00  0.6600E+02
     -8.961  0.0000E+00  0.6600E+02
     -8.943  0.0000E+00  0.6600E+02
     -8.925  0.0000E+00  0.6600E+02
     -8.907  0.0000E+00  0.6600E+02
     -8.888  0.0000E+00  0.6600E+02
     -8.870  0.0000E+00  0.6600E+02
     -8.852  0.0000E+00  0.6600E+02
     -8.834  0.0000E+00  0.6600E+02
     -8.816  0.0000E+00  0.6600E+02
     -8.797  0.0000E+00  0.6600E+02
     -8.779  0.0000E+00  0.6600E+02
     -8.761  0.0000E+00  0.6600E+02
     -8.743  0.0000E+00  0.6600E+02
     -8.725  0.0000E+00  0.6600E+02
     -8.706  0.0000E+00  0.6600E+02
     -8.688  0.0000E+00  0.6600E+02
     -8.670  0.0000E+00  0.6600E+02
     -8.652  0.0000E+00  0.6600E+02
     -8.634  0.0000E+00  0.6600E+02
     -8.615  0.0000E+00  0.6600E+02
     -8.597  0.0000E+00  0.6600E+02
     -8.579  0.0000E+00  0.6600E+02
     -8.561  0.0000E+00  0.6600E+02
     -8.542  0.0000E+00  0.6600E+02
     -8.524  0.0000E+00  0.6600E+02
     -8.506  0.0000E+00  0.6600E+02
     -8.488  0.0000E+00  0.6600E+02
     -8.470  0.0000E+00  0.6600E+02
     -8.451  0.0000E+00  0.6600E+02
     -8.433  0.0000E+00  0.6600E+02
     -8.415  0.0000E+00  0.6600E+02
     -8.397  0.0000E+00  0.6600E+02
     -8.379  0.0000E+00  0.6600E+02
     -8.360  0.0000E+00  0.6600E+02
     -8.342  0.0000E+00  0.6600E+02
     -8.324  0.0000E+00  0.6600E+02
     -8.306  0.0000E+00  0.6600E+02
     -8.288  0.0000E+00  0.6600E+02
     -8.269  0.0000E+00  0.6600E+02
     -8.251  0.0000E+00  0.6600E+02
     -8.233  0.0000E+00  0.6600E+02
     -8.215  0.0000E+00  0.6600E+02
     -8.196  0.0000E+00  0.6600E+02
     -8.178  0.0000E+00  0.6600E+02
     -8.160  0.0000E+00  0.6600E+02
     -8.142  0.0000E+00  0.6600E+02
     -8.124  0.0000E+00  0.6600E+02
     -8.105  0.0000E+00  0.6600E+02
     -8.087  0.0000E+00  0.6600E+02
     -8.069  0.0000E+00  0.6600E+02
     -8.051  0.0000E+00  0.6600E+02
     -8.033  0.0000E+00  0.6600E+02
     -8.014  0.0000E+00  0.6600E+02
     -7.996  0.0000E+00  0.6600E+02
     -7.978  0.0000E+00  0.6600E+02
     -7.960  0.0000E+00  0.6600E+02
     -7.942  0.0000E+00  0.6600E+02
     -7.923  0.0000E+00  0.6600E+02
     -7.905  0.0000E+00  0.6600E+02
     -7.887  0.0000E+00  0.6600E+02
     -7.869  0.0000E+00  0.6600E+02
     -7.850  0.0000E+00  0.6600E+02
     -7.832  0.0000E+00  0.6600E+02
     -7.814  0.0000E+00  0.6600E+02
     -7.796  0.0000E+00  0.6600E+02
     -7.778  0.0000E+00  0.6600E+02
     -7.759  0.0000E+00  0.6600E+02
     -7.741  0.0000E+00  0.6600E+02
     -7.723  0.0000E+00  0.6600E+02
     -7.705  0.0000E+00  0.6600E+02
     -7.687  0.0000E+00  0.6600E+02
     -7.668  0.0000E+00  0.6600E+02
     -7.650  0.0000E+00  0.6600E+02
     -7.632  0.0000E+00  0.6600E+02
     -7.614  0.0000E+00  0.6600E+02
     -7.596  0.0000E+00  0.6600E+02
     -7.577  0.0000E+00  0.6600E+02
     -7.559  0.0000E+00  0.6600E+02
     -7.541  0.0000E+00  0.6600E+02
     -7.523  0.0000E+00  0.6600E+02
     -7.504  0.0000E+00  0.6600E+02
     -7.486  0.0000E+00  0.6600E+02
     -7.468  0.0000E+00  0.6600E+02
     -7.450  0.0000E+00  0.6600E+02
     -7.432  0.0000E+00  0.6600E+02
     -7.413  0.0000E+00  0.6600E+02
     -7.395  0.0000E+00  0.6600E+02
     -7.377  0.0000E+00  0.6600E+02
     -7.359  0.0000E+00  0.6600E+02
     -7.341  0.0000E+00  0.6600E+02
     -7.322  0.0000E+00  0.6600E+02
     -7.304  0.0000E+00  0.6600E+02
     -7.286  0.0000E+00  0.6600E+02
     -7.268  0.0000E+00  0.6600E+02
     -7.250  0.0000E+00  0.6600E+02
     -7.231  0.0000E+00  0.6600E+02
     -7.213  0.0000E+00  0.6600E+02
     -7.195  0.0000E+00  0.6600E+02
     -7.177  0.0000E+00  0.6600E+02
     -7.158  0.0000E+00  0.6600E+02
     -7.140  0.0000E+00  0.6600E+02
     -7.122  0.0000E+00  0.6600E+02
     -7.104  0.0000E+00  0.6600E+02
     -7.086  0.0000E+00  0.6600E+02
     -7.067  0.0000E+00  0.6600E+02
     -7.049  0.0000E+00  0.6600E+02
     -7.031  0.0000E+00  0.6600E+02
     -7.013  0.0000E+00  0.6600E+02
     -6.995  0.0000E+00  0.6600E+02
     -6.976  0.0000E+00  0.6600E+02
     -6.958  0.0000E+00  0.6600E+02
     -6.940  0.0000E+00  0.6600E+02
     -6.922  0.0000E+00  0.6600E+02
     -6.904  0.0000E+00  0.6600E+02
     -6.885  0.0000E+00  0.6600E+02
     -6.867  0.0000E+00  0.6600E+02
     -6.849  0.0000E+00  0.6600E+02
     -6.831  0.0000E+00  0.6600E+02
     -6.812  0.0000E+00  0.6600E+02
     -6.794  0.0000E+00  0.6600E+02
     -6.776  0.0000E+00  0.6600E+02
     -6.758  0.0000E+00  0.6600E+02
     -6.740  0.0000E+00  0.6600E+02
     -6.721  0.0000E+00  0.6600E+02
     -6.703  0.0000E+00  0.6600E+02
     -6.685  0.0000E+00  0.6600E+02
     -6.667  0.0000E+00  0.6600E+02
     -6.649  0.0000E+00  0.6600E+02
     -6.630  0.0000E+00  0.6600E+02
     -6.612  0.0000E+00  0.6600E+02
     -6.594  0.0000E+00  0.6600E+02
     -6.576  0.0000E+00  0.6600E+02
     -6.558  0.0000E+00  0.6600E+02
     -6.539  0.0000E+00  0.6600E+02
     -6.521  0.0000E+00  0.6600E+02
     -6.503  0.0000E+00  0.6600E+02
     -6.485  0.0000E+00  0.6600E+02
     -6.466  0.0000E+00  0.6600E+02
     -6.448  0.0000E+00  0.6600E+02
     -6.430  0.0000E+00  0.6600E+02
     -6.412  0.0000E+00  0.6600E+02
     -6.394  0.0000E+00  0.6600E+02
     -6.375  0.0000E+00  0.6600E+02
     -6.357  0.0000E+00  0.6600E+02
     -6.339  0.0000E+00  0.6600E+02
     -6.321  0.0000E+00  0.6600E+02
     -6.303  0.0000E+00  0.6600E+02
     -6.284  0.0000E+00  0.6600E+02
     -6.266  0.0000E+00  0.6600E+02
     -6.248  0.0000E+00  0.6600E+02
     -6.230  0.0000E+00  0.6600E+02
     -6.212  0.0000E+00  0.6600E+02
     -6.193  0.0000E+00  0.6600E+02
     -6.175  0.0000E+00  0.6600E+02
     -6.157  0.0000E+00  0.6600E+02
     -6.139  0.0000E+00  0.6600E+02
     -6.120  0.0000E+00  0.6600E+02
     -6.102  0.0000E+00  0.6600E+02
     -6.084  0.0000E+00  0.6600E+02
     -6.066  0.0000E+00  0.6600E+02
     -6.048  0.0000E+00  0.6600E+02
     -6.029  0.0000E+00  0.6600E+02
     -6.011  0.0000E+00  0.6600E+02
     -5.993  0.0000E+00  0.6600E+02
     -5.975  0.0000E+00  0.6600E+02
     -5.957  0.0000E+00  0.6600E+02
     -5.938  0.0000E+00  0.6600E+02
     -5.920  0.0000E+00  0.6600E+02
     -5.902  0.0000E+00  0.6600E+02
     -5.884  0.0000E+00  0.6600E+02
     -5.866  0.0000E+00  0.6600E+02
     -5.847  0.0000E+00  0.6600E+02
     -5.829  0.0000E+00  0.6600E+02
     -5.811  0.0000E+00  0.6600E+02
     -5.793  0.0000E+00  0.6600E+02
     -5.774  0.0000E+00  0.6600E+02
     -5.756  0.0000E+00  0.6600E+02
     -5.738  0.0000E+00  0.6600E+02
     -5.720  0.0000E+00  0.6600E+02
     -5.702  0.0000E+00  0.6600E+02
     -5.683  0.0000E+00  0.6600E+02
     -5.665  0.0000E+00  0.6600E+02
     -5.647  0.0000E+00  0.6600E+02
     -5.629  0.0000E+00  0.6600E+02
     -5.611  0.0000E+00  0.6600E+02
     -5.592  0.0000E+00  0.6600E+02
     -5.574  0.0000E+00  0.6600E+02
     -5.556  0.0000E+00  0.6600E+02
     -5.538  0.0000E+00  0.6600E+02
     -5.520  0.0000E+00  0.6600E+02
     -5.501  0.0000E+00  0.6600E+02
     -5.483  0.0000E+00  0.6600E+02
     -5.465  0.0000E+00  0.6600E+02
     -5.447  0.0000E+00  0.6600E+02
     -5.428  0.0000E+00  0.6600E+02
     -5.410  0.0000E+00  0.6600E+02
     -5.392  0.0000E+00  0.6600E+02
     -5.374  0.0000E+00  0.6600E+02
     -5.356  0.0000E+00  0.6600E+02
     -5.337  0.0000E+00  0.6600E+02
     -5.319  0.0000E+00  0.6600E+02
     -5.301  0.0000E+00  0.6600E+02
     -5.283  0.0000E+00  0.6600E+02
     -5.265  0.0000E+00  0.6600E+02
     -5.246  0.0000E+00  0.6600E+02
     -5.228  0.0000E+00  0.6600E+02
     -5.210  0.0000E+00  0.6600E+02
     -5.192  0.0000E+00  0.6600E+02
     -5.174  0.0000E+00  0.6600E+02
     -5.155  0.0000E+00  0.6600E+02
     -5.137  0.0000E+00  0.6600E+02
     -5.119  0.0000E+00  0.6600E+02
     -5.101  0.0000E+00  0.6600E+02
     -5.082  0.0000E+00  0.6600E+02
     -5.064  0.0000E+00  0.6600E+02
     -5.046  0.0000E+00  0.6600E+02
     -5.028  0.0000E+00  0.6600E+02
     -5.010  0.0000E+00  0.6600E+02
     -4.991  0.0000E+00  0.6600E+02
     -4.973  0.0000E+00  0.6600E+02
     -4.955  0.0000E+00  0.6600E+02
     -4.937  0.0000E+00  0.6600E+02
     -4.919  0.0000E+00  0.6600E+02
     -4.900  0.0000E+00  0.6600E+02
     -4.882  0.0000E+00  0.6600E+02
     -4.864  0.0000E+00  0.6600E+02
     -4.846  0.0000E+00  0.6600E+02
     -4.828  0.0000E+00  0.6600E+02
     -4.809  0.0000E+00  0.6600E+02
     -4.791  0.0000E+00  0.6600E+02
     -4.773  0.0000E+00  0.6600E+02
     -4.755  0.0000E+00  0.6600E+02
     -4.736  0.0000E+00  0.6600E+02
     -4.718  0.0000E+00  0.6600E+02
     -4.700  0.0000E+00  0.6600E+02
     -4.682  0.0000E+00  0.6600E+02
     -4.664  0.0000E+00  0.6600E+02
     -4.645  0.0000E+00  0.6600E+02
     -4.627  0.0000E+00  0.6600E+02
     -4.609  0.0000E+00  0.6600E+02
     -4.591  0.0000E+00  0.6600E+02
     -4.573  0.0000E+00  0.6600E+02
     -4.554  0.0000E+00  0.6600E+02
     -4.536  0.0000E+00  0.6600E+02
     -4.518  0.0000E+00  0.6600E+02
     -4.500  0.0000E+00  0.6600E+02
     -4.482  0.0000E+00  0.6600E+02
     -4.463  0.0000E+00  0.6600E+02
     -4.445  0.0000E+00  0.6600E+02
     -4.427  0.0000E+00  0.6600E+02
     -4.409  0.0000E+00  0.6600E+02
     -4.390  0.0000E+00  0.6600E+02
     -4.372  0.0000E+00  0.6600E+02
     -4.354  0.0000E+00  0.6600E+02
     -4.336  0.0000E+00  0.6600E+02
     -4.318  0.0000E+00  0.6600E+02
     -4.299  0.0000E+00  0.6600E+02
     -4.281  0.0000E+00  0.6600E+02
     -4.263  0.0000E+00  0.6600E+02
     -4.245  0.0000E+00  0.6600E+02
     -4.227  0.0000E+00  0.6600E+02
     -4.208  0.0000E+00  0.6600E+02
     -4.190  0.0000E+00  0.6600E+02
     -4.172  0.0000E+00  0.6600E+02
     -4.154  0.0000E+00  0.6600E+02
     -4.136  0.0000E+00  0.6600E+02
     -4.117  0.0000E+00  0.6600E+02
     -4.099  0.0000E+00  0.6600E+02
     -4.081  0.0000E+00  0.6600E+02
     -4.063  0.0000E+00  0.6600E+02
     -4.044  0.0000E+00  0.6600E+02
     -4.026  0.0000E+00  0.6600E+02
     -4.008  0.0000E+00  0.6600E+02
     -3.990  0.0000E+00  0.6600E+02
     -3.972  0.0000E+00  0.6600E+02
     -3.953  0.0000E+00  0.6600E+02
     -3.935  0.0000E+00  0.6600E+02
     -3.917  0.0000E+00  0.6600E+02
     -3.899  0.0000E+00  0.6600E+02
     -3.881  0.0000E+00  0.6600E+02
     -3.862  0.0000E+00  0.6600E+02
     -3.844  0.0000E+00  0.6600E+02
     -3.826  0.0000E+00  0.6600E+02
     -3.808  0.0000E+00  0.6600E+02
     -3.790  0.0000E+00  0.6600E+02
     -3.771  0.0000E+00  0.6600E+02
     -3.753  0.0000E+00  0.6600E+02
     -3.735  0.0000E+00  0.6600E+02
     -3.717  0.0000E+00  0.6600E+02
     -3.698  0.0000E+00  0.6600E+02
     -3.680  0.0000E+00  0.6600E+02
     -3.662  0.0000E+00  0.6600E+02
     -3.644  0.0000E+00  0.6600E+02
     -3.626  0.0000E+00  0.6600E+02
     -3.607  0.0000E+00  0.6600E+02
     -3.589  0.0000E+00  0.6600E+02
     -3.571  0.0000E+00  0.6600E+02
     -3.553  0.0000E+00  0.6600E+02
     -3.535  0.0000E+00  0.6600E+02
     -3.516  0.0000E+00  0.6600E+02
     -3.498  0.0000E+00  0.6600E+02
     -3.480  0.0000E+00  0.6600E+02
     -3.462  0.0000E+00  0.6600E+02
     -3.444  0.0000E+00  0.6600E+02
     -3.425  0.0000E+00  0.6600E+02
     -3.407  0.0000E+00  0.6600E+02
     -3.389  0.0000E+00  0.6600E+02
     -3.371  0.0000E+00  0.6600E+02
     -3.352  0.0000E+00  0.6600E+02
     -3.334  0.0000E+00  0.6600E+02
     -3.316  0.0000E+00  0.6600E+02
     -3.298  0.0000E+00  0.6600E+02
     -3.280  0.0000E+00  0.6600E+02
     -3.261  0.0000E+00  0.6600E+02
     -3.243  0.0000E+00  0.6600E+02
     -3.225  0.0000E+00  0.6600E+02
     -3.207  0.0000E+00  0.6600E+02
     -3.189  0.0000E+00  0.6600E+02
     -3.170  0.0000E+00  0.6600E+02
     -3.152  0.0000E+00  0.6600E+02
     -3.134  0.0000E+00  0.6600E+02
     -3.116  0.0000E+00  0.6600E+02
     -3.098  0.0000E+00  0.6600E+02
     -3.079  0.0000E+00  0.6600E+02
     -3.061  0.0000E+00  0.6600E+02
     -3.043  0.0000E+00  0.6600E+02
     -3.025  0.0000E+00  0.6600E+02
     -3.006  0.0000E+00  0.6600E+02
     -2.988  0.0000E+00  0.6600E+02
     -2.970  0.0000E+00  0.6600E+02
     -2.952  0.0000E+00  0.6600E+02
     -2.934  0.0000E+00  0.6600E+02
     -2.915  0.0000E+00  0.6600E+02
     -2.897  0.0000E+00  0.6600E+02
     -2.879  0.0000E+00  0.6600E+02
     -2.861  0.0000E+00  0.6600E+02
     -2.843  0.0000E+00  0.6600E+02
     -2.824  0.0000E+00  0.6600E+02
     -2.806  0.0000E+00  0.6600E+02
     -2.788  0.0000E+00  0.6600E+02
     -2.770  0.0000E+00  0.6600E+02
     -2.752  0.0000E+00  0.6600E+02
     -2.733  0.0000E+00  0.6600E+02
     -2.715  0.0000E+00  0.6600E+02
     -2.697  0.0000E+00  0.6600E+02
     -2.679  0.0000E+00  0.6600E+02
     -2.660  0.0000E+00  0.6600E+02
     -2.642  0.0000E+00  0.6600E+02
     -2.624  0.0000E+00  0.6600E+02
     -2.606  0.0000E+00  0.6600E+02
     -2.588  0.0000E+00  0.6600E+02
     -2.569  0.0000E+00  0.6600E+02
     -2.551  0.0000E+00  0.6600E+02
     -2.533  0.0000E+00  0.6600E+02
     -2.515  0.0000E+00  0.6600E+02
     -2.497  0.0000E+00  0.6600E+02
     -2.478  0.0000E+00  0.6600E+02
     -2.460  0.0000E+00  0.6600E+02
     -2.442  0.0000E+00  0.6600E+02
     -2.424  0.0000E+00  0.6600E+02
     -2.406  0.0000E+00  0.6600E+02
     -2.387  0.0000E+00  0.6600E+02
     -2.369  0.0000E+00  0.6600E+02
     -2.351  0.0000E+00  0.6600E+02
     -2.333  0.0000E+00  0.6600E+02
     -2.314  0.0000E+00  0.6600E+02
     -2.296  0.0000E+00  0.6600E+02
     -2.278  0.0000E+00  0.6600E+02
     -2.260  0.0000E+00  0.6600E+02
     -2.242  0.0000E+00  0.6600E+02
     -2.223  0.0000E+00  0.6600E+02
     -2.205  0.0000E+00  0.6600E+02
     -2.187  0.0000E+00  0.6600E+02
     -2.169  0.0000E+00  0.6600E+02
     -2.151  0.0000E+00  0.6600E+02
     -2.132  0.0000E+00  0.6600E+02
     -2.114  0.0000E+00  0.6600E+02
     -2.096  0.0000E+00  0.6600E+02
     -2.078  0.0000E+00  0.6600E+02
     -2.060  0.0000E+00  0.6600E+02
     -2.041  0.0000E+00  0.6600E+02
     -2.023  0.0000E+00  0.6600E+02
     -2.005  0.0000E+00  0.6600E+02
     -1.987  0.0000E+00  0.6600E+02
     -1.968  0.0000E+00  0.6600E+02
     -1.950  0.0000E+00  0.6600E+02
     -1.932  0.0000E+00  0.6600E+02
     -1.914  0.0000E+00  0.6600E+02
     -1.896  0.0000E+00  0.6600E+02
     -1.877  0.0000E+00  0.6600E+02
     -1.859  0.0000E+00  0.6600E+02
     -1.841  0.0000E+00  0.6600E+02
     -1.823  0.0000E+00  0.6600E+02
     -1.805  0.0000E+00  0.6600E+02
     -1.786  0.0000E+00  0.6600E+02
     -1.768  0.0000E+00  0.6600E+02
     -1.750  0.0000E+00  0.6600E+02
     -1.732  0.0000E+00  0.6600E+02
     -1.714  0.0000E+00  0.6600E+02
     -1.695  0.0000E+00  0.6600E+02
     -1.677  0.0000E+00  0.6600E+02
     -1.659  0.0000E+00  0.6600E+02
     -1.641  0.0000E+00  0.6600E+02
     -1.622  0.0000E+00  0.6600E+02
     -1.604  0.0000E+00  0.6600E+02
     -1.586  0.0000E+00  0.6600E+02
     -1.568  0.0000E+00  0.6600E+02
     -1.550  0.5959E-03  0.6600E+02
     -1.531  0.2215E-01  0.6600E+02
     -1.513  0.9017E-01  0.6600E+02
     -1.495  0.2055E+00  0.6600E+02
     -1.477  0.3683E+00  0.6601E+02
     -1.459  0.5784E+00  0.6602E+02
     -1.440  0.8358E+00  0.6603E+02
     -1.422  0.1141E+01  0.6605E+02
     -1.404  0.1493E+01  0.6607E+02
     -1.386  0.1892E+01  0.6610E+02
     -1.368  0.2339E+01  0.6614E+02
     -1.349  0.2833E+01  0.6619E+02
     -1.331  0.3375E+01  0.6624E+02
     -1.313  0.3964E+01  0.6631E+02
     -1.295  0.4600E+01  0.6639E+02
     -1.276  0.5284E+01  0.6648E+02
     -1.258  0.6015E+01  0.6658E+02
     -1.240  0.6793E+01  0.6670E+02
     -1.222  0.7665E+01  0.6683E+02
     -1.204  0.8676E+01  0.6698E+02
     -1.185  0.9826E+01  0.6715E+02
     -1.167  0.1116E+02  0.6734E+02
     -1.149  0.1297E+02  0.6756E+02
     -1.131  0.1542E+02  0.6781E+02
     -1.113  0.1777E+02  0.6812E+02
     -1.094  0.1988E+02  0.6846E+02
     -1.076  0.2176E+02  0.6884E+02
     -1.058  0.2340E+02  0.6925E+02
     -1.040  0.2480E+02  0.6969E+02
     -1.022  0.2599E+02  0.7015E+02
     -1.003  0.4484E+02  0.7073E+02
     -0.985  0.6225E+02  0.7177E+02
     -0.967  0.6424E+02  0.7292E+02
     -0.949  0.6669E+02  0.7411E+02
     -0.930  0.6892E+02  0.7535E+02
     -0.912  0.6740E+02  0.7659E+02
     -0.894  0.6667E+02  0.7784E+02
     -0.876  0.3855E+02  0.7878E+02
     -0.858  0.2510E+02  0.7936E+02
     -0.839  0.1456E+02  0.7971E+02
     -0.821  0.6917E+01  0.7990E+02
     -0.803  0.3147E+02  0.8019E+02
     -0.785  0.3119E+02  0.8083E+02
     -0.767  0.8530E+01  0.8114E+02
     -0.748  0.1219E+02  0.8132E+02
     -0.730  0.1616E+02  0.8158E+02
     -0.712  0.1949E+02  0.8191E+02
     -0.694  0.2243E+02  0.8229E+02
     -0.676  0.2609E+02  0.8273E+02
     -0.657  0.3595E+02  0.8327E+02
     -0.639  0.4630E+02  0.8403E+02
     -0.621  0.4849E+02  0.8491E+02
     -0.603  0.4290E+02  0.8575E+02
     -0.584  0.6435E+02  0.8657E+02
     -0.566  0.5762E+02  0.8777E+02
     -0.548  0.4747E+02  0.8875E+02
     -0.530  0.3791E+02  0.8950E+02
     -0.512  0.4327E+02  0.9024E+02
     -0.493  0.4792E+02  0.9107E+02
     -0.475  0.5697E+02  0.9201E+02
     -0.457  0.5872E+02  0.9309E+02
     -0.439  0.4824E+02  0.9408E+02
     -0.421  0.3695E+02  0.9484E+02
     -0.402  0.3929E+02  0.9552E+02
     -0.384  0.4391E+02  0.9628E+02
     -0.366  0.4963E+02  0.9713E+02
     -0.348  0.5527E+02  0.9808E+02
     -0.330  0.5933E+02  0.9913E+02
     -0.311  0.6221E+02  0.1002E+03
     -0.293  0.6448E+02  0.1014E+03
     -0.275  0.5976E+02  0.1026E+03
     -0.257  0.4816E+02  0.1035E+03
     -0.239  0.4342E+02  0.1044E+03
     -0.220  0.4115E+02  0.1051E+03
     -0.202  0.3825E+02  0.1058E+03
     -0.184  0.3565E+02  0.1065E+03
     -0.166  0.3321E+02  0.1071E+03
     -0.147  0.3102E+02  0.1077E+03
     -0.129  0.2931E+02  0.1083E+03
     -0.111  0.2791E+02  0.1088E+03
     -0.093  0.2684E+02  0.1093E+03
     -0.075  0.2608E+02  0.1098E+03
     -0.056  0.2541E+02  0.1102E+03
     -0.038  0.2449E+02  0.1107E+03
     -0.020  0.2323E+02  0.1111E+03
     -0.002  0.2223E+02  0.1115E+03
      0.016  0.2181E+02  0.1120E+03
      0.035  0.2161E+02  0.1123E+03
      0.053  0.2153E+02  0.1127E+03
      0.071  0.2148E+02  0.1131E+03
      0.089  0.2163E+02  0.1135E+03
      0.107  0.2201E+02  0.1139E+03
      0.126  0.2243E+02  0.1143E+03
      0.144  0.2284E+02  0.1147E+03
      0.162  0.2324E+02  0.1152E+03
      0.180  0.2363E+02  0.1156E+03
      0.199  0.2402E+02  0.1160E+03
      0.217  0.2440E+02  0.1165E+03
      0.235  0.2477E+02  0.1169E+03
      0.253  0.2483E+02  0.1174E+03
      0.271  0.2314E+02  0.1178E+03
      0.290  0.2609E+02  0.1182E+03
      0.308  0.2894E+02  0.1187E+03
      0.326  0.2972E+02  0.1193E+03
      0.344  0.2856E+02  0.1198E+03
      0.362  0.2976E+02  0.1203E+03
      0.381  0.1968E+02  0.1208E+03
      0.399  0.2097E+02  0.1211E+03
      0.417  0.3924E+02  0.1217E+03
      0.435  0.4777E+02  0.1225E+03
      0.453  0.4729E+02  0.1234E+03
      0.472  0.4186E+02  0.1242E+03
      0.490  0.3513E+02  0.1249E+03
      0.508  0.2958E+02  0.1255E+03
      0.526  0.2700E+02  0.1260E+03
      0.545  0.2495E+02  0.1265E+03
      0.563  0.2304E+02  0.1269E+03
      0.581  0.2123E+02  0.1273E+03
      0.599  0.1953E+02  0.1277E+03
      0.617  0.1792E+02  0.1280E+03
      0.636  0.1616E+02  0.1283E+03
      0.654  0.1419E+02  0.1286E+03
      0.672  0.1306E+02  0.1288E+03
      0.690  0.1245E+02  0.1291E+03
      0.708  0.1231E+02  0.1293E+03
      0.727  0.1262E+02  0.1295E+03
      0.745  0.1316E+02  0.1298E+03
      0.763  0.1358E+02  0.1300E+03
      0.781  0.1387E+02  0.1302E+03
      0.799  0.1407E+02  0.1305E+03
      0.818  0.1419E+02  0.1308E+03
      0.836  0.1467E+02  0.1310E+03
      0.854  0.1744E+02  0.1313E+03
      0.872  0.1971E+02  0.1317E+03
      0.891  0.2166E+02  0.1320E+03
      0.909  0.2218E+02  0.1324E+03
      0.927  0.2257E+02  0.1328E+03
      0.945  0.2287E+02  0.1333E+03
      0.963  0.2308E+02  0.1337E+03
      0.982  0.2321E+02  0.1341E+03
      1.000  0.2326E+02  0.1345E+03
      1.018  0.2349E+02  0.1349E+03
      1.036  0.2401E+02  0.1354E+03
      1.054  0.2484E+02  0.1358E+03
      1.073  0.2597E+02  0.1363E+03
      1.091  0.2739E+02  0.1368E+03
      1.109  0.2779E+02  0.1373E+03
      1.127  0.2814E+02  0.1378E+03
      1.145  0.2845E+02  0.1383E+03
      1.164  0.2875E+02  0.1388E+03
      1.182  0.2902E+02  0.1393E+03
      1.200  0.2921E+02  0.1399E+03
      1.218  0.2897E+02  0.1404E+03
      1.237  0.2819E+02  0.1409E+03
      1.255  0.2662E+02  0.1414E+03
      1.273  0.2461E+02  0.1419E+03
      1.291  0.2370E+02  0.1423E+03
      1.309  0.2391E+02  0.1428E+03
      1.328  0.2635E+02  0.1432E+03
      1.346  0.2957E+02  0.1437E+03
      1.364  0.3323E+02  0.1443E+03
      1.382  0.3898E+02  0.1450E+03
      1.400  0.4265E+02  0.1457E+03
      1.419  0.4468E+02  0.1465E+03
      1.437  0.4394E+02  0.1473E+03
      1.455  0.4050E+02  0.1481E+03
      1.473  0.3708E+02  0.1488E+03
      1.491  0.4303E+02  0.1495E+03
      1.510  0.5453E+02  0.1505E+03
      1.528  0.2474E+02  0.1512E+03
      1.546  0.2221E+02  0.1516E+03
      1.564  0.2681E+02  0.1520E+03
      1.583  0.3260E+02  0.1526E+03
      1.601  0.3887E+02  0.1532E+03
      1.619  0.4237E+02  0.1540E+03
      1.637  0.4334E+02  0.1547E+03
      1.655  0.4367E+02  0.1555E+03
      1.674  0.4066E+02  0.1563E+03
      1.692  0.4125E+02  0.1570E+03
      1.710  0.4157E+02  0.1578E+03
      1.728  0.4161E+02  0.1586E+03
      1.746  0.4139E+02  0.1593E+03
      1.765  0.4422E+02  0.1601E+03
      1.783  0.4757E+02  0.1609E+03
      1.801  0.5051E+02  0.1618E+03
      1.819  0.5256E+02  0.1628E+03
      1.837  0.5359E+02  0.1637E+03
      1.856  0.5392E+02  0.1647E+03
      1.874  0.5355E+02  0.1657E+03
      1.892  0.5204E+02  0.1667E+03
      1.910  0.5061E+02  0.1676E+03
      1.929  0.5017E+02  0.1685E+03
      1.947  0.4904E+02  0.1694E+03
      1.965  0.4751E+02  0.1703E+03
      1.983  0.4715E+02  0.1711E+03
      2.001  0.4696E+02  0.1720E+03
      2.020  0.4679E+02  0.1729E+03
      2.038  0.5143E+02  0.1737E+03
      2.056  0.6759E+02  0.1748E+03
      2.074  0.6548E+02  0.1761E+03
      2.092  0.4616E+02  0.1771E+03
      2.111  0.3233E+02  0.1778E+03
      2.129  0.1999E+02  0.1783E+03
      2.147  0.2924E+02  0.1787E+03
      2.165  0.5728E+02  0.1795E+03
      2.183  0.7597E+02  0.1807E+03
      2.202  0.8383E+02  0.1822E+03
      2.220  0.7090E+02  0.1836E+03
      2.238  0.6687E+02  0.1849E+03
      2.256  0.6793E+02  0.1862E+03
      2.275  0.4894E+02  0.1871E+03
      2.293  0.9539E+02  0.1884E+03
      2.311  0.1198E+03  0.1904E+03
      2.329  0.9722E+02  0.1925E+03
      2.347  0.7063E+02  0.1939E+03
      2.366  0.7160E+02  0.1952E+03
      2.384  0.6564E+02  0.1965E+03
      2.402  0.9184E+02  0.1980E+03
      2.420  0.4538E+02  0.1992E+03
      2.438  0.3000E+02  0.1998E+03
      2.457  0.5758E+02  0.2013E+03
      2.475  0.1070E+03  0.2037E+03
      2.493  0.4305E+02  0.2049E+03
      2.511  0.4470E+02  0.2057E+03
      2.529  0.8339E+02  0.2069E+03
      2.548  0.9106E+02  0.2085E+03
      2.566  0.8312E+02  0.2100E+03
      2.584  0.6927E+02  0.2116E+03
      2.602  0.4973E+02  0.2126E+03
      2.621  0.4977E+02  0.2135E+03
      2.639  0.5385E+02  0.2144E+03
      2.657  0.5992E+02  0.2155E+03
      2.675  0.7494E+02  0.2168E+03
      2.693  0.6698E+02  0.2181E+03
      2.712  0.5620E+02  0.2192E+03
      2.730  0.3734E+02  0.2201E+03
      2.748  0.5950E+02  0.2209E+03
      2.766  0.9144E+02  0.2224E+03
      2.784  0.8681E+02  0.2240E+03
      2.803  0.8105E+02  0.2256E+03
      2.821  0.4983E+02  0.2267E+03
      2.839  0.2109E+02  0.2273E+03
      2.857  0.1889E+02  0.2277E+03
      2.875  0.2732E+02  0.2281E+03
      2.894  0.5138E+02  0.2288E+03
      2.912  0.3581E+02  0.2297E+03
      2.930  0.5059E+02  0.2304E+03
      2.948  0.6912E+02  0.2316E+03
      2.967  0.6920E+02  0.2328E+03
      2.985  0.5408E+02  0.2340E+03
      3.003  0.3032E+02  0.2347E+03
      3.021  0.5390E+02  0.2355E+03
      3.039  0.5073E+02  0.2365E+03
      3.058  0.6706E+02  0.2375E+03
      3.076  0.5471E+02  0.2387E+03
      3.094  0.5900E+02  0.2397E+03
      3.112  0.6757E+02  0.2409E+03
      3.130  0.4742E+02  0.2420E+03
      3.149  0.3243E+02  0.2427E+03
      3.167  0.2350E+02  0.2432E+03
      3.185  0.1604E+02  0.2435E+03
      3.203  0.1725E+02  0.2438E+03
      3.221  0.2177E+02  0.2442E+03
      3.240  0.2838E+02  0.2446E+03
      3.258  0.3771E+02  0.2452E+03
      3.276  0.4949E+02  0.2460E+03
      3.294  0.5709E+02  0.2470E+03
      3.313  0.5791E+02  0.2481E+03
      3.331  0.3721E+02  0.2490E+03
      3.349  0.2330E+02  0.2495E+03
      3.367  0.5068E+02  0.2502E+03
      3.385  0.4812E+02  0.2512E+03
      3.404  0.3012E+02  0.2519E+03
      3.422  0.6011E+02  0.2526E+03
      3.440  0.4520E+02  0.2538E+03
      3.458  0.2391E+02  0.2544E+03
      3.476  0.2195E+02  0.2548E+03
      3.495  0.2045E+02  0.2552E+03
      3.513  0.1901E+02  0.2556E+03
      3.531  0.1765E+02  0.2559E+03
      3.549  0.1636E+02  0.2562E+03
      3.567  0.1514E+02  0.2565E+03
      3.586  0.1400E+02  0.2568E+03
      3.604  0.1293E+02  0.2570E+03
      3.622  0.1193E+02  0.2572E+03
      3.640  0.1150E+02  0.2574E+03
      3.659  0.1065E+02  0.2576E+03
      3.677  0.8798E+01  0.2578E+03
      3.695  0.4851E+01  0.2579E+03
      3.713  0.8874E+00  0.2580E+03
      3.731  0.0000E+00  0.2580E+03
      3.750  0.0000E+00  0.2580E+03
      3.768  0.0000E+00  0.2580E+03
      3.786  0.0000E+00  0.2580E+03
      3.804  0.0000E+00  0.2580E+03
      3.822  0.0000E+00  0.2580E+03
      3.841  0.0000E+00  0.2580E+03
      3.859  0.0000E+00  0.2580E+03
      3.877  0.0000E+00  0.2580E+03
      3.895  0.0000E+00  0.2580E+03
      3.913  0.0000E+00  0.2580E+03
      3.932  0.0000E+00  0.2580E+03
      3.950  0.0000E+00  0.2580E+03
      3.968  0.0000E+00  0.2580E+03
      3.986  0.0000E+00  0.2580E+03
      4.005  0.0000E+00  0.2580E+03
      4.023  0.0000E+00  0.2580E+03
      4.041  0.0000E+00  0.2580E+03
      4.059  0.0000E+00  0.2580E+03
      4.077  0.0000E+00  0.2580E+03
      4.096  0.0000E+00  0.2580E+03
      4.114  0.0000E+00  0.2580E+03
      4.132  0.0000E+00  0.2580E+03
      4.150  0.0000E+00  0.2580E+03
      4.168  0.0000E+00  0.2580E+03
      4.187  0.0000E+00  0.2580E+03
      4.205  0.0000E+00  0.2580E+03
      4.223  0.0000E+00  0.2580E+03
      4.241  0.0000E+00  0.2580E+03
      4.259  0.0000E+00  0.2580E+03
      4.278  0.0000E+00  0.2580E+03
      4.296  0.0000E+00  0.2580E+03
      4.314  0.0000E+00  0.2580E+03
      4.332  0.0000E+00  0.2580E+03
      4.351  0.0000E+00  0.2580E+03
      4.369  0.0000E+00  0.2580E+03
      4.387  0.0000E+00  0.2580E+03
      4.405  0.0000E+00  0.2580E+03
      4.423  0.0000E+00  0.2580E+03
      4.442  0.0000E+00  0.2580E+03
      4.460  0.0000E+00  0.2580E+03
      4.478  0.0000E+00  0.2580E+03
      4.496  0.0000E+00  0.2580E+03
      4.514  0.0000E+00  0.2580E+03
      4.533  0.0000E+00  0.2580E+03
      4.551  0.0000E+00  0.2580E+03
      4.569  0.0000E+00  0.2580E+03
      4.587  0.0000E+00  0.2580E+03
      4.605  0.0000E+00  0.2580E+03
      4.624  0.0000E+00  0.2580E+03
      4.642  0.0000E+00  0.2580E+03
      4.660  0.0000E+00  0.2580E+03
      4.678  0.0000E+00  0.2580E+03
      4.697  0.0000E+00  0.2580E+03
      4.715  0.0000E+00  0.2580E+03
      4.733  0.0000E+00  0.2580E+03
      4.751  0.0000E+00  0.2580E+03
      4.769  0.0000E+00  0.2580E+03
      4.788  0.0000E+00  0.2580E+03
      4.806  0.0000E+00  0.2580E+03
      4.824  0.0000E+00  0.2580E+03
      4.842  0.0000E+00  0.2580E+03
      4.860  0.0000E+00  0.2580E+03
      4.879  0.0000E+00  0.2580E+03
      4.897  0.0000E+00  0.2580E+03
      4.915  0.0000E+00  0.2580E+03
      4.933  0.0000E+00  0.2580E+03
      4.951  0.0000E+00  0.2580E+03
      4.970  0.0000E+00  0.2580E+03
      4.988  0.0000E+00  0.2580E+03
      5.006  0.0000E+00  0.2580E+03
      5.024  0.0000E+00  0.2580E+03
      5.043  0.0000E+00  0.2580E+03
      5.061  0.0000E+00  0.2580E+03
      5.079  0.0000E+00  0.2580E+03
      5.097  0.0000E+00  0.2580E+03
      5.115  0.0000E+00  0.2580E+03
      5.134  0.0000E+00  0.2580E+03
      5.152  0.0000E+00  0.2580E+03
      5.170  0.0000E+00  0.2580E+03
      5.188  0.0000E+00  0.2580E+03
      5.206  0.0000E+00  0.2580E+03
      5.225  0.0000E+00  0.2580E+03
      5.243  0.0000E+00  0.2580E+03
      5.261  0.0000E+00  0.2580E+03
      5.279  0.0000E+00  0.2580E+03
      5.297  0.0000E+00  0.2580E+03
      5.316  0.0000E+00  0.2580E+03
      5.334  0.0000E+00  0.2580E+03
      5.352  0.0000E+00  0.2580E+03
      5.370  0.0000E+00  0.2580E+03
      5.389  0.0000E+00  0.2580E+03
      5.407  0.0000E+00  0.2580E+03
      5.425  0.0000E+00  0.2580E+03
      5.443  0.0000E+00  0.2580E+03
      5.461  0.0000E+00  0.2580E+03
      5.480  0.0000E+00  0.2580E+03
      5.498  0.0000E+00  0.2580E+03
      5.516  0.0000E+00  0.2580E+03
      5.534  0.0000E+00  0.2580E+03
      5.552  0.0000E+00  0.2580E+03
      5.571  0.0000E+00  0.2580E+03
      5.589  0.0000E+00  0.2580E+03
      5.607  0.0000E+00  0.2580E+03
      5.625  0.0000E+00  0.2580E+03
      5.643  0.0000E+00  0.2580E+03
      5.662  0.0000E+00  0.2580E+03
      5.680  0.0000E+00  0.2580E+03
      5.698  0.0000E+00  0.2580E+03
      5.716  0.0000E+00  0.2580E+03
      5.735  0.0000E+00  0.2580E+03
      5.753  0.0000E+00  0.2580E+03
      5.771  0.0000E+00  0.2580E+03
      5.789  0.0000E+00  0.2580E+03
      5.807  0.0000E+00  0.2580E+03
      5.826  0.0000E+00  0.2580E+03
      5.844  0.0000E+00  0.2580E+03
      5.862  0.0000E+00  0.2580E+03
      5.880  0.0000E+00  0.2580E+03
      5.898  0.0000E+00  0.2580E+03
      5.917  0.0000E+00  0.2580E+03
      5.935  0.0000E+00  0.2580E+03
      5.953  0.0000E+00  0.2580E+03
      5.971  0.0000E+00  0.2580E+03
      5.989  0.0000E+00  0.2580E+03
      6.008  0.0000E+00  0.2580E+03
      6.026  0.0000E+00  0.2580E+03
      6.044  0.0000E+00  0.2580E+03
      6.062  0.0000E+00  0.2580E+03
      6.081  0.0000E+00  0.2580E+03
      6.099  0.0000E+00  0.2580E+03
      6.117  0.0000E+00  0.2580E+03
      6.135  0.0000E+00  0.2580E+03
      6.153  0.0000E+00  0.2580E+03
      6.172  0.0000E+00  0.2580E+03
      6.190  0.0000E+00  0.2580E+03
      6.208  0.0000E+00  0.2580E+03
      6.226  0.0000E+00  0.2580E+03
      6.244  0.0000E+00  0.2580E+03
      6.263  0.0000E+00  0.2580E+03
      6.281  0.0000E+00  0.2580E+03
      6.299  0.0000E+00  0.2580E+03
      6.317  0.0000E+00  0.2580E+03
      6.335  0.0000E+00  0.2580E+03
      6.354  0.0000E+00  0.2580E+03
      6.372  0.0000E+00  0.2580E+03
      6.390  0.0000E+00  0.2580E+03
      6.408  0.0000E+00  0.2580E+03
      6.427  0.0000E+00  0.2580E+03
      6.445  0.0000E+00  0.2580E+03
      6.463  0.0000E+00  0.2580E+03
      6.481  0.0000E+00  0.2580E+03
      6.499  0.0000E+00  0.2580E+03
      6.518  0.0000E+00  0.2580E+03
      6.536  0.0000E+00  0.2580E+03
      6.554  0.0000E+00  0.2580E+03
      6.572  0.0000E+00  0.2580E+03
      6.590  0.0000E+00  0.2580E+03
      6.609  0.0000E+00  0.2580E+03
      6.627  0.0000E+00  0.2580E+03
      6.645  0.0000E+00  0.2580E+03
      6.663  0.0000E+00  0.2580E+03
      6.681  0.0000E+00  0.2580E+03
      6.700  0.0000E+00  0.2580E+03
      6.718  0.0000E+00  0.2580E+03
      6.736  0.6238E+01  0.2580E+03
      6.754  0.3000E+02  0.2583E+03
      6.773  0.6115E+02  0.2591E+03
      6.791  0.1649E+02  0.2599E+03
      6.809  0.0000E+00  0.2600E+03
      6.827  0.0000E+00  0.2600E+03
      6.845  0.0000E+00  0.2600E+03
      6.864  0.0000E+00  0.2600E+03
      6.882  0.0000E+00  0.2600E+03
      6.900  0.0000E+00  0.2600E+03
      6.918  0.0000E+00  0.2600E+03
      6.936  0.0000E+00  0.2600E+03
      6.955  0.0000E+00  0.2600E+03
      6.973  0.0000E+00  0.2600E+03
      6.991  0.0000E+00  0.2600E+03
      7.009  0.1251E+02  0.2600E+03
      7.027  0.3093E+02  0.2605E+03
      7.046  0.3107E+02  0.2611E+03
      7.064  0.3120E+02  0.2617E+03
      7.082  0.0000E+00  0.2620E+03
      7.100  0.0000E+00  0.2620E+03
      7.119  0.0000E+00  0.2620E+03
      7.137  0.0000E+00  0.2620E+03
      7.155  0.0000E+00  0.2620E+03
      7.173  0.0000E+00  0.2620E+03
      7.191  0.0000E+00  0.2620E+03
      7.210  0.0000E+00  0.2620E+03
      7.228  0.0000E+00  0.2620E+03
      7.246  0.0000E+00  0.2620E+03
      7.264  0.0000E+00  0.2620E+03
      7.282  0.0000E+00  0.2620E+03
      7.301  0.0000E+00  0.2620E+03
      7.319  0.0000E+00  0.2620E+03
      7.337  0.0000E+00  0.2620E+03
      7.355  0.0000E+00  0.2620E+03
      7.373  0.0000E+00  0.2620E+03
      7.392  0.0000E+00  0.2620E+03
      7.410  0.0000E+00  0.2620E+03
      7.428  0.0000E+00  0.2620E+03
      7.446  0.0000E+00  0.2620E+03
      7.465  0.0000E+00  0.2620E+03
      7.483  0.0000E+00  0.2620E+03
      7.501  0.0000E+00  0.2620E+03
      7.519  0.0000E+00  0.2620E+03
      7.537  0.0000E+00  0.2620E+03
      7.556  0.0000E+00  0.2620E+03
      7.574  0.0000E+00  0.2620E+03
      7.592  0.0000E+00  0.2620E+03
      7.610  0.0000E+00  0.2620E+03
      7.628  0.0000E+00  0.2620E+03
      7.647  0.0000E+00  0.2620E+03
      7.665  0.0000E+00  0.2620E+03
      7.683  0.0000E+00  0.2620E+03
      7.701  0.0000E+00  0.2620E+03
      7.719  0.0000E+00  0.2620E+03
      7.738  0.0000E+00  0.2620E+03
      7.756  0.0000E+00  0.2620E+03
      7.774  0.0000E+00  0.2620E+03
      7.792  0.0000E+00  0.2620E+03
      7.810  0.0000E+00  0.2620E+03
      7.829  0.0000E+00  0.2620E+03
      7.847  0.0000E+00  0.2620E+03
      7.865  0.0000E+00  0.2620E+03
      7.883  0.0000E+00  0.2620E+03
      7.902  0.0000E+00  0.2620E+03
      7.920  0.0000E+00  0.2620E+03
      7.938  0.0000E+00  0.2620E+03
      7.956  0.0000E+00  0.2620E+03
      7.974  0.0000E+00  0.2620E+03
      7.993  0.0000E+00  0.2620E+03
      8.011  0.0000E+00  0.2620E+03
      8.029  0.0000E+00  0.2620E+03
      8.047  0.0000E+00  0.2620E+03
      8.065  0.0000E+00  0.2620E+03
      8.084  0.6761E+01  0.2620E+03
      8.102  0.1774E+02  0.2623E+03
      8.120  0.2892E+02  0.2627E+03
      8.138  0.3883E+02  0.2633E+03
      8.156  0.1781E+02  0.2639E+03
      8.175  0.3234E+00  0.2640E+03
      8.193  0.0000E+00  0.2640E+03
      8.211  0.0000E+00  0.2640E+03
      8.229  0.0000E+00  0.2640E+03
      8.248  0.0000E+00  0.2640E+03
      8.266  0.0000E+00  0.2640E+03
      8.284  0.0000E+00  0.2640E+03
      8.302  0.0000E+00  0.2640E+03
      8.320  0.0000E+00  0.2640E+03
      8.339  0.0000E+00  0.2640E+03
      8.357  0.0000E+00  0.2640E+03
      8.375  0.0000E+00  0.2640E+03
      8.393  0.0000E+00  0.2640E+03
      8.411  0.0000E+00  0.2640E+03
      8.430  0.0000E+00  0.2640E+03
      8.448  0.0000E+00  0.2640E+03
      8.466  0.0000E+00  0.2640E+03
      8.484  0.0000E+00  0.2640E+03
      8.502  0.0000E+00  0.2640E+03
      8.521  0.0000E+00  0.2640E+03
      8.539  0.0000E+00  0.2640E+03
      8.557  0.0000E+00  0.2640E+03
      8.575  0.0000E+00  0.2640E+03
      8.594  0.0000E+00  0.2640E+03
      8.612  0.0000E+00  0.2640E+03
      8.630  0.0000E+00  0.2640E+03
      8.648  0.0000E+00  0.2640E+03
      8.666  0.0000E+00  0.2640E+03
      8.685  0.0000E+00  0.2640E+03
      8.703  0.0000E+00  0.2640E+03
      8.721  0.0000E+00  0.2640E+03
      8.739  0.0000E+00  0.2640E+03
      8.757  0.0000E+00  0.2640E+03
      8.776  0.0000E+00  0.2640E+03
      8.794  0.0000E+00  0.2640E+03
      8.812  0.0000E+00  0.2640E+03
      8.830  0.0000E+00  0.2640E+03
      8.848  0.0000E+00  0.2640E+03
      8.867  0.0000E+00  0.2640E+03
      8.885  0.0000E+00  0.2640E+03
      8.903  0.0000E+00  0.2640E+03
      8.921  0.0000E+00  0.2640E+03
      8.940  0.0000E+00  0.2640E+03
      8.958  0.0000E+00  0.2640E+03
      8.976  0.0000E+00  0.2640E+03
      8.994  0.0000E+00  0.2640E+03
      9.012  0.0000E+00  0.2640E+03
      9.031  0.0000E+00  0.2640E+03
      9.049  0.0000E+00  0.2640E+03
      9.067  0.0000E+00  0.2640E+03
      9.085  0.0000E+00  0.2640E+03
      9.103  0.0000E+00  0.2640E+03
      9.122  0.0000E+00  0.2640E+03
      9.140  0.0000E+00  0.2640E+03
      9.158  0.0000E+00  0.2640E+03
      9.176  0.0000E+00  0.2640E+03
      9.194  0.0000E+00  0.2640E+03
      9.213  0.0000E+00  0.2640E+03
      9.231  0.0000E+00  0.2640E+03
      9.249  0.0000E+00  0.2640E+03
      9.267  0.0000E+00  0.2640E+03
      9.286  0.0000E+00  0.2640E+03
      9.304  0.0000E+00  0.2640E+03
      9.322  0.0000E+00  0.2640E+03
      9.340  0.0000E+00  0.2640E+03
      9.358  0.0000E+00  0.2640E+03
      9.377  0.0000E+00  0.2640E+03
      9.395  0.0000E+00  0.2640E+03
      9.413  0.0000E+00  0.2640E+03
      9.431  0.0000E+00  0.2640E+03
      9.449  0.0000E+00  0.2640E+03
      9.468  0.0000E+00  0.2640E+03
      9.486  0.0000E+00  0.2640E+03
      9.504  0.0000E+00  0.2640E+03
      9.522  0.0000E+00  0.2640E+03
      9.540  0.0000E+00  0.2640E+03
      9.559  0.0000E+00  0.2640E+03
      9.577  0.0000E+00  0.2640E+03
      9.595  0.0000E+00  0.2640E+03
      9.613  0.0000E+00  0.2640E+03
      9.632  0.0000E+00  0.2640E+03
      9.650  0.0000E+00  0.2640E+03
      9.668  0.0000E+00  0.2640E+03
      9.686  0.0000E+00  0.2640E+03
      9.704  0.0000E+00  0.2640E+03
      9.723  0.0000E+00  0.2640E+03
      9.741  0.0000E+00  0.2640E+03
      9.759  0.0000E+00  0.2640E+03
      9.777  0.0000E+00  0.2640E+03
      9.795  0.0000E+00  0.2640E+03
      9.814  0.0000E+00  0.2640E+03
      9.832  0.0000E+00  0.2640E+03
      9.850  0.0000E+00  0.2640E+03
      9.868  0.0000E+00  0.2640E+03
      9.886  0.0000E+00  0.2640E+03
      9.905  0.0000E+00  0.2640E+03
      9.923  0.0000E+00  0.2640E+03
      9.941  0.0000E+00  0.2640E+03
      9.959  0.0000E+00  0.2640E+03
      9.978  0.0000E+00  0.2640E+03
      9.996  0.0000E+00  0.2640E+03
     10.014  0.0000E+00  0.2640E+03
     10.032  0.0000E+00  0.2640E+03
     10.050  0.0000E+00  0.2640E+03
     10.069  0.0000E+00  0.2640E+03
     10.087  0.0000E+00  0.2640E+03
     10.105  0.0000E+00  0.2640E+03
     10.123  0.0000E+00  0.2640E+03
     10.141  0.0000E+00  0.2640E+03
     10.160  0.0000E+00  0.2640E+03
     10.178  0.0000E+00  0.2640E+03
     10.196  0.0000E+00  0.2640E+03
     10.214  0.0000E+00  0.2640E+03
     10.232  0.0000E+00  0.2640E+03
     10.251  0.0000E+00  0.2640E+03
     10.269  0.1642E-03  0.2640E+03
     10.287  0.9540E-03  0.2640E+03
     10.305  0.2397E-02  0.2640E+03
     10.324  0.4493E-02  0.2640E+03
     10.342  0.7243E-02  0.2640E+03
     10.360  0.1065E-01  0.2640E+03
     10.378  0.1470E-01  0.2640E+03
     10.396  0.1941E-01  0.2640E+03
     10.415  0.2477E-01  0.2640E+03
     10.433  0.3079E-01  0.2640E+03
     10.451  0.3746E-01  0.2640E+03
     10.469  0.4478E-01  0.2640E+03
     10.487  0.5276E-01  0.2640E+03
     10.506  0.6138E-01  0.2640E+03
     10.524  0.7067E-01  0.2640E+03
     10.542  0.8060E-01  0.2640E+03
     10.560  0.9119E-01  0.2640E+03
     10.578  0.1024E+00  0.2640E+03
     10.597  0.1143E+00  0.2640E+03
     10.615  0.1269E+00  0.2640E+03
     10.633  0.1401E+00  0.2640E+03
     10.651  0.1539E+00  0.2640E+03
     10.670  0.1684E+00  0.2640E+03
     10.688  0.1836E+00  0.2640E+03
     10.706  0.1994E+00  0.2640E+03
     10.724  0.2159E+00  0.2640E+03
     10.742  0.2330E+00  0.2640E+03
     10.761  0.2508E+00  0.2640E+03
     10.779  0.2692E+00  0.2640E+03
     10.797  0.2883E+00  0.2641E+03
     10.815  0.3080E+00  0.2641E+03
     10.833  0.3284E+00  0.2641E+03
     10.852  0.3494E+00  0.2641E+03
     10.870  0.3711E+00  0.2641E+03
     10.888  0.3935E+00  0.2641E+03
     10.906  0.4165E+00  0.2641E+03
     10.924  0.4401E+00  0.2641E+03
     10.943  0.4644E+00  0.2641E+03
     10.961  0.4894E+00  0.2641E+03
     10.979  0.5150E+00  0.2641E+03
     10.997  0.5413E+00  0.2641E+03
     11.016  0.5682E+00  0.2641E+03
     11.034  0.5958E+00  0.2642E+03
     11.052  0.6240E+00  0.2642E+03
     11.070  0.6529E+00  0.2642E+03
     11.088  0.6824E+00  0.2642E+03
     11.107  0.7126E+00  0.2642E+03
     11.125  0.7434E+00  0.2642E+03
     11.143  0.7749E+00  0.2642E+03
     11.161  0.8071E+00  0.2642E+03
     11.179  0.8399E+00  0.2643E+03
     11.198  0.8733E+00  0.2643E+03
     11.216  0.9074E+00  0.2643E+03
     11.234  0.9422E+00  0.2643E+03
     11.252  0.9776E+00  0.2643E+03
     11.270  0.1014E+01  0.2643E+03
     11.289  0.1050E+01  0.2644E+03
     11.307  0.1088E+01  0.2644E+03
     11.325  0.1126E+01  0.2644E+03
     11.343  0.1164E+01  0.2644E+03
     11.362  0.1204E+01  0.2644E+03
     11.380  0.1255E+01  0.2645E+03
     11.398  0.1327E+01  0.2645E+03
     11.416  0.1395E+01  0.2645E+03
     11.434  0.1461E+01  0.2645E+03
     11.453  0.1523E+01  0.2646E+03
     11.471  0.1582E+01  0.2646E+03
     11.489  0.1638E+01  0.2646E+03
     11.507  0.1691E+01  0.2647E+03
     11.525  0.1741E+01  0.2647E+03
     11.544  0.1787E+01  0.2647E+03
     11.562  0.1830E+01  0.2648E+03
     11.580  0.1871E+01  0.2648E+03
     11.598  0.1908E+01  0.2648E+03
     11.616  0.1941E+01  0.2649E+03
     11.635  0.2097E+01  0.2649E+03
     11.653  0.2294E+01  0.2649E+03
     11.671  0.2481E+01  0.2650E+03
     11.689  0.2661E+01  0.2650E+03
     11.708  0.2832E+01  0.2651E+03
     11.726  0.2994E+01  0.2651E+03
     11.744  0.3148E+01  0.2652E+03
     11.762  0.3293E+01  0.2652E+03
     11.780  0.3430E+01  0.2653E+03
     11.799  0.3558E+01  0.2654E+03
     11.817  0.3677E+01  0.2654E+03
     11.835  0.3789E+01  0.2655E+03
     11.853  0.3891E+01  0.2656E+03
     11.871  0.3986E+01  0.2656E+03
     11.890  0.4071E+01  0.2657E+03
     11.908  0.4148E+01  0.2658E+03
     11.926  0.4217E+01  0.2659E+03
     11.944  0.4277E+01  0.2659E+03
     11.962  0.4329E+01  0.2660E+03
     11.981  0.4372E+01  0.2661E+03
     11.999  0.4406E+01  0.2662E+03
     12.017  0.4432E+01  0.2663E+03
     12.035  0.4450E+01  0.2663E+03
     12.054  0.4459E+01  0.2664E+03
     12.072  0.4459E+01  0.2665E+03
     12.090  0.4451E+01  0.2666E+03
     12.108  0.4432E+01  0.2667E+03
     12.126  0.4282E+01  0.2667E+03
     12.145  0.4117E+01  0.2668E+03
     12.163  0.3959E+01  0.2669E+03
     12.181  0.3810E+01  0.2670E+03
     12.199  0.3667E+01  0.2670E+03
     12.217  0.3532E+01  0.2671E+03
     12.236  0.3405E+01  0.2672E+03
     12.254  0.3286E+01  0.2672E+03
     12.272  0.3173E+01  0.2673E+03
     12.290  0.3067E+01  0.2673E+03
     12.308  0.2851E+01  0.2674E+03
     12.327  0.2746E+01  0.2674E+03
     12.345  0.2674E+01  0.2675E+03
     12.363  0.2615E+01  0.2675E+03
     12.381  0.2568E+01  0.2676E+03
     12.400  0.2535E+01  0.2676E+03
     12.418  0.2509E+01  0.2677E+03
     12.436  0.2483E+01  0.2677E+03
     12.454  0.2457E+01  0.2678E+03
     12.472  0.2431E+01  0.2678E+03
     12.491  0.2405E+01  0.2679E+03
     12.509  0.2379E+01  0.2679E+03
     12.527  0.2352E+01  0.2679E+03
     12.545  0.2325E+01  0.2680E+03
     12.563  0.2298E+01  0.2680E+03
     12.582  0.2271E+01  0.2681E+03
     12.600  0.2637E+01  0.2681E+03
     12.618  0.3436E+01  0.2682E+03
     12.636  0.3449E+01  0.2682E+03
     12.654  0.3462E+01  0.2683E+03
     12.673  0.3474E+01  0.2684E+03
     12.691  0.3485E+01  0.2684E+03
     12.709  0.3497E+01  0.2685E+03
     12.727  0.3508E+01  0.2686E+03
     12.746  0.3519E+01  0.2686E+03
     12.764  0.3529E+01  0.2687E+03
     12.782  0.3539E+01  0.2687E+03
     12.800  0.3549E+01  0.2688E+03
     12.818  0.3559E+01  0.2689E+03
     12.837  0.3572E+01  0.2689E+03
     12.855  0.3592E+01  0.2690E+03
     12.873  0.3617E+01  0.2691E+03
     12.891  0.3648E+01  0.2691E+03
     12.909  0.3686E+01  0.2692E+03
     12.928  0.3729E+01  0.2693E+03
     12.946  0.3779E+01  0.2693E+03
     12.964  0.3835E+01  0.2694E+03
     12.982  0.3896E+01  0.2695E+03
     13.000  0.3964E+01  0.2695E+03
     13.019  0.4038E+01  0.2696E+03
     13.037  0.4118E+01  0.2697E+03
     13.055  0.4204E+01  0.2698E+03
     13.073  0.4296E+01  0.2698E+03
     13.092  0.4394E+01  0.2699E+03
     13.110  0.4499E+01  0.2700E+03
     13.128  0.4613E+01  0.2701E+03
     13.146  0.4735E+01  0.2702E+03
     13.164  0.4865E+01  0.2703E+03
     13.183  0.5003E+01  0.2704E+03
     13.201  0.5149E+01  0.2704E+03
     13.219  0.5302E+01  0.2705E+03
     13.237  0.5463E+01  0.2706E+03
     13.255  0.5633E+01  0.2707E+03
     13.274  0.5810E+01  0.2708E+03
     13.292  0.5995E+01  0.2710E+03
     13.310  0.6188E+01  0.2711E+03
     13.328  0.6389E+01  0.2712E+03
     13.346  0.6598E+01  0.2713E+03
     13.365  0.6815E+01  0.2714E+03
     13.383  0.7039E+01  0.2715E+03
     13.401  0.7272E+01  0.2717E+03
     13.419  0.7512E+01  0.2718E+03
     13.438  0.7761E+01  0.2719E+03
     13.456  0.8017E+01  0.2721E+03
     13.474  0.8281E+01  0.2722E+03
     13.492  0.8553E+01  0.2724E+03
     13.510  0.8833E+01  0.2726E+03
     13.529  0.9121E+01  0.2727E+03
     13.547  0.9417E+01  0.2729E+03
     13.565  0.9713E+01  0.2731E+03
     13.583  0.1003E+02  0.2732E+03
     13.601  0.1038E+02  0.2734E+03
     13.620  0.1077E+02  0.2736E+03
     13.638  0.1119E+02  0.2738E+03
     13.656  0.1166E+02  0.2740E+03
     13.674  0.1218E+02  0.2742E+03
     13.692  0.1310E+02  0.2745E+03
     13.711  0.1442E+02  0.2747E+03
     13.729  0.1562E+02  0.2750E+03
     13.747  0.1672E+02  0.2753E+03
     13.765  0.1770E+02  0.2756E+03
     13.784  0.1868E+02  0.2759E+03
     13.802  0.2082E+02  0.2763E+03
     13.820  0.2344E+02  0.2767E+03
     13.838  0.2457E+02  0.2771E+03
     13.856  0.2406E+02  0.2776E+03
     13.875  0.2137E+02  0.2780E+03
     13.893  0.1673E+02  0.2783E+03
     13.911  0.1303E+02  0.2786E+03
     13.929  0.1343E+02  0.2788E+03
     13.947  0.1363E+02  0.2791E+03
     13.966  0.1394E+02  0.2793E+03
     13.984  0.1473E+02  0.2796E+03
     14.002  0.1472E+02  0.2799E+03
     14.020  0.1385E+02  0.2801E+03
     14.038  0.1379E+02  0.2804E+03
     14.057  0.1389E+02  0.2806E+03
     14.075  0.1348E+02  0.2809E+03
     14.093  0.1261E+02  0.2811E+03
     14.111  0.1227E+02  0.2814E+03
     14.130  0.1344E+02  0.2816E+03
     14.148  0.1548E+02  0.2818E+03
     14.166  0.3577E+02  0.2823E+03
     14.184  0.4287E+02  0.2830E+03
     14.202  0.1903E+02  0.2837E+03
     14.221  0.7936E+01  0.2839E+03
     14.239  0.9044E+01  0.2841E+03
     14.257  0.1086E+02  0.2842E+03
     14.275  0.1236E+02  0.2845E+03
     14.293  0.1349E+02  0.2847E+03
     14.312  0.1425E+02  0.2849E+03
     14.330  0.1465E+02  0.2852E+03
     14.348  0.1469E+02  0.2855E+03
     14.366  0.1437E+02  0.2857E+03
     14.384  0.1368E+02  0.2860E+03
     14.403  0.1261E+02  0.2862E+03
     14.421  0.1122E+02  0.2865E+03
     14.439  0.1004E+02  0.2866E+03
     14.457  0.9712E+01  0.2868E+03
     14.476  0.9372E+01  0.2870E+03
     14.494  0.9208E+01  0.2872E+03
     14.512  0.9352E+01  0.2873E+03
     14.530  0.9757E+01  0.2875E+03
     14.548  0.1002E+02  0.2877E+03
     14.567  0.1009E+02  0.2879E+03
     14.585  0.1004E+02  0.2881E+03
     14.603  0.9865E+01  0.2882E+03
     14.621  0.9679E+01  0.2884E+03
     14.639  0.9492E+01  0.2886E+03
     14.658  0.9305E+01  0.2888E+03
     14.676  0.9126E+01  0.2889E+03
     14.694  0.9081E+01  0.2891E+03
     14.712  0.9226E+01  0.2893E+03
     14.730  0.9494E+01  0.2894E+03
     14.749  0.9941E+01  0.2896E+03
     14.767  0.1055E+02  0.2898E+03
     14.785  0.1122E+02  0.2900E+03
     14.803  0.1189E+02  0.2902E+03
     14.822  0.1256E+02  0.2904E+03
     14.840  0.1323E+02  0.2907E+03
     14.858  0.1389E+02  0.2909E+03
     14.876  0.1461E+02  0.2912E+03
     14.894  0.1539E+02  0.2914E+03
     14.913  0.1622E+02  0.2917E+03
     14.931  0.1714E+02  0.2920E+03
     14.949  0.1803E+02  0.2924E+03
     14.967  0.1895E+02  0.2927E+03
     14.985  0.1990E+02  0.2930E+03
     15.004  0.2086E+02  0.2934E+03
     15.022  0.2183E+02  0.2938E+03
     15.040  0.2281E+02  0.2942E+03
     15.058  0.2375E+02  0.2946E+03
     15.076  0.2401E+02  0.2951E+03
     15.095  0.2389E+02  0.2955E+03
     15.113  0.2438E+02  0.2959E+03
     15.131  0.2494E+02  0.2964E+03
     15.149  0.2517E+02  0.2969E+03
     15.168  0.2349E+02  0.2973E+03
     15.186  0.2265E+02  0.2977E+03
     15.204  0.2177E+02  0.2981E+03
     15.222  0.1920E+02  0.2985E+03
     15.240  0.1914E+02  0.2988E+03
     15.259  0.1889E+02  0.2992E+03
     15.277  0.1845E+02  0.2995E+03
     15.295  0.1779E+02  0.2999E+03
     15.313  0.1666E+02  0.3002E+03
     15.331  0.1522E+02  0.3005E+03
     15.350  0.1368E+02  0.3007E+03
     15.368  0.1270E+02  0.3010E+03
     15.386  0.1498E+02  0.3012E+03
     15.404  0.2023E+02  0.3015E+03
     15.422  0.2249E+02  0.3019E+03
     15.441  0.2604E+02  0.3024E+03
     15.459  0.2697E+02  0.3028E+03
     15.477  0.2889E+02  0.3033E+03
     15.495  0.3010E+02  0.3039E+03
     15.514  0.2998E+02  0.3044E+03
     15.532  0.2849E+02  0.3050E+03
     15.550  0.3113E+02  0.3055E+03
     15.568  0.3313E+02  0.3061E+03
     15.586  0.3234E+02  0.3067E+03
     15.605  0.3063E+02  0.3073E+03
     15.623  0.2907E+02  0.3078E+03
     15.641  0.2787E+02  0.3083E+03
     15.659  0.2770E+02  0.3088E+03
     15.677  0.2692E+02  0.3093E+03
     15.696  0.2552E+02  0.3098E+03
     15.714  0.2392E+02  0.3103E+03
     15.732  0.2234E+02  0.3107E+03
     15.750  0.2120E+02  0.3111E+03
     15.768  0.2047E+02  0.3115E+03
     15.787  0.1989E+02  0.3118E+03
     15.805  0.1977E+02  0.3122E+03
     15.823  0.2025E+02  0.3125E+03
     15.841  0.2036E+02  0.3129E+03
     15.860  0.2033E+02  0.3133E+03
     15.878  0.2031E+02  0.3137E+03
     15.896  0.1929E+02  0.3140E+03
     15.914  0.1737E+02  0.3144E+03
     15.932  0.1437E+02  0.3146E+03
     15.951  0.1253E+02  0.3149E+03
     15.969  0.1450E+02  0.3151E+03
     15.987  0.1602E+02  0.3154E+03
     16.005  0.1476E+02  0.3157E+03
     16.023  0.1350E+02  0.3159E+03
     16.042  0.1259E+02  0.3162E+03
     16.060  0.1190E+02  0.3164E+03
     16.078  0.1130E+02  0.3166E+03
     16.096  0.1114E+02  0.3168E+03
     16.114  0.1138E+02  0.3170E+03
     16.133  0.1168E+02  0.3172E+03
     16.151  0.1236E+02  0.3175E+03
     16.169  0.1392E+02  0.3177E+03
     16.187  0.1563E+02  0.3180E+03
     16.205  0.1668E+02  0.3183E+03
     16.224  0.1741E+02  0.3186E+03
     16.242  0.1794E+02  0.3189E+03
     16.260  0.1815E+02  0.3192E+03
     16.278  0.1806E+02  0.3195E+03
     16.297  0.1766E+02  0.3199E+03
     16.315  0.1692E+02  0.3202E+03
     16.333  0.1602E+02  0.3205E+03
     16.351  0.1549E+02  0.3208E+03
     16.369  0.1619E+02  0.3211E+03
     16.388  0.1762E+02  0.3214E+03
     16.406  0.1804E+02  0.3217E+03
     16.424  0.1771E+02  0.3220E+03
     16.442  0.1746E+02  0.3223E+03
     16.460  0.1741E+02  0.3227E+03
     16.479  0.1722E+02  0.3230E+03
     16.497  0.1706E+02  0.3233E+03
     16.515  0.1697E+02  0.3236E+03
     16.533  0.1696E+02  0.3239E+03
     16.551  0.1719E+02  0.3242E+03
     16.570  0.1730E+02  0.3245E+03
     16.588  0.1715E+02  0.3248E+03
     16.606  0.1671E+02  0.3252E+03
     16.624  0.1580E+02  0.3255E+03
     16.643  0.1523E+02  0.3257E+03
     16.661  0.1508E+02  0.3260E+03
     16.679  0.1515E+02  0.3263E+03
     16.697  0.1451E+02  0.3266E+03
     16.715  0.1352E+02  0.3268E+03
     16.734  0.1309E+02  0.3271E+03
     16.752  0.1321E+02  0.3273E+03
     16.770  0.1345E+02  0.3275E+03
     16.788  0.1321E+02  0.3278E+03
     16.806  0.1282E+02  0.3280E+03
     16.825  0.1228E+02  0.3282E+03
     16.843  0.1229E+02  0.3285E+03
     16.861  0.1276E+02  0.3287E+03
     16.879  0.1314E+02  0.3289E+03
     16.897  0.1341E+02  0.3292E+03
     16.916  0.1334E+02  0.3294E+03
     16.934  0.1287E+02  0.3297E+03
     16.952  0.1149E+02  0.3299E+03
     16.970  0.1198E+02  0.3301E+03
     16.989  0.1248E+02  0.3303E+03
     17.007  0.1296E+02  0.3305E+03
     17.025  0.1315E+02  0.3308E+03
     17.043  0.1281E+02  0.3310E+03
     17.061  0.1194E+02  0.3312E+03
     17.080  0.1188E+02  0.3315E+03
     17.098  0.1238E+02  0.3317E+03
     17.116  0.1244E+02  0.3319E+03
     17.134  0.1213E+02  0.3321E+03
     17.152  0.1154E+02  0.3324E+03
     17.171  0.1087E+02  0.3326E+03
     17.189  0.1029E+02  0.3327E+03
     17.207  0.9801E+01  0.3329E+03
     17.225  0.9410E+01  0.3331E+03
     17.243  0.9038E+01  0.3333E+03
     17.262  0.8560E+01  0.3334E+03
     17.280  0.8176E+01  0.3336E+03
     17.298  0.7875E+01  0.3337E+03
     17.316  0.7658E+01  0.3339E+03
     17.335  0.7524E+01  0.3340E+03
     17.353  0.7500E+01  0.3341E+03
     17.371  0.8642E+01  0.3343E+03
     17.389  0.1231E+02  0.3345E+03
     17.407  0.1250E+02  0.3347E+03
     17.426  0.1092E+02  0.3349E+03
     17.444  0.1013E+02  0.3351E+03
     17.462  0.9214E+01  0.3353E+03
     17.480  0.8161E+01  0.3354E+03
     17.498  0.6978E+01  0.3356E+03
     17.517  0.5794E+01  0.3357E+03
     17.535  0.4695E+01  0.3358E+03
     17.553  0.3629E+01  0.3359E+03
     17.571  0.2594E+01  0.3359E+03
     17.589  0.1589E+01  0.3360E+03
     17.608  0.7379E+00  0.3360E+03
     17.626  0.2088E+00  0.3360E+03
     17.644  0.3006E-02  0.3360E+03
     17.662  0.0000E+00  0.3360E+03
     17.681  0.0000E+00  0.3360E+03
     17.699  0.0000E+00  0.3360E+03
     17.717  0.0000E+00  0.3360E+03
     17.735  0.0000E+00  0.3360E+03
     17.753  0.0000E+00  0.3360E+03
     17.772  0.0000E+00  0.3360E+03
     17.790  0.0000E+00  0.3360E+03
     17.808  0.0000E+00  0.3360E+03
     17.826  0.0000E+00  0.3360E+03
     17.844  0.0000E+00  0.3360E+03
     17.863  0.0000E+00  0.3360E+03
     17.881  0.0000E+00  0.3360E+03
     17.899  0.0000E+00  0.3360E+03
     17.917  0.0000E+00  0.3360E+03
     17.935  0.0000E+00  0.3360E+03
     17.954  0.0000E+00  0.3360E+03
     17.972  0.0000E+00  0.3360E+03
     17.990  0.0000E+00  0.3360E+03
     18.008  0.0000E+00  0.3360E+03
     18.027  0.0000E+00  0.3360E+03
     18.045  0.0000E+00  0.3360E+03
     18.063  0.0000E+00  0.3360E+03
     18.081  0.0000E+00  0.3360E+03
     18.099  0.0000E+00  0.3360E+03
     18.118  0.0000E+00  0.3360E+03
     18.136  0.0000E+00  0.3360E+03
     18.154  0.0000E+00  0.3360E+03
     18.172  0.0000E+00  0.3360E+03
     18.190  0.0000E+00  0.3360E+03
     18.209  0.0000E+00  0.3360E+03
     18.227  0.0000E+00  0.3360E+03
     18.245  0.0000E+00  0.3360E+03
     18.263  0.0000E+00  0.3360E+03
     18.281  0.0000E+00  0.3360E+03
     18.300  0.0000E+00  0.3360E+03
     18.318  0.0000E+00  0.3360E+03
     18.336  0.0000E+00  0.3360E+03
     18.354  0.0000E+00  0.3360E+03
     18.373  0.0000E+00  0.3360E+03
     18.391  0.0000E+00  0.3360E+03
     18.409  0.0000E+00  0.3360E+03
     18.427  0.0000E+00  0.3360E+03
     18.445  0.0000E+00  0.3360E+03
     18.464  0.0000E+00  0.3360E+03
     18.482  0.0000E+00  0.3360E+03
     18.500  0.0000E+00  0.3360E+03
     18.518  0.0000E+00  0.3360E+03
     18.536  0.0000E+00  0.3360E+03
     18.555  0.0000E+00  0.3360E+03
     18.573  0.0000E+00  0.3360E+03
     18.591  0.0000E+00  0.3360E+03
     18.609  0.0000E+00  0.3360E+03
     18.627  0.0000E+00  0.3360E+03
     18.646  0.0000E+00  0.3360E+03
     18.664  0.0000E+00  0.3360E+03
     18.682  0.0000E+00  0.3360E+03
     18.700  0.0000E+00  0.3360E+03
     18.719  0.0000E+00  0.3360E+03
     18.737  0.0000E+00  0.3360E+03
     18.755  0.0000E+00  0.3360E+03
     18.773  0.0000E+00  0.3360E+03
     18.791  0.0000E+00  0.3360E+03
     18.810  0.0000E+00  0.3360E+03
     18.828  0.0000E+00  0.3360E+03
     18.846  0.0000E+00  0.3360E+03
     18.864  0.0000E+00  0.3360E+03
     18.882  0.0000E+00  0.3360E+03
     18.901  0.0000E+00  0.3360E+03
     18.919  0.0000E+00  0.3360E+03
     18.937  0.0000E+00  0.3360E+03
     18.955  0.0000E+00  0.3360E+03
     18.973  0.0000E+00  0.3360E+03
     18.992  0.0000E+00  0.3360E+03
     19.010  0.0000E+00  0.3360E+03
     19.028  0.0000E+00  0.3360E+03
     19.046  0.0000E+00  0.3360E+03
     19.065  0.0000E+00  0.3360E+03
     19.083  0.0000E+00  0.3360E+03
     19.101  0.0000E+00  0.3360E+03
     19.119  0.0000E+00  0.3360E+03
     19.137  0.0000E+00  0.3360E+03
     19.156  0.0000E+00  0.3360E+03
     19.174  0.0000E+00  0.3360E+03
     19.192  0.0000E+00  0.3360E+03
     19.210  0.0000E+00  0.3360E+03
     19.228  0.0000E+00  0.3360E+03
     19.247  0.0000E+00  0.3360E+03
     19.265  0.0000E+00  0.3360E+03
     19.283  0.0000E+00  0.3360E+03
     19.301  0.0000E+00  0.3360E+03


