 Energy DOS Integrated_DOS
    -17.172  0.0000E+00  0.0000E+00
    -17.154  0.0000E+00  0.0000E+00
    -17.135  0.0000E+00  0.0000E+00
    -17.117  0.0000E+00  0.0000E+00
    -17.099  0.0000E+00  0.0000E+00
    -17.080  0.0000E+00  0.0000E+00
    -17.062  0.0000E+00  0.0000E+00
    -17.044  0.0000E+00  0.0000E+00
    -17.025  0.0000E+00  0.0000E+00
    -17.007  0.0000E+00  0.0000E+00
    -16.988  0.0000E+00  0.0000E+00
    -16.970  0.0000E+00  0.0000E+00
    -16.952  0.0000E+00  0.0000E+00
    -16.933  0.0000E+00  0.0000E+00
    -16.915  0.0000E+00  0.0000E+00
    -16.897  0.0000E+00  0.0000E+00
    -16.878  0.0000E+00  0.0000E+00
    -16.860  0.0000E+00  0.0000E+00
    -16.841  0.0000E+00  0.0000E+00
    -16.823  0.0000E+00  0.0000E+00
    -16.805  0.0000E+00  0.0000E+00
    -16.786  0.0000E+00  0.0000E+00
    -16.768  0.0000E+00  0.0000E+00
    -16.750  0.0000E+00  0.0000E+00
    -16.731  0.0000E+00  0.0000E+00
    -16.713  0.0000E+00  0.0000E+00
    -16.695  0.0000E+00  0.0000E+00
    -16.676  0.0000E+00  0.0000E+00
    -16.658  0.0000E+00  0.0000E+00
    -16.639  0.0000E+00  0.0000E+00
    -16.621  0.0000E+00  0.0000E+00
    -16.603  0.0000E+00  0.0000E+00
    -16.584  0.0000E+00  0.0000E+00
    -16.566  0.0000E+00  0.0000E+00
    -16.548  0.0000E+00  0.0000E+00
    -16.529  0.0000E+00  0.0000E+00
    -16.511  0.0000E+00  0.0000E+00
    -16.492  0.0000E+00  0.0000E+00
    -16.474  0.0000E+00  0.0000E+00
    -16.456  0.0000E+00  0.0000E+00
    -16.437  0.0000E+00  0.0000E+00
    -16.419  0.0000E+00  0.0000E+00
    -16.401  0.0000E+00  0.0000E+00
    -16.382  0.0000E+00  0.0000E+00
    -16.364  0.0000E+00  0.0000E+00
    -16.346  0.0000E+00  0.0000E+00
    -16.327  0.0000E+00  0.0000E+00
    -16.309  0.0000E+00  0.0000E+00
    -16.290  0.0000E+00  0.0000E+00
    -16.272  0.0000E+00  0.0000E+00
    -16.254  0.0000E+00  0.0000E+00
    -16.235  0.0000E+00  0.0000E+00
    -16.217  0.0000E+00  0.0000E+00
    -16.199  0.0000E+00  0.0000E+00
    -16.180  0.0000E+00  0.0000E+00
    -16.162  0.0000E+00  0.0000E+00
    -16.144  0.0000E+00  0.0000E+00
    -16.125  0.0000E+00  0.0000E+00
    -16.107  0.0000E+00  0.0000E+00
    -16.088  0.0000E+00  0.0000E+00
    -16.070  0.0000E+00  0.0000E+00
    -16.052  0.0000E+00  0.0000E+00
    -16.033  0.0000E+00  0.0000E+00
    -16.015  0.0000E+00  0.0000E+00
    -15.997  0.0000E+00  0.0000E+00
    -15.978  0.0000E+00  0.0000E+00
    -15.960  0.0000E+00  0.0000E+00
    -15.941  0.0000E+00  0.0000E+00
    -15.923  0.0000E+00  0.0000E+00
    -15.905  0.0000E+00  0.0000E+00
    -15.886  0.0000E+00  0.0000E+00
    -15.868  0.0000E+00  0.0000E+00
    -15.850  0.0000E+00  0.0000E+00
    -15.831  0.0000E+00  0.0000E+00
    -15.813  0.0000E+00  0.0000E+00
    -15.795  0.0000E+00  0.0000E+00
    -15.776  0.0000E+00  0.0000E+00
    -15.758  0.0000E+00  0.0000E+00
    -15.739  0.0000E+00  0.0000E+00
    -15.721  0.0000E+00  0.0000E+00
    -15.703  0.0000E+00  0.0000E+00
    -15.684  0.0000E+00  0.0000E+00
    -15.666  0.0000E+00  0.0000E+00
    -15.648  0.0000E+00  0.0000E+00
    -15.629  0.0000E+00  0.0000E+00
    -15.611  0.0000E+00  0.0000E+00
    -15.592  0.0000E+00  0.0000E+00
    -15.574  0.0000E+00  0.0000E+00
    -15.556  0.0000E+00  0.0000E+00
    -15.537  0.0000E+00  0.0000E+00
    -15.519  0.0000E+00  0.0000E+00
    -15.501  0.2130E-02  0.1778E-05
    -15.482  0.1479E+00  0.1029E-02
    -15.464  0.5227E+00  0.6837E-02
    -15.446  0.1127E+01  0.2163E-01
    -15.427  0.1960E+01  0.4963E-01
    -15.409  0.3022E+01  0.9502E-01
    -15.390  0.4313E+01  0.1620E+00
    -15.372  0.5833E+01  0.2549E+00
    -15.354  0.7608E+01  0.3777E+00
    -15.335  0.9311E+01  0.5340E+00
    -15.317  0.1047E+02  0.7165E+00
    -15.299  0.1109E+02  0.9153E+00
    -15.280  0.1117E+02  0.1121E+01
    -15.262  0.1071E+02  0.1322E+01
    -15.243  0.9702E+01  0.1511E+01
    -15.225  0.8156E+01  0.1675E+01
    -15.207  0.5906E+01  0.1805E+01
    -15.188  0.3918E+01  0.1895E+01
    -15.170  0.4196E+01  0.1958E+01
    -15.152  0.7112E+01  0.2063E+01
    -15.133  0.9427E+01  0.2216E+01
    -15.115  0.1114E+02  0.2406E+01
    -15.097  0.1218E+02  0.2621E+01
    -15.078  0.1224E+02  0.2847E+01
    -15.060  0.1130E+02  0.3065E+01
    -15.041  0.1107E+02  0.3267E+01
    -15.023  0.1122E+02  0.3472E+01
    -15.005  0.1129E+02  0.3679E+01
    -14.986  0.1129E+02  0.3886E+01
    -14.968  0.1121E+02  0.4093E+01
    -14.950  0.1105E+02  0.4298E+01
    -14.931  0.1085E+02  0.4499E+01
    -14.913  0.1240E+02  0.4708E+01
    -14.894  0.1686E+02  0.4972E+01
    -14.876  0.2109E+02  0.5331E+01
    -14.858  0.2250E+02  0.5732E+01
    -14.839  0.2312E+02  0.6152E+01
    -14.821  0.2295E+02  0.6577E+01
    -14.803  0.2189E+02  0.6990E+01
    -14.784  0.1976E+02  0.7374E+01
    -14.766  0.1669E+02  0.7710E+01
    -14.748  0.1268E+02  0.7982E+01
    -14.729  0.7722E+01  0.8170E+01
    -14.711  0.1033E+02  0.8327E+01
    -14.692  0.1471E+02  0.8555E+01
    -14.674  0.1986E+02  0.8872E+01
    -14.656  0.3480E+02  0.9323E+01
    -14.637  0.4877E+02  0.1013E+02
    -14.619  0.3612E+02  0.1096E+02
    -14.601  0.3990E+02  0.1161E+02
    -14.582  0.4129E+02  0.1238E+02
    -14.564  0.2776E+02  0.1304E+02
    -14.545  0.8067E+02  0.1392E+02
    -14.527  0.1474E+02  0.1462E+02
    -14.509  0.2812E+02  0.1503E+02
    -14.490  0.3431E+02  0.1561E+02
    -14.472  0.6713E+01  0.1603E+02
    -14.454  0.3845E+02  0.1640E+02
    -14.435  0.2823E+02  0.1752E+02
    -14.417  0.2674E+02  0.1803E+02
    -14.399  0.2970E+02  0.1852E+02
    -14.380  0.4845E+02  0.1922E+02
    -14.362  0.5123E+02  0.2017E+02
    -14.343  0.3073E+02  0.2096E+02
    -14.325  0.2013E+02  0.2142E+02
    -14.307  0.1243E+02  0.2171E+02
    -14.288  0.6638E+01  0.2188E+02
    -14.270  0.1274E+03  0.2228E+02
    -14.252  0.4475E+02  0.2407E+02
    -14.233  0.5593E+02  0.2494E+02
    -14.215  0.6894E+02  0.2612E+02
    -14.196  0.6012E+02  0.2735E+02
    -14.178  0.3739E+02  0.2822E+02
    -14.160  0.1372E+02  0.2861E+02
    -14.141  0.1520E+02  0.2887E+02
    -14.123  0.1599E+02  0.2916E+02
    -14.105  0.1609E+02  0.2946E+02
    -14.086  0.1550E+02  0.2975E+02
    -14.068  0.1910E+02  0.3000E+02
    -14.050  0.1250E+03  0.3143E+02
    -14.031  0.3520E+02  0.3294E+02
    -14.013  0.2455E+02  0.3350E+02
    -13.994  0.1199E+02  0.3383E+02
    -13.976  0.3929E+01  0.3397E+02
    -13.958  0.2508E+00  0.3400E+02
    -13.939  0.0000E+00  0.3400E+02
    -13.921  0.0000E+00  0.3400E+02
    -13.903  0.3156E+00  0.3400E+02
    -13.884  0.7368E+02  0.3462E+02
    -13.866  0.9612E+02  0.3628E+02
    -13.848  0.8476E+02  0.3798E+02
    -13.829  0.7297E+02  0.3930E+02
    -13.811  0.0000E+00  0.4000E+02
    -13.792  0.6424E+02  0.4207E+02
    -13.774  0.4265E+02  0.4305E+02
    -13.756  0.5802E+02  0.4387E+02
    -13.737  0.6769E+02  0.4505E+02
    -13.719  0.5904E+02  0.4624E+02
    -13.701  0.2706E+02  0.4690E+02
    -13.682  0.2777E+02  0.4741E+02
    -13.664  0.2562E+02  0.4790E+02
    -13.645  0.1095E+02  0.4822E+02
    -13.627  0.2089E+02  0.4851E+02
    -13.609  0.3555E+02  0.4902E+02
    -13.590  0.8136E+02  0.4990E+02
    -13.572  0.2922E+02  0.5092E+02
    -13.554  0.2569E+02  0.5144E+02
    -13.535  0.1346E+02  0.5180E+02
    -13.517  0.8184E+02  0.5256E+02
    -13.499  0.3356E+02  0.5367E+02
    -13.480  0.5051E+01  0.5398E+02
    -13.462  0.0000E+00  0.5400E+02
    -13.443  0.0000E+00  0.5400E+02
    -13.425  0.0000E+00  0.5400E+02
    -13.407  0.0000E+00  0.5400E+02
    -13.388  0.1022E+03  0.5646E+02
    -13.370  0.5538E+02  0.5789E+02
    -13.352  0.6556E+01  0.5810E+02
    -13.333  0.1290E+02  0.5828E+02
    -13.315  0.2136E+02  0.5859E+02
    -13.296  0.6076E+02  0.5927E+02
    -13.278  0.7568E+02  0.6041E+02
    -13.260  0.4844E+02  0.6173E+02
    -13.241  0.4566E+02  0.6260E+02
    -13.223  0.3783E+02  0.6338E+02
    -13.205  0.1723E+02  0.6395E+02
    -13.186  0.0000E+00  0.6400E+02
    -13.168  0.0000E+00  0.6400E+02
    -13.150  0.0000E+00  0.6400E+02
    -13.131  0.0000E+00  0.6400E+02
    -13.113  0.0000E+00  0.6400E+02
    -13.094  0.0000E+00  0.6400E+02
    -13.076  0.0000E+00  0.6400E+02
    -13.058  0.0000E+00  0.6400E+02
    -13.039  0.0000E+00  0.6400E+02
    -13.021  0.0000E+00  0.6400E+02
    -13.003  0.0000E+00  0.6400E+02
    -12.984  0.0000E+00  0.6400E+02
    -12.966  0.0000E+00  0.6400E+02
    -12.947  0.0000E+00  0.6400E+02
    -12.929  0.0000E+00  0.6400E+02
    -12.911  0.0000E+00  0.6400E+02
    -12.892  0.0000E+00  0.6400E+02
    -12.874  0.0000E+00  0.6400E+02
    -12.856  0.0000E+00  0.6400E+02
    -12.837  0.0000E+00  0.6400E+02
    -12.819  0.0000E+00  0.6400E+02
    -12.801  0.0000E+00  0.6400E+02
    -12.782  0.0000E+00  0.6400E+02
    -12.764  0.0000E+00  0.6400E+02
    -12.745  0.0000E+00  0.6400E+02
    -12.727  0.0000E+00  0.6400E+02
    -12.709  0.0000E+00  0.6400E+02
    -12.690  0.0000E+00  0.6400E+02
    -12.672  0.0000E+00  0.6400E+02
    -12.654  0.0000E+00  0.6400E+02
    -12.635  0.0000E+00  0.6400E+02
    -12.617  0.0000E+00  0.6400E+02
    -12.598  0.0000E+00  0.6400E+02
    -12.580  0.0000E+00  0.6400E+02
    -12.562  0.0000E+00  0.6400E+02
    -12.543  0.0000E+00  0.6400E+02
    -12.525  0.0000E+00  0.6400E+02
    -12.507  0.0000E+00  0.6400E+02
    -12.488  0.0000E+00  0.6400E+02
    -12.470  0.0000E+00  0.6400E+02
    -12.452  0.0000E+00  0.6400E+02
    -12.433  0.0000E+00  0.6400E+02
    -12.415  0.0000E+00  0.6400E+02
    -12.396  0.0000E+00  0.6400E+02
    -12.378  0.0000E+00  0.6400E+02
    -12.360  0.0000E+00  0.6400E+02
    -12.341  0.0000E+00  0.6400E+02
    -12.323  0.0000E+00  0.6400E+02
    -12.305  0.0000E+00  0.6400E+02
    -12.286  0.0000E+00  0.6400E+02
    -12.268  0.0000E+00  0.6400E+02
    -12.249  0.0000E+00  0.6400E+02
    -12.231  0.0000E+00  0.6400E+02
    -12.213  0.0000E+00  0.6400E+02
    -12.194  0.0000E+00  0.6400E+02
    -12.176  0.0000E+00  0.6400E+02
    -12.158  0.0000E+00  0.6400E+02
    -12.139  0.0000E+00  0.6400E+02
    -12.121  0.0000E+00  0.6400E+02
    -12.103  0.0000E+00  0.6400E+02
    -12.084  0.0000E+00  0.6400E+02
    -12.066  0.0000E+00  0.6400E+02
    -12.047  0.0000E+00  0.6400E+02
    -12.029  0.0000E+00  0.6400E+02
    -12.011  0.0000E+00  0.6400E+02
    -11.992  0.0000E+00  0.6400E+02
    -11.974  0.0000E+00  0.6400E+02
    -11.956  0.0000E+00  0.6400E+02
    -11.937  0.0000E+00  0.6400E+02
    -11.919  0.0000E+00  0.6400E+02
    -11.900  0.0000E+00  0.6400E+02
    -11.882  0.0000E+00  0.6400E+02
    -11.864  0.0000E+00  0.6400E+02
    -11.845  0.0000E+00  0.6400E+02
    -11.827  0.0000E+00  0.6400E+02
    -11.809  0.0000E+00  0.6400E+02
    -11.790  0.0000E+00  0.6400E+02
    -11.772  0.0000E+00  0.6400E+02
    -11.754  0.0000E+00  0.6400E+02
    -11.735  0.0000E+00  0.6400E+02
    -11.717  0.0000E+00  0.6400E+02
    -11.698  0.0000E+00  0.6400E+02
    -11.680  0.0000E+00  0.6400E+02
    -11.662  0.0000E+00  0.6400E+02
    -11.643  0.0000E+00  0.6400E+02
    -11.625  0.0000E+00  0.6400E+02
    -11.607  0.0000E+00  0.6400E+02
    -11.588  0.0000E+00  0.6400E+02
    -11.570  0.0000E+00  0.6400E+02
    -11.551  0.0000E+00  0.6400E+02
    -11.533  0.0000E+00  0.6400E+02
    -11.515  0.0000E+00  0.6400E+02
    -11.496  0.0000E+00  0.6400E+02
    -11.478  0.0000E+00  0.6400E+02
    -11.460  0.0000E+00  0.6400E+02
    -11.441  0.0000E+00  0.6400E+02
    -11.423  0.0000E+00  0.6400E+02
    -11.405  0.0000E+00  0.6400E+02
    -11.386  0.0000E+00  0.6400E+02
    -11.368  0.0000E+00  0.6400E+02
    -11.349  0.0000E+00  0.6400E+02
    -11.331  0.0000E+00  0.6400E+02
    -11.313  0.0000E+00  0.6400E+02
    -11.294  0.0000E+00  0.6400E+02
    -11.276  0.0000E+00  0.6400E+02
    -11.258  0.0000E+00  0.6400E+02
    -11.239  0.0000E+00  0.6400E+02
    -11.221  0.0000E+00  0.6400E+02
    -11.203  0.0000E+00  0.6400E+02
    -11.184  0.0000E+00  0.6400E+02
    -11.166  0.0000E+00  0.6400E+02
    -11.147  0.0000E+00  0.6400E+02
    -11.129  0.0000E+00  0.6400E+02
    -11.111  0.0000E+00  0.6400E+02
    -11.092  0.0000E+00  0.6400E+02
    -11.074  0.0000E+00  0.6400E+02
    -11.056  0.0000E+00  0.6400E+02
    -11.037  0.0000E+00  0.6400E+02
    -11.019  0.0000E+00  0.6400E+02
    -11.000  0.0000E+00  0.6400E+02
    -10.982  0.0000E+00  0.6400E+02
    -10.964  0.0000E+00  0.6400E+02
    -10.945  0.0000E+00  0.6400E+02
    -10.927  0.0000E+00  0.6400E+02
    -10.909  0.0000E+00  0.6400E+02
    -10.890  0.0000E+00  0.6400E+02
    -10.872  0.0000E+00  0.6400E+02
    -10.854  0.0000E+00  0.6400E+02
    -10.835  0.0000E+00  0.6400E+02
    -10.817  0.0000E+00  0.6400E+02
    -10.798  0.0000E+00  0.6400E+02
    -10.780  0.0000E+00  0.6400E+02
    -10.762  0.0000E+00  0.6400E+02
    -10.743  0.0000E+00  0.6400E+02
    -10.725  0.0000E+00  0.6400E+02
    -10.707  0.0000E+00  0.6400E+02
    -10.688  0.0000E+00  0.6400E+02
    -10.670  0.0000E+00  0.6400E+02
    -10.651  0.0000E+00  0.6400E+02
    -10.633  0.0000E+00  0.6400E+02
    -10.615  0.0000E+00  0.6400E+02
    -10.596  0.0000E+00  0.6400E+02
    -10.578  0.0000E+00  0.6400E+02
    -10.560  0.0000E+00  0.6400E+02
    -10.541  0.0000E+00  0.6400E+02
    -10.523  0.0000E+00  0.6400E+02
    -10.505  0.0000E+00  0.6400E+02
    -10.486  0.0000E+00  0.6400E+02
    -10.468  0.0000E+00  0.6400E+02
    -10.449  0.0000E+00  0.6400E+02
    -10.431  0.0000E+00  0.6400E+02
    -10.413  0.0000E+00  0.6400E+02
    -10.394  0.0000E+00  0.6400E+02
    -10.376  0.0000E+00  0.6400E+02
    -10.358  0.0000E+00  0.6400E+02
    -10.339  0.0000E+00  0.6400E+02
    -10.321  0.0000E+00  0.6400E+02
    -10.302  0.0000E+00  0.6400E+02
    -10.284  0.0000E+00  0.6400E+02
    -10.266  0.0000E+00  0.6400E+02
    -10.247  0.0000E+00  0.6400E+02
    -10.229  0.0000E+00  0.6400E+02
    -10.211  0.0000E+00  0.6400E+02
    -10.192  0.0000E+00  0.6400E+02
    -10.174  0.0000E+00  0.6400E+02
    -10.156  0.0000E+00  0.6400E+02
    -10.137  0.0000E+00  0.6400E+02
    -10.119  0.0000E+00  0.6400E+02
    -10.100  0.0000E+00  0.6400E+02
    -10.082  0.0000E+00  0.6400E+02
    -10.064  0.0000E+00  0.6400E+02
    -10.045  0.0000E+00  0.6400E+02
    -10.027  0.0000E+00  0.6400E+02
    -10.009  0.0000E+00  0.6400E+02
     -9.990  0.0000E+00  0.6400E+02
     -9.972  0.0000E+00  0.6400E+02
     -9.953  0.0000E+00  0.6400E+02
     -9.935  0.0000E+00  0.6400E+02
     -9.917  0.0000E+00  0.6400E+02
     -9.898  0.0000E+00  0.6400E+02
     -9.880  0.0000E+00  0.6400E+02
     -9.862  0.0000E+00  0.6400E+02
     -9.843  0.0000E+00  0.6400E+02
     -9.825  0.0000E+00  0.6400E+02
     -9.807  0.0000E+00  0.6400E+02
     -9.788  0.0000E+00  0.6400E+02
     -9.770  0.0000E+00  0.6400E+02
     -9.751  0.0000E+00  0.6400E+02
     -9.733  0.0000E+00  0.6400E+02
     -9.715  0.0000E+00  0.6400E+02
     -9.696  0.0000E+00  0.6400E+02
     -9.678  0.0000E+00  0.6400E+02
     -9.660  0.0000E+00  0.6400E+02
     -9.641  0.0000E+00  0.6400E+02
     -9.623  0.0000E+00  0.6400E+02
     -9.604  0.0000E+00  0.6400E+02
     -9.586  0.0000E+00  0.6400E+02
     -9.568  0.0000E+00  0.6400E+02
     -9.549  0.0000E+00  0.6400E+02
     -9.531  0.0000E+00  0.6400E+02
     -9.513  0.0000E+00  0.6400E+02
     -9.494  0.0000E+00  0.6400E+02
     -9.476  0.0000E+00  0.6400E+02
     -9.458  0.0000E+00  0.6400E+02
     -9.439  0.0000E+00  0.6400E+02
     -9.421  0.0000E+00  0.6400E+02
     -9.402  0.0000E+00  0.6400E+02
     -9.384  0.0000E+00  0.6400E+02
     -9.366  0.0000E+00  0.6400E+02
     -9.347  0.0000E+00  0.6400E+02
     -9.329  0.0000E+00  0.6400E+02
     -9.311  0.0000E+00  0.6400E+02
     -9.292  0.0000E+00  0.6400E+02
     -9.274  0.0000E+00  0.6400E+02
     -9.255  0.0000E+00  0.6400E+02
     -9.237  0.0000E+00  0.6400E+02
     -9.219  0.0000E+00  0.6400E+02
     -9.200  0.0000E+00  0.6400E+02
     -9.182  0.0000E+00  0.6400E+02
     -9.164  0.0000E+00  0.6400E+02
     -9.145  0.0000E+00  0.6400E+02
     -9.127  0.0000E+00  0.6400E+02
     -9.109  0.0000E+00  0.6400E+02
     -9.090  0.0000E+00  0.6400E+02
     -9.072  0.0000E+00  0.6400E+02
     -9.053  0.0000E+00  0.6400E+02
     -9.035  0.0000E+00  0.6400E+02
     -9.017  0.0000E+00  0.6400E+02
     -8.998  0.0000E+00  0.6400E+02
     -8.980  0.0000E+00  0.6400E+02
     -8.962  0.0000E+00  0.6400E+02
     -8.943  0.0000E+00  0.6400E+02
     -8.925  0.0000E+00  0.6400E+02
     -8.907  0.0000E+00  0.6400E+02
     -8.888  0.0000E+00  0.6400E+02
     -8.870  0.0000E+00  0.6400E+02
     -8.851  0.0000E+00  0.6400E+02
     -8.833  0.0000E+00  0.6400E+02
     -8.815  0.0000E+00  0.6400E+02
     -8.796  0.0000E+00  0.6400E+02
     -8.778  0.0000E+00  0.6400E+02
     -8.760  0.0000E+00  0.6400E+02
     -8.741  0.0000E+00  0.6400E+02
     -8.723  0.0000E+00  0.6400E+02
     -8.704  0.0000E+00  0.6400E+02
     -8.686  0.0000E+00  0.6400E+02
     -8.668  0.0000E+00  0.6400E+02
     -8.649  0.0000E+00  0.6400E+02
     -8.631  0.0000E+00  0.6400E+02
     -8.613  0.0000E+00  0.6400E+02
     -8.594  0.0000E+00  0.6400E+02
     -8.576  0.0000E+00  0.6400E+02
     -8.558  0.0000E+00  0.6400E+02
     -8.539  0.0000E+00  0.6400E+02
     -8.521  0.0000E+00  0.6400E+02
     -8.502  0.0000E+00  0.6400E+02
     -8.484  0.0000E+00  0.6400E+02
     -8.466  0.0000E+00  0.6400E+02
     -8.447  0.0000E+00  0.6400E+02
     -8.429  0.0000E+00  0.6400E+02
     -8.411  0.0000E+00  0.6400E+02
     -8.392  0.0000E+00  0.6400E+02
     -8.374  0.0000E+00  0.6400E+02
     -8.355  0.0000E+00  0.6400E+02
     -8.337  0.0000E+00  0.6400E+02
     -8.319  0.0000E+00  0.6400E+02
     -8.300  0.0000E+00  0.6400E+02
     -8.282  0.0000E+00  0.6400E+02
     -8.264  0.0000E+00  0.6400E+02
     -8.245  0.0000E+00  0.6400E+02
     -8.227  0.0000E+00  0.6400E+02
     -8.209  0.0000E+00  0.6400E+02
     -8.190  0.0000E+00  0.6400E+02
     -8.172  0.0000E+00  0.6400E+02
     -8.153  0.0000E+00  0.6400E+02
     -8.135  0.0000E+00  0.6400E+02
     -8.117  0.0000E+00  0.6400E+02
     -8.098  0.0000E+00  0.6400E+02
     -8.080  0.1057E+03  0.6413E+02
     -8.062  0.0000E+00  0.6600E+02
     -8.043  0.0000E+00  0.6600E+02
     -8.025  0.0000E+00  0.6600E+02
     -8.006  0.0000E+00  0.6600E+02
     -7.988  0.0000E+00  0.6600E+02
     -7.970  0.0000E+00  0.6600E+02
     -7.951  0.0000E+00  0.6600E+02
     -7.933  0.0000E+00  0.6600E+02
     -7.915  0.0000E+00  0.6600E+02
     -7.896  0.0000E+00  0.6600E+02
     -7.878  0.0000E+00  0.6600E+02
     -7.860  0.0000E+00  0.6600E+02
     -7.841  0.0000E+00  0.6600E+02
     -7.823  0.0000E+00  0.6600E+02
     -7.804  0.0000E+00  0.6600E+02
     -7.786  0.0000E+00  0.6600E+02
     -7.768  0.0000E+00  0.6600E+02
     -7.749  0.0000E+00  0.6600E+02
     -7.731  0.0000E+00  0.6600E+02
     -7.713  0.0000E+00  0.6600E+02
     -7.694  0.0000E+00  0.6600E+02
     -7.676  0.0000E+00  0.6600E+02
     -7.657  0.0000E+00  0.6600E+02
     -7.639  0.0000E+00  0.6600E+02
     -7.621  0.0000E+00  0.6600E+02
     -7.602  0.0000E+00  0.6600E+02
     -7.584  0.0000E+00  0.6600E+02
     -7.566  0.0000E+00  0.6600E+02
     -7.547  0.0000E+00  0.6600E+02
     -7.529  0.0000E+00  0.6600E+02
     -7.511  0.0000E+00  0.6600E+02
     -7.492  0.0000E+00  0.6600E+02
     -7.474  0.0000E+00  0.6600E+02
     -7.455  0.0000E+00  0.6600E+02
     -7.437  0.0000E+00  0.6600E+02
     -7.419  0.0000E+00  0.6600E+02
     -7.400  0.0000E+00  0.6600E+02
     -7.382  0.0000E+00  0.6600E+02
     -7.364  0.0000E+00  0.6600E+02
     -7.345  0.0000E+00  0.6600E+02
     -7.327  0.0000E+00  0.6600E+02
     -7.308  0.0000E+00  0.6600E+02
     -7.290  0.0000E+00  0.6600E+02
     -7.272  0.0000E+00  0.6600E+02
     -7.253  0.0000E+00  0.6600E+02
     -7.235  0.0000E+00  0.6600E+02
     -7.217  0.0000E+00  0.6600E+02
     -7.198  0.0000E+00  0.6600E+02
     -7.180  0.0000E+00  0.6600E+02
     -7.162  0.0000E+00  0.6600E+02
     -7.143  0.0000E+00  0.6600E+02
     -7.125  0.0000E+00  0.6600E+02
     -7.106  0.0000E+00  0.6600E+02
     -7.088  0.0000E+00  0.6600E+02
     -7.070  0.0000E+00  0.6600E+02
     -7.051  0.0000E+00  0.6600E+02
     -7.033  0.0000E+00  0.6600E+02
     -7.015  0.0000E+00  0.6600E+02
     -6.996  0.0000E+00  0.6600E+02
     -6.978  0.0000E+00  0.6600E+02
     -6.959  0.0000E+00  0.6600E+02
     -6.941  0.0000E+00  0.6600E+02
     -6.923  0.0000E+00  0.6600E+02
     -6.904  0.0000E+00  0.6600E+02
     -6.886  0.0000E+00  0.6600E+02
     -6.868  0.0000E+00  0.6600E+02
     -6.849  0.0000E+00  0.6600E+02
     -6.831  0.0000E+00  0.6600E+02
     -6.813  0.0000E+00  0.6600E+02
     -6.794  0.0000E+00  0.6600E+02
     -6.776  0.0000E+00  0.6600E+02
     -6.757  0.0000E+00  0.6600E+02
     -6.739  0.0000E+00  0.6600E+02
     -6.721  0.0000E+00  0.6600E+02
     -6.702  0.0000E+00  0.6600E+02
     -6.684  0.0000E+00  0.6600E+02
     -6.666  0.0000E+00  0.6600E+02
     -6.647  0.0000E+00  0.6600E+02
     -6.629  0.0000E+00  0.6600E+02
     -6.610  0.0000E+00  0.6600E+02
     -6.592  0.0000E+00  0.6600E+02
     -6.574  0.0000E+00  0.6600E+02
     -6.555  0.0000E+00  0.6600E+02
     -6.537  0.0000E+00  0.6600E+02
     -6.519  0.0000E+00  0.6600E+02
     -6.500  0.0000E+00  0.6600E+02
     -6.482  0.0000E+00  0.6600E+02
     -6.464  0.0000E+00  0.6600E+02
     -6.445  0.0000E+00  0.6600E+02
     -6.427  0.0000E+00  0.6600E+02
     -6.408  0.0000E+00  0.6600E+02
     -6.390  0.0000E+00  0.6600E+02
     -6.372  0.0000E+00  0.6600E+02
     -6.353  0.0000E+00  0.6600E+02
     -6.335  0.0000E+00  0.6600E+02
     -6.317  0.0000E+00  0.6600E+02
     -6.298  0.0000E+00  0.6600E+02
     -6.280  0.0000E+00  0.6600E+02
     -6.262  0.0000E+00  0.6600E+02
     -6.243  0.0000E+00  0.6600E+02
     -6.225  0.0000E+00  0.6600E+02
     -6.206  0.0000E+00  0.6600E+02
     -6.188  0.0000E+00  0.6600E+02
     -6.170  0.0000E+00  0.6600E+02
     -6.151  0.0000E+00  0.6600E+02
     -6.133  0.0000E+00  0.6600E+02
     -6.115  0.0000E+00  0.6600E+02
     -6.096  0.0000E+00  0.6600E+02
     -6.078  0.0000E+00  0.6600E+02
     -6.059  0.0000E+00  0.6600E+02
     -6.041  0.0000E+00  0.6600E+02
     -6.023  0.0000E+00  0.6600E+02
     -6.004  0.0000E+00  0.6600E+02
     -5.986  0.0000E+00  0.6600E+02
     -5.968  0.0000E+00  0.6600E+02
     -5.949  0.0000E+00  0.6600E+02
     -5.931  0.0000E+00  0.6600E+02
     -5.913  0.0000E+00  0.6600E+02
     -5.894  0.0000E+00  0.6600E+02
     -5.876  0.0000E+00  0.6600E+02
     -5.857  0.0000E+00  0.6600E+02
     -5.839  0.0000E+00  0.6600E+02
     -5.821  0.0000E+00  0.6600E+02
     -5.802  0.0000E+00  0.6600E+02
     -5.784  0.0000E+00  0.6600E+02
     -5.766  0.0000E+00  0.6600E+02
     -5.747  0.0000E+00  0.6600E+02
     -5.729  0.0000E+00  0.6600E+02
     -5.710  0.0000E+00  0.6600E+02
     -5.692  0.0000E+00  0.6600E+02
     -5.674  0.0000E+00  0.6600E+02
     -5.655  0.0000E+00  0.6600E+02
     -5.637  0.0000E+00  0.6600E+02
     -5.619  0.0000E+00  0.6600E+02
     -5.600  0.0000E+00  0.6600E+02
     -5.582  0.0000E+00  0.6600E+02
     -5.564  0.0000E+00  0.6600E+02
     -5.545  0.0000E+00  0.6600E+02
     -5.527  0.0000E+00  0.6600E+02
     -5.508  0.0000E+00  0.6600E+02
     -5.490  0.0000E+00  0.6600E+02
     -5.472  0.0000E+00  0.6600E+02
     -5.453  0.0000E+00  0.6600E+02
     -5.435  0.0000E+00  0.6600E+02
     -5.417  0.0000E+00  0.6600E+02
     -5.398  0.0000E+00  0.6600E+02
     -5.380  0.0000E+00  0.6600E+02
     -5.361  0.0000E+00  0.6600E+02
     -5.343  0.0000E+00  0.6600E+02
     -5.325  0.0000E+00  0.6600E+02
     -5.306  0.0000E+00  0.6600E+02
     -5.288  0.0000E+00  0.6600E+02
     -5.270  0.0000E+00  0.6600E+02
     -5.251  0.0000E+00  0.6600E+02
     -5.233  0.0000E+00  0.6600E+02
     -5.215  0.0000E+00  0.6600E+02
     -5.196  0.0000E+00  0.6600E+02
     -5.178  0.0000E+00  0.6600E+02
     -5.159  0.0000E+00  0.6600E+02
     -5.141  0.0000E+00  0.6600E+02
     -5.123  0.0000E+00  0.6600E+02
     -5.104  0.0000E+00  0.6600E+02
     -5.086  0.0000E+00  0.6600E+02
     -5.068  0.0000E+00  0.6600E+02
     -5.049  0.0000E+00  0.6600E+02
     -5.031  0.0000E+00  0.6600E+02
     -5.012  0.0000E+00  0.6600E+02
     -4.994  0.0000E+00  0.6600E+02
     -4.976  0.0000E+00  0.6600E+02
     -4.957  0.0000E+00  0.6600E+02
     -4.939  0.0000E+00  0.6600E+02
     -4.921  0.0000E+00  0.6600E+02
     -4.902  0.0000E+00  0.6600E+02
     -4.884  0.0000E+00  0.6600E+02
     -4.866  0.0000E+00  0.6600E+02
     -4.847  0.0000E+00  0.6600E+02
     -4.829  0.0000E+00  0.6600E+02
     -4.810  0.0000E+00  0.6600E+02
     -4.792  0.0000E+00  0.6600E+02
     -4.774  0.0000E+00  0.6600E+02
     -4.755  0.0000E+00  0.6600E+02
     -4.737  0.0000E+00  0.6600E+02
     -4.719  0.0000E+00  0.6600E+02
     -4.700  0.0000E+00  0.6600E+02
     -4.682  0.0000E+00  0.6600E+02
     -4.663  0.0000E+00  0.6600E+02
     -4.645  0.0000E+00  0.6600E+02
     -4.627  0.0000E+00  0.6600E+02
     -4.608  0.0000E+00  0.6600E+02
     -4.590  0.0000E+00  0.6600E+02
     -4.572  0.0000E+00  0.6600E+02
     -4.553  0.0000E+00  0.6600E+02
     -4.535  0.0000E+00  0.6600E+02
     -4.517  0.0000E+00  0.6600E+02
     -4.498  0.0000E+00  0.6600E+02
     -4.480  0.0000E+00  0.6600E+02
     -4.461  0.0000E+00  0.6600E+02
     -4.443  0.0000E+00  0.6600E+02
     -4.425  0.0000E+00  0.6600E+02
     -4.406  0.0000E+00  0.6600E+02
     -4.388  0.0000E+00  0.6600E+02
     -4.370  0.0000E+00  0.6600E+02
     -4.351  0.0000E+00  0.6600E+02
     -4.333  0.0000E+00  0.6600E+02
     -4.314  0.0000E+00  0.6600E+02
     -4.296  0.0000E+00  0.6600E+02
     -4.278  0.0000E+00  0.6600E+02
     -4.259  0.0000E+00  0.6600E+02
     -4.241  0.0000E+00  0.6600E+02
     -4.223  0.0000E+00  0.6600E+02
     -4.204  0.0000E+00  0.6600E+02
     -4.186  0.0000E+00  0.6600E+02
     -4.168  0.0000E+00  0.6600E+02
     -4.149  0.0000E+00  0.6600E+02
     -4.131  0.0000E+00  0.6600E+02
     -4.112  0.0000E+00  0.6600E+02
     -4.094  0.0000E+00  0.6600E+02
     -4.076  0.0000E+00  0.6600E+02
     -4.057  0.0000E+00  0.6600E+02
     -4.039  0.0000E+00  0.6600E+02
     -4.021  0.0000E+00  0.6600E+02
     -4.002  0.0000E+00  0.6600E+02
     -3.984  0.0000E+00  0.6600E+02
     -3.965  0.0000E+00  0.6600E+02
     -3.947  0.0000E+00  0.6600E+02
     -3.929  0.0000E+00  0.6600E+02
     -3.910  0.0000E+00  0.6600E+02
     -3.892  0.0000E+00  0.6600E+02
     -3.874  0.0000E+00  0.6600E+02
     -3.855  0.0000E+00  0.6600E+02
     -3.837  0.0000E+00  0.6600E+02
     -3.819  0.0000E+00  0.6600E+02
     -3.800  0.0000E+00  0.6600E+02
     -3.782  0.0000E+00  0.6600E+02
     -3.763  0.0000E+00  0.6600E+02
     -3.745  0.0000E+00  0.6600E+02
     -3.727  0.0000E+00  0.6600E+02
     -3.708  0.0000E+00  0.6600E+02
     -3.690  0.0000E+00  0.6600E+02
     -3.672  0.0000E+00  0.6600E+02
     -3.653  0.0000E+00  0.6600E+02
     -3.635  0.0000E+00  0.6600E+02
     -3.617  0.0000E+00  0.6600E+02
     -3.598  0.0000E+00  0.6600E+02
     -3.580  0.0000E+00  0.6600E+02
     -3.561  0.0000E+00  0.6600E+02
     -3.543  0.0000E+00  0.6600E+02
     -3.525  0.0000E+00  0.6600E+02
     -3.506  0.0000E+00  0.6600E+02
     -3.488  0.0000E+00  0.6600E+02
     -3.470  0.0000E+00  0.6600E+02
     -3.451  0.0000E+00  0.6600E+02
     -3.433  0.0000E+00  0.6600E+02
     -3.414  0.0000E+00  0.6600E+02
     -3.396  0.0000E+00  0.6600E+02
     -3.378  0.0000E+00  0.6600E+02
     -3.359  0.0000E+00  0.6600E+02
     -3.341  0.0000E+00  0.6600E+02
     -3.323  0.0000E+00  0.6600E+02
     -3.304  0.0000E+00  0.6600E+02
     -3.286  0.0000E+00  0.6600E+02
     -3.268  0.0000E+00  0.6600E+02
     -3.249  0.0000E+00  0.6600E+02
     -3.231  0.0000E+00  0.6600E+02
     -3.212  0.0000E+00  0.6600E+02
     -3.194  0.0000E+00  0.6600E+02
     -3.176  0.0000E+00  0.6600E+02
     -3.157  0.0000E+00  0.6600E+02
     -3.139  0.0000E+00  0.6600E+02
     -3.121  0.0000E+00  0.6600E+02
     -3.102  0.0000E+00  0.6600E+02
     -3.084  0.0000E+00  0.6600E+02
     -3.065  0.0000E+00  0.6600E+02
     -3.047  0.0000E+00  0.6600E+02
     -3.029  0.0000E+00  0.6600E+02
     -3.010  0.0000E+00  0.6600E+02
     -2.992  0.0000E+00  0.6600E+02
     -2.974  0.0000E+00  0.6600E+02
     -2.955  0.0000E+00  0.6600E+02
     -2.937  0.0000E+00  0.6600E+02
     -2.919  0.0000E+00  0.6600E+02
     -2.900  0.0000E+00  0.6600E+02
     -2.882  0.0000E+00  0.6600E+02
     -2.863  0.0000E+00  0.6600E+02
     -2.845  0.0000E+00  0.6600E+02
     -2.827  0.0000E+00  0.6600E+02
     -2.808  0.0000E+00  0.6600E+02
     -2.790  0.0000E+00  0.6600E+02
     -2.772  0.0000E+00  0.6600E+02
     -2.753  0.0000E+00  0.6600E+02
     -2.735  0.0000E+00  0.6600E+02
     -2.716  0.0000E+00  0.6600E+02
     -2.698  0.0000E+00  0.6600E+02
     -2.680  0.0000E+00  0.6600E+02
     -2.661  0.0000E+00  0.6600E+02
     -2.643  0.0000E+00  0.6600E+02
     -2.625  0.0000E+00  0.6600E+02
     -2.606  0.0000E+00  0.6600E+02
     -2.588  0.0000E+00  0.6600E+02
     -2.570  0.0000E+00  0.6600E+02
     -2.551  0.0000E+00  0.6600E+02
     -2.533  0.0000E+00  0.6600E+02
     -2.514  0.0000E+00  0.6600E+02
     -2.496  0.0000E+00  0.6600E+02
     -2.478  0.0000E+00  0.6600E+02
     -2.459  0.0000E+00  0.6600E+02
     -2.441  0.0000E+00  0.6600E+02
     -2.423  0.0000E+00  0.6600E+02
     -2.404  0.0000E+00  0.6600E+02
     -2.386  0.0000E+00  0.6600E+02
     -2.367  0.0000E+00  0.6600E+02
     -2.349  0.0000E+00  0.6600E+02
     -2.331  0.0000E+00  0.6600E+02
     -2.312  0.0000E+00  0.6600E+02
     -2.294  0.0000E+00  0.6600E+02
     -2.276  0.0000E+00  0.6600E+02
     -2.257  0.0000E+00  0.6600E+02
     -2.239  0.0000E+00  0.6600E+02
     -2.221  0.0000E+00  0.6600E+02
     -2.202  0.0000E+00  0.6600E+02
     -2.184  0.0000E+00  0.6600E+02
     -2.165  0.0000E+00  0.6600E+02
     -2.147  0.0000E+00  0.6600E+02
     -2.129  0.0000E+00  0.6600E+02
     -2.110  0.0000E+00  0.6600E+02
     -2.092  0.0000E+00  0.6600E+02
     -2.074  0.0000E+00  0.6600E+02
     -2.055  0.0000E+00  0.6600E+02
     -2.037  0.0000E+00  0.6600E+02
     -2.018  0.0000E+00  0.6600E+02
     -2.000  0.0000E+00  0.6600E+02
     -1.982  0.0000E+00  0.6600E+02
     -1.963  0.0000E+00  0.6600E+02
     -1.945  0.0000E+00  0.6600E+02
     -1.927  0.0000E+00  0.6600E+02
     -1.908  0.0000E+00  0.6600E+02
     -1.890  0.0000E+00  0.6600E+02
     -1.872  0.0000E+00  0.6600E+02
     -1.853  0.0000E+00  0.6600E+02
     -1.835  0.0000E+00  0.6600E+02
     -1.816  0.0000E+00  0.6600E+02
     -1.798  0.0000E+00  0.6600E+02
     -1.780  0.0000E+00  0.6600E+02
     -1.761  0.0000E+00  0.6600E+02
     -1.743  0.0000E+00  0.6600E+02
     -1.725  0.0000E+00  0.6600E+02
     -1.706  0.0000E+00  0.6600E+02
     -1.688  0.0000E+00  0.6600E+02
     -1.669  0.0000E+00  0.6600E+02
     -1.651  0.0000E+00  0.6600E+02
     -1.633  0.0000E+00  0.6600E+02
     -1.614  0.0000E+00  0.6600E+02
     -1.596  0.6513E-02  0.6600E+02
     -1.578  0.5980E-01  0.6600E+02
     -1.559  0.1668E+00  0.6600E+02
     -1.541  0.3275E+00  0.6601E+02
     -1.523  0.5418E+00  0.6601E+02
     -1.504  0.8099E+00  0.6603E+02
     -1.486  0.1132E+01  0.6604E+02
     -1.467  0.1507E+01  0.6607E+02
     -1.449  0.1936E+01  0.6610E+02
     -1.431  0.2419E+01  0.6614E+02
     -1.412  0.2956E+01  0.6619E+02
     -1.394  0.3546E+01  0.6625E+02
     -1.376  0.4190E+01  0.6632E+02
     -1.357  0.4887E+01  0.6640E+02
     -1.339  0.5639E+01  0.6650E+02
     -1.321  0.6444E+01  0.6661E+02
     -1.302  0.7302E+01  0.6674E+02
     -1.284  0.8215E+01  0.6688E+02
     -1.265  0.9187E+01  0.6704E+02
     -1.247  0.1030E+02  0.6722E+02
     -1.229  0.1182E+02  0.6742E+02
     -1.210  0.1389E+02  0.6765E+02
     -1.192  0.1643E+02  0.6793E+02
     -1.174  0.1870E+02  0.6826E+02
     -1.155  0.2070E+02  0.6862E+02
     -1.137  0.2243E+02  0.6902E+02
     -1.118  0.2388E+02  0.6944E+02
     -1.100  0.2506E+02  0.6989E+02
     -1.082  0.2598E+02  0.7036E+02
     -1.063  0.2955E+02  0.7085E+02
     -1.045  0.5693E+02  0.7168E+02
     -1.027  0.6127E+02  0.7278E+02
     -1.008  0.6218E+02  0.7392E+02
     -0.990  0.6166E+02  0.7506E+02
     -0.972  0.6020E+02  0.7618E+02
     -0.953  0.5894E+02  0.7727E+02
     -0.935  0.4659E+02  0.7877E+02
     -0.916  0.2720E+02  0.7944E+02
     -0.898  0.1320E+02  0.7980E+02
     -0.880  0.2310E+02  0.8012E+02
     -0.861  0.2639E+02  0.8059E+02
     -0.843  0.1746E+02  0.8101E+02
     -0.825  0.8981E+01  0.8120E+02
     -0.806  0.1388E+02  0.8141E+02
     -0.788  0.1806E+02  0.8171E+02
     -0.769  0.2150E+02  0.8207E+02
     -0.751  0.2422E+02  0.8249E+02
     -0.733  0.3202E+02  0.8300E+02
     -0.714  0.3799E+02  0.8365E+02
     -0.696  0.4047E+02  0.8438E+02
     -0.678  0.3946E+02  0.8512E+02
     -0.659  0.3973E+02  0.8583E+02
     -0.641  0.5133E+02  0.8669E+02
     -0.623  0.4888E+02  0.8763E+02
     -0.604  0.3895E+02  0.8842E+02
     -0.586  0.3607E+02  0.8911E+02
     -0.567  0.3240E+02  0.8974E+02
     -0.549  0.3706E+02  0.9037E+02
     -0.531  0.4164E+02  0.9109E+02
     -0.512  0.4398E+02  0.9188E+02
     -0.494  0.4407E+02  0.9269E+02
     -0.476  0.4192E+02  0.9349E+02
     -0.457  0.4090E+02  0.9477E+02
     -0.439  0.4373E+02  0.9555E+02
     -0.420  0.4872E+02  0.9639E+02
     -0.402  0.5516E+02  0.9734E+02
     -0.384  0.6073E+02  0.9841E+02
     -0.365  0.6312E+02  0.9955E+02
     -0.347  0.6209E+02  0.1007E+03
     -0.329  0.5759E+02  0.1018E+03
     -0.310  0.3910E+02  0.1027E+03
     -0.292  0.4342E+02  0.1034E+03
     -0.274  0.4007E+02  0.1042E+03
     -0.255  0.3836E+02  0.1049E+03
     -0.237  0.3655E+02  0.1056E+03
     -0.218  0.3457E+02  0.1062E+03
     -0.200  0.3242E+02  0.1069E+03
     -0.182  0.3073E+02  0.1074E+03
     -0.163  0.2946E+02  0.1080E+03
     -0.145  0.2828E+02  0.1085E+03
     -0.127  0.2717E+02  0.1090E+03
     -0.108  0.2616E+02  0.1095E+03
     -0.090  0.2522E+02  0.1100E+03
     -0.071  0.2430E+02  0.1104E+03
     -0.053  0.2251E+02  0.1109E+03
     -0.035  0.2109E+02  0.1113E+03
     -0.016  0.2002E+02  0.1116E+03
      0.002  0.1931E+02  0.1120E+03
      0.020  0.1921E+02  0.1124E+03
      0.039  0.1997E+02  0.1127E+03
      0.057  0.2084E+02  0.1131E+03
      0.075  0.2168E+02  0.1135E+03
      0.094  0.2250E+02  0.1139E+03
      0.112  0.2330E+02  0.1143E+03
      0.131  0.2407E+02  0.1147E+03
      0.149  0.2481E+02  0.1152E+03
      0.167  0.2553E+02  0.1157E+03
      0.186  0.2622E+02  0.1161E+03
      0.204  0.2689E+02  0.1166E+03
      0.222  0.2715E+02  0.1171E+03
      0.241  0.2595E+02  0.1176E+03
      0.259  0.2629E+02  0.1181E+03
      0.278  0.3077E+02  0.1186E+03
      0.296  0.4322E+02  0.1193E+03
      0.314  0.4253E+02  0.1201E+03
      0.333  0.1763E+02  0.1207E+03
      0.351  0.1967E+02  0.1210E+03
      0.369  0.2127E+02  0.1214E+03
      0.388  0.3182E+02  0.1219E+03
      0.406  0.4487E+02  0.1226E+03
      0.424  0.4967E+02  0.1235E+03
      0.443  0.4615E+02  0.1243E+03
      0.461  0.3736E+02  0.1251E+03
      0.480  0.3189E+02  0.1257E+03
      0.498  0.2872E+02  0.1263E+03
      0.516  0.2605E+02  0.1268E+03
      0.535  0.2365E+02  0.1273E+03
      0.553  0.2129E+02  0.1277E+03
      0.571  0.1885E+02  0.1280E+03
      0.590  0.1656E+02  0.1284E+03
      0.608  0.1486E+02  0.1286E+03
      0.627  0.1368E+02  0.1289E+03
      0.645  0.1298E+02  0.1292E+03
      0.663  0.1274E+02  0.1294E+03
      0.682  0.1291E+02  0.1296E+03
      0.700  0.1327E+02  0.1299E+03
      0.718  0.1359E+02  0.1301E+03
      0.737  0.1385E+02  0.1304E+03
      0.755  0.1407E+02  0.1306E+03
      0.773  0.1425E+02  0.1309E+03
      0.792  0.1437E+02  0.1311E+03
      0.810  0.1445E+02  0.1314E+03
      0.829  0.1452E+02  0.1317E+03
      0.847  0.1506E+02  0.1319E+03
      0.865  0.1620E+02  0.1322E+03
      0.884  0.1800E+02  0.1325E+03
      0.902  0.2050E+02  0.1329E+03
      0.920  0.2330E+02  0.1333E+03
      0.939  0.2429E+02  0.1337E+03
      0.957  0.2524E+02  0.1342E+03
      0.976  0.2616E+02  0.1347E+03
      0.994  0.2704E+02  0.1352E+03
      1.012  0.2797E+02  0.1357E+03
      1.031  0.2896E+02  0.1362E+03
      1.049  0.2984E+02  0.1367E+03
      1.067  0.3041E+02  0.1373E+03
      1.086  0.3089E+02  0.1378E+03
      1.104  0.3129E+02  0.1384E+03
      1.122  0.3161E+02  0.1390E+03
      1.141  0.3180E+02  0.1396E+03
      1.159  0.3143E+02  0.1402E+03
      1.178  0.3007E+02  0.1407E+03
      1.196  0.2739E+02  0.1412E+03
      1.214  0.2428E+02  0.1417E+03
      1.233  0.2282E+02  0.1422E+03
      1.251  0.2446E+02  0.1426E+03
      1.269  0.2572E+02  0.1430E+03
      1.288  0.2660E+02  0.1435E+03
      1.306  0.2936E+02  0.1440E+03
      1.324  0.3209E+02  0.1446E+03
      1.343  0.3357E+02  0.1452E+03
      1.361  0.3474E+02  0.1458E+03
      1.380  0.3570E+02  0.1465E+03
      1.398  0.3563E+02  0.1471E+03
      1.416  0.3453E+02  0.1478E+03
      1.435  0.3265E+02  0.1484E+03
      1.453  0.3051E+02  0.1490E+03
      1.471  0.3902E+02  0.1496E+03
      1.490  0.5841E+02  0.1505E+03
      1.508  0.4719E+02  0.1515E+03
      1.527  0.2736E+02  0.1521E+03
      1.545  0.3494E+02  0.1527E+03
      1.563  0.3980E+02  0.1534E+03
      1.582  0.4081E+02  0.1541E+03
      1.600  0.3826E+02  0.1549E+03
      1.618  0.3757E+02  0.1555E+03
      1.637  0.4063E+02  0.1563E+03
      1.655  0.4096E+02  0.1570E+03
      1.673  0.4040E+02  0.1578E+03
      1.692  0.3910E+02  0.1585E+03
      1.710  0.3949E+02  0.1592E+03
      1.729  0.4126E+02  0.1600E+03
      1.747  0.4295E+02  0.1607E+03
      1.765  0.4357E+02  0.1615E+03
      1.784  0.4307E+02  0.1623E+03
      1.802  0.4348E+02  0.1631E+03
      1.820  0.4419E+02  0.1639E+03
      1.839  0.4496E+02  0.1647E+03
      1.857  0.4578E+02  0.1656E+03
      1.876  0.4673E+02  0.1664E+03
      1.894  0.4866E+02  0.1673E+03
      1.912  0.4869E+02  0.1682E+03
      1.931  0.4763E+02  0.1691E+03
      1.949  0.4714E+02  0.1700E+03
      1.967  0.5303E+02  0.1709E+03
      1.986  0.1030E+03  0.1722E+03
      2.004  0.1067E+03  0.1742E+03
      2.022  0.5454E+02  0.1758E+03
      2.041  0.5531E+02  0.1767E+03
      2.059  0.3715E+02  0.1776E+03
      2.078  0.1628E+02  0.1780E+03
      2.096  0.1463E+02  0.1783E+03
      2.114  0.1988E+02  0.1786E+03
      2.133  0.5959E+02  0.1793E+03
      2.151  0.7909E+02  0.1806E+03
      2.169  0.9057E+02  0.1822E+03
      2.188  0.6681E+02  0.1837E+03
      2.206  0.6816E+02  0.1849E+03
      2.225  0.4858E+02  0.1860E+03
      2.243  0.4712E+02  0.1869E+03
      2.261  0.7837E+02  0.1879E+03
      2.280  0.8408E+02  0.1893E+03
      2.298  0.1003E+03  0.1914E+03
      2.316  0.7497E+02  0.1930E+03
      2.335  0.3698E+02  0.1938E+03
      2.353  0.5153E+02  0.1945E+03
      2.371  0.1627E+03  0.1971E+03
      2.390  0.5128E+02  0.1985E+03
      2.408  0.4090E+02  0.1993E+03
      2.427  0.5839E+02  0.2000E+03
      2.445  0.7403E+02  0.2017E+03
      2.463  0.6798E+02  0.2030E+03
      2.482  0.5691E+02  0.2048E+03
      2.500  0.5865E+02  0.2058E+03
      2.518  0.6061E+02  0.2069E+03
      2.537  0.5702E+02  0.2080E+03
      2.555  0.7228E+02  0.2093E+03
      2.574  0.6994E+02  0.2106E+03
      2.592  0.6697E+02  0.2118E+03
      2.610  0.5984E+02  0.2130E+03
      2.629  0.4752E+02  0.2140E+03
      2.647  0.3582E+02  0.2148E+03
      2.665  0.3475E+02  0.2154E+03
      2.684  0.5402E+02  0.2162E+03
      2.702  0.9208E+02  0.2175E+03
      2.720  0.6449E+02  0.2201E+03
      2.739  0.7322E+02  0.2213E+03
      2.757  0.3925E+02  0.2221E+03
      2.776  0.5084E+02  0.2230E+03
      2.794  0.5295E+02  0.2239E+03
      2.812  0.4669E+02  0.2249E+03
      2.831  0.8199E+02  0.2263E+03
      2.849  0.2796E+02  0.2271E+03
      2.867  0.3967E+02  0.2277E+03
      2.886  0.4871E+02  0.2285E+03
      2.904  0.4091E+02  0.2294E+03
      2.923  0.2189E+02  0.2299E+03
      2.941  0.2320E+02  0.2303E+03
      2.959  0.5177E+02  0.2310E+03
      2.978  0.5483E+02  0.2320E+03
      2.996  0.5429E+02  0.2330E+03
      3.014  0.4881E+02  0.2340E+03
      3.033  0.4000E+02  0.2348E+03
      3.051  0.2832E+02  0.2354E+03
      3.069  0.1742E+02  0.2358E+03
      3.088  0.1433E+02  0.2361E+03
      3.106  0.2592E+02  0.2364E+03
      3.125  0.3782E+02  0.2370E+03
      3.143  0.4727E+02  0.2378E+03
      3.161  0.1135E+03  0.2391E+03
      3.180  0.9308E+02  0.2410E+03
      3.198  0.3897E+02  0.2420E+03
      3.216  0.2965E+02  0.2426E+03
      3.235  0.2176E+02  0.2431E+03
      3.253  0.1531E+02  0.2434E+03
      3.272  0.1106E+02  0.2436E+03
      3.290  0.2429E+02  0.2439E+03
      3.308  0.5344E+02  0.2446E+03
      3.327  0.7291E+02  0.2458E+03
      3.345  0.8225E+02  0.2473E+03
      3.363  0.7337E+02  0.2487E+03
      3.382  0.1857E+02  0.2496E+03
      3.400  0.5241E+02  0.2513E+03
      3.418  0.2427E+02  0.2520E+03
      3.437  0.2243E+02  0.2524E+03
      3.455  0.4820E+02  0.2534E+03
      3.474  0.2360E+02  0.2541E+03
      3.492  0.2197E+02  0.2545E+03
      3.510  0.2045E+02  0.2549E+03
      3.529  0.1904E+02  0.2553E+03
      3.547  0.1774E+02  0.2556E+03
      3.565  0.1656E+02  0.2559E+03
      3.584  0.1550E+02  0.2562E+03
      3.602  0.1455E+02  0.2565E+03
      3.620  0.1371E+02  0.2568E+03
      3.639  0.1298E+02  0.2570E+03
      3.657  0.1227E+02  0.2573E+03
      3.676  0.1121E+02  0.2575E+03
      3.694  0.9752E+01  0.2577E+03
      3.712  0.7861E+01  0.2578E+03
      3.731  0.4883E+01  0.2579E+03
      3.749  0.6158E+00  0.2580E+03
      3.767  0.0000E+00  0.2580E+03
      3.786  0.0000E+00  0.2580E+03
      3.804  0.0000E+00  0.2580E+03
      3.823  0.0000E+00  0.2580E+03
      3.841  0.0000E+00  0.2580E+03
      3.859  0.0000E+00  0.2580E+03
      3.878  0.0000E+00  0.2580E+03
      3.896  0.0000E+00  0.2580E+03
      3.914  0.0000E+00  0.2580E+03
      3.933  0.0000E+00  0.2580E+03
      3.951  0.0000E+00  0.2580E+03
      3.969  0.0000E+00  0.2580E+03
      3.988  0.0000E+00  0.2580E+03
      4.006  0.0000E+00  0.2580E+03
      4.025  0.0000E+00  0.2580E+03
      4.043  0.0000E+00  0.2580E+03
      4.061  0.0000E+00  0.2580E+03
      4.080  0.0000E+00  0.2580E+03
      4.098  0.0000E+00  0.2580E+03
      4.116  0.0000E+00  0.2580E+03
      4.135  0.0000E+00  0.2580E+03
      4.153  0.0000E+00  0.2580E+03
      4.172  0.0000E+00  0.2580E+03
      4.190  0.0000E+00  0.2580E+03
      4.208  0.0000E+00  0.2580E+03
      4.227  0.0000E+00  0.2580E+03
      4.245  0.0000E+00  0.2580E+03
      4.263  0.0000E+00  0.2580E+03
      4.282  0.0000E+00  0.2580E+03
      4.300  0.0000E+00  0.2580E+03
      4.318  0.0000E+00  0.2580E+03
      4.337  0.0000E+00  0.2580E+03
      4.355  0.0000E+00  0.2580E+03
      4.374  0.0000E+00  0.2580E+03
      4.392  0.0000E+00  0.2580E+03
      4.410  0.0000E+00  0.2580E+03
      4.429  0.0000E+00  0.2580E+03
      4.447  0.0000E+00  0.2580E+03
      4.465  0.0000E+00  0.2580E+03
      4.484  0.0000E+00  0.2580E+03
      4.502  0.0000E+00  0.2580E+03
      4.521  0.0000E+00  0.2580E+03
      4.539  0.0000E+00  0.2580E+03
      4.557  0.0000E+00  0.2580E+03
      4.576  0.0000E+00  0.2580E+03
      4.594  0.0000E+00  0.2580E+03
      4.612  0.0000E+00  0.2580E+03
      4.631  0.0000E+00  0.2580E+03
      4.649  0.0000E+00  0.2580E+03
      4.667  0.0000E+00  0.2580E+03
      4.686  0.0000E+00  0.2580E+03
      4.704  0.0000E+00  0.2580E+03
      4.723  0.0000E+00  0.2580E+03
      4.741  0.0000E+00  0.2580E+03
      4.759  0.0000E+00  0.2580E+03
      4.778  0.0000E+00  0.2580E+03
      4.796  0.0000E+00  0.2580E+03
      4.814  0.0000E+00  0.2580E+03
      4.833  0.0000E+00  0.2580E+03
      4.851  0.0000E+00  0.2580E+03
      4.870  0.0000E+00  0.2580E+03
      4.888  0.0000E+00  0.2580E+03
      4.906  0.0000E+00  0.2580E+03
      4.925  0.0000E+00  0.2580E+03
      4.943  0.0000E+00  0.2580E+03
      4.961  0.0000E+00  0.2580E+03
      4.980  0.0000E+00  0.2580E+03
      4.998  0.0000E+00  0.2580E+03
      5.016  0.0000E+00  0.2580E+03
      5.035  0.0000E+00  0.2580E+03
      5.053  0.0000E+00  0.2580E+03
      5.072  0.0000E+00  0.2580E+03
      5.090  0.0000E+00  0.2580E+03
      5.108  0.0000E+00  0.2580E+03
      5.127  0.0000E+00  0.2580E+03
      5.145  0.0000E+00  0.2580E+03
      5.163  0.0000E+00  0.2580E+03
      5.182  0.0000E+00  0.2580E+03
      5.200  0.0000E+00  0.2580E+03
      5.219  0.0000E+00  0.2580E+03
      5.237  0.0000E+00  0.2580E+03
      5.255  0.0000E+00  0.2580E+03
      5.274  0.0000E+00  0.2580E+03
      5.292  0.0000E+00  0.2580E+03
      5.310  0.0000E+00  0.2580E+03
      5.329  0.0000E+00  0.2580E+03
      5.347  0.0000E+00  0.2580E+03
      5.365  0.0000E+00  0.2580E+03
      5.384  0.0000E+00  0.2580E+03
      5.402  0.0000E+00  0.2580E+03
      5.421  0.0000E+00  0.2580E+03
      5.439  0.0000E+00  0.2580E+03
      5.457  0.0000E+00  0.2580E+03
      5.476  0.0000E+00  0.2580E+03
      5.494  0.0000E+00  0.2580E+03
      5.512  0.0000E+00  0.2580E+03
      5.531  0.0000E+00  0.2580E+03
      5.549  0.0000E+00  0.2580E+03
      5.568  0.0000E+00  0.2580E+03
      5.586  0.0000E+00  0.2580E+03
      5.604  0.0000E+00  0.2580E+03
      5.623  0.0000E+00  0.2580E+03
      5.641  0.0000E+00  0.2580E+03
      5.659  0.0000E+00  0.2580E+03
      5.678  0.0000E+00  0.2580E+03
      5.696  0.0000E+00  0.2580E+03
      5.714  0.0000E+00  0.2580E+03
      5.733  0.0000E+00  0.2580E+03
      5.751  0.0000E+00  0.2580E+03
      5.770  0.0000E+00  0.2580E+03
      5.788  0.0000E+00  0.2580E+03
      5.806  0.0000E+00  0.2580E+03
      5.825  0.0000E+00  0.2580E+03
      5.843  0.0000E+00  0.2580E+03
      5.861  0.0000E+00  0.2580E+03
      5.880  0.0000E+00  0.2580E+03
      5.898  0.0000E+00  0.2580E+03
      5.917  0.0000E+00  0.2580E+03
      5.935  0.0000E+00  0.2580E+03
      5.953  0.0000E+00  0.2580E+03
      5.972  0.0000E+00  0.2580E+03
      5.990  0.0000E+00  0.2580E+03
      6.008  0.0000E+00  0.2580E+03
      6.027  0.0000E+00  0.2580E+03
      6.045  0.0000E+00  0.2580E+03
      6.063  0.0000E+00  0.2580E+03
      6.082  0.0000E+00  0.2580E+03
      6.100  0.0000E+00  0.2580E+03
      6.119  0.0000E+00  0.2580E+03
      6.137  0.0000E+00  0.2580E+03
      6.155  0.0000E+00  0.2580E+03
      6.174  0.0000E+00  0.2580E+03
      6.192  0.0000E+00  0.2580E+03
      6.210  0.0000E+00  0.2580E+03
      6.229  0.0000E+00  0.2580E+03
      6.247  0.0000E+00  0.2580E+03
      6.265  0.0000E+00  0.2580E+03
      6.284  0.0000E+00  0.2580E+03
      6.302  0.0000E+00  0.2580E+03
      6.321  0.0000E+00  0.2580E+03
      6.339  0.0000E+00  0.2580E+03
      6.357  0.0000E+00  0.2580E+03
      6.376  0.0000E+00  0.2580E+03
      6.394  0.0000E+00  0.2580E+03
      6.412  0.0000E+00  0.2580E+03
      6.431  0.0000E+00  0.2580E+03
      6.449  0.0000E+00  0.2580E+03
      6.468  0.0000E+00  0.2580E+03
      6.486  0.0000E+00  0.2580E+03
      6.504  0.0000E+00  0.2580E+03
      6.523  0.0000E+00  0.2580E+03
      6.541  0.0000E+00  0.2580E+03
      6.559  0.0000E+00  0.2580E+03
      6.578  0.0000E+00  0.2580E+03
      6.596  0.0000E+00  0.2580E+03
      6.614  0.0000E+00  0.2580E+03
      6.633  0.0000E+00  0.2580E+03
      6.651  0.0000E+00  0.2580E+03
      6.670  0.0000E+00  0.2580E+03
      6.688  0.0000E+00  0.2580E+03
      6.706  0.0000E+00  0.2580E+03
      6.725  0.0000E+00  0.2580E+03
      6.743  0.0000E+00  0.2580E+03
      6.761  0.0000E+00  0.2580E+03
      6.780  0.0000E+00  0.2580E+03
      6.798  0.0000E+00  0.2580E+03
      6.817  0.0000E+00  0.2580E+03
      6.835  0.0000E+00  0.2580E+03
      6.853  0.0000E+00  0.2580E+03
      6.872  0.0000E+00  0.2580E+03
      6.890  0.0000E+00  0.2580E+03
      6.908  0.0000E+00  0.2580E+03
      6.927  0.0000E+00  0.2580E+03
      6.945  0.0000E+00  0.2580E+03
      6.963  0.0000E+00  0.2580E+03
      6.982  0.0000E+00  0.2580E+03
      7.000  0.0000E+00  0.2580E+03
      7.019  0.0000E+00  0.2580E+03
      7.037  0.0000E+00  0.2580E+03
      7.055  0.0000E+00  0.2580E+03
      7.074  0.0000E+00  0.2580E+03
      7.092  0.0000E+00  0.2580E+03
      7.110  0.0000E+00  0.2580E+03
      7.129  0.0000E+00  0.2580E+03
      7.147  0.0000E+00  0.2580E+03
      7.166  0.0000E+00  0.2580E+03
      7.184  0.0000E+00  0.2580E+03
      7.202  0.0000E+00  0.2580E+03
      7.221  0.0000E+00  0.2580E+03
      7.239  0.0000E+00  0.2580E+03
      7.257  0.0000E+00  0.2580E+03
      7.276  0.0000E+00  0.2580E+03
      7.294  0.0000E+00  0.2580E+03
      7.312  0.0000E+00  0.2580E+03
      7.331  0.0000E+00  0.2580E+03
      7.349  0.0000E+00  0.2580E+03
      7.368  0.0000E+00  0.2580E+03
      7.386  0.0000E+00  0.2580E+03
      7.404  0.0000E+00  0.2580E+03
      7.423  0.0000E+00  0.2580E+03
      7.441  0.0000E+00  0.2580E+03
      7.459  0.0000E+00  0.2580E+03
      7.478  0.0000E+00  0.2580E+03
      7.496  0.0000E+00  0.2580E+03
      7.515  0.0000E+00  0.2580E+03
      7.533  0.0000E+00  0.2580E+03
      7.551  0.0000E+00  0.2580E+03
      7.570  0.0000E+00  0.2580E+03
      7.588  0.0000E+00  0.2580E+03
      7.606  0.0000E+00  0.2580E+03
      7.625  0.0000E+00  0.2580E+03
      7.643  0.0000E+00  0.2580E+03
      7.661  0.0000E+00  0.2580E+03
      7.680  0.0000E+00  0.2580E+03
      7.698  0.0000E+00  0.2580E+03
      7.717  0.0000E+00  0.2580E+03
      7.735  0.0000E+00  0.2580E+03
      7.753  0.0000E+00  0.2580E+03
      7.772  0.0000E+00  0.2580E+03
      7.790  0.0000E+00  0.2580E+03
      7.808  0.0000E+00  0.2580E+03
      7.827  0.0000E+00  0.2580E+03
      7.845  0.0000E+00  0.2580E+03
      7.864  0.0000E+00  0.2580E+03
      7.882  0.0000E+00  0.2580E+03
      7.900  0.0000E+00  0.2580E+03
      7.919  0.0000E+00  0.2580E+03
      7.937  0.0000E+00  0.2580E+03
      7.955  0.0000E+00  0.2580E+03
      7.974  0.0000E+00  0.2580E+03
      7.992  0.0000E+00  0.2580E+03
      8.010  0.0000E+00  0.2580E+03
      8.029  0.0000E+00  0.2580E+03
      8.047  0.0000E+00  0.2580E+03
      8.066  0.0000E+00  0.2580E+03
      8.084  0.0000E+00  0.2580E+03
      8.102  0.0000E+00  0.2580E+03
      8.121  0.0000E+00  0.2580E+03
      8.139  0.0000E+00  0.2580E+03
      8.157  0.0000E+00  0.2580E+03
      8.176  0.0000E+00  0.2580E+03
      8.194  0.0000E+00  0.2580E+03
      8.213  0.0000E+00  0.2580E+03
      8.231  0.0000E+00  0.2580E+03
      8.249  0.0000E+00  0.2580E+03
      8.268  0.0000E+00  0.2580E+03
      8.286  0.0000E+00  0.2580E+03
      8.304  0.5974E+02  0.2582E+03
      8.323  0.5928E+02  0.2600E+03
      8.341  0.5076E+02  0.2610E+03
      8.359  0.4955E+02  0.2619E+03
      8.378  0.5554E+02  0.2628E+03
      8.396  0.0000E+00  0.2640E+03
      8.415  0.0000E+00  0.2640E+03
      8.433  0.0000E+00  0.2640E+03
      8.451  0.0000E+00  0.2640E+03
      8.470  0.0000E+00  0.2640E+03
      8.488  0.0000E+00  0.2640E+03
      8.506  0.0000E+00  0.2640E+03
      8.525  0.0000E+00  0.2640E+03
      8.543  0.0000E+00  0.2640E+03
      8.561  0.0000E+00  0.2640E+03
      8.580  0.0000E+00  0.2640E+03
      8.598  0.0000E+00  0.2640E+03
      8.617  0.0000E+00  0.2640E+03
      8.635  0.0000E+00  0.2640E+03
      8.653  0.0000E+00  0.2640E+03
      8.672  0.0000E+00  0.2640E+03
      8.690  0.0000E+00  0.2640E+03
      8.708  0.0000E+00  0.2640E+03
      8.727  0.0000E+00  0.2640E+03
      8.745  0.0000E+00  0.2640E+03
      8.764  0.0000E+00  0.2640E+03
      8.782  0.0000E+00  0.2640E+03
      8.800  0.0000E+00  0.2640E+03
      8.819  0.0000E+00  0.2640E+03
      8.837  0.0000E+00  0.2640E+03
      8.855  0.0000E+00  0.2640E+03
      8.874  0.0000E+00  0.2640E+03
      8.892  0.0000E+00  0.2640E+03
      8.910  0.0000E+00  0.2640E+03
      8.929  0.0000E+00  0.2640E+03
      8.947  0.0000E+00  0.2640E+03
      8.966  0.0000E+00  0.2640E+03
      8.984  0.0000E+00  0.2640E+03
      9.002  0.0000E+00  0.2640E+03
      9.021  0.0000E+00  0.2640E+03
      9.039  0.0000E+00  0.2640E+03
      9.057  0.0000E+00  0.2640E+03
      9.076  0.0000E+00  0.2640E+03
      9.094  0.0000E+00  0.2640E+03
      9.113  0.0000E+00  0.2640E+03
      9.131  0.0000E+00  0.2640E+03
      9.149  0.0000E+00  0.2640E+03
      9.168  0.0000E+00  0.2640E+03
      9.186  0.0000E+00  0.2640E+03
      9.204  0.0000E+00  0.2640E+03
      9.223  0.0000E+00  0.2640E+03
      9.241  0.0000E+00  0.2640E+03
      9.259  0.0000E+00  0.2640E+03
      9.278  0.0000E+00  0.2640E+03
      9.296  0.0000E+00  0.2640E+03
      9.315  0.0000E+00  0.2640E+03
      9.333  0.0000E+00  0.2640E+03
      9.351  0.0000E+00  0.2640E+03
      9.370  0.0000E+00  0.2640E+03
      9.388  0.0000E+00  0.2640E+03
      9.406  0.0000E+00  0.2640E+03
      9.425  0.0000E+00  0.2640E+03
      9.443  0.0000E+00  0.2640E+03
      9.462  0.0000E+00  0.2640E+03
      9.480  0.0000E+00  0.2640E+03
      9.498  0.0000E+00  0.2640E+03
      9.517  0.0000E+00  0.2640E+03
      9.535  0.0000E+00  0.2640E+03
      9.553  0.0000E+00  0.2640E+03
      9.572  0.0000E+00  0.2640E+03
      9.590  0.0000E+00  0.2640E+03
      9.608  0.0000E+00  0.2640E+03
      9.627  0.0000E+00  0.2640E+03
      9.645  0.0000E+00  0.2640E+03
      9.664  0.0000E+00  0.2640E+03
      9.682  0.0000E+00  0.2640E+03
      9.700  0.0000E+00  0.2640E+03
      9.719  0.0000E+00  0.2640E+03
      9.737  0.0000E+00  0.2640E+03
      9.755  0.0000E+00  0.2640E+03
      9.774  0.0000E+00  0.2640E+03
      9.792  0.0000E+00  0.2640E+03
      9.811  0.0000E+00  0.2640E+03
      9.829  0.0000E+00  0.2640E+03
      9.847  0.0000E+00  0.2640E+03
      9.866  0.0000E+00  0.2640E+03
      9.884  0.0000E+00  0.2640E+03
      9.902  0.0000E+00  0.2640E+03
      9.921  0.0000E+00  0.2640E+03
      9.939  0.0000E+00  0.2640E+03
      9.957  0.0000E+00  0.2640E+03
      9.976  0.0000E+00  0.2640E+03
      9.994  0.0000E+00  0.2640E+03
     10.013  0.0000E+00  0.2640E+03
     10.031  0.0000E+00  0.2640E+03
     10.049  0.0000E+00  0.2640E+03
     10.068  0.0000E+00  0.2640E+03
     10.086  0.0000E+00  0.2640E+03
     10.104  0.0000E+00  0.2640E+03
     10.123  0.0000E+00  0.2640E+03
     10.141  0.0000E+00  0.2640E+03
     10.160  0.0000E+00  0.2640E+03
     10.178  0.0000E+00  0.2640E+03
     10.196  0.1324E-04  0.2640E+03
     10.215  0.4638E-03  0.2640E+03
     10.233  0.1555E-02  0.2640E+03
     10.251  0.3287E-02  0.2640E+03
     10.270  0.5659E-02  0.2640E+03
     10.288  0.8672E-02  0.2640E+03
     10.306  0.1232E-01  0.2640E+03
     10.325  0.1662E-01  0.2640E+03
     10.343  0.2155E-01  0.2640E+03
     10.362  0.2713E-01  0.2640E+03
     10.380  0.3334E-01  0.2640E+03
     10.398  0.4020E-01  0.2640E+03
     10.417  0.4770E-01  0.2640E+03
     10.435  0.5583E-01  0.2640E+03
     10.453  0.6461E-01  0.2640E+03
     10.472  0.7403E-01  0.2640E+03
     10.490  0.8409E-01  0.2640E+03
     10.509  0.9479E-01  0.2640E+03
     10.527  0.1061E+00  0.2640E+03
     10.545  0.1181E+00  0.2640E+03
     10.564  0.1307E+00  0.2640E+03
     10.582  0.1440E+00  0.2640E+03
     10.600  0.1579E+00  0.2640E+03
     10.619  0.1724E+00  0.2640E+03
     10.637  0.1876E+00  0.2640E+03
     10.655  0.2034E+00  0.2640E+03
     10.674  0.2199E+00  0.2640E+03
     10.692  0.2370E+00  0.2640E+03
     10.711  0.2548E+00  0.2640E+03
     10.729  0.2732E+00  0.2640E+03
     10.747  0.2922E+00  0.2641E+03
     10.766  0.3118E+00  0.2641E+03
     10.784  0.3322E+00  0.2641E+03
     10.802  0.3531E+00  0.2641E+03
     10.821  0.3747E+00  0.2641E+03
     10.839  0.3969E+00  0.2641E+03
     10.858  0.4198E+00  0.2641E+03
     10.876  0.4433E+00  0.2641E+03
     10.894  0.4675E+00  0.2641E+03
     10.913  0.4922E+00  0.2641E+03
     10.931  0.5177E+00  0.2641E+03
     10.949  0.5438E+00  0.2641E+03
     10.968  0.5705E+00  0.2641E+03
     10.986  0.5978E+00  0.2642E+03
     11.004  0.6258E+00  0.2642E+03
     11.023  0.6545E+00  0.2642E+03
     11.041  0.6837E+00  0.2642E+03
     11.060  0.7136E+00  0.2642E+03
     11.078  0.7442E+00  0.2642E+03
     11.096  0.7754E+00  0.2642E+03
     11.115  0.8072E+00  0.2642E+03
     11.133  0.8397E+00  0.2643E+03
     11.151  0.8728E+00  0.2643E+03
     11.170  0.9066E+00  0.2643E+03
     11.188  0.9410E+00  0.2643E+03
     11.206  0.9760E+00  0.2643E+03
     11.225  0.1012E+01  0.2643E+03
     11.243  0.1048E+01  0.2644E+03
     11.262  0.1085E+01  0.2644E+03
     11.280  0.1123E+01  0.2644E+03
     11.298  0.1161E+01  0.2644E+03
     11.317  0.1200E+01  0.2644E+03
     11.335  0.1243E+01  0.2645E+03
     11.353  0.1311E+01  0.2645E+03
     11.372  0.1389E+01  0.2645E+03
     11.390  0.1462E+01  0.2645E+03
     11.409  0.1533E+01  0.2646E+03
     11.427  0.1599E+01  0.2646E+03
     11.445  0.1662E+01  0.2646E+03
     11.464  0.1722E+01  0.2647E+03
     11.482  0.1777E+01  0.2647E+03
     11.500  0.1830E+01  0.2647E+03
     11.519  0.1878E+01  0.2648E+03
     11.537  0.1923E+01  0.2648E+03
     11.555  0.1964E+01  0.2648E+03
     11.574  0.2002E+01  0.2649E+03
     11.592  0.2057E+01  0.2649E+03
     11.611  0.2175E+01  0.2649E+03
     11.629  0.2331E+01  0.2650E+03
     11.647  0.2510E+01  0.2650E+03
     11.666  0.2683E+01  0.2651E+03
     11.684  0.2847E+01  0.2651E+03
     11.702  0.3003E+01  0.2652E+03
     11.721  0.3151E+01  0.2652E+03
     11.739  0.3290E+01  0.2653E+03
     11.758  0.3421E+01  0.2654E+03
     11.776  0.3543E+01  0.2654E+03
     11.794  0.3657E+01  0.2655E+03
     11.813  0.3762E+01  0.2656E+03
     11.831  0.3859E+01  0.2656E+03
     11.849  0.3947E+01  0.2657E+03
     11.868  0.4028E+01  0.2658E+03
     11.886  0.4099E+01  0.2658E+03
     11.904  0.4163E+01  0.2659E+03
     11.923  0.4217E+01  0.2660E+03
     11.941  0.4264E+01  0.2661E+03
     11.960  0.4302E+01  0.2662E+03
     11.978  0.4332E+01  0.2662E+03
     11.996  0.4353E+01  0.2663E+03
     12.015  0.4365E+01  0.2664E+03
     12.033  0.4368E+01  0.2665E+03
     12.051  0.4297E+01  0.2666E+03
     12.070  0.4142E+01  0.2666E+03
     12.088  0.3974E+01  0.2667E+03
     12.107  0.3819E+01  0.2668E+03
     12.125  0.3675E+01  0.2669E+03
     12.143  0.3543E+01  0.2669E+03
     12.162  0.3422E+01  0.2670E+03
     12.180  0.3313E+01  0.2670E+03
     12.198  0.3215E+01  0.2671E+03
     12.217  0.3130E+01  0.2672E+03
     12.235  0.3056E+01  0.2672E+03
     12.253  0.2993E+01  0.2673E+03
     12.272  0.2942E+01  0.2673E+03
     12.290  0.2873E+01  0.2674E+03
     12.309  0.2745E+01  0.2674E+03
     12.327  0.2587E+01  0.2675E+03
     12.345  0.2489E+01  0.2675E+03
     12.364  0.2481E+01  0.2676E+03
     12.382  0.2477E+01  0.2676E+03
     12.400  0.2472E+01  0.2677E+03
     12.419  0.2465E+01  0.2677E+03
     12.437  0.2456E+01  0.2678E+03
     12.456  0.2444E+01  0.2678E+03
     12.474  0.2431E+01  0.2678E+03
     12.492  0.2415E+01  0.2679E+03
     12.511  0.2398E+01  0.2679E+03
     12.529  0.2378E+01  0.2680E+03
     12.547  0.2355E+01  0.2680E+03
     12.566  0.2324E+01  0.2681E+03
     12.584  0.2291E+01  0.2681E+03
     12.602  0.2272E+01  0.2681E+03
     12.621  0.2340E+01  0.2682E+03
     12.639  0.2505E+01  0.2682E+03
     12.658  0.2766E+01  0.2683E+03
     12.676  0.3207E+01  0.2683E+03
     12.694  0.3519E+01  0.2684E+03
     12.713  0.3568E+01  0.2685E+03
     12.731  0.3592E+01  0.2685E+03
     12.749  0.3615E+01  0.2686E+03
     12.768  0.3637E+01  0.2687E+03
     12.786  0.3659E+01  0.2687E+03
     12.805  0.3680E+01  0.2688E+03
     12.823  0.3700E+01  0.2689E+03
     12.841  0.3719E+01  0.2689E+03
     12.860  0.3740E+01  0.2690E+03
     12.878  0.3763E+01  0.2691E+03
     12.896  0.3790E+01  0.2691E+03
     12.915  0.3821E+01  0.2692E+03
     12.933  0.3857E+01  0.2693E+03
     12.951  0.3900E+01  0.2694E+03
     12.970  0.3950E+01  0.2694E+03
     12.988  0.4007E+01  0.2695E+03
     13.007  0.4070E+01  0.2696E+03
     13.025  0.4141E+01  0.2696E+03
     13.043  0.4219E+01  0.2697E+03
     13.062  0.4303E+01  0.2698E+03
     13.080  0.4394E+01  0.2699E+03
     13.098  0.4491E+01  0.2700E+03
     13.117  0.4593E+01  0.2700E+03
     13.135  0.4701E+01  0.2701E+03
     13.154  0.4817E+01  0.2702E+03
     13.172  0.4941E+01  0.2703E+03
     13.190  0.5073E+01  0.2704E+03
     13.209  0.5213E+01  0.2705E+03
     13.227  0.5361E+01  0.2706E+03
     13.245  0.5517E+01  0.2707E+03
     13.264  0.5681E+01  0.2708E+03
     13.282  0.5853E+01  0.2709E+03
     13.300  0.6033E+01  0.2710E+03
     13.319  0.6221E+01  0.2711E+03
     13.337  0.6418E+01  0.2712E+03
     13.356  0.6622E+01  0.2714E+03
     13.374  0.6834E+01  0.2715E+03
     13.392  0.7054E+01  0.2716E+03
     13.411  0.7282E+01  0.2717E+03
     13.429  0.7518E+01  0.2719E+03
     13.447  0.7762E+01  0.2720E+03
     13.466  0.8014E+01  0.2722E+03
     13.484  0.8275E+01  0.2723E+03
     13.502  0.8543E+01  0.2725E+03
     13.521  0.8819E+01  0.2726E+03
     13.539  0.9099E+01  0.2728E+03
     13.558  0.9369E+01  0.2730E+03
     13.576  0.9622E+01  0.2731E+03
     13.594  0.9848E+01  0.2733E+03
     13.613  0.1005E+02  0.2735E+03
     13.631  0.1024E+02  0.2737E+03
     13.649  0.1093E+02  0.2739E+03
     13.668  0.1214E+02  0.2741E+03
     13.686  0.1371E+02  0.2743E+03
     13.705  0.1488E+02  0.2746E+03
     13.723  0.1560E+02  0.2749E+03
     13.741  0.1587E+02  0.2752E+03
     13.760  0.1576E+02  0.2754E+03
     13.778  0.1563E+02  0.2757E+03
     13.796  0.1567E+02  0.2760E+03
     13.815  0.1735E+02  0.2763E+03
     13.833  0.2009E+02  0.2767E+03
     13.851  0.2159E+02  0.2771E+03
     13.870  0.2168E+02  0.2775E+03
     13.888  0.1847E+02  0.2778E+03
     13.907  0.1339E+02  0.2781E+03
     13.925  0.1335E+02  0.2784E+03
     13.943  0.1388E+02  0.2786E+03
     13.962  0.1379E+02  0.2789E+03
     13.980  0.1262E+02  0.2791E+03
     13.998  0.1063E+02  0.2793E+03
     14.017  0.8994E+01  0.2795E+03
     14.035  0.8228E+01  0.2797E+03
     14.054  0.8197E+01  0.2798E+03
     14.072  0.8011E+01  0.2800E+03
     14.090  0.8333E+01  0.2801E+03
     14.109  0.9744E+01  0.2803E+03
     14.127  0.1190E+02  0.2805E+03
     14.145  0.1399E+02  0.2807E+03
     14.164  0.1446E+02  0.2810E+03
     14.182  0.1329E+02  0.2812E+03
     14.200  0.1051E+02  0.2814E+03
     14.219  0.9276E+01  0.2816E+03
     14.237  0.1103E+02  0.2818E+03
     14.256  0.4029E+02  0.2822E+03
     14.274  0.6724E+01  0.2826E+03
     14.292  0.9797E+01  0.2828E+03
     14.311  0.1595E+02  0.2830E+03
     14.329  0.3036E+02  0.2835E+03
     14.347  0.1793E+02  0.2839E+03
     14.366  0.1334E+02  0.2842E+03
     14.384  0.1235E+02  0.2844E+03
     14.403  0.1337E+02  0.2847E+03
     14.421  0.1346E+02  0.2849E+03
     14.439  0.1330E+02  0.2851E+03
     14.458  0.1325E+02  0.2854E+03
     14.476  0.1319E+02  0.2856E+03
     14.494  0.1308E+02  0.2859E+03
     14.513  0.1292E+02  0.2861E+03
     14.531  0.1273E+02  0.2863E+03
     14.549  0.1250E+02  0.2866E+03
     14.568  0.1222E+02  0.2868E+03
     14.586  0.1186E+02  0.2870E+03
     14.605  0.1142E+02  0.2872E+03
     14.623  0.1092E+02  0.2874E+03
     14.641  0.1049E+02  0.2876E+03
     14.660  0.1014E+02  0.2878E+03
     14.678  0.9861E+01  0.2880E+03
     14.696  0.9656E+01  0.2882E+03
     14.715  0.9505E+01  0.2884E+03
     14.733  0.9401E+01  0.2885E+03
     14.752  0.9344E+01  0.2887E+03
     14.770  0.9334E+01  0.2889E+03
     14.788  0.9366E+01  0.2891E+03
     14.807  0.9306E+01  0.2892E+03
     14.825  0.9234E+01  0.2894E+03
     14.843  0.9193E+01  0.2896E+03
     14.862  0.9394E+01  0.2897E+03
     14.880  0.9986E+01  0.2899E+03
     14.898  0.1069E+02  0.2901E+03
     14.917  0.1134E+02  0.2903E+03
     14.935  0.1205E+02  0.2905E+03
     14.954  0.1305E+02  0.2908E+03
     14.972  0.1424E+02  0.2910E+03
     14.990  0.1559E+02  0.2913E+03
     15.009  0.1694E+02  0.2916E+03
     15.027  0.1832E+02  0.2919E+03
     15.045  0.1971E+02  0.2923E+03
     15.064  0.2112E+02  0.2926E+03
     15.082  0.2194E+02  0.2930E+03
     15.101  0.2159E+02  0.2934E+03
     15.119  0.2264E+02  0.2938E+03
     15.137  0.2397E+02  0.2943E+03
     15.156  0.2515E+02  0.2947E+03
     15.174  0.2412E+02  0.2952E+03
     15.192  0.2287E+02  0.2956E+03
     15.211  0.2277E+02  0.2960E+03
     15.229  0.2119E+02  0.2964E+03
     15.247  0.2020E+02  0.2968E+03
     15.266  0.2002E+02  0.2972E+03
     15.284  0.1919E+02  0.2975E+03
     15.303  0.1844E+02  0.2979E+03
     15.321  0.1823E+02  0.2982E+03
     15.339  0.1823E+02  0.2985E+03
     15.358  0.1833E+02  0.2989E+03
     15.376  0.1844E+02  0.2992E+03
     15.394  0.1825E+02  0.2996E+03
     15.413  0.1814E+02  0.2999E+03
     15.431  0.1797E+02  0.3002E+03
     15.450  0.1790E+02  0.3005E+03
     15.468  0.2058E+02  0.3009E+03
     15.486  0.2179E+02  0.3013E+03
     15.505  0.2158E+02  0.3017E+03
     15.523  0.2070E+02  0.3021E+03
     15.541  0.2054E+02  0.3025E+03
     15.560  0.2201E+02  0.3028E+03
     15.578  0.2418E+02  0.3033E+03
     15.596  0.2457E+02  0.3037E+03
     15.615  0.2319E+02  0.3042E+03
     15.633  0.2117E+02  0.3046E+03
     15.652  0.2036E+02  0.3049E+03
     15.670  0.2185E+02  0.3053E+03
     15.688  0.2396E+02  0.3057E+03
     15.707  0.2460E+02  0.3062E+03
     15.725  0.2092E+02  0.3066E+03
     15.743  0.1830E+02  0.3070E+03
     15.762  0.1889E+02  0.3073E+03
     15.780  0.2150E+02  0.3077E+03
     15.799  0.2428E+02  0.3081E+03
     15.817  0.2414E+02  0.3086E+03
     15.835  0.2160E+02  0.3090E+03
     15.854  0.1946E+02  0.3094E+03
     15.872  0.1806E+02  0.3097E+03
     15.890  0.2011E+02  0.3100E+03
     15.909  0.2410E+02  0.3104E+03
     15.927  0.2502E+02  0.3109E+03
     15.945  0.2122E+02  0.3113E+03
     15.964  0.1485E+02  0.3117E+03
     15.982  0.7475E+01  0.3119E+03
     16.001  0.8844E+01  0.3120E+03
     16.019  0.1836E+02  0.3123E+03
     16.037  0.2323E+02  0.3126E+03
     16.056  0.2372E+02  0.3131E+03
     16.074  0.2026E+02  0.3135E+03
     16.092  0.1554E+02  0.3138E+03
     16.111  0.1081E+02  0.3141E+03
     16.129  0.9165E+01  0.3142E+03
     16.147  0.1174E+02  0.3144E+03
     16.166  0.1428E+02  0.3147E+03
     16.184  0.1671E+02  0.3149E+03
     16.203  0.1924E+02  0.3153E+03
     16.221  0.1865E+02  0.3156E+03
     16.239  0.1216E+02  0.3159E+03
     16.258  0.5986E+01  0.3161E+03
     16.276  0.6329E+01  0.3162E+03
     16.294  0.8462E+01  0.3163E+03
     16.313  0.9458E+01  0.3165E+03
     16.331  0.1148E+02  0.3167E+03
     16.350  0.1477E+02  0.3169E+03
     16.368  0.1688E+02  0.3172E+03
     16.386  0.1778E+02  0.3175E+03
     16.405  0.1824E+02  0.3179E+03
     16.423  0.1852E+02  0.3182E+03
     16.441  0.1842E+02  0.3185E+03
     16.460  0.1731E+02  0.3189E+03
     16.478  0.1625E+02  0.3192E+03
     16.496  0.1550E+02  0.3195E+03
     16.515  0.1514E+02  0.3198E+03
     16.533  0.1565E+02  0.3200E+03
     16.552  0.1639E+02  0.3203E+03
     16.570  0.1700E+02  0.3206E+03
     16.588  0.1594E+02  0.3209E+03
     16.607  0.1366E+02  0.3212E+03
     16.625  0.1374E+02  0.3215E+03
     16.643  0.1457E+02  0.3217E+03
     16.662  0.1527E+02  0.3220E+03
     16.680  0.1569E+02  0.3223E+03
     16.699  0.1580E+02  0.3226E+03
     16.717  0.1550E+02  0.3229E+03
     16.735  0.1477E+02  0.3231E+03
     16.754  0.1332E+02  0.3234E+03
     16.772  0.1264E+02  0.3236E+03
     16.790  0.1344E+02  0.3239E+03
     16.809  0.1407E+02  0.3241E+03
     16.827  0.1449E+02  0.3244E+03
     16.845  0.1467E+02  0.3247E+03
     16.864  0.1452E+02  0.3249E+03
     16.882  0.1449E+02  0.3252E+03
     16.901  0.1468E+02  0.3255E+03
     16.919  0.1507E+02  0.3257E+03
     16.937  0.1557E+02  0.3260E+03
     16.956  0.1550E+02  0.3263E+03
     16.974  0.1499E+02  0.3266E+03
     16.992  0.1410E+02  0.3268E+03
     17.011  0.1312E+02  0.3271E+03
     17.029  0.1240E+02  0.3273E+03
     17.048  0.1349E+02  0.3276E+03
     17.066  0.1401E+02  0.3278E+03
     17.084  0.1322E+02  0.3281E+03
     17.103  0.1059E+02  0.3283E+03
     17.121  0.8401E+01  0.3285E+03
     17.139  0.8260E+01  0.3286E+03
     17.158  0.9117E+01  0.3288E+03
     17.176  0.1081E+02  0.3290E+03
     17.194  0.1272E+02  0.3292E+03
     17.213  0.1455E+02  0.3294E+03
     17.231  0.1606E+02  0.3297E+03
     17.250  0.1620E+02  0.3300E+03
     17.268  0.1191E+02  0.3303E+03
     17.286  0.1189E+02  0.3305E+03
     17.305  0.1187E+02  0.3307E+03
     17.323  0.1145E+02  0.3309E+03
     17.341  0.1097E+02  0.3311E+03
     17.360  0.1117E+02  0.3313E+03
     17.378  0.1206E+02  0.3315E+03
     17.397  0.1212E+02  0.3318E+03
     17.415  0.1097E+02  0.3320E+03
     17.433  0.1018E+02  0.3322E+03
     17.452  0.9626E+01  0.3323E+03
     17.470  0.9491E+01  0.3325E+03
     17.488  0.9891E+01  0.3327E+03
     17.507  0.1053E+02  0.3329E+03
     17.525  0.1004E+02  0.3331E+03
     17.543  0.9306E+01  0.3333E+03
     17.562  0.8480E+01  0.3334E+03
     17.580  0.7566E+01  0.3336E+03
     17.599  0.6563E+01  0.3337E+03
     17.617  0.5472E+01  0.3338E+03
     17.635  0.4175E+01  0.3339E+03
     17.654  0.2928E+01  0.3340E+03
     17.672  0.4026E+01  0.3340E+03
     17.690  0.8068E+01  0.3341E+03
     17.709  0.1444E+02  0.3343E+03
     17.727  0.2051E+02  0.3346E+03
     17.746  0.2295E+02  0.3351E+03
     17.764  0.1611E+02  0.3354E+03
     17.782  0.1060E+02  0.3357E+03
     17.801  0.6806E+01  0.3358E+03
     17.819  0.3913E+01  0.3359E+03
     17.837  0.1815E+01  0.3360E+03
     17.856  0.5137E+00  0.3360E+03
     17.874  0.7397E-02  0.3360E+03
     17.892  0.0000E+00  0.3360E+03
     17.911  0.0000E+00  0.3360E+03
     17.929  0.0000E+00  0.3360E+03
     17.948  0.0000E+00  0.3360E+03
     17.966  0.0000E+00  0.3360E+03
     17.984  0.0000E+00  0.3360E+03
     18.003  0.0000E+00  0.3360E+03
     18.021  0.0000E+00  0.3360E+03
     18.039  0.0000E+00  0.3360E+03
     18.058  0.0000E+00  0.3360E+03
     18.076  0.0000E+00  0.3360E+03
     18.095  0.0000E+00  0.3360E+03
     18.113  0.0000E+00  0.3360E+03
     18.131  0.0000E+00  0.3360E+03
     18.150  0.0000E+00  0.3360E+03
     18.168  0.0000E+00  0.3360E+03
     18.186  0.0000E+00  0.3360E+03
     18.205  0.0000E+00  0.3360E+03
     18.223  0.0000E+00  0.3360E+03
     18.241  0.0000E+00  0.3360E+03
     18.260  0.0000E+00  0.3360E+03
     18.278  0.0000E+00  0.3360E+03
     18.297  0.0000E+00  0.3360E+03
     18.315  0.0000E+00  0.3360E+03
     18.333  0.0000E+00  0.3360E+03
     18.352  0.0000E+00  0.3360E+03
     18.370  0.0000E+00  0.3360E+03
     18.388  0.0000E+00  0.3360E+03
     18.407  0.0000E+00  0.3360E+03
     18.425  0.0000E+00  0.3360E+03
     18.444  0.0000E+00  0.3360E+03
     18.462  0.0000E+00  0.3360E+03
     18.480  0.0000E+00  0.3360E+03
     18.499  0.0000E+00  0.3360E+03
     18.517  0.0000E+00  0.3360E+03
     18.535  0.0000E+00  0.3360E+03
     18.554  0.0000E+00  0.3360E+03
     18.572  0.0000E+00  0.3360E+03
     18.590  0.0000E+00  0.3360E+03
     18.609  0.0000E+00  0.3360E+03
     18.627  0.0000E+00  0.3360E+03
     18.646  0.0000E+00  0.3360E+03
     18.664  0.0000E+00  0.3360E+03
     18.682  0.0000E+00  0.3360E+03
     18.701  0.0000E+00  0.3360E+03
     18.719  0.0000E+00  0.3360E+03
     18.737  0.0000E+00  0.3360E+03
     18.756  0.0000E+00  0.3360E+03
     18.774  0.0000E+00  0.3360E+03
     18.792  0.0000E+00  0.3360E+03
     18.811  0.0000E+00  0.3360E+03
     18.829  0.0000E+00  0.3360E+03
     18.848  0.0000E+00  0.3360E+03
     18.866  0.0000E+00  0.3360E+03
     18.884  0.0000E+00  0.3360E+03
     18.903  0.0000E+00  0.3360E+03
     18.921  0.0000E+00  0.3360E+03
     18.939  0.0000E+00  0.3360E+03
     18.958  0.0000E+00  0.3360E+03
     18.976  0.0000E+00  0.3360E+03
     18.995  0.0000E+00  0.3360E+03
     19.013  0.0000E+00  0.3360E+03
     19.031  0.0000E+00  0.3360E+03
     19.050  0.0000E+00  0.3360E+03
     19.068  0.0000E+00  0.3360E+03
     19.086  0.0000E+00  0.3360E+03
     19.105  0.0000E+00  0.3360E+03
     19.123  0.0000E+00  0.3360E+03
     19.141  0.0000E+00  0.3360E+03
     19.160  0.0000E+00  0.3360E+03
     19.178  0.0000E+00  0.3360E+03
     19.197  0.0000E+00  0.3360E+03
     19.215  0.0000E+00  0.3360E+03
     19.233  0.0000E+00  0.3360E+03
     19.252  0.0000E+00  0.3360E+03
     19.270  0.0000E+00  0.3360E+03
     19.288  0.0000E+00  0.3360E+03
     19.307  0.0000E+00  0.3360E+03
     19.325  0.0000E+00  0.3360E+03
     19.344  0.0000E+00  0.3360E+03
     19.362  0.0000E+00  0.3360E+03
     19.380  0.0000E+00  0.3360E+03
     19.399  0.0000E+00  0.3360E+03
     19.417  0.0000E+00  0.3360E+03
     19.435  0.0000E+00  0.3360E+03
     19.454  0.0000E+00  0.3360E+03
     19.472  0.0000E+00  0.3360E+03
     19.490  0.0000E+00  0.3360E+03
     19.509  0.0000E+00  0.3360E+03
     19.527  0.0000E+00  0.3360E+03
     19.546  0.0000E+00  0.3360E+03


