 Energy DOS Integrated_DOS
    -23.615  0.0000E+00  0.0000E+00
    -23.594  0.0000E+00  0.0000E+00
    -23.572  0.0000E+00  0.0000E+00
    -23.550  0.0000E+00  0.0000E+00
    -23.528  0.0000E+00  0.0000E+00
    -23.506  0.0000E+00  0.0000E+00
    -23.484  0.0000E+00  0.0000E+00
    -23.463  0.0000E+00  0.0000E+00
    -23.441  0.0000E+00  0.0000E+00
    -23.419  0.0000E+00  0.0000E+00
    -23.397  0.0000E+00  0.0000E+00
    -23.375  0.0000E+00  0.0000E+00
    -23.353  0.0000E+00  0.0000E+00
    -23.332  0.0000E+00  0.0000E+00
    -23.310  0.0000E+00  0.0000E+00
    -23.288  0.0000E+00  0.0000E+00
    -23.266  0.0000E+00  0.0000E+00
    -23.244  0.0000E+00  0.0000E+00
    -23.222  0.0000E+00  0.0000E+00
    -23.201  0.0000E+00  0.0000E+00
    -23.179  0.0000E+00  0.0000E+00
    -23.157  0.0000E+00  0.0000E+00
    -23.135  0.0000E+00  0.0000E+00
    -23.113  0.0000E+00  0.0000E+00
    -23.091  0.0000E+00  0.0000E+00
    -23.070  0.0000E+00  0.0000E+00
    -23.048  0.0000E+00  0.0000E+00
    -23.026  0.0000E+00  0.0000E+00
    -23.004  0.0000E+00  0.0000E+00
    -22.982  0.0000E+00  0.0000E+00
    -22.960  0.0000E+00  0.0000E+00
    -22.938  0.0000E+00  0.0000E+00
    -22.917  0.0000E+00  0.0000E+00
    -22.895  0.0000E+00  0.0000E+00
    -22.873  0.0000E+00  0.0000E+00
    -22.851  0.0000E+00  0.0000E+00
    -22.829  0.0000E+00  0.0000E+00
    -22.807  0.0000E+00  0.0000E+00
    -22.786  0.0000E+00  0.0000E+00
    -22.764  0.0000E+00  0.0000E+00
    -22.742  0.0000E+00  0.0000E+00
    -22.720  0.0000E+00  0.0000E+00
    -22.698  0.0000E+00  0.0000E+00
    -22.676  0.0000E+00  0.0000E+00
    -22.655  0.0000E+00  0.0000E+00
    -22.633  0.0000E+00  0.0000E+00
    -22.611  0.0000E+00  0.0000E+00
    -22.589  0.0000E+00  0.0000E+00
    -22.567  0.0000E+00  0.0000E+00
    -22.545  0.0000E+00  0.0000E+00
    -22.524  0.0000E+00  0.0000E+00
    -22.502  0.0000E+00  0.0000E+00
    -22.480  0.0000E+00  0.0000E+00
    -22.458  0.0000E+00  0.0000E+00
    -22.436  0.0000E+00  0.0000E+00
    -22.414  0.0000E+00  0.0000E+00
    -22.392  0.0000E+00  0.0000E+00
    -22.371  0.0000E+00  0.0000E+00
    -22.349  0.0000E+00  0.0000E+00
    -22.327  0.0000E+00  0.0000E+00
    -22.305  0.0000E+00  0.0000E+00
    -22.283  0.0000E+00  0.0000E+00
    -22.261  0.0000E+00  0.0000E+00
    -22.240  0.0000E+00  0.0000E+00
    -22.218  0.0000E+00  0.0000E+00
    -22.196  0.0000E+00  0.0000E+00
    -22.174  0.0000E+00  0.0000E+00
    -22.152  0.0000E+00  0.0000E+00
    -22.130  0.0000E+00  0.0000E+00
    -22.109  0.0000E+00  0.0000E+00
    -22.087  0.0000E+00  0.0000E+00
    -22.065  0.0000E+00  0.0000E+00
    -22.043  0.0000E+00  0.0000E+00
    -22.021  0.0000E+00  0.0000E+00
    -21.999  0.0000E+00  0.0000E+00
    -21.978  0.0000E+00  0.0000E+00
    -21.956  0.0000E+00  0.0000E+00
    -21.934  0.0000E+00  0.0000E+00
    -21.912  0.0000E+00  0.0000E+00
    -21.890  0.0000E+00  0.0000E+00
    -21.868  0.0000E+00  0.0000E+00
    -21.847  0.0000E+00  0.0000E+00
    -21.825  0.0000E+00  0.0000E+00
    -21.803  0.0000E+00  0.0000E+00
    -21.781  0.0000E+00  0.0000E+00
    -21.759  0.0000E+00  0.0000E+00
    -21.737  0.0000E+00  0.0000E+00
    -21.715  0.0000E+00  0.0000E+00
    -21.694  0.0000E+00  0.0000E+00
    -21.672  0.0000E+00  0.0000E+00
    -21.650  0.0000E+00  0.0000E+00
    -21.628  0.0000E+00  0.2000E+01
    -21.606  0.0000E+00  0.2000E+01
    -21.584  0.0000E+00  0.2000E+01
    -21.563  0.0000E+00  0.2000E+01
    -21.541  0.0000E+00  0.2000E+01
    -21.519  0.0000E+00  0.2000E+01
    -21.497  0.0000E+00  0.2000E+01
    -21.475  0.0000E+00  0.2000E+01
    -21.453  0.0000E+00  0.2000E+01
    -21.432  0.0000E+00  0.2000E+01
    -21.410  0.0000E+00  0.2000E+01
    -21.388  0.0000E+00  0.2000E+01
    -21.366  0.0000E+00  0.2000E+01
    -21.344  0.0000E+00  0.2000E+01
    -21.322  0.0000E+00  0.2000E+01
    -21.301  0.0000E+00  0.2000E+01
    -21.279  0.0000E+00  0.2000E+01
    -21.257  0.0000E+00  0.2000E+01
    -21.235  0.0000E+00  0.2000E+01
    -21.213  0.0000E+00  0.2000E+01
    -21.191  0.0000E+00  0.2000E+01
    -21.170  0.0000E+00  0.2000E+01
    -21.148  0.0000E+00  0.2000E+01
    -21.126  0.0000E+00  0.2000E+01
    -21.104  0.0000E+00  0.2000E+01
    -21.082  0.0000E+00  0.2000E+01
    -21.060  0.0000E+00  0.2000E+01
    -21.038  0.0000E+00  0.2000E+01
    -21.017  0.0000E+00  0.2000E+01
    -20.995  0.0000E+00  0.2000E+01
    -20.973  0.0000E+00  0.2000E+01
    -20.951  0.0000E+00  0.2000E+01
    -20.929  0.0000E+00  0.2000E+01
    -20.907  0.0000E+00  0.2000E+01
    -20.886  0.0000E+00  0.2000E+01
    -20.864  0.0000E+00  0.2000E+01
    -20.842  0.0000E+00  0.2000E+01
    -20.820  0.0000E+00  0.2000E+01
    -20.798  0.0000E+00  0.2000E+01
    -20.776  0.0000E+00  0.2000E+01
    -20.755  0.0000E+00  0.2000E+01
    -20.733  0.0000E+00  0.2000E+01
    -20.711  0.0000E+00  0.2000E+01
    -20.689  0.0000E+00  0.2000E+01
    -20.667  0.0000E+00  0.2000E+01
    -20.645  0.0000E+00  0.2000E+01
    -20.624  0.0000E+00  0.2000E+01
    -20.602  0.0000E+00  0.2000E+01
    -20.580  0.0000E+00  0.2000E+01
    -20.558  0.0000E+00  0.2000E+01
    -20.536  0.0000E+00  0.2000E+01
    -20.514  0.0000E+00  0.2000E+01
    -20.492  0.0000E+00  0.2000E+01
    -20.471  0.0000E+00  0.2000E+01
    -20.449  0.0000E+00  0.2000E+01
    -20.427  0.0000E+00  0.2000E+01
    -20.405  0.0000E+00  0.2000E+01
    -20.383  0.0000E+00  0.2000E+01
    -20.361  0.0000E+00  0.2000E+01
    -20.340  0.0000E+00  0.2000E+01
    -20.318  0.0000E+00  0.2000E+01
    -20.296  0.0000E+00  0.2000E+01
    -20.274  0.0000E+00  0.2000E+01
    -20.252  0.0000E+00  0.2000E+01
    -20.230  0.0000E+00  0.2000E+01
    -20.209  0.0000E+00  0.2000E+01
    -20.187  0.0000E+00  0.2000E+01
    -20.165  0.0000E+00  0.2000E+01
    -20.143  0.0000E+00  0.2000E+01
    -20.121  0.0000E+00  0.2000E+01
    -20.099  0.0000E+00  0.2000E+01
    -20.078  0.0000E+00  0.2000E+01
    -20.056  0.0000E+00  0.2000E+01
    -20.034  0.0000E+00  0.2000E+01
    -20.012  0.0000E+00  0.2000E+01
    -19.990  0.0000E+00  0.2000E+01
    -19.968  0.0000E+00  0.2000E+01
    -19.947  0.0000E+00  0.2000E+01
    -19.925  0.0000E+00  0.2000E+01
    -19.903  0.0000E+00  0.2000E+01
    -19.881  0.0000E+00  0.2000E+01
    -19.859  0.0000E+00  0.2000E+01
    -19.837  0.0000E+00  0.2000E+01
    -19.815  0.0000E+00  0.2000E+01
    -19.794  0.0000E+00  0.2000E+01
    -19.772  0.0000E+00  0.2000E+01
    -19.750  0.0000E+00  0.2000E+01
    -19.728  0.0000E+00  0.2000E+01
    -19.706  0.0000E+00  0.2000E+01
    -19.684  0.0000E+00  0.2000E+01
    -19.663  0.0000E+00  0.2000E+01
    -19.641  0.0000E+00  0.2000E+01
    -19.619  0.0000E+00  0.2000E+01
    -19.597  0.0000E+00  0.2000E+01
    -19.575  0.0000E+00  0.2000E+01
    -19.553  0.0000E+00  0.2000E+01
    -19.532  0.0000E+00  0.2000E+01
    -19.510  0.0000E+00  0.2000E+01
    -19.488  0.0000E+00  0.2000E+01
    -19.466  0.0000E+00  0.2000E+01
    -19.444  0.0000E+00  0.2000E+01
    -19.422  0.0000E+00  0.2000E+01
    -19.401  0.0000E+00  0.2000E+01
    -19.379  0.0000E+00  0.2000E+01
    -19.357  0.0000E+00  0.2000E+01
    -19.335  0.0000E+00  0.2000E+01
    -19.313  0.0000E+00  0.2000E+01
    -19.291  0.0000E+00  0.2000E+01
    -19.270  0.0000E+00  0.2000E+01
    -19.248  0.0000E+00  0.2000E+01
    -19.226  0.0000E+00  0.2000E+01
    -19.204  0.0000E+00  0.2000E+01
    -19.182  0.0000E+00  0.2000E+01
    -19.160  0.0000E+00  0.2000E+01
    -19.138  0.0000E+00  0.2000E+01
    -19.117  0.0000E+00  0.2000E+01
    -19.095  0.0000E+00  0.2000E+01
    -19.073  0.0000E+00  0.2000E+01
    -19.051  0.0000E+00  0.2000E+01
    -19.029  0.0000E+00  0.2000E+01
    -19.007  0.0000E+00  0.2000E+01
    -18.986  0.0000E+00  0.2000E+01
    -18.964  0.0000E+00  0.2000E+01
    -18.942  0.0000E+00  0.2000E+01
    -18.920  0.0000E+00  0.2000E+01
    -18.898  0.0000E+00  0.2000E+01
    -18.876  0.0000E+00  0.2000E+01
    -18.855  0.0000E+00  0.2000E+01
    -18.833  0.0000E+00  0.2000E+01
    -18.811  0.0000E+00  0.2000E+01
    -18.789  0.0000E+00  0.2000E+01
    -18.767  0.0000E+00  0.2000E+01
    -18.745  0.0000E+00  0.2000E+01
    -18.724  0.0000E+00  0.2000E+01
    -18.702  0.0000E+00  0.2000E+01
    -18.680  0.0000E+00  0.2000E+01
    -18.658  0.0000E+00  0.2000E+01
    -18.636  0.0000E+00  0.2000E+01
    -18.614  0.0000E+00  0.2000E+01
    -18.592  0.0000E+00  0.2000E+01
    -18.571  0.0000E+00  0.2000E+01
    -18.549  0.0000E+00  0.2000E+01
    -18.527  0.0000E+00  0.2000E+01
    -18.505  0.0000E+00  0.2000E+01
    -18.483  0.0000E+00  0.2000E+01
    -18.461  0.0000E+00  0.2000E+01
    -18.440  0.0000E+00  0.2000E+01
    -18.418  0.0000E+00  0.2000E+01
    -18.396  0.0000E+00  0.2000E+01
    -18.374  0.0000E+00  0.2000E+01
    -18.352  0.0000E+00  0.2000E+01
    -18.330  0.0000E+00  0.2000E+01
    -18.309  0.0000E+00  0.2000E+01
    -18.287  0.0000E+00  0.2000E+01
    -18.265  0.0000E+00  0.2000E+01
    -18.243  0.0000E+00  0.2000E+01
    -18.221  0.0000E+00  0.2000E+01
    -18.199  0.0000E+00  0.2000E+01
    -18.178  0.0000E+00  0.2000E+01
    -18.156  0.0000E+00  0.2000E+01
    -18.134  0.0000E+00  0.2000E+01
    -18.112  0.0000E+00  0.2000E+01
    -18.090  0.0000E+00  0.2000E+01
    -18.068  0.0000E+00  0.2000E+01
    -18.047  0.0000E+00  0.2000E+01
    -18.025  0.0000E+00  0.2000E+01
    -18.003  0.0000E+00  0.2000E+01
    -17.981  0.0000E+00  0.2000E+01
    -17.959  0.0000E+00  0.2000E+01
    -17.937  0.0000E+00  0.2000E+01
    -17.915  0.0000E+00  0.2000E+01
    -17.894  0.0000E+00  0.2000E+01
    -17.872  0.0000E+00  0.2000E+01
    -17.850  0.0000E+00  0.2000E+01
    -17.828  0.0000E+00  0.2000E+01
    -17.806  0.0000E+00  0.2000E+01
    -17.784  0.0000E+00  0.2000E+01
    -17.763  0.0000E+00  0.2000E+01
    -17.741  0.0000E+00  0.2000E+01
    -17.719  0.0000E+00  0.2000E+01
    -17.697  0.0000E+00  0.2000E+01
    -17.675  0.0000E+00  0.2000E+01
    -17.653  0.0000E+00  0.2000E+01
    -17.632  0.0000E+00  0.2000E+01
    -17.610  0.0000E+00  0.2000E+01
    -17.588  0.0000E+00  0.2000E+01
    -17.566  0.0000E+00  0.2000E+01
    -17.544  0.0000E+00  0.2000E+01
    -17.522  0.0000E+00  0.2000E+01
    -17.501  0.0000E+00  0.2000E+01
    -17.479  0.0000E+00  0.2000E+01
    -17.457  0.0000E+00  0.2000E+01
    -17.435  0.0000E+00  0.2000E+01
    -17.413  0.0000E+00  0.2000E+01
    -17.391  0.0000E+00  0.2000E+01
    -17.370  0.0000E+00  0.2000E+01
    -17.348  0.0000E+00  0.2000E+01
    -17.326  0.0000E+00  0.2000E+01
    -17.304  0.0000E+00  0.2000E+01
    -17.282  0.0000E+00  0.2000E+01
    -17.260  0.0000E+00  0.2000E+01
    -17.238  0.0000E+00  0.2000E+01
    -17.217  0.0000E+00  0.2000E+01
    -17.195  0.0000E+00  0.2000E+01
    -17.173  0.0000E+00  0.2000E+01
    -17.151  0.0000E+00  0.2000E+01
    -17.129  0.0000E+00  0.2000E+01
    -17.107  0.0000E+00  0.2000E+01
    -17.086  0.0000E+00  0.2000E+01
    -17.064  0.0000E+00  0.2000E+01
    -17.042  0.0000E+00  0.2000E+01
    -17.020  0.0000E+00  0.4000E+01
    -16.998  0.0000E+00  0.4000E+01
    -16.976  0.0000E+00  0.4000E+01
    -16.955  0.0000E+00  0.4000E+01
    -16.933  0.0000E+00  0.4000E+01
    -16.911  0.0000E+00  0.4000E+01
    -16.889  0.0000E+00  0.4000E+01
    -16.867  0.0000E+00  0.4000E+01
    -16.845  0.0000E+00  0.4000E+01
    -16.824  0.0000E+00  0.4000E+01
    -16.802  0.0000E+00  0.4000E+01
    -16.780  0.0000E+00  0.4000E+01
    -16.758  0.0000E+00  0.4000E+01
    -16.736  0.0000E+00  0.4000E+01
    -16.714  0.0000E+00  0.4000E+01
    -16.692  0.0000E+00  0.4000E+01
    -16.671  0.0000E+00  0.4000E+01
    -16.649  0.0000E+00  0.4000E+01
    -16.627  0.0000E+00  0.4000E+01
    -16.605  0.0000E+00  0.4000E+01
    -16.583  0.0000E+00  0.4000E+01
    -16.561  0.0000E+00  0.4000E+01
    -16.540  0.0000E+00  0.4000E+01
    -16.518  0.0000E+00  0.4000E+01
    -16.496  0.0000E+00  0.4000E+01
    -16.474  0.0000E+00  0.4000E+01
    -16.452  0.0000E+00  0.4000E+01
    -16.430  0.0000E+00  0.4000E+01
    -16.409  0.0000E+00  0.4000E+01
    -16.387  0.0000E+00  0.4000E+01
    -16.365  0.0000E+00  0.4000E+01
    -16.343  0.0000E+00  0.4000E+01
    -16.321  0.0000E+00  0.4000E+01
    -16.299  0.0000E+00  0.4000E+01
    -16.278  0.0000E+00  0.4000E+01
    -16.256  0.0000E+00  0.4000E+01
    -16.234  0.0000E+00  0.4000E+01
    -16.212  0.0000E+00  0.4000E+01
    -16.190  0.0000E+00  0.4000E+01
    -16.168  0.0000E+00  0.4000E+01
    -16.147  0.0000E+00  0.4000E+01
    -16.125  0.0000E+00  0.4000E+01
    -16.103  0.0000E+00  0.4000E+01
    -16.081  0.0000E+00  0.4000E+01
    -16.059  0.0000E+00  0.4000E+01
    -16.037  0.0000E+00  0.4000E+01
    -16.015  0.0000E+00  0.4000E+01
    -15.994  0.0000E+00  0.4000E+01
    -15.972  0.0000E+00  0.4000E+01
    -15.950  0.0000E+00  0.4000E+01
    -15.928  0.0000E+00  0.4000E+01
    -15.906  0.0000E+00  0.4000E+01
    -15.884  0.0000E+00  0.4000E+01
    -15.863  0.0000E+00  0.4000E+01
    -15.841  0.0000E+00  0.4000E+01
    -15.819  0.0000E+00  0.4000E+01
    -15.797  0.0000E+00  0.4000E+01
    -15.775  0.0000E+00  0.4000E+01
    -15.753  0.0000E+00  0.4000E+01
    -15.732  0.0000E+00  0.4000E+01
    -15.710  0.0000E+00  0.4000E+01
    -15.688  0.0000E+00  0.4000E+01
    -15.666  0.0000E+00  0.4000E+01
    -15.644  0.0000E+00  0.4000E+01
    -15.622  0.0000E+00  0.4000E+01
    -15.601  0.0000E+00  0.4000E+01
    -15.579  0.0000E+00  0.4000E+01
    -15.557  0.0000E+00  0.4000E+01
    -15.535  0.0000E+00  0.4000E+01
    -15.513  0.0000E+00  0.4000E+01
    -15.491  0.0000E+00  0.4000E+01
    -15.470  0.0000E+00  0.4000E+01
    -15.448  0.0000E+00  0.4000E+01
    -15.426  0.0000E+00  0.4000E+01
    -15.404  0.0000E+00  0.4000E+01
    -15.382  0.0000E+00  0.4000E+01
    -15.360  0.0000E+00  0.4000E+01
    -15.338  0.0000E+00  0.4000E+01
    -15.317  0.0000E+00  0.4000E+01
    -15.295  0.0000E+00  0.4000E+01
    -15.273  0.0000E+00  0.4000E+01
    -15.251  0.0000E+00  0.4000E+01
    -15.229  0.0000E+00  0.4000E+01
    -15.207  0.0000E+00  0.4000E+01
    -15.186  0.6359E-01  0.4000E+01
    -15.164  0.4022E+00  0.4005E+01
    -15.142  0.1033E+01  0.4020E+01
    -15.120  0.1955E+01  0.4052E+01
    -15.098  0.3169E+01  0.4108E+01
    -15.076  0.4676E+01  0.4193E+01
    -15.055  0.6463E+01  0.4314E+01
    -15.033  0.8146E+01  0.4474E+01
    -15.011  0.9570E+01  0.4668E+01
    -14.989  0.1056E+02  0.4889E+01
    -14.967  0.1089E+02  0.5124E+01
    -14.945  0.1108E+02  0.5364E+01
    -14.924  0.1126E+02  0.5608E+01
    -14.902  0.1140E+02  0.5856E+01
    -14.880  0.1142E+02  0.6105E+01
    -14.858  0.1605E+02  0.6413E+01
    -14.836  0.1374E+02  0.6747E+01
    -14.814  0.1097E+02  0.7015E+01
    -14.792  0.9124E+01  0.7233E+01
    -14.771  0.7583E+01  0.7415E+01
    -14.749  0.6589E+01  0.7567E+01
    -14.727  0.7609E+01  0.7722E+01
    -14.705  0.8474E+01  0.7898E+01
    -14.683  0.9177E+01  0.8091E+01
    -14.661  0.9712E+01  0.8298E+01
    -14.640  0.1007E+02  0.8514E+01
    -14.618  0.1417E+02  0.8777E+01
    -14.596  0.1681E+02  0.9117E+01
    -14.574  0.1870E+02  0.9506E+01
    -14.552  0.1987E+02  0.9929E+01
    -14.530  0.2056E+02  0.1037E+02
    -14.509  0.2077E+02  0.1082E+02
    -14.487  0.2004E+02  0.1127E+02
    -14.465  0.1833E+02  0.1169E+02
    -14.443  0.1755E+02  0.1208E+02
    -14.421  0.1713E+02  0.1246E+02
    -14.399  0.1724E+02  0.1283E+02
    -14.378  0.2076E+02  0.1324E+02
    -14.356  0.2673E+02  0.1375E+02
    -14.334  0.6356E+02  0.1483E+02
    -14.312  0.1732E+02  0.1518E+02
    -14.290  0.2201E+02  0.1561E+02
    -14.268  0.2866E+02  0.1617E+02
    -14.247  0.3939E+02  0.1687E+02
    -14.225  0.3650E+02  0.1777E+02
    -14.203  0.5050E+02  0.1868E+02
    -14.181  0.5603E+02  0.2002E+02
    -14.159  0.2542E+02  0.2088E+02
    -14.137  0.1533E+02  0.2132E+02
    -14.115  0.1397E+02  0.2161E+02
    -14.094  0.2464E+02  0.2202E+02
    -14.072  0.3846E+02  0.2270E+02
    -14.050  0.2741E+02  0.2344E+02
    -14.028  0.4771E+02  0.2453E+02
    -14.006  0.4479E+02  0.2537E+02
    -13.984  0.5214E+02  0.2644E+02
    -13.963  0.3711E+02  0.2732E+02
    -13.941  0.5077E+02  0.2843E+02
    -13.919  0.4853E+02  0.2948E+02
    -13.897  0.5990E+02  0.3064E+02
    -13.875  0.7218E+02  0.3206E+02
    -13.853  0.8426E+02  0.3378E+02
    -13.832  0.9697E+02  0.3574E+02
    -13.810  0.7284E+02  0.3770E+02
    -13.788  0.5790E+02  0.3904E+02
    -13.766  0.7257E+02  0.4050E+02
    -13.744  0.5724E+02  0.4201E+02
    -13.722  0.7150E+02  0.4427E+02
    -13.701  0.6717E+02  0.4569E+02
    -13.679  0.7525E+02  0.4697E+02
    -13.657  0.1058E+03  0.4914E+02
    -13.635  0.5633E+02  0.5107E+02
    -13.613  0.3344E+02  0.5194E+02
    -13.591  0.9383E+02  0.5339E+02
    -13.570  0.1513E+01  0.5400E+02
    -13.548  0.1798E+02  0.5420E+02
    -13.526  0.3909E+02  0.5482E+02
    -13.504  0.3052E+02  0.5568E+02
    -13.482  0.3448E-01  0.5600E+02
    -13.460  0.0000E+00  0.5600E+02
    -13.438  0.0000E+00  0.5600E+02
    -13.417  0.0000E+00  0.5600E+02
    -13.395  0.8752E+02  0.5627E+02
    -13.373  0.0000E+00  0.5800E+02
    -13.351  0.0000E+00  0.5800E+02
    -13.329  0.0000E+00  0.5800E+02
    -13.307  0.3991E+02  0.5820E+02
    -13.286  0.3703E+02  0.5988E+02
    -13.264  0.0000E+00  0.6000E+02
    -13.242  0.0000E+00  0.6000E+02
    -13.220  0.1075E+03  0.6139E+02
    -13.198  0.0000E+00  0.6200E+02
    -13.176  0.1769E-01  0.6200E+02
    -13.155  0.6983E+02  0.6263E+02
    -13.133  0.2326E+02  0.6392E+02
    -13.111  0.0000E+00  0.6400E+02
    -13.089  0.0000E+00  0.6400E+02
    -13.067  0.0000E+00  0.6400E+02
    -13.045  0.0000E+00  0.6400E+02
    -13.024  0.0000E+00  0.6400E+02
    -13.002  0.0000E+00  0.6400E+02
    -12.980  0.0000E+00  0.6400E+02
    -12.958  0.0000E+00  0.6400E+02
    -12.936  0.0000E+00  0.6400E+02
    -12.914  0.0000E+00  0.6400E+02
    -12.892  0.0000E+00  0.6400E+02
    -12.871  0.0000E+00  0.6400E+02
    -12.849  0.0000E+00  0.6400E+02
    -12.827  0.0000E+00  0.6400E+02
    -12.805  0.0000E+00  0.6400E+02
    -12.783  0.0000E+00  0.6400E+02
    -12.761  0.0000E+00  0.6400E+02
    -12.740  0.0000E+00  0.6400E+02
    -12.718  0.0000E+00  0.6400E+02
    -12.696  0.0000E+00  0.6400E+02
    -12.674  0.0000E+00  0.6400E+02
    -12.652  0.0000E+00  0.6400E+02
    -12.630  0.0000E+00  0.6400E+02
    -12.609  0.0000E+00  0.6400E+02
    -12.587  0.0000E+00  0.6400E+02
    -12.565  0.0000E+00  0.6400E+02
    -12.543  0.0000E+00  0.6400E+02
    -12.521  0.0000E+00  0.6400E+02
    -12.499  0.0000E+00  0.6400E+02
    -12.478  0.0000E+00  0.6400E+02
    -12.456  0.0000E+00  0.6400E+02
    -12.434  0.0000E+00  0.6400E+02
    -12.412  0.0000E+00  0.6400E+02
    -12.390  0.0000E+00  0.6400E+02
    -12.368  0.0000E+00  0.6400E+02
    -12.347  0.0000E+00  0.6400E+02
    -12.325  0.0000E+00  0.6400E+02
    -12.303  0.0000E+00  0.6400E+02
    -12.281  0.0000E+00  0.6400E+02
    -12.259  0.0000E+00  0.6400E+02
    -12.237  0.0000E+00  0.6400E+02
    -12.215  0.0000E+00  0.6400E+02
    -12.194  0.0000E+00  0.6400E+02
    -12.172  0.0000E+00  0.6400E+02
    -12.150  0.0000E+00  0.6400E+02
    -12.128  0.0000E+00  0.6400E+02
    -12.106  0.0000E+00  0.6400E+02
    -12.084  0.0000E+00  0.6400E+02
    -12.063  0.0000E+00  0.6400E+02
    -12.041  0.0000E+00  0.6400E+02
    -12.019  0.0000E+00  0.6400E+02
    -11.997  0.0000E+00  0.6400E+02
    -11.975  0.0000E+00  0.6400E+02
    -11.953  0.0000E+00  0.6400E+02
    -11.932  0.0000E+00  0.6400E+02
    -11.910  0.0000E+00  0.6600E+02
    -11.888  0.0000E+00  0.6600E+02
    -11.866  0.0000E+00  0.6600E+02
    -11.844  0.0000E+00  0.6600E+02
    -11.822  0.0000E+00  0.6600E+02
    -11.801  0.0000E+00  0.6600E+02
    -11.779  0.0000E+00  0.6600E+02
    -11.757  0.0000E+00  0.6600E+02
    -11.735  0.0000E+00  0.6600E+02
    -11.713  0.0000E+00  0.6600E+02
    -11.691  0.0000E+00  0.6600E+02
    -11.670  0.0000E+00  0.6600E+02
    -11.648  0.0000E+00  0.6600E+02
    -11.626  0.0000E+00  0.6600E+02
    -11.604  0.0000E+00  0.6600E+02
    -11.582  0.0000E+00  0.6600E+02
    -11.560  0.0000E+00  0.6600E+02
    -11.538  0.0000E+00  0.6600E+02
    -11.517  0.0000E+00  0.6600E+02
    -11.495  0.0000E+00  0.6600E+02
    -11.473  0.0000E+00  0.6600E+02
    -11.451  0.0000E+00  0.6600E+02
    -11.429  0.0000E+00  0.6600E+02
    -11.407  0.0000E+00  0.6600E+02
    -11.386  0.0000E+00  0.6600E+02
    -11.364  0.0000E+00  0.6600E+02
    -11.342  0.0000E+00  0.6600E+02
    -11.320  0.0000E+00  0.6600E+02
    -11.298  0.0000E+00  0.6600E+02
    -11.276  0.0000E+00  0.6600E+02
    -11.255  0.0000E+00  0.6600E+02
    -11.233  0.0000E+00  0.6600E+02
    -11.211  0.0000E+00  0.6600E+02
    -11.189  0.0000E+00  0.6600E+02
    -11.167  0.0000E+00  0.6600E+02
    -11.145  0.0000E+00  0.6600E+02
    -11.124  0.0000E+00  0.6600E+02
    -11.102  0.0000E+00  0.6600E+02
    -11.080  0.0000E+00  0.6600E+02
    -11.058  0.0000E+00  0.6600E+02
    -11.036  0.0000E+00  0.6600E+02
    -11.014  0.0000E+00  0.6600E+02
    -10.992  0.0000E+00  0.6600E+02
    -10.971  0.0000E+00  0.6600E+02
    -10.949  0.0000E+00  0.6600E+02
    -10.927  0.0000E+00  0.6600E+02
    -10.905  0.0000E+00  0.6600E+02
    -10.883  0.0000E+00  0.6600E+02
    -10.861  0.0000E+00  0.6600E+02
    -10.840  0.0000E+00  0.6600E+02
    -10.818  0.0000E+00  0.6600E+02
    -10.796  0.0000E+00  0.6600E+02
    -10.774  0.0000E+00  0.6600E+02
    -10.752  0.0000E+00  0.6600E+02
    -10.730  0.0000E+00  0.6600E+02
    -10.709  0.0000E+00  0.6600E+02
    -10.687  0.0000E+00  0.6600E+02
    -10.665  0.0000E+00  0.6600E+02
    -10.643  0.0000E+00  0.6600E+02
    -10.621  0.0000E+00  0.6600E+02
    -10.599  0.0000E+00  0.6600E+02
    -10.578  0.0000E+00  0.6600E+02
    -10.556  0.0000E+00  0.6600E+02
    -10.534  0.0000E+00  0.6600E+02
    -10.512  0.0000E+00  0.6600E+02
    -10.490  0.0000E+00  0.6600E+02
    -10.468  0.0000E+00  0.6600E+02
    -10.447  0.0000E+00  0.6600E+02
    -10.425  0.0000E+00  0.6600E+02
    -10.403  0.0000E+00  0.6600E+02
    -10.381  0.0000E+00  0.6600E+02
    -10.359  0.0000E+00  0.6600E+02
    -10.337  0.0000E+00  0.6600E+02
    -10.315  0.0000E+00  0.6600E+02
    -10.294  0.0000E+00  0.6600E+02
    -10.272  0.0000E+00  0.6600E+02
    -10.250  0.0000E+00  0.6600E+02
    -10.228  0.0000E+00  0.6600E+02
    -10.206  0.0000E+00  0.6600E+02
    -10.184  0.0000E+00  0.6600E+02
    -10.163  0.0000E+00  0.6600E+02
    -10.141  0.0000E+00  0.6600E+02
    -10.119  0.0000E+00  0.6600E+02
    -10.097  0.0000E+00  0.6600E+02
    -10.075  0.0000E+00  0.6600E+02
    -10.053  0.0000E+00  0.6600E+02
    -10.032  0.0000E+00  0.6600E+02
    -10.010  0.0000E+00  0.6600E+02
     -9.988  0.0000E+00  0.6600E+02
     -9.966  0.0000E+00  0.6600E+02
     -9.944  0.0000E+00  0.6600E+02
     -9.922  0.0000E+00  0.6600E+02
     -9.901  0.0000E+00  0.6600E+02
     -9.879  0.0000E+00  0.6600E+02
     -9.857  0.0000E+00  0.6600E+02
     -9.835  0.0000E+00  0.6600E+02
     -9.813  0.0000E+00  0.6600E+02
     -9.791  0.0000E+00  0.6600E+02
     -9.770  0.0000E+00  0.6600E+02
     -9.748  0.0000E+00  0.6600E+02
     -9.726  0.0000E+00  0.6600E+02
     -9.704  0.0000E+00  0.6600E+02
     -9.682  0.0000E+00  0.6600E+02
     -9.660  0.0000E+00  0.6600E+02
     -9.638  0.0000E+00  0.6600E+02
     -9.617  0.0000E+00  0.6600E+02
     -9.595  0.0000E+00  0.6600E+02
     -9.573  0.0000E+00  0.6600E+02
     -9.551  0.0000E+00  0.6600E+02
     -9.529  0.0000E+00  0.6600E+02
     -9.507  0.0000E+00  0.6600E+02
     -9.486  0.0000E+00  0.6600E+02
     -9.464  0.0000E+00  0.6600E+02
     -9.442  0.0000E+00  0.6600E+02
     -9.420  0.0000E+00  0.6600E+02
     -9.398  0.0000E+00  0.6600E+02
     -9.376  0.0000E+00  0.6600E+02
     -9.355  0.0000E+00  0.6600E+02
     -9.333  0.0000E+00  0.6600E+02
     -9.311  0.0000E+00  0.6600E+02
     -9.289  0.0000E+00  0.6600E+02
     -9.267  0.0000E+00  0.6600E+02
     -9.245  0.0000E+00  0.6600E+02
     -9.224  0.0000E+00  0.6600E+02
     -9.202  0.0000E+00  0.6600E+02
     -9.180  0.0000E+00  0.6600E+02
     -9.158  0.0000E+00  0.6600E+02
     -9.136  0.0000E+00  0.6600E+02
     -9.114  0.0000E+00  0.6600E+02
     -9.092  0.0000E+00  0.6600E+02
     -9.071  0.0000E+00  0.6600E+02
     -9.049  0.0000E+00  0.6600E+02
     -9.027  0.0000E+00  0.6600E+02
     -9.005  0.0000E+00  0.6600E+02
     -8.983  0.0000E+00  0.6600E+02
     -8.961  0.0000E+00  0.6600E+02
     -8.940  0.0000E+00  0.6600E+02
     -8.918  0.0000E+00  0.6600E+02
     -8.896  0.0000E+00  0.6600E+02
     -8.874  0.0000E+00  0.6600E+02
     -8.852  0.0000E+00  0.6600E+02
     -8.830  0.0000E+00  0.6600E+02
     -8.809  0.0000E+00  0.6600E+02
     -8.787  0.0000E+00  0.6600E+02
     -8.765  0.0000E+00  0.6600E+02
     -8.743  0.0000E+00  0.6600E+02
     -8.721  0.0000E+00  0.6600E+02
     -8.699  0.0000E+00  0.6600E+02
     -8.678  0.0000E+00  0.6600E+02
     -8.656  0.0000E+00  0.6600E+02
     -8.634  0.0000E+00  0.6600E+02
     -8.612  0.0000E+00  0.6600E+02
     -8.590  0.0000E+00  0.6600E+02
     -8.568  0.0000E+00  0.6600E+02
     -8.547  0.0000E+00  0.6600E+02
     -8.525  0.0000E+00  0.6600E+02
     -8.503  0.0000E+00  0.6600E+02
     -8.481  0.0000E+00  0.6600E+02
     -8.459  0.0000E+00  0.6600E+02
     -8.437  0.0000E+00  0.6600E+02
     -8.415  0.0000E+00  0.6600E+02
     -8.394  0.0000E+00  0.6600E+02
     -8.372  0.0000E+00  0.6600E+02
     -8.350  0.0000E+00  0.6600E+02
     -8.328  0.0000E+00  0.6600E+02
     -8.306  0.0000E+00  0.6600E+02
     -8.284  0.0000E+00  0.6600E+02
     -8.263  0.0000E+00  0.6600E+02
     -8.241  0.0000E+00  0.6600E+02
     -8.219  0.0000E+00  0.6600E+02
     -8.197  0.0000E+00  0.6600E+02
     -8.175  0.0000E+00  0.6600E+02
     -8.153  0.0000E+00  0.6600E+02
     -8.132  0.0000E+00  0.6600E+02
     -8.110  0.0000E+00  0.6600E+02
     -8.088  0.0000E+00  0.6600E+02
     -8.066  0.0000E+00  0.6600E+02
     -8.044  0.0000E+00  0.6600E+02
     -8.022  0.0000E+00  0.6600E+02
     -8.001  0.0000E+00  0.6600E+02
     -7.979  0.0000E+00  0.6600E+02
     -7.957  0.0000E+00  0.6600E+02
     -7.935  0.0000E+00  0.6600E+02
     -7.913  0.0000E+00  0.6600E+02
     -7.891  0.0000E+00  0.6600E+02
     -7.870  0.0000E+00  0.6600E+02
     -7.848  0.0000E+00  0.6600E+02
     -7.826  0.0000E+00  0.6600E+02
     -7.804  0.0000E+00  0.6600E+02
     -7.782  0.0000E+00  0.6600E+02
     -7.760  0.0000E+00  0.6600E+02
     -7.738  0.0000E+00  0.6600E+02
     -7.717  0.0000E+00  0.6600E+02
     -7.695  0.0000E+00  0.6600E+02
     -7.673  0.0000E+00  0.6600E+02
     -7.651  0.0000E+00  0.6600E+02
     -7.629  0.0000E+00  0.6600E+02
     -7.607  0.0000E+00  0.6600E+02
     -7.586  0.0000E+00  0.6600E+02
     -7.564  0.0000E+00  0.6600E+02
     -7.542  0.0000E+00  0.6600E+02
     -7.520  0.0000E+00  0.6600E+02
     -7.498  0.0000E+00  0.6600E+02
     -7.476  0.0000E+00  0.6600E+02
     -7.455  0.0000E+00  0.6600E+02
     -7.433  0.0000E+00  0.6600E+02
     -7.411  0.0000E+00  0.6600E+02
     -7.389  0.0000E+00  0.6600E+02
     -7.367  0.0000E+00  0.6600E+02
     -7.345  0.0000E+00  0.6600E+02
     -7.324  0.0000E+00  0.6600E+02
     -7.302  0.0000E+00  0.6600E+02
     -7.280  0.0000E+00  0.6600E+02
     -7.258  0.0000E+00  0.6600E+02
     -7.236  0.0000E+00  0.6600E+02
     -7.214  0.0000E+00  0.6600E+02
     -7.192  0.0000E+00  0.6600E+02
     -7.171  0.0000E+00  0.6600E+02
     -7.149  0.0000E+00  0.6600E+02
     -7.127  0.0000E+00  0.6600E+02
     -7.105  0.0000E+00  0.6600E+02
     -7.083  0.0000E+00  0.6600E+02
     -7.061  0.0000E+00  0.6600E+02
     -7.040  0.0000E+00  0.6600E+02
     -7.018  0.0000E+00  0.6600E+02
     -6.996  0.0000E+00  0.6600E+02
     -6.974  0.0000E+00  0.6600E+02
     -6.952  0.0000E+00  0.6600E+02
     -6.930  0.0000E+00  0.6600E+02
     -6.909  0.0000E+00  0.6600E+02
     -6.887  0.0000E+00  0.6600E+02
     -6.865  0.0000E+00  0.6600E+02
     -6.843  0.0000E+00  0.6600E+02
     -6.821  0.0000E+00  0.6600E+02
     -6.799  0.0000E+00  0.6600E+02
     -6.778  0.0000E+00  0.6600E+02
     -6.756  0.0000E+00  0.6600E+02
     -6.734  0.0000E+00  0.6600E+02
     -6.712  0.0000E+00  0.6600E+02
     -6.690  0.0000E+00  0.6600E+02
     -6.668  0.0000E+00  0.6600E+02
     -6.647  0.0000E+00  0.6600E+02
     -6.625  0.0000E+00  0.6600E+02
     -6.603  0.0000E+00  0.6600E+02
     -6.581  0.0000E+00  0.6600E+02
     -6.559  0.0000E+00  0.6600E+02
     -6.537  0.0000E+00  0.6600E+02
     -6.515  0.0000E+00  0.6600E+02
     -6.494  0.0000E+00  0.6600E+02
     -6.472  0.0000E+00  0.6600E+02
     -6.450  0.0000E+00  0.6600E+02
     -6.428  0.0000E+00  0.6600E+02
     -6.406  0.0000E+00  0.6600E+02
     -6.384  0.0000E+00  0.6600E+02
     -6.363  0.0000E+00  0.6600E+02
     -6.341  0.0000E+00  0.6600E+02
     -6.319  0.0000E+00  0.6600E+02
     -6.297  0.0000E+00  0.6600E+02
     -6.275  0.0000E+00  0.6600E+02
     -6.253  0.0000E+00  0.6600E+02
     -6.232  0.0000E+00  0.6600E+02
     -6.210  0.0000E+00  0.6600E+02
     -6.188  0.0000E+00  0.6600E+02
     -6.166  0.0000E+00  0.6600E+02
     -6.144  0.0000E+00  0.6600E+02
     -6.122  0.0000E+00  0.6600E+02
     -6.101  0.0000E+00  0.6600E+02
     -6.079  0.0000E+00  0.6600E+02
     -6.057  0.0000E+00  0.6600E+02
     -6.035  0.0000E+00  0.6600E+02
     -6.013  0.0000E+00  0.6600E+02
     -5.991  0.0000E+00  0.6600E+02
     -5.970  0.0000E+00  0.6600E+02
     -5.948  0.0000E+00  0.6600E+02
     -5.926  0.0000E+00  0.6600E+02
     -5.904  0.0000E+00  0.6600E+02
     -5.882  0.0000E+00  0.6600E+02
     -5.860  0.0000E+00  0.6600E+02
     -5.838  0.0000E+00  0.6600E+02
     -5.817  0.0000E+00  0.6600E+02
     -5.795  0.0000E+00  0.6600E+02
     -5.773  0.0000E+00  0.6600E+02
     -5.751  0.0000E+00  0.6600E+02
     -5.729  0.0000E+00  0.6600E+02
     -5.707  0.0000E+00  0.6600E+02
     -5.686  0.0000E+00  0.6600E+02
     -5.664  0.0000E+00  0.6600E+02
     -5.642  0.0000E+00  0.6600E+02
     -5.620  0.0000E+00  0.6600E+02
     -5.598  0.0000E+00  0.6600E+02
     -5.576  0.0000E+00  0.6600E+02
     -5.555  0.0000E+00  0.6600E+02
     -5.533  0.0000E+00  0.6600E+02
     -5.511  0.0000E+00  0.6600E+02
     -5.489  0.0000E+00  0.6600E+02
     -5.467  0.0000E+00  0.6600E+02
     -5.445  0.0000E+00  0.6600E+02
     -5.424  0.0000E+00  0.6600E+02
     -5.402  0.0000E+00  0.6600E+02
     -5.380  0.0000E+00  0.6600E+02
     -5.358  0.0000E+00  0.6600E+02
     -5.336  0.0000E+00  0.6600E+02
     -5.314  0.0000E+00  0.6600E+02
     -5.292  0.0000E+00  0.6600E+02
     -5.271  0.0000E+00  0.6600E+02
     -5.249  0.0000E+00  0.6600E+02
     -5.227  0.0000E+00  0.6600E+02
     -5.205  0.0000E+00  0.6600E+02
     -5.183  0.0000E+00  0.6600E+02
     -5.161  0.0000E+00  0.6600E+02
     -5.140  0.0000E+00  0.6600E+02
     -5.118  0.0000E+00  0.6600E+02
     -5.096  0.0000E+00  0.6600E+02
     -5.074  0.0000E+00  0.6600E+02
     -5.052  0.0000E+00  0.6600E+02
     -5.030  0.0000E+00  0.6600E+02
     -5.009  0.0000E+00  0.6600E+02
     -4.987  0.0000E+00  0.6600E+02
     -4.965  0.0000E+00  0.6600E+02
     -4.943  0.0000E+00  0.6600E+02
     -4.921  0.0000E+00  0.6600E+02
     -4.899  0.0000E+00  0.6600E+02
     -4.878  0.0000E+00  0.6600E+02
     -4.856  0.0000E+00  0.6600E+02
     -4.834  0.0000E+00  0.6600E+02
     -4.812  0.0000E+00  0.6600E+02
     -4.790  0.0000E+00  0.6600E+02
     -4.768  0.0000E+00  0.6600E+02
     -4.747  0.0000E+00  0.6600E+02
     -4.725  0.0000E+00  0.6600E+02
     -4.703  0.0000E+00  0.6600E+02
     -4.681  0.0000E+00  0.6600E+02
     -4.659  0.0000E+00  0.6600E+02
     -4.637  0.0000E+00  0.6600E+02
     -4.615  0.0000E+00  0.6600E+02
     -4.594  0.0000E+00  0.6600E+02
     -4.572  0.0000E+00  0.6600E+02
     -4.550  0.0000E+00  0.6600E+02
     -4.528  0.0000E+00  0.6600E+02
     -4.506  0.0000E+00  0.6600E+02
     -4.484  0.0000E+00  0.6600E+02
     -4.463  0.0000E+00  0.6600E+02
     -4.441  0.0000E+00  0.6600E+02
     -4.419  0.0000E+00  0.6600E+02
     -4.397  0.0000E+00  0.6600E+02
     -4.375  0.0000E+00  0.6600E+02
     -4.353  0.0000E+00  0.6600E+02
     -4.332  0.0000E+00  0.6600E+02
     -4.310  0.0000E+00  0.6600E+02
     -4.288  0.0000E+00  0.6600E+02
     -4.266  0.0000E+00  0.6600E+02
     -4.244  0.0000E+00  0.6600E+02
     -4.222  0.0000E+00  0.6600E+02
     -4.201  0.0000E+00  0.6600E+02
     -4.179  0.0000E+00  0.6600E+02
     -4.157  0.6647E+02  0.6796E+02
     -4.135  0.0000E+00  0.6800E+02
     -4.113  0.0000E+00  0.6800E+02
     -4.091  0.0000E+00  0.6800E+02
     -4.070  0.0000E+00  0.6800E+02
     -4.048  0.0000E+00  0.6800E+02
     -4.026  0.0000E+00  0.6800E+02
     -4.004  0.0000E+00  0.6800E+02
     -3.982  0.0000E+00  0.6800E+02
     -3.960  0.0000E+00  0.6800E+02
     -3.938  0.0000E+00  0.6800E+02
     -3.917  0.0000E+00  0.6800E+02
     -3.895  0.0000E+00  0.6800E+02
     -3.873  0.0000E+00  0.6800E+02
     -3.851  0.0000E+00  0.6800E+02
     -3.829  0.0000E+00  0.6800E+02
     -3.807  0.0000E+00  0.6800E+02
     -3.786  0.0000E+00  0.6800E+02
     -3.764  0.0000E+00  0.6800E+02
     -3.742  0.0000E+00  0.6800E+02
     -3.720  0.0000E+00  0.6800E+02
     -3.698  0.0000E+00  0.6800E+02
     -3.676  0.0000E+00  0.6800E+02
     -3.655  0.0000E+00  0.6800E+02
     -3.633  0.0000E+00  0.6800E+02
     -3.611  0.0000E+00  0.6800E+02
     -3.589  0.0000E+00  0.6800E+02
     -3.567  0.0000E+00  0.6800E+02
     -3.545  0.0000E+00  0.6800E+02
     -3.524  0.0000E+00  0.6800E+02
     -3.502  0.0000E+00  0.6800E+02
     -3.480  0.0000E+00  0.6800E+02
     -3.458  0.0000E+00  0.6800E+02
     -3.436  0.0000E+00  0.6800E+02
     -3.414  0.0000E+00  0.6800E+02
     -3.392  0.0000E+00  0.6800E+02
     -3.371  0.0000E+00  0.6800E+02
     -3.349  0.0000E+00  0.6800E+02
     -3.327  0.0000E+00  0.6800E+02
     -3.305  0.0000E+00  0.7000E+02
     -3.283  0.0000E+00  0.7000E+02
     -3.261  0.0000E+00  0.7000E+02
     -3.240  0.0000E+00  0.7000E+02
     -3.218  0.0000E+00  0.7000E+02
     -3.196  0.0000E+00  0.7000E+02
     -3.174  0.1931E+03  0.7059E+02
     -3.152  0.0000E+00  0.7200E+02
     -3.130  0.0000E+00  0.7200E+02
     -3.109  0.0000E+00  0.7200E+02
     -3.087  0.0000E+00  0.7200E+02
     -3.065  0.0000E+00  0.7200E+02
     -3.043  0.0000E+00  0.7200E+02
     -3.021  0.0000E+00  0.7200E+02
     -2.999  0.0000E+00  0.7200E+02
     -2.978  0.0000E+00  0.7200E+02
     -2.956  0.0000E+00  0.7200E+02
     -2.934  0.0000E+00  0.7200E+02
     -2.912  0.0000E+00  0.7200E+02
     -2.890  0.0000E+00  0.7200E+02
     -2.868  0.0000E+00  0.7200E+02
     -2.847  0.0000E+00  0.7200E+02
     -2.825  0.0000E+00  0.7200E+02
     -2.803  0.0000E+00  0.7200E+02
     -2.781  0.0000E+00  0.7200E+02
     -2.759  0.0000E+00  0.7200E+02
     -2.737  0.0000E+00  0.7200E+02
     -2.715  0.0000E+00  0.7200E+02
     -2.694  0.0000E+00  0.7200E+02
     -2.672  0.0000E+00  0.7200E+02
     -2.650  0.0000E+00  0.7200E+02
     -2.628  0.0000E+00  0.7200E+02
     -2.606  0.0000E+00  0.7200E+02
     -2.584  0.0000E+00  0.7200E+02
     -2.563  0.0000E+00  0.7200E+02
     -2.541  0.0000E+00  0.7200E+02
     -2.519  0.0000E+00  0.7200E+02
     -2.497  0.0000E+00  0.7200E+02
     -2.475  0.0000E+00  0.7200E+02
     -2.453  0.0000E+00  0.7200E+02
     -2.432  0.0000E+00  0.7200E+02
     -2.410  0.0000E+00  0.7200E+02
     -2.388  0.0000E+00  0.7200E+02
     -2.366  0.0000E+00  0.7200E+02
     -2.344  0.0000E+00  0.7200E+02
     -2.322  0.0000E+00  0.7200E+02
     -2.301  0.0000E+00  0.7200E+02
     -2.279  0.0000E+00  0.7200E+02
     -2.257  0.0000E+00  0.7200E+02
     -2.235  0.0000E+00  0.7200E+02
     -2.213  0.0000E+00  0.7200E+02
     -2.191  0.0000E+00  0.7200E+02
     -2.170  0.0000E+00  0.7200E+02
     -2.148  0.0000E+00  0.7200E+02
     -2.126  0.0000E+00  0.7200E+02
     -2.104  0.0000E+00  0.7200E+02
     -2.082  0.0000E+00  0.7200E+02
     -2.060  0.0000E+00  0.7200E+02
     -2.038  0.0000E+00  0.7200E+02
     -2.017  0.0000E+00  0.7200E+02
     -1.995  0.0000E+00  0.7200E+02
     -1.973  0.0000E+00  0.7200E+02
     -1.951  0.0000E+00  0.7200E+02
     -1.929  0.0000E+00  0.7200E+02
     -1.907  0.0000E+00  0.7200E+02
     -1.886  0.0000E+00  0.7200E+02
     -1.864  0.0000E+00  0.7200E+02
     -1.842  0.0000E+00  0.7200E+02
     -1.820  0.0000E+00  0.7200E+02
     -1.798  0.0000E+00  0.7200E+02
     -1.776  0.0000E+00  0.7200E+02
     -1.755  0.0000E+00  0.7200E+02
     -1.733  0.0000E+00  0.7200E+02
     -1.711  0.0000E+00  0.7200E+02
     -1.689  0.0000E+00  0.7200E+02
     -1.667  0.0000E+00  0.7200E+02
     -1.645  0.0000E+00  0.7200E+02
     -1.624  0.0000E+00  0.7200E+02
     -1.602  0.0000E+00  0.7200E+02
     -1.580  0.0000E+00  0.7200E+02
     -1.558  0.0000E+00  0.7200E+02
     -1.536  0.0000E+00  0.7200E+02
     -1.514  0.0000E+00  0.7200E+02
     -1.492  0.0000E+00  0.7200E+02
     -1.471  0.0000E+00  0.7200E+02
     -1.449  0.0000E+00  0.7200E+02
     -1.427  0.0000E+00  0.7200E+02
     -1.405  0.2312E-01  0.7200E+02
     -1.383  0.9273E-01  0.7200E+02
     -1.361  0.2088E+00  0.7200E+02
     -1.340  0.3714E+00  0.7201E+02
     -1.318  0.5804E+00  0.7202E+02
     -1.296  0.8360E+00  0.7204E+02
     -1.274  0.1139E+01  0.7206E+02
     -1.252  0.1523E+01  0.7209E+02
     -1.230  0.2008E+01  0.7213E+02
     -1.209  0.2626E+01  0.7218E+02
     -1.187  0.3387E+01  0.7224E+02
     -1.165  0.4290E+01  0.7232E+02
     -1.143  0.5336E+01  0.7243E+02
     -1.121  0.6581E+01  0.7256E+02
     -1.099  0.8104E+01  0.7272E+02
     -1.078  0.1132E+02  0.7293E+02
     -1.056  0.1519E+02  0.7322E+02
     -1.034  0.1816E+02  0.7359E+02
     -1.012  0.1989E+02  0.7400E+02
     -0.990  0.2029E+02  0.7444E+02
     -0.968  0.1910E+02  0.7488E+02
     -0.947  0.1622E+02  0.7526E+02
     -0.925  0.1603E+02  0.7561E+02
     -0.903  0.1884E+02  0.7599E+02
     -0.881  0.2212E+02  0.7643E+02
     -0.859  0.2485E+02  0.7695E+02
     -0.837  0.2655E+02  0.7751E+02
     -0.815  0.2674E+02  0.7810E+02
     -0.794  0.3253E+02  0.7872E+02
     -0.772  0.4108E+02  0.7954E+02
     -0.750  0.4356E+02  0.8048E+02
     -0.728  0.4237E+02  0.8142E+02
     -0.706  0.4493E+02  0.8237E+02
     -0.684  0.4477E+02  0.8335E+02
     -0.663  0.4174E+02  0.8430E+02
     -0.641  0.3466E+02  0.8516E+02
     -0.619  0.2974E+02  0.8587E+02
     -0.597  0.2887E+02  0.8650E+02
     -0.575  0.2841E+02  0.8747E+02
     -0.553  0.1060E+02  0.8787E+02
     -0.532  0.1589E+01  0.8799E+02
     -0.510  0.4235E+02  0.8855E+02
     -0.488  0.4033E+02  0.8942E+02
     -0.466  0.5392E+02  0.9047E+02
     -0.444  0.3390E+02  0.9136E+02
     -0.422  0.3286E+02  0.9207E+02
     -0.401  0.4283E+02  0.9288E+02
     -0.379  0.4599E+02  0.9400E+02
     -0.357  0.4815E+02  0.9495E+02
     -0.335  0.4853E+02  0.9616E+02
     -0.313  0.4713E+02  0.9714E+02
     -0.291  0.5687E+02  0.9829E+02
     -0.270  0.5773E+02  0.9954E+02
     -0.248  0.5812E+02  0.1008E+03
     -0.226  0.5761E+02  0.1021E+03
     -0.204  0.5644E+02  0.1033E+03
     -0.182  0.5423E+02  0.1045E+03
     -0.160  0.5107E+02  0.1057E+03
     -0.138  0.4834E+02  0.1068E+03
     -0.117  0.4499E+02  0.1078E+03
     -0.095  0.4089E+02  0.1087E+03
     -0.073  0.3874E+02  0.1096E+03
     -0.051  0.3827E+02  0.1104E+03
     -0.029  0.3775E+02  0.1113E+03
     -0.007  0.3631E+02  0.1121E+03
      0.014  0.3286E+02  0.1128E+03
      0.036  0.3019E+02  0.1135E+03
      0.058  0.2835E+02  0.1142E+03
      0.080  0.2732E+02  0.1148E+03
      0.102  0.2447E+02  0.1153E+03
      0.124  0.2243E+02  0.1158E+03
      0.145  0.2164E+02  0.1163E+03
      0.167  0.2187E+02  0.1168E+03
      0.189  0.2259E+02  0.1173E+03
      0.211  0.2316E+02  0.1178E+03
      0.233  0.2348E+02  0.1183E+03
      0.255  0.2354E+02  0.1188E+03
      0.276  0.2344E+02  0.1193E+03
      0.298  0.2274E+02  0.1198E+03
      0.320  0.2042E+02  0.1203E+03
      0.342  0.1800E+02  0.1207E+03
      0.364  0.2097E+02  0.1211E+03
      0.386  0.2524E+02  0.1216E+03
      0.408  0.2768E+02  0.1222E+03
      0.429  0.2510E+02  0.1228E+03
      0.451  0.4305E+02  0.1234E+03
      0.473  0.5225E+02  0.1246E+03
      0.495  0.1940E+02  0.1254E+03
      0.517  0.6000E+02  0.1261E+03
      0.539  0.1836E+02  0.1268E+03
      0.560  0.2327E+02  0.1272E+03
      0.582  0.2634E+02  0.1278E+03
      0.604  0.2217E+02  0.1283E+03
      0.626  0.1922E+02  0.1287E+03
      0.648  0.1981E+02  0.1292E+03
      0.670  0.2308E+02  0.1296E+03
      0.691  0.2548E+02  0.1302E+03
      0.713  0.2661E+02  0.1307E+03
      0.735  0.2661E+02  0.1313E+03
      0.757  0.2598E+02  0.1319E+03
      0.779  0.2613E+02  0.1325E+03
      0.801  0.2702E+02  0.1330E+03
      0.822  0.2730E+02  0.1336E+03
      0.844  0.2671E+02  0.1342E+03
      0.866  0.2609E+02  0.1348E+03
      0.888  0.2563E+02  0.1354E+03
      0.910  0.2596E+02  0.1359E+03
      0.932  0.2614E+02  0.1365E+03
      0.953  0.2581E+02  0.1371E+03
      0.975  0.2501E+02  0.1376E+03
      0.997  0.2373E+02  0.1381E+03
      1.019  0.2132E+02  0.1386E+03
      1.041  0.2062E+02  0.1391E+03
      1.063  0.1988E+02  0.1395E+03
      1.085  0.1887E+02  0.1400E+03
      1.106  0.1771E+02  0.1404E+03
      1.128  0.1727E+02  0.1407E+03
      1.150  0.1661E+02  0.1411E+03
      1.172  0.1666E+02  0.1415E+03
      1.194  0.1782E+02  0.1418E+03
      1.216  0.1738E+02  0.1422E+03
      1.237  0.1770E+02  0.1426E+03
      1.259  0.1872E+02  0.1430E+03
      1.281  0.2090E+02  0.1434E+03
      1.303  0.2302E+02  0.1439E+03
      1.325  0.2436E+02  0.1444E+03
      1.347  0.2566E+02  0.1450E+03
      1.368  0.2691E+02  0.1456E+03
      1.390  0.2797E+02  0.1462E+03
      1.412  0.3268E+02  0.1468E+03
      1.434  0.4096E+02  0.1476E+03
      1.456  0.4562E+02  0.1486E+03
      1.478  0.4622E+02  0.1496E+03
      1.499  0.4464E+02  0.1506E+03
      1.521  0.4236E+02  0.1515E+03
      1.543  0.3904E+02  0.1524E+03
      1.565  0.3714E+02  0.1532E+03
      1.587  0.3540E+02  0.1540E+03
      1.609  0.3281E+02  0.1548E+03
      1.630  0.3297E+02  0.1555E+03
      1.652  0.3493E+02  0.1562E+03
      1.674  0.3975E+02  0.1570E+03
      1.696  0.4518E+02  0.1580E+03
      1.718  0.4608E+02  0.1590E+03
      1.740  0.4330E+02  0.1600E+03
      1.762  0.4531E+02  0.1609E+03
      1.783  0.4822E+02  0.1620E+03
      1.805  0.5070E+02  0.1630E+03
      1.827  0.5238E+02  0.1642E+03
      1.849  0.5182E+02  0.1653E+03
      1.871  0.4968E+02  0.1664E+03
      1.893  0.4606E+02  0.1675E+03
      1.914  0.4189E+02  0.1684E+03
      1.936  0.3939E+02  0.1693E+03
      1.958  0.3812E+02  0.1701E+03
      1.980  0.3796E+02  0.1710E+03
      2.002  0.3681E+02  0.1718E+03
      2.024  0.3692E+02  0.1726E+03
      2.045  0.3679E+02  0.1734E+03
      2.067  0.3665E+02  0.1742E+03
      2.089  0.3677E+02  0.1750E+03
      2.111  0.3746E+02  0.1758E+03
      2.133  0.3915E+02  0.1767E+03
      2.155  0.4304E+02  0.1775E+03
      2.176  0.4935E+02  0.1786E+03
      2.198  0.5609E+02  0.1797E+03
      2.220  0.6137E+02  0.1810E+03
      2.242  0.6220E+02  0.1824E+03
      2.264  0.6671E+02  0.1837E+03
      2.286  0.6829E+02  0.1852E+03
      2.308  0.6045E+02  0.1867E+03
      2.329  0.5907E+02  0.1879E+03
      2.351  0.1054E+03  0.1897E+03
      2.373  0.8231E+02  0.1918E+03
      2.395  0.6876E+02  0.1933E+03
      2.417  0.8175E+02  0.1949E+03
      2.439  0.9594E+02  0.1969E+03
      2.460  0.8481E+02  0.1989E+03
      2.482  0.7686E+02  0.2006E+03
      2.504  0.6637E+02  0.2023E+03
      2.526  0.5491E+02  0.2036E+03
      2.548  0.5191E+02  0.2046E+03
      2.570  0.8046E+02  0.2060E+03
      2.591  0.6191E+02  0.2076E+03
      2.613  0.7795E+02  0.2091E+03
      2.635  0.8476E+02  0.2110E+03
      2.657  0.6280E+02  0.2125E+03
      2.679  0.7867E+02  0.2141E+03
      2.701  0.8399E+02  0.2159E+03
      2.722  0.5978E+02  0.2174E+03
      2.744  0.5377E+02  0.2186E+03
      2.766  0.4433E+02  0.2197E+03
      2.788  0.6792E+02  0.2208E+03
      2.810  0.6175E+02  0.2221E+03
      2.832  0.7006E+02  0.2235E+03
      2.853  0.8563E+02  0.2252E+03
      2.875  0.6911E+02  0.2270E+03
      2.897  0.6146E+02  0.2283E+03
      2.919  0.5335E+02  0.2296E+03
      2.941  0.6815E+02  0.2307E+03
      2.963  0.7063E+02  0.2323E+03
      2.985  0.6738E+02  0.2339E+03
      3.006  0.6396E+02  0.2356E+03
      3.028  0.9835E+02  0.2368E+03
      3.050  0.5725E+02  0.2386E+03
      3.072  0.6811E+02  0.2399E+03
      3.094  0.7715E+02  0.2414E+03
      3.116  0.6588E+02  0.2430E+03
      3.137  0.5558E+02  0.2443E+03
      3.159  0.2412E+02  0.2452E+03
      3.181  0.2023E+02  0.2456E+03
      3.203  0.2318E+02  0.2461E+03
      3.225  0.2821E+02  0.2466E+03
      3.247  0.2456E+02  0.2473E+03
      3.268  0.2437E+02  0.2478E+03
      3.290  0.4168E+02  0.2484E+03
      3.312  0.3570E+02  0.2494E+03
      3.334  0.1331E+02  0.2499E+03
      3.356  0.1069E+02  0.2501E+03
      3.378  0.1967E+02  0.2505E+03
      3.399  0.4229E+02  0.2511E+03
      3.421  0.4672E+02  0.2522E+03
      3.443  0.4014E+02  0.2531E+03
      3.465  0.2845E+02  0.2539E+03
      3.487  0.3321E+02  0.2545E+03
      3.509  0.1620E+02  0.2553E+03
      3.530  0.1392E+02  0.2556E+03
      3.552  0.1411E+02  0.2559E+03
      3.574  0.1890E+02  0.2563E+03
      3.596  0.2348E+02  0.2567E+03
      3.618  0.2361E+02  0.2573E+03
      3.640  0.2006E+02  0.2577E+03
      3.662  0.3554E+01  0.2580E+03
      3.683  0.0000E+00  0.2580E+03
      3.705  0.0000E+00  0.2580E+03
      3.727  0.0000E+00  0.2580E+03
      3.749  0.0000E+00  0.2580E+03
      3.771  0.0000E+00  0.2580E+03
      3.793  0.0000E+00  0.2580E+03
      3.814  0.0000E+00  0.2580E+03
      3.836  0.0000E+00  0.2580E+03
      3.858  0.0000E+00  0.2580E+03
      3.880  0.0000E+00  0.2580E+03
      3.902  0.0000E+00  0.2580E+03
      3.924  0.0000E+00  0.2580E+03
      3.945  0.0000E+00  0.2580E+03
      3.967  0.0000E+00  0.2580E+03
      3.989  0.0000E+00  0.2580E+03
      4.011  0.0000E+00  0.2580E+03
      4.033  0.0000E+00  0.2580E+03
      4.055  0.0000E+00  0.2580E+03
      4.076  0.0000E+00  0.2580E+03
      4.098  0.0000E+00  0.2580E+03
      4.120  0.0000E+00  0.2580E+03
      4.142  0.0000E+00  0.2580E+03
      4.164  0.0000E+00  0.2580E+03
      4.186  0.0000E+00  0.2580E+03
      4.208  0.4203E+01  0.2580E+03
      4.229  0.4082E+02  0.2584E+03
      4.251  0.4538E+02  0.2596E+03
      4.273  0.1188E+01  0.2600E+03
      4.295  0.0000E+00  0.2600E+03
      4.317  0.0000E+00  0.2600E+03
      4.339  0.0000E+00  0.2600E+03
      4.360  0.0000E+00  0.2600E+03
      4.382  0.0000E+00  0.2600E+03
      4.404  0.0000E+00  0.2600E+03
      4.426  0.0000E+00  0.2600E+03
      4.448  0.0000E+00  0.2600E+03
      4.470  0.0000E+00  0.2600E+03
      4.491  0.0000E+00  0.2600E+03
      4.513  0.0000E+00  0.2600E+03
      4.535  0.0000E+00  0.2600E+03
      4.557  0.0000E+00  0.2600E+03
      4.579  0.0000E+00  0.2600E+03
      4.601  0.0000E+00  0.2600E+03
      4.622  0.0000E+00  0.2600E+03
      4.644  0.0000E+00  0.2600E+03
      4.666  0.0000E+00  0.2600E+03
      4.688  0.0000E+00  0.2600E+03
      4.710  0.0000E+00  0.2600E+03
      4.732  0.0000E+00  0.2600E+03
      4.753  0.0000E+00  0.2600E+03
      4.775  0.0000E+00  0.2600E+03
      4.797  0.0000E+00  0.2600E+03
      4.819  0.0000E+00  0.2600E+03
      4.841  0.0000E+00  0.2600E+03
      4.863  0.0000E+00  0.2600E+03
      4.885  0.0000E+00  0.2600E+03
      4.906  0.0000E+00  0.2600E+03
      4.928  0.0000E+00  0.2600E+03
      4.950  0.0000E+00  0.2600E+03
      4.972  0.0000E+00  0.2600E+03
      4.994  0.0000E+00  0.2600E+03
      5.016  0.0000E+00  0.2600E+03
      5.037  0.0000E+00  0.2600E+03
      5.059  0.0000E+00  0.2600E+03
      5.081  0.0000E+00  0.2600E+03
      5.103  0.0000E+00  0.2600E+03
      5.125  0.0000E+00  0.2600E+03
      5.147  0.0000E+00  0.2600E+03
      5.168  0.0000E+00  0.2600E+03
      5.190  0.0000E+00  0.2600E+03
      5.212  0.0000E+00  0.2600E+03
      5.234  0.0000E+00  0.2600E+03
      5.256  0.0000E+00  0.2600E+03
      5.278  0.0000E+00  0.2600E+03
      5.299  0.0000E+00  0.2600E+03
      5.321  0.0000E+00  0.2600E+03
      5.343  0.0000E+00  0.2600E+03
      5.365  0.0000E+00  0.2600E+03
      5.387  0.0000E+00  0.2600E+03
      5.409  0.0000E+00  0.2600E+03
      5.430  0.0000E+00  0.2600E+03
      5.452  0.0000E+00  0.2600E+03
      5.474  0.0000E+00  0.2600E+03
      5.496  0.0000E+00  0.2600E+03
      5.518  0.0000E+00  0.2600E+03
      5.540  0.0000E+00  0.2600E+03
      5.562  0.0000E+00  0.2600E+03
      5.583  0.0000E+00  0.2600E+03
      5.605  0.0000E+00  0.2600E+03
      5.627  0.0000E+00  0.2600E+03
      5.649  0.0000E+00  0.2600E+03
      5.671  0.0000E+00  0.2600E+03
      5.693  0.0000E+00  0.2600E+03
      5.714  0.0000E+00  0.2600E+03
      5.736  0.0000E+00  0.2600E+03
      5.758  0.0000E+00  0.2600E+03
      5.780  0.0000E+00  0.2600E+03
      5.802  0.0000E+00  0.2600E+03
      5.824  0.0000E+00  0.2600E+03
      5.845  0.0000E+00  0.2600E+03
      5.867  0.0000E+00  0.2600E+03
      5.889  0.0000E+00  0.2600E+03
      5.911  0.0000E+00  0.2600E+03
      5.933  0.0000E+00  0.2600E+03
      5.955  0.0000E+00  0.2600E+03
      5.976  0.0000E+00  0.2600E+03
      5.998  0.0000E+00  0.2600E+03
      6.020  0.0000E+00  0.2600E+03
      6.042  0.0000E+00  0.2600E+03
      6.064  0.0000E+00  0.2600E+03
      6.086  0.0000E+00  0.2600E+03
      6.108  0.0000E+00  0.2600E+03
      6.129  0.0000E+00  0.2600E+03
      6.151  0.0000E+00  0.2600E+03
      6.173  0.0000E+00  0.2600E+03
      6.195  0.0000E+00  0.2600E+03
      6.217  0.0000E+00  0.2600E+03
      6.239  0.0000E+00  0.2600E+03
      6.260  0.0000E+00  0.2600E+03
      6.282  0.0000E+00  0.2600E+03
      6.304  0.0000E+00  0.2600E+03
      6.326  0.0000E+00  0.2600E+03
      6.348  0.0000E+00  0.2600E+03
      6.370  0.0000E+00  0.2600E+03
      6.391  0.0000E+00  0.2600E+03
      6.413  0.0000E+00  0.2600E+03
      6.435  0.0000E+00  0.2600E+03
      6.457  0.0000E+00  0.2600E+03
      6.479  0.0000E+00  0.2600E+03
      6.501  0.0000E+00  0.2600E+03
      6.522  0.0000E+00  0.2600E+03
      6.544  0.0000E+00  0.2600E+03
      6.566  0.0000E+00  0.2600E+03
      6.588  0.0000E+00  0.2600E+03
      6.610  0.0000E+00  0.2600E+03
      6.632  0.0000E+00  0.2600E+03
      6.653  0.0000E+00  0.2600E+03
      6.675  0.0000E+00  0.2600E+03
      6.697  0.0000E+00  0.2600E+03
      6.719  0.0000E+00  0.2600E+03
      6.741  0.0000E+00  0.2600E+03
      6.763  0.0000E+00  0.2600E+03
      6.785  0.0000E+00  0.2600E+03
      6.806  0.0000E+00  0.2600E+03
      6.828  0.0000E+00  0.2600E+03
      6.850  0.0000E+00  0.2600E+03
      6.872  0.0000E+00  0.2600E+03
      6.894  0.0000E+00  0.2600E+03
      6.916  0.0000E+00  0.2600E+03
      6.937  0.0000E+00  0.2600E+03
      6.959  0.0000E+00  0.2600E+03
      6.981  0.0000E+00  0.2600E+03
      7.003  0.0000E+00  0.2600E+03
      7.025  0.0000E+00  0.2600E+03
      7.047  0.0000E+00  0.2600E+03
      7.068  0.0000E+00  0.2600E+03
      7.090  0.0000E+00  0.2600E+03
      7.112  0.0000E+00  0.2600E+03
      7.134  0.0000E+00  0.2600E+03
      7.156  0.0000E+00  0.2600E+03
      7.178  0.0000E+00  0.2600E+03
      7.199  0.0000E+00  0.2600E+03
      7.221  0.0000E+00  0.2600E+03
      7.243  0.0000E+00  0.2600E+03
      7.265  0.0000E+00  0.2600E+03
      7.287  0.0000E+00  0.2600E+03
      7.309  0.0000E+00  0.2600E+03
      7.330  0.0000E+00  0.2600E+03
      7.352  0.0000E+00  0.2600E+03
      7.374  0.0000E+00  0.2600E+03
      7.396  0.0000E+00  0.2600E+03
      7.418  0.0000E+00  0.2600E+03
      7.440  0.0000E+00  0.2600E+03
      7.462  0.0000E+00  0.2600E+03
      7.483  0.0000E+00  0.2600E+03
      7.505  0.0000E+00  0.2600E+03
      7.527  0.0000E+00  0.2600E+03
      7.549  0.0000E+00  0.2600E+03
      7.571  0.0000E+00  0.2600E+03
      7.593  0.0000E+00  0.2600E+03
      7.614  0.0000E+00  0.2600E+03
      7.636  0.0000E+00  0.2600E+03
      7.658  0.0000E+00  0.2600E+03
      7.680  0.0000E+00  0.2600E+03
      7.702  0.0000E+00  0.2600E+03
      7.724  0.0000E+00  0.2600E+03
      7.745  0.0000E+00  0.2600E+03
      7.767  0.0000E+00  0.2600E+03
      7.789  0.0000E+00  0.2600E+03
      7.811  0.0000E+00  0.2600E+03
      7.833  0.0000E+00  0.2600E+03
      7.855  0.0000E+00  0.2600E+03
      7.876  0.0000E+00  0.2600E+03
      7.898  0.0000E+00  0.2600E+03
      7.920  0.0000E+00  0.2600E+03
      7.942  0.0000E+00  0.2600E+03
      7.964  0.0000E+00  0.2600E+03
      7.986  0.0000E+00  0.2600E+03
      8.008  0.0000E+00  0.2600E+03
      8.029  0.0000E+00  0.2600E+03
      8.051  0.0000E+00  0.2600E+03
      8.073  0.0000E+00  0.2600E+03
      8.095  0.0000E+00  0.2600E+03
      8.117  0.0000E+00  0.2600E+03
      8.139  0.0000E+00  0.2600E+03
      8.160  0.0000E+00  0.2600E+03
      8.182  0.0000E+00  0.2600E+03
      8.204  0.0000E+00  0.2600E+03
      8.226  0.0000E+00  0.2600E+03
      8.248  0.0000E+00  0.2600E+03
      8.270  0.0000E+00  0.2600E+03
      8.291  0.0000E+00  0.2600E+03
      8.313  0.0000E+00  0.2600E+03
      8.335  0.0000E+00  0.2600E+03
      8.357  0.0000E+00  0.2600E+03
      8.379  0.0000E+00  0.2600E+03
      8.401  0.0000E+00  0.2600E+03
      8.422  0.0000E+00  0.2600E+03
      8.444  0.0000E+00  0.2600E+03
      8.466  0.0000E+00  0.2600E+03
      8.488  0.0000E+00  0.2600E+03
      8.510  0.0000E+00  0.2600E+03
      8.532  0.0000E+00  0.2600E+03
      8.553  0.0000E+00  0.2600E+03
      8.575  0.0000E+00  0.2600E+03
      8.597  0.0000E+00  0.2600E+03
      8.619  0.0000E+00  0.2600E+03
      8.641  0.0000E+00  0.2600E+03
      8.663  0.0000E+00  0.2600E+03
      8.685  0.0000E+00  0.2600E+03
      8.706  0.0000E+00  0.2600E+03
      8.728  0.0000E+00  0.2600E+03
      8.750  0.0000E+00  0.2600E+03
      8.772  0.0000E+00  0.2600E+03
      8.794  0.0000E+00  0.2600E+03
      8.816  0.4222E+01  0.2600E+03
      8.837  0.4116E+02  0.2606E+03
      8.859  0.4167E+02  0.2615E+03
      8.881  0.0000E+00  0.2620E+03
      8.903  0.0000E+00  0.2620E+03
      8.925  0.0000E+00  0.2620E+03
      8.947  0.0000E+00  0.2620E+03
      8.968  0.0000E+00  0.2620E+03
      8.990  0.0000E+00  0.2620E+03
      9.012  0.0000E+00  0.2620E+03
      9.034  0.0000E+00  0.2620E+03
      9.056  0.0000E+00  0.2620E+03
      9.078  0.0000E+00  0.2620E+03
      9.099  0.0000E+00  0.2620E+03
      9.121  0.0000E+00  0.2620E+03
      9.143  0.0000E+00  0.2620E+03
      9.165  0.0000E+00  0.2620E+03
      9.187  0.0000E+00  0.2620E+03
      9.209  0.0000E+00  0.2620E+03
      9.230  0.0000E+00  0.2620E+03
      9.252  0.0000E+00  0.2620E+03
      9.274  0.0000E+00  0.2620E+03
      9.296  0.0000E+00  0.2620E+03
      9.318  0.0000E+00  0.2620E+03
      9.340  0.0000E+00  0.2620E+03
      9.362  0.0000E+00  0.2620E+03
      9.383  0.0000E+00  0.2620E+03
      9.405  0.0000E+00  0.2620E+03
      9.427  0.0000E+00  0.2620E+03
      9.449  0.0000E+00  0.2620E+03
      9.471  0.0000E+00  0.2620E+03
      9.493  0.0000E+00  0.2620E+03
      9.514  0.0000E+00  0.2620E+03
      9.536  0.0000E+00  0.2620E+03
      9.558  0.0000E+00  0.2620E+03
      9.580  0.0000E+00  0.2620E+03
      9.602  0.0000E+00  0.2620E+03
      9.624  0.0000E+00  0.2620E+03
      9.645  0.0000E+00  0.2620E+03
      9.667  0.0000E+00  0.2620E+03
      9.689  0.0000E+00  0.2620E+03
      9.711  0.0000E+00  0.2620E+03
      9.733  0.0000E+00  0.2620E+03
      9.755  0.0000E+00  0.2620E+03
      9.776  0.0000E+00  0.2620E+03
      9.798  0.0000E+00  0.2620E+03
      9.820  0.0000E+00  0.2620E+03
      9.842  0.0000E+00  0.2620E+03
      9.864  0.0000E+00  0.2620E+03
      9.886  0.0000E+00  0.2620E+03
      9.908  0.0000E+00  0.2620E+03
      9.929  0.0000E+00  0.2620E+03
      9.951  0.0000E+00  0.2620E+03
      9.973  0.0000E+00  0.2620E+03
      9.995  0.0000E+00  0.2620E+03
     10.017  0.0000E+00  0.2620E+03
     10.039  0.0000E+00  0.2620E+03
     10.060  0.0000E+00  0.2620E+03
     10.082  0.0000E+00  0.2620E+03
     10.104  0.0000E+00  0.2620E+03
     10.126  0.0000E+00  0.2620E+03
     10.148  0.0000E+00  0.2620E+03
     10.170  0.0000E+00  0.2620E+03
     10.191  0.0000E+00  0.2620E+03
     10.213  0.0000E+00  0.2620E+03
     10.235  0.0000E+00  0.2620E+03
     10.257  0.0000E+00  0.2620E+03
     10.279  0.0000E+00  0.2620E+03
     10.301  0.0000E+00  0.2620E+03
     10.322  0.0000E+00  0.2620E+03
     10.344  0.0000E+00  0.2620E+03
     10.366  0.0000E+00  0.2620E+03
     10.388  0.4324E+00  0.2620E+03
     10.410  0.2248E+01  0.2620E+03
     10.432  0.5480E+01  0.2621E+03
     10.453  0.1013E+02  0.2623E+03
     10.475  0.1905E+02  0.2626E+03
     10.497  0.3138E+02  0.2631E+03
     10.519  0.1221E+02  0.2636E+03
     10.541  0.7560E+01  0.2638E+03
     10.563  0.4020E+01  0.2639E+03
     10.585  0.1589E+01  0.2640E+03
     10.606  0.2662E+00  0.2640E+03
     10.628  0.1393E-02  0.2640E+03
     10.650  0.4224E-02  0.2640E+03
     10.672  0.8586E-02  0.2640E+03
     10.694  0.1448E-01  0.2640E+03
     10.716  0.2191E-01  0.2640E+03
     10.737  0.3086E-01  0.2640E+03
     10.759  0.4135E-01  0.2640E+03
     10.781  0.5337E-01  0.2640E+03
     10.803  0.6692E-01  0.2640E+03
     10.825  0.8200E-01  0.2640E+03
     10.847  0.9862E-01  0.2640E+03
     10.868  0.1168E+00  0.2640E+03
     10.890  0.1364E+00  0.2640E+03
     10.912  0.1576E+00  0.2640E+03
     10.934  0.1804E+00  0.2640E+03
     10.956  0.2047E+00  0.2640E+03
     10.978  0.2305E+00  0.2640E+03
     10.999  0.2578E+00  0.2640E+03
     11.021  0.2867E+00  0.2640E+03
     11.043  0.3171E+00  0.2640E+03
     11.065  0.3490E+00  0.2641E+03
     11.087  0.3824E+00  0.2641E+03
     11.109  0.4174E+00  0.2641E+03
     11.130  0.4540E+00  0.2641E+03
     11.152  0.4920E+00  0.2641E+03
     11.174  0.5316E+00  0.2641E+03
     11.196  0.5727E+00  0.2641E+03
     11.218  0.6154E+00  0.2641E+03
     11.240  0.6595E+00  0.2641E+03
     11.262  0.7053E+00  0.2642E+03
     11.283  0.7525E+00  0.2642E+03
     11.305  0.8013E+00  0.2642E+03
     11.327  0.8516E+00  0.2642E+03
     11.349  0.9034E+00  0.2642E+03
     11.371  0.9568E+00  0.2642E+03
     11.393  0.1012E+01  0.2643E+03
     11.414  0.1068E+01  0.2643E+03
     11.436  0.1126E+01  0.2643E+03
     11.458  0.1186E+01  0.2643E+03
     11.480  0.1247E+01  0.2644E+03
     11.502  0.1311E+01  0.2644E+03
     11.524  0.1380E+01  0.2644E+03
     11.545  0.1454E+01  0.2645E+03
     11.567  0.1539E+01  0.2645E+03
     11.589  0.1620E+01  0.2645E+03
     11.611  0.1706E+01  0.2646E+03
     11.633  0.1806E+01  0.2646E+03
     11.655  0.1918E+01  0.2646E+03
     11.676  0.2043E+01  0.2647E+03
     11.698  0.2181E+01  0.2647E+03
     11.720  0.2336E+01  0.2648E+03
     11.742  0.2544E+01  0.2648E+03
     11.764  0.2757E+01  0.2649E+03
     11.786  0.2958E+01  0.2649E+03
     11.808  0.3148E+01  0.2650E+03
     11.829  0.3326E+01  0.2651E+03
     11.851  0.3492E+01  0.2652E+03
     11.873  0.3647E+01  0.2652E+03
     11.895  0.3790E+01  0.2653E+03
     11.917  0.3921E+01  0.2654E+03
     11.939  0.4041E+01  0.2655E+03
     11.960  0.4149E+01  0.2656E+03
     11.982  0.4245E+01  0.2657E+03
     12.004  0.4330E+01  0.2658E+03
     12.026  0.4403E+01  0.2659E+03
     12.048  0.4464E+01  0.2660E+03
     12.070  0.4514E+01  0.2661E+03
     12.091  0.4552E+01  0.2662E+03
     12.113  0.4579E+01  0.2663E+03
     12.135  0.4594E+01  0.2664E+03
     12.157  0.4597E+01  0.2665E+03
     12.179  0.4589E+01  0.2666E+03
     12.201  0.4564E+01  0.2667E+03
     12.222  0.4500E+01  0.2668E+03
     12.244  0.4394E+01  0.2669E+03
     12.266  0.4242E+01  0.2669E+03
     12.288  0.3998E+01  0.2670E+03
     12.310  0.3770E+01  0.2671E+03
     12.332  0.3561E+01  0.2672E+03
     12.353  0.3344E+01  0.2673E+03
     12.375  0.3061E+01  0.2673E+03
     12.397  0.2755E+01  0.2674E+03
     12.419  0.2431E+01  0.2675E+03
     12.441  0.2165E+01  0.2675E+03
     12.463  0.1994E+01  0.2676E+03
     12.485  0.1907E+01  0.2676E+03
     12.506  0.1902E+01  0.2676E+03
     12.528  0.1942E+01  0.2677E+03
     12.550  0.1989E+01  0.2677E+03
     12.572  0.2071E+01  0.2678E+03
     12.594  0.2212E+01  0.2678E+03
     12.616  0.2392E+01  0.2679E+03
     12.637  0.2591E+01  0.2679E+03
     12.659  0.2802E+01  0.2680E+03
     12.681  0.3026E+01  0.2680E+03
     12.703  0.3252E+01  0.2681E+03
     12.725  0.3427E+01  0.2682E+03
     12.747  0.3554E+01  0.2683E+03
     12.768  0.3634E+01  0.2683E+03
     12.790  0.3678E+01  0.2684E+03
     12.812  0.3716E+01  0.2685E+03
     12.834  0.3754E+01  0.2686E+03
     12.856  0.3792E+01  0.2687E+03
     12.878  0.3829E+01  0.2688E+03
     12.899  0.3866E+01  0.2688E+03
     12.921  0.3903E+01  0.2689E+03
     12.943  0.3939E+01  0.2690E+03
     12.965  0.3975E+01  0.2691E+03
     12.987  0.4011E+01  0.2692E+03
     13.009  0.4049E+01  0.2693E+03
     13.030  0.4089E+01  0.2694E+03
     13.052  0.4133E+01  0.2694E+03
     13.074  0.4180E+01  0.2695E+03
     13.096  0.4232E+01  0.2696E+03
     13.118  0.4291E+01  0.2697E+03
     13.140  0.4356E+01  0.2698E+03
     13.162  0.4431E+01  0.2699E+03
     13.183  0.4517E+01  0.2700E+03
     13.205  0.4613E+01  0.2701E+03
     13.227  0.4720E+01  0.2702E+03
     13.249  0.4838E+01  0.2703E+03
     13.271  0.4967E+01  0.2704E+03
     13.293  0.5106E+01  0.2705E+03
     13.314  0.5255E+01  0.2706E+03
     13.336  0.5416E+01  0.2708E+03
     13.358  0.5587E+01  0.2709E+03
     13.380  0.5768E+01  0.2710E+03
     13.402  0.5957E+01  0.2711E+03
     13.424  0.6156E+01  0.2713E+03
     13.445  0.6363E+01  0.2714E+03
     13.467  0.6575E+01  0.2715E+03
     13.489  0.6793E+01  0.2717E+03
     13.511  0.7015E+01  0.2718E+03
     13.533  0.7241E+01  0.2720E+03
     13.555  0.7473E+01  0.2722E+03
     13.576  0.7708E+01  0.2723E+03
     13.598  0.7945E+01  0.2725E+03
     13.620  0.8183E+01  0.2727E+03
     13.642  0.8422E+01  0.2729E+03
     13.664  0.8684E+01  0.2730E+03
     13.686  0.8978E+01  0.2732E+03
     13.708  0.9305E+01  0.2734E+03
     13.729  0.9677E+01  0.2736E+03
     13.751  0.1011E+02  0.2739E+03
     13.773  0.1067E+02  0.2741E+03
     13.795  0.1137E+02  0.2743E+03
     13.817  0.1236E+02  0.2746E+03
     13.839  0.1341E+02  0.2749E+03
     13.860  0.1432E+02  0.2752E+03
     13.882  0.1514E+02  0.2755E+03
     13.904  0.1600E+02  0.2758E+03
     13.926  0.1693E+02  0.2762E+03
     13.948  0.1805E+02  0.2766E+03
     13.970  0.1977E+02  0.2770E+03
     13.991  0.2123E+02  0.2774E+03
     14.013  0.2214E+02  0.2779E+03
     14.035  0.2165E+02  0.2784E+03
     14.057  0.2039E+02  0.2788E+03
     14.079  0.1870E+02  0.2793E+03
     14.101  0.1774E+02  0.2797E+03
     14.122  0.1623E+02  0.2800E+03
     14.144  0.1437E+02  0.2804E+03
     14.166  0.1598E+02  0.2807E+03
     14.188  0.2109E+02  0.2811E+03
     14.210  0.1312E+02  0.2815E+03
     14.232  0.8422E+01  0.2817E+03
     14.253  0.2082E+02  0.2819E+03
     14.275  0.1641E+02  0.2825E+03
     14.297  0.9137E+01  0.2827E+03
     14.319  0.2102E+02  0.2830E+03
     14.341  0.2428E+02  0.2836E+03
     14.363  0.1497E+02  0.2840E+03
     14.385  0.8660E+01  0.2842E+03
     14.406  0.9781E+01  0.2844E+03
     14.428  0.1255E+02  0.2847E+03
     14.450  0.1407E+02  0.2850E+03
     14.472  0.1442E+02  0.2853E+03
     14.494  0.1362E+02  0.2856E+03
     14.516  0.1200E+02  0.2859E+03
     14.537  0.1124E+02  0.2861E+03
     14.559  0.1065E+02  0.2863E+03
     14.581  0.1026E+02  0.2866E+03
     14.603  0.1004E+02  0.2868E+03
     14.625  0.9926E+01  0.2870E+03
     14.647  0.9879E+01  0.2872E+03
     14.668  0.9925E+01  0.2874E+03
     14.690  0.1003E+02  0.2877E+03
     14.712  0.1013E+02  0.2879E+03
     14.734  0.1024E+02  0.2881E+03
     14.756  0.1038E+02  0.2883E+03
     14.778  0.1060E+02  0.2886E+03
     14.799  0.1092E+02  0.2888E+03
     14.821  0.1123E+02  0.2890E+03
     14.843  0.1152E+02  0.2893E+03
     14.865  0.1182E+02  0.2895E+03
     14.887  0.1214E+02  0.2898E+03
     14.909  0.1246E+02  0.2901E+03
     14.930  0.1279E+02  0.2903E+03
     14.952  0.1314E+02  0.2906E+03
     14.974  0.1353E+02  0.2909E+03
     14.996  0.1406E+02  0.2912E+03
     15.018  0.1477E+02  0.2915E+03
     15.040  0.1555E+02  0.2919E+03
     15.062  0.1624E+02  0.2922E+03
     15.083  0.1683E+02  0.2926E+03
     15.105  0.1735E+02  0.2930E+03
     15.127  0.1787E+02  0.2933E+03
     15.149  0.1840E+02  0.2937E+03
     15.171  0.1892E+02  0.2941E+03
     15.193  0.1943E+02  0.2946E+03
     15.214  0.1991E+02  0.2950E+03
     15.236  0.2024E+02  0.2954E+03
     15.258  0.2034E+02  0.2959E+03
     15.280  0.2047E+02  0.2963E+03
     15.302  0.2082E+02  0.2968E+03
     15.324  0.2030E+02  0.2972E+03
     15.345  0.2046E+02  0.2977E+03
     15.367  0.1910E+02  0.2981E+03
     15.389  0.1992E+02  0.2985E+03
     15.411  0.1992E+02  0.2990E+03
     15.433  0.1891E+02  0.2994E+03
     15.455  0.1761E+02  0.2998E+03
     15.476  0.1667E+02  0.3002E+03
     15.498  0.1521E+02  0.3005E+03
     15.520  0.1316E+02  0.3008E+03
     15.542  0.1187E+02  0.3011E+03
     15.564  0.1198E+02  0.3013E+03
     15.586  0.1280E+02  0.3016E+03
     15.608  0.1422E+02  0.3019E+03
     15.629  0.1496E+02  0.3022E+03
     15.651  0.1602E+02  0.3026E+03
     15.673  0.1737E+02  0.3029E+03
     15.695  0.1903E+02  0.3033E+03
     15.717  0.1929E+02  0.3038E+03
     15.739  0.1796E+02  0.3042E+03
     15.760  0.1835E+02  0.3045E+03
     15.782  0.2028E+02  0.3050E+03
     15.804  0.2182E+02  0.3054E+03
     15.826  0.2307E+02  0.3059E+03
     15.848  0.2520E+02  0.3064E+03
     15.870  0.2611E+02  0.3070E+03
     15.891  0.2519E+02  0.3076E+03
     15.913  0.2422E+02  0.3081E+03
     15.935  0.2266E+02  0.3086E+03
     15.957  0.2310E+02  0.3091E+03
     15.979  0.2894E+02  0.3097E+03
     16.001  0.1780E+02  0.3102E+03
     16.022  0.1344E+02  0.3105E+03
     16.044  0.1435E+02  0.3108E+03
     16.066  0.2189E+02  0.3112E+03
     16.088  0.2162E+02  0.3117E+03
     16.110  0.1724E+02  0.3122E+03
     16.132  0.8862E+01  0.3124E+03
     16.153  0.1271E+02  0.3126E+03
     16.175  0.1950E+02  0.3130E+03
     16.197  0.2309E+02  0.3135E+03
     16.219  0.2406E+02  0.3140E+03
     16.241  0.2120E+02  0.3145E+03
     16.263  0.1760E+02  0.3149E+03
     16.285  0.1722E+02  0.3153E+03
     16.306  0.1492E+02  0.3156E+03
     16.328  0.1301E+02  0.3159E+03
     16.350  0.1149E+02  0.3162E+03
     16.372  0.1035E+02  0.3164E+03
     16.394  0.1034E+02  0.3167E+03
     16.416  0.1251E+02  0.3169E+03
     16.437  0.1484E+02  0.3172E+03
     16.459  0.1654E+02  0.3176E+03
     16.481  0.1733E+02  0.3179E+03
     16.503  0.1562E+02  0.3183E+03
     16.525  0.1401E+02  0.3186E+03
     16.547  0.1258E+02  0.3189E+03
     16.568  0.1133E+02  0.3192E+03
     16.590  0.1091E+02  0.3194E+03
     16.612  0.1094E+02  0.3196E+03
     16.634  0.1173E+02  0.3199E+03
     16.656  0.1325E+02  0.3202E+03
     16.678  0.1420E+02  0.3205E+03
     16.699  0.1486E+02  0.3208E+03
     16.721  0.1551E+02  0.3211E+03
     16.743  0.1602E+02  0.3215E+03
     16.765  0.1639E+02  0.3218E+03
     16.787  0.1644E+02  0.3222E+03
     16.809  0.1580E+02  0.3225E+03
     16.830  0.1454E+02  0.3229E+03
     16.852  0.1291E+02  0.3232E+03
     16.874  0.1172E+02  0.3234E+03
     16.896  0.1099E+02  0.3237E+03
     16.918  0.1084E+02  0.3239E+03
     16.940  0.1128E+02  0.3241E+03
     16.962  0.1195E+02  0.3244E+03
     16.983  0.1272E+02  0.3247E+03
     17.005  0.1332E+02  0.3250E+03
     17.027  0.1365E+02  0.3252E+03
     17.049  0.1359E+02  0.3255E+03
     17.071  0.1348E+02  0.3258E+03
     17.093  0.1328E+02  0.3261E+03
     17.114  0.1284E+02  0.3264E+03
     17.136  0.1221E+02  0.3267E+03
     17.158  0.1161E+02  0.3270E+03
     17.180  0.1107E+02  0.3272E+03
     17.202  0.1083E+02  0.3274E+03
     17.224  0.1089E+02  0.3277E+03
     17.245  0.1120E+02  0.3279E+03
     17.267  0.1155E+02  0.3282E+03
     17.289  0.1152E+02  0.3284E+03
     17.311  0.1120E+02  0.3287E+03
     17.333  0.1080E+02  0.3289E+03
     17.355  0.1099E+02  0.3291E+03
     17.376  0.1091E+02  0.3294E+03
     17.398  0.1108E+02  0.3296E+03
     17.420  0.1181E+02  0.3299E+03
     17.442  0.1241E+02  0.3301E+03
     17.464  0.1299E+02  0.3304E+03
     17.486  0.1503E+02  0.3307E+03
     17.508  0.1560E+02  0.3311E+03
     17.529  0.1363E+02  0.3314E+03
     17.551  0.1089E+02  0.3316E+03
     17.573  0.1018E+02  0.3319E+03
     17.595  0.9113E+01  0.3321E+03
     17.617  0.1270E+02  0.3323E+03
     17.639  0.1258E+02  0.3326E+03
     17.660  0.1100E+02  0.3329E+03
     17.682  0.9769E+01  0.3331E+03
     17.704  0.8618E+01  0.3333E+03
     17.726  0.7497E+01  0.3335E+03
     17.748  0.6372E+01  0.3336E+03
     17.770  0.6195E+01  0.3337E+03
     17.791  0.6881E+01  0.3339E+03
     17.813  0.7854E+01  0.3340E+03
     17.835  0.9113E+01  0.3342E+03
     17.857  0.1066E+02  0.3344E+03
     17.879  0.1224E+02  0.3347E+03
     17.901  0.1311E+02  0.3350E+03
     17.922  0.1249E+02  0.3353E+03
     17.944  0.1064E+02  0.3355E+03
     17.966  0.8230E+01  0.3357E+03
     17.988  0.5496E+01  0.3359E+03
     18.010  0.2794E+01  0.3360E+03
     18.032  0.7906E+00  0.3360E+03
     18.053  0.1138E-01  0.3360E+03
     18.075  0.0000E+00  0.3360E+03
     18.097  0.0000E+00  0.3360E+03
     18.119  0.0000E+00  0.3360E+03
     18.141  0.0000E+00  0.3360E+03
     18.163  0.0000E+00  0.3360E+03
     18.185  0.0000E+00  0.3360E+03
     18.206  0.0000E+00  0.3360E+03
     18.228  0.0000E+00  0.3360E+03
     18.250  0.0000E+00  0.3360E+03
     18.272  0.0000E+00  0.3360E+03
     18.294  0.0000E+00  0.3360E+03
     18.316  0.0000E+00  0.3360E+03
     18.337  0.0000E+00  0.3360E+03
     18.359  0.0000E+00  0.3360E+03
     18.381  0.0000E+00  0.3360E+03
     18.403  0.0000E+00  0.3360E+03
     18.425  0.0000E+00  0.3360E+03
     18.447  0.0000E+00  0.3360E+03
     18.468  0.0000E+00  0.3360E+03
     18.490  0.0000E+00  0.3360E+03
     18.512  0.0000E+00  0.3360E+03
     18.534  0.0000E+00  0.3360E+03
     18.556  0.0000E+00  0.3360E+03
     18.578  0.0000E+00  0.3360E+03
     18.599  0.0000E+00  0.3360E+03
     18.621  0.0000E+00  0.3360E+03
     18.643  0.0000E+00  0.3360E+03
     18.665  0.0000E+00  0.3360E+03
     18.687  0.0000E+00  0.3360E+03
     18.709  0.0000E+00  0.3360E+03
     18.730  0.0000E+00  0.3360E+03
     18.752  0.0000E+00  0.3360E+03
     18.774  0.0000E+00  0.3360E+03
     18.796  0.0000E+00  0.3360E+03
     18.818  0.0000E+00  0.3360E+03
     18.840  0.0000E+00  0.3360E+03
     18.862  0.0000E+00  0.3360E+03
     18.883  0.0000E+00  0.3360E+03
     18.905  0.0000E+00  0.3360E+03
     18.927  0.0000E+00  0.3360E+03
     18.949  0.0000E+00  0.3360E+03
     18.971  0.0000E+00  0.3360E+03
     18.993  0.0000E+00  0.3360E+03
     19.014  0.0000E+00  0.3360E+03
     19.036  0.0000E+00  0.3360E+03
     19.058  0.0000E+00  0.3360E+03
     19.080  0.0000E+00  0.3360E+03
     19.102  0.0000E+00  0.3360E+03
     19.124  0.0000E+00  0.3360E+03
     19.145  0.0000E+00  0.3360E+03
     19.167  0.0000E+00  0.3360E+03
     19.189  0.0000E+00  0.3360E+03
     19.211  0.0000E+00  0.3360E+03
     19.233  0.0000E+00  0.3360E+03
     19.255  0.0000E+00  0.3360E+03
     19.276  0.0000E+00  0.3360E+03
     19.298  0.0000E+00  0.3360E+03
     19.320  0.0000E+00  0.3360E+03
     19.342  0.0000E+00  0.3360E+03
     19.364  0.0000E+00  0.3360E+03
     19.386  0.0000E+00  0.3360E+03
     19.408  0.0000E+00  0.3360E+03
     19.429  0.0000E+00  0.3360E+03
     19.451  0.0000E+00  0.3360E+03
     19.473  0.0000E+00  0.3360E+03
     19.495  0.0000E+00  0.3360E+03
     19.517  0.0000E+00  0.3360E+03
     19.539  0.0000E+00  0.3360E+03
     19.560  0.0000E+00  0.3360E+03
     19.582  0.0000E+00  0.3360E+03
     19.604  0.0000E+00  0.3360E+03
     19.626  0.0000E+00  0.3360E+03
     19.648  0.0000E+00  0.3360E+03
     19.670  0.0000E+00  0.3360E+03
     19.691  0.0000E+00  0.3360E+03
     19.713  0.0000E+00  0.3360E+03
     19.735  0.0000E+00  0.3360E+03
     19.757  0.0000E+00  0.3360E+03
     19.779  0.0000E+00  0.3360E+03
     19.801  0.0000E+00  0.3360E+03
     19.822  0.0000E+00  0.3360E+03
     19.844  0.0000E+00  0.3360E+03
     19.866  0.0000E+00  0.3360E+03
     19.888  0.0000E+00  0.3360E+03
     19.910  0.0000E+00  0.3360E+03
     19.932  0.0000E+00  0.3360E+03
     19.953  0.0000E+00  0.3360E+03
     19.975  0.0000E+00  0.3360E+03
     19.997  0.0000E+00  0.3360E+03
     20.019  0.0000E+00  0.3360E+03
     20.041  0.0000E+00  0.3360E+03


